2931.12 0.8654056492397624
2934.62 0.8603700227842994
2938.12 0.8553394811902674
2941.62 0.8503138992775274
2945.12 0.8452932315691366
2948.62 0.8441094848388082
2952.12 0.8429388900509659
2955.62 0.8417705982643207
2959.12 0.8406045091722479
2962.62 0.8394405228107612
2966.12 0.8382787761755934
2969.62 0.8371190908951776
2973.12 0.8359616043225658
2976.62 0.8239191584658758
2980.12 0.8118546778848912
2983.62 0.8111691787799206
2987.12 0.8105179803704913
2990.62 0.8098684549155015
2994.12 0.8092205862972852
2997.62 0.8085743585713573
3001.12 0.8079297559644004
3004.62 0.8135401107131323
3008.12 0.8191661168054879
3011.62 0.8247975620950955
3015.12 0.8304268381906563
3018.62 0.8302081550188608
3022.12 0.8299572001616611
3025.62 0.8238653673210251
3029.12 0.8177448525523103
3032.62 0.811628419925716
3036.12 0.8055167355590983
3039.62 0.8049538316114705
3043.12 0.8044241488412743
3046.62 0.8038959281001093
3050.12 0.8033689995388633
3053.62 0.8028435067098041
3057.12 0.8023192801311003
3060.62 0.8017964635375519
3064.12 0.8012748878075014
3067.62 0.8016277407920732
3071.12 0.8019863187104074
3074.62 0.8023457643369049
3078.12 0.8027059909920978
3081.62 0.8082865715026535
3085.12 0.8139101469050238
3088.62 0.8253268567276714
3092.12 0.8367883463511524
3095.62 0.8349219432178238
3099.12 0.8329423391327283
3102.62 0.8309647645617264
3106.12 0.8289892022625301
3109.62 0.8258582498045137
3113.12 0.8227198455390566
3116.62 0.8195840231642237
3120.12 0.8164507618961152
3123.62 0.8131289443011612
3127.12 0.809808035398866
3130.62 0.8064898051540803
3134.12 0.8031740774259939
3137.62 0.7998609875084868
3141.12 0.7965503598156791
3144.62 0.7974610451712475
3148.12 0.7984207861133559
3151.62 0.7993808357409535
3155.12 0.8003411892264216
3158.62 0.8032176705842929
3162.12 0.8061156798197702
3165.62 0.8090130080757574
3169.12 0.8119095793459465
3172.62 0.8148055503412842
3176.12 0.8177008449472009
3179.62 0.8182993822826401
3183.12 0.8188717918953909
3186.62 0.8194446649963455
3190.12 0.8200179958184058
3193.62 0.8205918560924643
3197.12 0.8211660852385978
3200.62 0.8004047904977122
3204.12 0.7793450080035482
3207.62 0.784572890647981
3211.12 0.7901797572203345
3214.62 0.795784000770992
3218.12 0.8013861721899095
3221.62 0.8001383226314686
3225.12 0.7987924853366918
3228.62 0.7928851480772423
3232.12 0.7869150078175625
3235.62 0.78550900254429
3239.12 0.7841703582873528
3242.62 0.7828329433485833
3246.12 0.7814967480014879
3249.62 0.7983902756442988
3253.12 0.8155408805857434
3256.62 0.8224254226250143
3260.12 0.829158792721235
3263.62 0.8200111580724365
3267.12 0.8105912602871358
3270.62 0.8045787691465358
3274.12 0.7986288610645516
3277.62 0.7972179347786221
3281.12 0.7958872726051686
3284.62 0.7985249856767352
3288.12 0.8012312730858756
3291.62 0.8039369126738659
3295.12 0.8066419051568251
3298.62 0.8121774254519483
3302.12 0.81776043593292
3305.62 0.8171155855012379
3309.12 0.8163630092034431
3312.62 0.8156112806976428
3316.12 0.8148603929989644
3319.62 0.8158058907771893
3323.12 0.8167810588474721
3326.62 0.8177563905190768
3330.12 0.8187317291195771
3333.62 0.8152013673861036
3337.12 0.8115810574995326
3340.62 0.8079628301179388
3344.12 0.8043465195221775
3347.62 0.7984803105032771
3351.12 0.7925710847784582
3354.62 0.7866654602927575
3358.12 0.7807626540603088
3361.62 0.7799240049555392
3365.12 0.7791893980676976
3368.62 0.7784555195163895
3372.12 0.7777223635357503
3375.62 0.7876598409524932
3379.12 0.7978113711217223
3382.62 0.8079592656953716
3386.12 0.818103385685226
3389.62 0.823772408882224
3393.12 0.8293350135062412
3396.62 0.8320972047641019
3400.12 0.8347932610194475
3403.62 0.8374885745827325
3407.12 0.8401832986882973
3410.62 0.8367265756042918
3414.12 0.8331278610359786
3417.62 0.8312077062723453
3421.12 0.8293279505236673
3424.62 0.8274493221049053
3428.12 0.8255718139566381
3431.62 0.825594365764527
3435.12 0.8256616124363494
3438.62 0.8257292787675253
3442.12 0.8257972847008744
3445.62 0.8258655502739255
3449.12 0.8259342243408277
3452.62 0.8260031507677827
3456.12 0.8260724784189035
3459.62 0.8261420512875448
3463.12 0.8262120182467856
3466.62 0.8279125930513563
3470.12 0.8296558073988298
3473.62 0.8313987695915923
3477.12 0.8331413262993883
3480.62 0.834883628749056
3484.12 0.8366255236727447
3487.62 0.8415134197752611
3491.12 0.8464828636512111
3494.62 0.8514507624268165
3498.12 0.8564171193954903
3501.62 0.8619361531426813
3505.12 0.8674681147363488
3508.62 0.8785289222047694
3512.12 0.8897318968106824
3515.62 0.8810478968603647
3519.12 0.8717828092483052
3522.62 0.8768867703665814
3526.12 0.8824116800399242
3529.62 0.8807550700053264
3533.12 0.8788882203903071
3536.62 0.8770223504985253
3540.12 0.8751574549388302
3543.62 0.8804686768671648
3547.12 0.8859892451767079
3550.62 0.89702484318124
3554.12 0.9082190443559321
3557.62 0.899554763451724
3561.12 0.8903100290858427
3564.62 0.8843774116057727
3568.12 0.878544400992782
3571.62 0.8760216769537279
3575.12 0.8735974374689028
3578.62 0.8711742496660203
3582.12 0.8687521838908129
3585.62 0.8729191188194377
3589.12 0.8772985388717637
3592.62 0.8882628007937011
3596.12 0.899437065089363
3599.62 0.9051214000865282
3603.12 0.9106260292881991
3606.62 0.9143002137632121
3610.12 0.9179140817710872
3613.62 0.9215269244506382
3617.12 0.9251387426857377
3620.62 0.9287495373416008
3624.12 0.9323592337194071
3627.62 0.9377948124742834
3631.12 0.9432878650804456
3634.62 0.9487709361533022
3638.12 0.9542519593117519
3641.62 0.9597397683818297
3645.12 0.9652262109800628
3648.62 0.9679817459085724
3652.12 0.9706396933313799
3655.62 0.9732969525880601
3659.12 0.9759534480880047
3662.62 0.9769741649477314
3666.12 0.9779366292906226
3669.62 0.9756266840555053
3673.12 0.9732016127963811
3676.62 0.9707775854544403
3680.12 0.9683545976304665
3683.62 0.973560766849898
3687.12 0.9790361934317993
3690.62 0.9736166863640277
3694.12 0.9678124770390418
3697.62 0.9739798209388805
3701.12 0.9805701990184441
3704.62 0.9855392105120346
3708.12 0.9904443721205047
3711.62 0.995348076553874
3715.12 1.0002502501306427
3718.62 1.0056931426991866
3722.12 1.0111552268855575
3725.62 1.0166163479364843
3729.12 1.0220758309188045
3732.62 1.0275336776476536
3736.12 1.0329898899104522
3739.62 1.0332973383235766
3743.12 1.0334063554676283
3746.62 1.033515519751873
3750.12 1.033624829167586
3753.62 1.0337342817253385
3757.12 1.0338438754548127
3760.62 1.03395360840464
3764.12 1.0340634786422187
3767.62 1.0366012833845826
3771.12 1.03923953434138
3774.62 1.0418770844158387
3778.12 1.0445139333728288
3781.62 1.0606269248715476
3785.12 1.0772962453725436
3788.62 1.0831818613268176
3792.12 1.0886166223250466
3795.62 1.0795048028230478
3799.12 1.0697900903964546
3802.62 1.060078785278633
3806.12 1.0503707299693514
3809.62 1.0390510139413682
3813.12 1.0276677567332106
3816.62 1.021670031189715
3820.12 1.0158985390702127
3823.62 1.0128215358817392
3827.12 1.0098578157439977
3830.62 1.0068951925337304
3834.12 1.0039336629791957
3837.62 0.9982910915475902
3841.12 0.9925304743560852
3844.62 0.9867711717969713
3848.12 0.9810138522332212
3851.62 0.9802588212202782
3855.12 0.9797280095216848
3858.62 0.979197489323682
3862.12 0.9786672589043506
3865.62 0.9781373165593655
3869.12 0.977607660601826
3872.62 0.9881392786128965
3876.12 0.999162766187628
3879.62 1.0048327908405803
3883.12 1.0102616562686275
3886.62 1.0210219517709382
3890.12 1.032017717108966
3893.62 1.0590184625146148
3897.12 1.0867774989719519
3900.62 1.0985396784016896
3904.12 1.1095324505341362
3907.62 1.125849211947242
3911.12 1.1424159426517593
3914.62 1.1536526805360743
3918.12 1.1646308001223362
3921.62 1.1676185701581048
3925.12 1.1702229814500944
3928.62 1.1728266831598815
3932.12 1.1754296750173527
3935.62 1.186013306064631
3939.12 1.1969759971788942
3942.62 1.2079354185323945
3946.12 1.2188914245328044
3949.62 1.2170839250807886
3953.12 1.2146659473544128
3956.62 1.2122487620401292
3960.12 1.2098325155543845
3963.62 1.2084748478800653
3967.12 1.2071716787929672
3970.62 1.20586901920557
3974.12 1.204566867310936
3977.62 1.2122669020028494
3981.12 1.2204240532259283
3984.62 1.2285788268722528
3988.12 1.2367310762431891
3991.62 1.2395875447316198
3995.12 1.2421730347042261
3998.62 1.2447578129067758
4002.12 1.247341879075276
4005.62 1.2520413065869889
4009.12 1.2568473988972393
4012.62 1.2616520874365598
4016.12 1.2664553727426462
4019.62 1.2644061307701944
4023.12 1.2619861000783297
4026.62 1.2595670544572697
4030.12 1.257148695329524
4033.62 1.2578954857228208
4037.12 1.2588134656916492
4040.62 1.2639411230239348
4044.12 1.2692956063560026
4047.62 1.2746483667913904
4051.12 1.2799995532158113
4054.62 1.2853491663136718
4058.12 1.2906972067617675
4061.62 1.2902564526266842
4065.12 1.2895020796881393
4068.62 1.2887481623164798
4072.12 1.2879944032001156
4075.62 1.2872410970834454
4079.12 1.2864879467727819
4082.62 1.2857350990283807
4086.12 1.284982700532585
4089.62 1.2850177363922617
4093.12 1.2850980721570668
4096.62 1.285178450452618
4100.12 1.2852588703609
4103.62 1.2853393309737693
4107.12 1.2854198313929017
4110.62 1.2855003707259702
4114.12 1.285580947033733
4117.62 1.2864453629385413
4121.12 1.2873546064972532
4124.62 1.2882636199479198
4128.12 1.2891723988363835
4131.62 1.29008093874375
4135.12 1.290989235286063
4138.62 1.2918971365563423
4142.12 1.2928049333779517
4145.62 1.2937124738901564
4149.12 1.2946197538465973
4152.62 1.2920555252114372
4156.12 1.2892818288566639
4159.62 1.286508981198419
4163.12 1.2837369776308776
4166.62 1.2809656662510351
4170.12 1.27819533739187
4173.62 1.2726505275493034
4177.12 1.2669390136719354
4180.62 1.2612293658494653
4184.12 1.2555214323867254
4187.62 1.249815209032881
4191.12 1.2441106916470057
4194.62 1.2358107074936608
4198.12 1.2273558814517758
4201.62 1.218903588673138
4205.12 1.2104538253768309
4208.62 1.2046101181877371
4212.12 1.198925889896789
4215.62 1.1932365740336714
4219.12 1.1875484196771298
4222.62 1.1849665398695743
4226.12 1.1825835347026086
4229.62 1.1874451073536125
4233.12 1.192767436626331
4236.62 1.1939498756078848
4240.12 1.194867811242505
4243.62 1.1957853862820313
4247.12 1.1967025976554737
4250.62 1.1983079733674677
4254.12 1.1999568140381507
4257.62 1.2016049845828702
4261.12 1.203252628759397
4264.62 1.2048995967529101
4268.12 1.206546032310027
4271.62 1.2167735093094045
4275.12 1.227573253708661
4278.62 1.2332211521778402
4282.12 1.2385218723703786
4285.62 1.2412501010357093
4289.12 1.2438049778981861
4292.62 1.2463587989467928
4296.12 1.2489118542543265
4299.62 1.2514638476231963
4303.12 1.254015069055088
4306.62 1.2565652224616362
4310.12 1.2591145977736578
4313.62 1.2642329746785612
4317.12 1.2695219556761448
4320.62 1.2737791600330064
4324.12 1.277965960171248
4327.62 1.2688131953414503
4331.12 1.258768783676438
4334.62 1.2661195050852472
4338.12 1.2746909557455612
4341.62 1.2757516486965759
4345.12 1.2762838057082488
4348.62 1.2768156287121495
4352.12 1.2773471153073357
4355.62 1.277878409279928
4359.12 1.2784092159278642
4362.62 1.2813244654397178
4366.12 1.2844064899478904
4369.62 1.2874872250689795
4373.12 1.2905669599703207
4376.62 1.2854711216953323
4380.12 1.2798018664091633
4383.62 1.2799229210670218
4387.12 1.2804509675649578
4390.62 1.2809786531083969
4394.12 1.2815059755763045
4397.62 1.2820329328695543
4401.12 1.282559522910815
4404.62 1.282408007442496
4408.12 1.2822064629142151
4411.62 1.2820047739763567
4415.12 1.281802938886706
4418.62 1.2816009559279065
4422.12 1.2813988234072333
4425.62 1.2811965396563725
4429.12 1.280994103031201
4432.62 1.2787599922377673
4436.12 1.2763767994117903
4439.62 1.2739942858561146
4443.12 1.2716121595862777
4446.62 1.2661823792423639
4450.12 1.2605298150766022
4453.62 1.255899364324579
4457.12 1.2513452384948145
4460.62 1.2467923369093887
4464.12 1.2422406598961966
4467.62 1.2420674623620043
4471.12 1.2422308496286547
4474.62 1.2423939538816753
4478.12 1.2425566283255514
4481.62 1.2427191622833913
4485.12 1.242881408974285
4488.62 1.2477606039622269
4492.12 1.253000864827102
4495.62 1.2582391983310932
4499.12 1.2634756009855224
4502.62 1.2661852695314664
4506.12 1.2686994306756758
4509.62 1.2712126750292232
4513.12 1.2737247099703957
4516.62 1.2787518802121374
4520.12 1.2839706992727797
4523.62 1.2891890177073826
4527.12 1.2944055260579272
4530.62 1.299625731047274
4534.12 1.304844552018536
4537.62 1.3100612604147652
4541.12 1.3152759977701893
4544.62 1.3179765583820309
4548.12 1.3204742778413763
4551.62 1.3229710499028637
4555.12 1.3254665826135608
4558.62 1.3256517590021137
4562.12 1.3256512595637282
4565.62 1.3256504801231606
4569.12 1.325649564451928
4572.62 1.3256482220763535
4576.12 1.3256465968250908
4579.62 1.3256446877734025
4583.12 1.325642494012794
4586.62 1.3256400146509646
4590.12 1.3256372488115837
4593.62 1.3269309200606574
4597.12 1.3283322879431032
4600.62 1.3297328990732942
4604.12 1.331132751945156
4607.62 1.3313694855435425
4611.12 1.3315086257545614
4614.62 1.3316475689277156
4618.12 1.331786169752514
4621.62 1.331924283029721
4625.12 1.332062196755487
4628.62 1.3268771899116967
4632.12 1.3212488551669792
4635.62 1.319363086020622
4639.12 1.3177904190068952
4642.62 1.3162178397589934
4646.12 1.3146456369437882
4649.62 1.3130735222847505
4653.12 1.311501784383332
4656.62 1.309930279234496
4660.12 1.3083588629463854
4663.62 1.3055460276238628
4667.12 1.3026257966878292
4670.62 1.2997064035313344
4674.12 1.2967875629851555
4677.62 1.2913914144057053
4681.12 1.2857811573880022
4684.62 1.280172686685442
4688.12 1.274565867399718
4691.62 1.2590409115197951
4695.12 1.2426586618770252
4698.62 1.2312384802306213
4702.12 1.2202530254408217
4705.62 1.2043415963571638
4709.12 1.1880069136056028
4712.62 1.1815292116000293
4716.12 1.1759433325258823
4719.62 1.1703586829154964
4723.12 1.1647757013016709
4726.62 1.1591950412436938
4730.12 1.1536161349025624
4733.62 1.1480384864904725
4737.12 1.1424625336555274
4740.62 1.1368883547309043
4744.12 1.131315956095957
4747.62 1.1218029119219042
4751.12 1.111936926311717
4754.62 1.109957218457086
4758.12 1.1086901000052662
4761.62 1.1074232966732551
4765.12 1.1061568133719057
4768.62 1.1107952316589644
4772.12 1.1159652340411295
4775.62 1.1211333988448702
4779.12 1.1262995868448555
4782.62 1.1314670969601115
4786.12 1.1366330671891278
4789.62 1.1467003787092562
4793.12 1.1572236804474731
4796.62 1.1628422022442473
4800.12 1.1679993231094095
4803.62 1.1731545672598291
4807.12 1.178307939190008
4810.62 1.1883570427291028
4814.12 1.198861610081146
4817.62 1.2008753311518474
4821.12 1.2020926379551486
4824.62 1.2033096115352437
4828.12 1.2045259704682778
4831.62 1.2057420051116798
4835.12 1.2069574341048088
4838.62 1.2117536546213912
4842.12 1.21688366546493
4845.62 1.216169621160576
4849.12 1.214888131661679
4852.62 1.2136072161435598
4856.12 1.212326593074983
4859.62 1.197407970140371
4863.12 1.181169385706564
4866.62 1.1782451906293596
4870.12 1.17661513516882
4873.62 1.1749856565539336
4877.12 1.173356758300047
4880.62 1.1717283725940253
4884.12 1.1701006454089486
4887.62 1.173011601225324
4891.12 1.176362461675087
4894.62 1.179712184508177
4898.12 1.1830607742823518
4901.62 1.186408235565519
4905.12 1.189754572935483
4908.62 1.1714670081840677
4912.12 1.151009452953345
4915.62 1.1441157537184965
4919.12 1.1385884537817157
4922.62 1.1233827907324834
4926.12 1.1072085578441262
4929.62 1.095878705344595
4933.12 1.085039741599491
4936.62 1.0742046037528052
4940.12 1.063373219770698
4943.62 1.0573811515573113
4947.12 1.0518776458111871
4950.62 1.0463756239140214
4954.12 1.0408755128575775
4957.62 1.0389215276415305
4961.12 1.0373249619398741
4964.62 1.0357289632510125
4968.12 1.0341336046093712
4971.62 1.032538888006117
4975.12 1.0309448863354727
4978.62 1.0290302168309444
4982.12 1.02708283227503
4985.62 1.0251362900467598
4989.12 1.023190449948447
4992.62 1.021245455364689
4996.12 1.0193011660649893
4999.62 1.0141529257771105
5003.12 1.0086729520139959
5006.62 1.0031949679942267
5010.12 0.9977189732382559
5013.62 0.990804221396559
5017.12 0.9837420724432686
5020.62 0.9766823817674276
5024.12 0.9696252893117527
5027.62 0.9649760854814606
5031.12 0.9605788964445202
5034.62 0.9580915871838065
5038.12 0.9558104939132456
5041.62 0.9497046159819046
5045.12 0.943189319607327
5048.62 0.9366763610450759
5052.12 0.9301658090584031
5055.62 0.924613614278534
5059.12 0.9191663702438598
5062.62 0.9137205344570318
5066.12 0.9082766000829058
5069.62 0.9052226977205668
5073.12 0.9024268248939311
5076.62 0.899632033101524
5080.12 0.8968383223120217
5083.62 0.8916593014596709
5087.12 0.8862253978989568
5090.62 0.8819875939410878
5094.12 0.877879724995174
5097.62 0.8737734447460117
5101.12 0.8696686814863416
5104.62 0.8655654340114658
5108.12 0.8614636305857378
5111.62 0.8573634109054631
5115.12 0.8532647031382179
5118.62 0.850353647644571
5122.12 0.8475755754675443
5125.62 0.8447985064089422
5129.12 0.842022510380949
5132.62 0.8401966637182768
5136.12 0.8384770990048369
5139.62 0.8367581896087247
5143.12 0.8350400060574876
5146.62 0.832375782019004
5150.12 0.8296074219010119
5153.62 0.8268401306106931
5157.12 0.8240739073718779
5160.62 0.8189442916939799
5164.12 0.8135454925603686
5167.62 0.810510337160526
5171.12 0.8077470525434666
5174.62 0.8049848309937693
5178.12 0.8022236715569342
5181.62 0.7989918004765462
5185.12 0.7957069903622491
5188.62 0.8046917348211985
5192.12 0.8150800492476473
5195.62 0.8172889723034975
5199.12 0.8185601943559021
5202.62 0.8198311211498456
5206.12 0.8211018250721447
5209.62 0.8223723784598198
5213.12 0.8236426431652099
5216.62 0.8142442750901815
5220.12 0.8036261330122474
5223.62 0.801450951217853
5227.12 0.8002741041408389
5230.62 0.8023843138197679
5234.12 0.8048824916441835
5237.62 0.8073800731211215
5241.12 0.8098770614068381
5244.62 0.8025206456092622
5248.12 0.7940022600123817
5251.62 0.7923658498668568
5255.12 0.7915432698467794
5258.62 0.7907211386531452
5262.12 0.789899386509288
5265.62 0.7890781536090844
5269.12 0.78825737013876
5272.62 0.7927473031474686
5276.12 0.797863618271911
5279.62 0.7898748294412719
5283.12 0.7803399029372672
5286.62 0.7782645119439443
5290.12 0.7770980172749039
5293.62 0.774532450039566
5297.12 0.7717973496658733
5300.62 0.7690632819810349
5304.12 0.7663302452854691
5307.62 0.7656967865053396
5311.12 0.7653191977028143
5314.62 0.7649419935609524
5318.12 0.7645650348184911
5321.62 0.7641884615260037
5325.12 0.7638121344451214
5328.62 0.763436193565283
5332.12 0.7630604996711813
5335.62 0.7582597720243168
5339.12 0.7529217387840016
5342.62 0.754102839222814
5346.12 0.7560773924011757
5349.62 0.7608378855061289
5353.12 0.765946591353579
5356.62 0.7667244569064264
5360.12 0.7669595882042767
5363.62 0.7671947923460894
5367.12 0.7674301399089204
5370.62 0.7676656317575304
5374.12 0.7679012687498051
5377.62 0.7631927405650323
5381.12 0.7578659871288734
5384.62 0.75671160205005
5388.12 0.7560807039499552
5391.62 0.7554502026975559
5395.12 0.7548200982537409
5398.62 0.7540360541921814
5402.12 0.7532331097522135
5405.62 0.7524306117205132
5409.12 0.7516284902993325
5412.62 0.7508268843531355
5416.12 0.7500257240570172
5419.62 0.747072548981511
5423.12 0.7438427212566251
5426.62 0.7461470465281993
5430.12 0.7491647147131992
5433.62 0.7521818200750493
5437.12 0.7551982271376818
5440.62 0.7582140783631504
5444.12 0.7612293077692054
5447.62 0.7637829387425489
5451.12 0.7662765767957993
5454.62 0.7687698175551879
5458.12 0.771262594550042
5461.62 0.762244236607166
5465.12 0.7517434946605535
5468.62 0.7458553136832008
5472.12 0.7405636193912992
5475.62 0.7384781632955645
5479.12 0.736818670782112
5482.62 0.7351599184554565
5486.12 0.7335017642714382
5489.62 0.7378040377873313
5493.12 0.742895968884603
5496.62 0.7479868024309395
5500.12 0.7530764723381616
5503.62 0.7471681657464196
5507.12 0.7398027398130812
5510.62 0.7374789021029896
5514.12 0.7358244422391964
5517.62 0.7341706949470136
5521.12 0.7325175185901898
5524.62 0.7308649793449997
5528.12 0.7292130741466556
5531.62 0.7275617999548
5535.12 0.7259111537533275
5538.62 0.7347510915582838
5542.12 0.7450190958053777
5545.62 0.750725006061978
5549.12 0.7558079434736039
5552.62 0.7490367838194896
5556.12 0.7406514035241918
5559.62 0.7377375101532697
5563.12 0.7355703493107844
5566.62 0.7334038621997888
5570.12 0.7312381147049697
5573.62 0.7302879408071989
5577.12 0.7295037560796368
5580.62 0.7287200156573265
5584.12 0.7279366483836301
5587.62 0.7271536522281897
5591.12 0.7263709561087193
5594.62 0.7216501077747648
5598.12 0.7163936319672976
5601.62 0.7120394965651946
5605.12 0.7078127482412802
