3981.355275 2.4939357437763935e-15
3983.046632 2.8521327170032775e-15
3984.737989 2.727519379263127e-15
3986.429346 2.865707512361614e-15
3988.120703 2.8197913785665322e-15
3989.81206 2.765707605903777e-15
3991.503418 2.6745942807960975e-15
3993.194775 2.8741419822713702e-15
3994.886132 3.1103965878970314e-15
3996.577489 3.0356756740908643e-15
3998.268846 3.127525967975568e-15
3999.960203 2.9174097153423166e-15
4001.651561 2.875865972214418e-15
4003.342918 2.7401206693790035e-15
4005.034275 3.427779269823595e-15
4006.725632 3.064691947750988e-15
4008.416989 3.5444013997492234e-15
4010.108346 3.6903737910028396e-15
4011.799704 3.2525159610115557e-15
4013.491061 3.4107166154307194e-15
4015.182418 3.2814373554750114e-15
4016.873775 3.2887372259910483e-15
4018.565132 3.826718464852848e-15
4020.256489 4.0346463789953636e-15
4021.947847 3.7570905281921765e-15
4023.639204 4.017438508125818e-15
4025.330561 4.490089174849042e-15
4027.021918 4.135934046613035e-15
4028.713275 4.403355277887292e-15
4030.404632 4.24996620673983e-15
4032.095989 4.6521004593186245e-15
4033.787347 4.71461455479097e-15
4035.478704 4.6621204769937055e-15
4037.170061 4.3237507385279335e-15
4038.861418 4.591618892799046e-15
4040.552775 4.595651791723424e-15
4042.244132 4.7844813996627515e-15
4043.93549 4.515408014498448e-15
4045.626847 4.7641227434568e-15
4047.318204 4.429425023580751e-15
4049.009561 4.1573509215967076e-15
4050.700918 4.1737387327221106e-15
4052.392275 4.2820016488663164e-15
4054.083633 4.651612621001128e-15
4055.77499 4.3962420274542846e-15
4057.466347 4.488089680074931e-15
4059.157704 4.362726707208513e-15
4060.849061 4.651401803219643e-15
4062.540418 4.9455293205582365e-15
4064.231776 4.957132151941874e-15
4065.923133 4.853624952495919e-15
4067.61449 4.490577001481012e-15
4069.305847 5.0591641895968266e-15
4070.997204 5.0567572065941335e-15
4072.688561 4.7004047525448e-15
4074.379919 4.467157259339788e-15
4076.071276 4.4297358624452125e-15
4077.762633 4.159645273890359e-15
4079.45399 4.128458997158327e-15
4081.145347 3.8019933263677936e-15
4082.836704 4.0013365871089615e-15
4084.528062 3.931063460828954e-15
4086.219419 4.074962756083048e-15
4087.910776 3.904672474728127e-15
4089.602133 3.960115134466134e-15
4091.29349 4.033099316879684e-15
4092.984847 3.986569057730722e-15
4094.676205 4.09069146599149e-15
4096.367562 3.8957056175410215e-15
4098.058919 3.6776335580020235e-15
4099.750276 3.465784775575421e-15
4101.441633 3.540759403450076e-15
4103.13299 3.524091080952603e-15
4104.824348 3.5502479010718344e-15
4106.515705 3.1526401530794324e-15
4108.207062 3.495608557798189e-15
4109.898419 3.436345476007603e-15
4111.589776 2.9661784094298187e-15
4113.281133 3.1069731141652155e-15
4114.972491 3.2494699237082173e-15
4116.663848 3.4110503482862364e-15
4118.355205 3.5453113303911162e-15
4120.046562 3.3550315655528855e-15
4121.737919 3.1496485176985363e-15
4123.429276 3.029398377649892e-15
4125.120634 3.049919617716864e-15
4126.811991 2.9030288037909022e-15
4128.503348 3.0966105975012487e-15
4130.194705 2.9633736708226675e-15
4131.886062 2.8226941283561324e-15
4133.577419 2.8202794796015186e-15
4135.268777 3.080324690164028e-15
4136.960134 3.152344889694901e-15
4138.651491 3.0655109489207927e-15
4140.342848 3.452697781415393e-15
4142.034205 3.5070381804754873e-15
4143.725562 3.5288489441761724e-15
4145.41692 3.541100543605005e-15
4147.108277 3.8770434207239485e-15
4148.799634 3.904191737953498e-15
4150.490991 3.737390016074832e-15
4152.182348 3.447415051996533e-15
4153.873705 3.4824430154169454e-15
4155.565063 3.426391234928877e-15
4157.25642 3.34581480358489e-15
4158.947777 3.422483387518827e-15
4160.639134 3.3420339589425727e-15
4162.330491 3.0954356703787136e-15
4164.021848 3.3571522309832916e-15
4165.713206 3.5259939915665145e-15
4167.404563 3.449501364055563e-15
4169.09592 3.544517901591151e-15
4170.787277 3.3138282783858367e-15
4172.478634 3.546052214449616e-15
4174.169991 3.1692171734784167e-15
4175.861349 3.1815508010611466e-15
4177.552706 2.9650667953751216e-15
4179.244063 3.110604561620187e-15
4180.93542 3.07615521939335e-15
4182.626777 2.8902343314184532e-15
4184.318134 2.684067789579238e-15
4186.009491 2.8442839967052134e-15
4187.700849 2.9351834138654357e-15
4189.392206 3.037125496033862e-15
4191.083563 2.8967216388478465e-15
4192.77492 3.1101976884193033e-15
4194.466277 3.2861057045727814e-15
4196.157634 3.4914613463429366e-15
4197.848992 3.4699650097763705e-15
4199.540349 3.327927633688822e-15
4201.231706 3.2880610106558773e-15
4202.923063 3.331603202083963e-15
4204.61442 3.5008976919018933e-15
4206.305777 3.261313545846562e-15
4207.997135 3.2327197669970872e-15
4209.688492 3.0749685985863587e-15
4211.379849 3.0318231374268736e-15
4213.071206 3.270666960512558e-15
4214.762563 3.0525235451290126e-15
4216.45392 2.9874297990089364e-15
4218.145278 3.124620331915443e-15
4219.836635 3.0963024369865074e-15
4221.527992 2.759755257424694e-15
4223.219349 2.8931268043825025e-15
4224.910706 2.6012691694010237e-15
4226.602063 2.6503561651319435e-15
4228.293421 2.5914507471967e-15
4229.984778 2.428486305149353e-15
4231.676135 2.6291186701974423e-15
4233.367492 2.5904472508570317e-15
4235.058849 2.5190259211317004e-15
4236.750206 2.655343560961463e-15
4238.441564 2.5512296432932674e-15
4240.132921 2.610923807095086e-15
4241.824278 2.8503702298661344e-15
4243.515635 2.848003803295317e-15
4245.206992 2.6642743342965674e-15
4246.898349 2.656627660073902e-15
4248.589707 2.8535931135469597e-15
4250.281064 2.796942393902756e-15
4251.972421 2.613856439173441e-15
4253.663778 2.5358314353389055e-15
4255.355135 2.5373414648914205e-15
4257.046492 2.3927912728241277e-15
4258.73785 2.26829168716521e-15
4260.429207 2.268214065013608e-15
4262.120564 2.338285207687944e-15
4263.811921 2.395656704294938e-15
4265.503278 2.460125629501975e-15
4267.194635 2.6123909410378105e-15
4268.885993 2.7697870655830334e-15
4270.57735 2.8695966059536064e-15
4272.268707 2.734788778580222e-15
4273.960064 2.601982615943292e-15
4275.651421 2.74992390449795e-15
4277.342778 2.9208381500457262e-15
4279.034136 2.8078295425406656e-15
4280.725493 2.844726030618635e-15
4282.41685 2.9171807060868015e-15
4284.108207 2.7528420329071473e-15
4285.799564 2.713238308459886e-15
4287.490921 2.4960499559459606e-15
4289.182279 2.5738657920624162e-15
4290.873636 2.5114494632682148e-15
4292.564993 2.6954684724622552e-15
4294.25635 2.944692346478452e-15
4295.947707 2.830808192157321e-15
4297.639064 2.648164912042013e-15
4299.330422 2.8579542770292475e-15
4301.021779 2.8714873687515627e-15
4302.713136 2.7897788821852145e-15
4304.404493 2.775161273905262e-15
4306.09585 2.7376739475542147e-15
4307.787207 2.5982151265466327e-15
4309.478565 2.31134311259565e-15
4311.169922 2.527231151542133e-15
4312.861279 2.4672528517686805e-15
4314.552636 2.6177759942324617e-15
4316.243993 2.510515925310956e-15
4317.93535 2.329916489898543e-15
4319.626708 2.4242080494340747e-15
4321.318065 2.294651948942899e-15
4323.009422 2.325947217517909e-15
4324.700779 2.52295970066995e-15
4326.392136 2.4825382364636772e-15
4328.083493 2.3638068610664005e-15
4329.774851 2.2156816924824923e-15
4331.466208 2.4051719652536587e-15
4333.157565 2.236396435804199e-15
4334.848922 2.111291166732725e-15
4336.540279 2.1130430803718927e-15
4338.231636 2.322804750913973e-15
4339.922994 1.943337304027773e-15
4341.614351 1.9071365057387973e-15
4343.305708 2.2704480551245237e-15
4344.997065 2.1770356113336644e-15
4346.688422 2.088938606998179e-15
4348.379779 1.9026732772109172e-15
4350.071136 2.1424293681245862e-15
4351.762494 2.064915562227938e-15
4353.453851 2.0236636783512704e-15
4355.145208 1.8896278653467074e-15
4356.836565 2.0358421495691506e-15
4358.527922 1.8745404237911565e-15
4360.219279 1.9330556624861104e-15
4361.910637 1.936636501960744e-15
4363.601994 1.9504797410797216e-15
4365.293351 1.863346930253204e-15
4366.984708 1.8806416565498985e-15
4368.676065 1.7988348718467873e-15
4370.367422 1.7888405097457363e-15
4372.05878 1.8590333489532466e-15
4373.750137 1.8541128693921286e-15
4375.441494 1.990550188491977e-15
4377.132851 1.9974450635201958e-15
4378.824208 1.8513263559997336e-15
4380.515565 1.916078512349217e-15
4382.206923 1.892473557280442e-15
4383.89828 1.9604817254023344e-15
4385.589637 2.096161683474292e-15
4387.280994 2.053827643318384e-15
4388.972351 2.089392730286408e-15
4390.663708 2.1232201803336844e-15
4392.355066 2.2701421836950377e-15
4394.046423 2.2126211700655214e-15
4395.73778 2.0911093165679887e-15
4397.429137 2.232658556750991e-15
4399.120494 2.1938214672487245e-15
4400.811851 2.2913186169820972e-15
4402.503209 2.2827513420395332e-15
4404.194566 2.2322132318203816e-15
4405.885923 2.0844111671167446e-15
4407.57728 2.1280078884176697e-15
4409.268637 2.3139686751340108e-15
4410.959994 2.2870042877631485e-15
4412.651352 2.4524527695058013e-15
4414.342709 2.5290580539602585e-15
4416.034066 2.3516524351673555e-15
4417.725423 2.3180611272838255e-15
4419.41678 2.5513335827897866e-15
4421.108137 2.7392307304448075e-15
4422.799495 2.713739262450596e-15
4424.490852 2.741506443389044e-15
4426.182209 2.8988920999579045e-15
4427.873566 2.752077419484235e-15
4429.564923 2.8013250053161504e-15
4431.25628 2.8538059361151192e-15
4432.947638 2.9277444815687175e-15
4434.638995 2.8277326317450868e-15
4436.330352 2.985937299701959e-15
4438.021709 2.950494170263712e-15
4439.713066 2.9266712826772847e-15
4441.404423 3.110832732528754e-15
4443.095781 3.2237764706053856e-15
4444.787138 2.9542876378706476e-15
4446.478495 2.788946248396142e-15
4448.169852 2.9183311149355414e-15
4449.861209 2.773008618324646e-15
4451.552566 2.7100316206464996e-15
4453.243924 2.7127976590839276e-15
4454.935281 2.572893609836657e-15
4456.626638 2.561023801643914e-15
4458.317995 2.5131416965880773e-15
4460.009352 2.5291389667766356e-15
4461.700709 2.5369438609886224e-15
4463.392067 2.531666840591939e-15
4465.083424 2.516598705728476e-15
4466.774781 2.4200232012563754e-15
4468.466138 2.6755595708457687e-15
4470.157495 2.7678641697724953e-15
4471.848852 2.806344275828587e-15
4473.54021 2.8025055396814985e-15
4475.231567 2.894488586217962e-15
4476.922924 2.8694793978639776e-15
4478.614281 2.9823569738548512e-15
4480.305638 3.009159589845049e-15
4481.996995 2.993827146094602e-15
4483.688353 2.8199653121733075e-15
4485.37971 2.8064271228518736e-15
4487.071067 2.7379824685092303e-15
4488.762424 2.776175344819529e-15
4490.453781 2.8110777899672295e-15
4492.145138 2.7959636456149414e-15
4493.836496 2.85011592991098e-15
4495.527853 2.987848722017644e-15
4497.21921 3.1269740502584e-15
4498.910567 3.0972012386057586e-15
4500.601924 2.9727672159914377e-15
4502.293281 2.980055205752659e-15
4503.984638 3.2165010853311053e-15
4505.675996 3.1707344819289607e-15
4507.367353 3.176239668391861e-15
4509.05871 3.1737476666175936e-15
4510.750067 3.212782488614593e-15
4512.441424 3.12406226027518e-15
4514.132781 3.289090943440052e-15
4515.824139 3.296069160334495e-15
4517.515496 3.239336481081179e-15
4519.206853 3.3052268843191385e-15
4520.89821 3.2962689189963615e-15
4522.589567 3.4112577160381084e-15
4524.280924 3.3831871885788803e-15
4525.972282 3.596280343669964e-15
4527.663639 3.656867538221631e-15
4529.354996 3.6128153857906345e-15
4531.046353 3.697036854977286e-15
4532.73771 3.6198222225527824e-15
4534.429067 3.688096200236255e-15
4536.120425 3.8683637215180955e-15
4537.811782 3.887424736102847e-15
4539.503139 3.827642145830801e-15
4541.194496 3.8136216986964716e-15
4542.885853 3.996375677074761e-15
4544.57721 3.994828427868723e-15
4546.268568 4.0388589134897516e-15
4547.959925 4.153472032797804e-15
4549.651282 4.1816232790093434e-15
4551.342639 4.237932448664424e-15
4553.033996 4.1672645291828046e-15
4554.725353 4.145235281106314e-15
4556.416711 4.36412314590163e-15
4558.108068 4.38573911826312e-15
4559.799425 4.563480185739897e-15
4561.490782 4.627038837598719e-15
4563.182139 4.6312343293120085e-15
4564.873496 4.654117043542988e-15
4566.564854 4.781285987729288e-15
4568.256211 4.73556479761658e-15
4569.947568 4.815832214487594e-15
4571.638925 4.978293929907857e-15
4573.330282 5.036503735626233e-15
4575.021639 5.108590490528217e-15
4576.712997 5.143371830056433e-15
4578.404354 5.103761108665278e-15
4580.095711 5.07814239846489e-15
4581.787068 5.182437495220885e-15
4583.478425 5.1413419866043684e-15
4585.169782 4.961379176050384e-15
4586.86114 5.054708824432903e-15
4588.552497 4.80882082995062e-15
4590.243854 4.721937404904774e-15
4591.935211 4.719815678261524e-15
4593.626568 4.96219716622181e-15
4595.317925 4.944540248411205e-15
4597.009283 4.824032686211077e-15
4598.70064 4.818769249685313e-15
4600.391997 4.992868467072497e-15
4602.083354 4.943060636426598e-15
4603.774711 4.934655571279212e-15
4605.466068 4.95072666853331e-15
4607.157426 4.8383997621875775e-15
4608.848783 5.030140174115043e-15
4610.54014 5.059824706777682e-15
4612.231497 5.167229244130055e-15
4613.922854 5.105361001494752e-15
4615.614211 5.401336441538407e-15
4617.305569 5.375878085730228e-15
4618.996926 5.272940310381239e-15
4620.688283 5.449620470414608e-15
4622.37964 5.3832068387504806e-15
4624.070997 5.391200067706198e-15
4625.762354 5.26886011571356e-15
4627.453712 5.440454599839347e-15
4629.145069 5.2774123042747216e-15
4630.836426 5.1992722415721266e-15
4632.527783 5.337288164245558e-15
4634.21914 5.3286643577326805e-15
4635.910497 5.380385981652364e-15
4637.601855 5.279794162069103e-15
4639.293212 5.263701592531657e-15
4640.984569 5.3785537857478905e-15
4642.675926 5.604511601628797e-15
4644.367283 5.579179074451694e-15
4646.05864 5.675504673429543e-15
4647.749998 5.7836833277000424e-15
4649.441355 5.963658124293887e-15
4651.132712 5.875206225060613e-15
4652.824069 5.897653525079611e-15
4654.515426 5.976902690814491e-15
4656.206783 6.1113312181789e-15
4657.898141 6.2365885621339824e-15
4659.589498 6.206457270778239e-15
4661.280855 6.262863645771123e-15
4662.972212 6.2476466837684685e-15
4664.663569 6.274144975225128e-15
4666.354926 6.281263988557319e-15
4668.046283 6.2125469923161336e-15
4669.737641 6.145428801917986e-15
4671.428998 6.140740969126689e-15
4673.120355 6.005542453507391e-15
4674.811712 5.903152504332675e-15
4676.503069 5.7979434671610275e-15
4678.194426 5.726946094312134e-15
4679.885784 5.728495076762831e-15
4681.577141 5.737442786249631e-15
4683.268498 5.845289831056024e-15
4684.959855 5.851176750320545e-15
4686.651212 5.939599052352811e-15
4688.342569 5.97781173356868e-15
4690.033927 6.020374789020003e-15
4691.725284 5.949607866068903e-15
4693.416641 6.084718085443214e-15
4695.107998 5.88331157456365e-15
4696.799355 6.0872287630749336e-15
4698.490712 5.911047522957052e-15
4700.18207 6.1248961348871516e-15
4701.873427 5.840596662962688e-15
4703.564784 5.969309256548044e-15
4705.256141 6.0276612298990585e-15
4706.947498 5.820039044468225e-15
4708.638855 5.917807174388549e-15
4710.330213 5.8403985657060465e-15
4712.02157 5.9350937538719345e-15
4713.712927 5.953915679125281e-15
4715.404284 5.547742278215309e-15
4717.095641 5.680253015513293e-15
4718.786998 5.6992022554232755e-15
4720.478356 5.67748069806863e-15
4722.169713 5.7080181415265645e-15
4723.86107 5.670358380876761e-15
4725.552427 5.7022999237059624e-15
4727.243784 5.790654662656333e-15
4728.935141 5.635840915734108e-15
4730.626499 5.5145152827386525e-15
4732.317856 5.363026863105914e-15
4734.009213 5.304144808134208e-15
4735.70057 5.380911312354256e-15
4737.391927 5.348049041112207e-15
4739.083284 5.261938505026882e-15
4740.774642 5.272370967424807e-15
4742.465999 5.363304539036747e-15
4744.157356 5.405247311509951e-15
4745.848713 5.236080240321528e-15
4747.54007 5.177634909845938e-15
4749.231427 5.0934574750113724e-15
4750.922785 4.9320688758091345e-15
4752.614142 4.946967038035558e-15
4754.305499 5.089159150980188e-15
4755.996856 5.1096387630765246e-15
4757.688213 5.1629293939294745e-15
4759.37957 5.238983354707882e-15
4761.070928 5.1109920889393145e-15
4762.762285 5.091491212949721e-15
4764.453642 5.319769470030713e-15
4766.144999 5.332861215444155e-15
4767.836356 5.362996986046505e-15
4769.527713 5.496801887311865e-15
4771.219071 5.369178684166903e-15
4772.910428 5.573693526439376e-15
4774.601785 5.4759695083165375e-15
4776.293142 5.419469111868478e-15
4777.984499 5.2498157595279186e-15
4779.675856 5.148304711343422e-15
4781.367214 4.9437789289930256e-15
4783.058571 4.818628881089471e-15
4784.749928 4.75576328150556e-15
4786.441285 4.716973188655667e-15
4788.132642 4.693720896146456e-15
4789.823999 4.7887893773615486e-15
4791.515357 4.686735986269829e-15
4793.206714 4.515940478839908e-15
4794.898071 4.476046053944839e-15
4796.589428 4.395502185217797e-15
4798.280785 4.329102624054935e-15
4799.972142 4.17869955479153e-15
4801.6635 4.141980492383791e-15
4803.354857 4.131904667219515e-15
4805.046214 4.047711719399463e-15
4806.737571 4.097815912327538e-15
4808.428928 3.924382945297996e-15
4810.120285 3.939615009742415e-15
4811.811643 3.939482763640546e-15
4813.503 3.6913091925153135e-15
4815.194357 3.813886022787823e-15
4816.885714 3.948811922921764e-15
4818.577071 4.033478620073186e-15
4820.268428 3.8637723729942624e-15
4821.959785 3.7359590425769406e-15
4823.651143 3.867766780963938e-15
4825.3425 3.85381264161539e-15
4827.033857 3.6653343555657954e-15
4828.725214 3.6183366435899594e-15
4830.416571 3.5520273464575053e-15
4832.107928 3.4208630550585678e-15
4833.799286 3.316134915652281e-15
4835.490643 3.1466903545796667e-15
4837.182 3.0574874504314726e-15
4838.873357 3.0566067338015006e-15
4840.564714 3.0777550944632605e-15
4842.256071 3.057596300815656e-15
4843.947429 3.03609091658065e-15
4845.638786 3.032482326198356e-15
4847.330143 2.9794523885185353e-15
4849.0215 2.9978383861732465e-15
4850.712857 2.925703429365826e-15
4852.404214 2.912588314838067e-15
4854.095572 2.891278433150215e-15
4855.786929 2.8522206058077308e-15
4857.478286 2.6218405163346417e-15
4859.169643 2.4505377554887603e-15
4860.861 2.4500942046785388e-15
4862.552357 2.4087449338134846e-15
4864.243715 2.4805699726218688e-15
4865.935072 2.4133815470857217e-15
4867.626429 2.327225719165741e-15
4869.317786 2.315997225342595e-15
4871.009143 2.235480276152917e-15
4872.7005 2.133358973146781e-15
4874.391858 2.08837202592162e-15
4876.083215 2.1098885749840077e-15
4877.774572 2.1069924695097568e-15
4879.465929 2.2598015050657396e-15
4881.157286 2.343390689150357e-15
4882.848643 2.259201461136197e-15
4884.540001 2.2953818961005177e-15
4886.231358 2.4003465994095256e-15
4887.922715 2.4363666651356277e-15
4889.614072 2.4224566375530203e-15
4891.305429 2.373544575264776e-15
4892.996786 2.40276314642732e-15
4894.688144 2.324339371833976e-15
4896.379501 2.252752127950502e-15
4898.070858 2.2578222195831817e-15
4899.762215 2.234703774917151e-15
4901.453572 2.2920874609888937e-15
4903.144929 2.415056582323392e-15
4904.836287 2.4280235320363743e-15
4906.527644 2.4436602123126896e-15
4908.219001 2.6919437982261408e-15
4909.910358 2.612483368324576e-15
4911.601715 2.6866973747723787e-15
4913.293072 2.783483857677751e-15
4914.98443 2.9894699353536602e-15
4916.675787 3.1072180785134977e-15
4918.367144 3.0051054686173324e-15
4920.058501 2.909784090325994e-15
4921.749858 2.8957034285675432e-15
4923.441215 3.0198181986436363e-15
4925.132573 3.2565993199749614e-15
4926.82393 3.38026726471554e-15
4928.515287 3.4891681021316266e-15
4930.206644 3.548895976785926e-15
4931.898001 3.574126198132944e-15
4933.589358 3.560956834008569e-15
4935.280716 3.530624707972478e-15
4936.972073 3.5320283461070367e-15
4938.66343 3.4516009282918907e-15
4940.354787 3.7036655824792176e-15
4942.046144 3.820927344979217e-15
4943.737501 3.949862638529156e-15
4945.428859 3.922006639022918e-15
4947.120216 4.126972897903242e-15
4948.811573 3.972853087921266e-15
4950.50293 4.224763288943949e-15
4952.194287 4.3568792290512875e-15
4953.885644 4.431106195347449e-15
4955.577002 4.412184919220578e-15
4957.268359 4.674829102404355e-15
4958.959716 4.769594705656402e-15
4960.651073 4.835466906100135e-15
4962.34243 4.986167542684766e-15
4964.033787 4.964301307796219e-15
4965.725145 5.0585859507043644e-15
4967.416502 5.230965316144389e-15
4969.107859 5.1972322292582765e-15
4970.799216 5.23255663383048e-15
4972.490573 5.335477956961194e-15
4974.18193 5.426554352899148e-15
4975.873288 5.404460670089959e-15
4977.564645 5.634266247138121e-15
4979.256002 5.752167896264204e-15
4980.947359 5.959345047245747e-15
4982.638716 6.035391697021257e-15
4984.330073 6.115203953463792e-15
4986.02143 6.3242616061178e-15
4987.712788 6.371428198108801e-15
4989.404145 6.334579381407463e-15
4991.095502 6.243555323859741e-15
4992.786859 6.311317571974034e-15
4994.478216 6.315831982162444e-15
4996.169573 6.262360508763506e-15
4997.860931 6.39560583365193e-15
4999.552288 6.553097361531677e-15
5001.243645 6.606253790240846e-15
5002.935002 6.754365899136571e-15
5004.626359 6.83937939580787e-15
5006.317716 7.023032554512962e-15
5008.009074 7.276903091223e-15
5009.700431 7.246103050333038e-15
5011.391788 7.499447659823486e-15
5013.083145 7.523518511574517e-15
5014.774502 7.36096806714211e-15
5016.465859 7.060723318433373e-15
5018.157217 6.98678437023529e-15
5019.848574 6.803287517316372e-15
5021.539931 6.916951530942596e-15
5023.231288 6.979521607778804e-15
5024.922645 7.18452082222335e-15
5026.614002 7.110743362394905e-15
5028.30536 7.241657939426259e-15
5029.996717 7.13620693256614e-15
5031.688074 6.910349753783992e-15
5033.379431 6.905443240444301e-15
5035.070788 7.020909893950442e-15
5036.762145 6.943757264805824e-15
5038.453503 6.799652967007197e-15
5040.14486 6.720231018141653e-15
5041.836217 6.702843188369247e-15
5043.527574 6.517540583839022e-15
5045.218931 6.401894395320319e-15
5046.910288 6.258671763894167e-15
5048.601646 6.114388736230975e-15
5050.293003 6.015641480254905e-15
5051.98436 6.006346388017459e-15
5053.675717 5.855002221563661e-15
5055.367074 5.548089287059444e-15
5057.058431 5.286793230556548e-15
5058.749789 5.220326597964984e-15
5060.441146 4.90949131120248e-15
5062.132503 4.803297524843487e-15
5063.82386 4.746073764489596e-15
5065.515217 4.550065605829929e-15
5067.206574 4.395588360219103e-15
5068.897932 4.36874914189245e-15
5070.589289 4.300755996128858e-15
5072.280646 4.3401374267762245e-15
5073.972003 4.246085293847946e-15
5075.66336 4.199486068777026e-15
5077.354717 4.294887139735716e-15
5079.046075 4.2172203344521884e-15
5080.737432 4.08870180756403e-15
5082.428789 4.19638064350943e-15
5084.120146 4.207090806208746e-15
5085.811503 4.174365816891831e-15
5087.50286 4.264405647099755e-15
5089.194218 4.307245123973082e-15
5090.885575 4.274520310961167e-15
5092.576932 4.162661212057689e-15
5094.268289 4.113998711237254e-15
5095.959646 4.0221746546595075e-15
5097.651003 4.103304016487197e-15
5099.342361 4.070820318234769e-15
5101.033718 4.032221210302927e-15
5102.725075 4.094685705049331e-15
5104.416432 4.084438718026602e-15
5106.107789 3.975787348887727e-15
5107.799146 3.8980209314499445e-15
5109.490504 3.846164793790083e-15
5111.181861 3.764907766437366e-15
5112.873218 3.76350400162672e-15
5114.564575 3.939856166772045e-15
5116.255932 4.100019650122275e-15
5117.947289 4.043303793440574e-15
5119.638647 4.290029221882469e-15
5121.330004 4.301712251720697e-15
5123.021361 4.36712193116433e-15
5124.712718 4.395816837966765e-15
5126.404075 4.417152862874894e-15
5128.095432 4.466487829422157e-15
5129.78679 4.4414566930437346e-15
5131.478147 4.4018450193565495e-15
5133.169504 4.358639477414923e-15
5134.860861 4.4382666485286246e-15
5136.552218 4.64048618812067e-15
5138.243575 4.673677901236407e-15
5139.934932 4.709254052215095e-15
5141.62629 4.697493682813982e-15
5143.317647 4.789934423736458e-15
5145.009004 4.769662828191601e-15
5146.700361 4.626022576239548e-15
5148.391718 4.441479777846312e-15
5150.083075 4.345381944618148e-15
5151.774433 4.2566548424051424e-15
5153.46579 4.0727506552127586e-15
5155.157147 4.108510714250407e-15
5156.848504 4.218911169236733e-15
5158.539861 4.142552074620796e-15
5160.231218 4.322550398038428e-15
5161.922576 4.453009514401906e-15
5163.613933 4.5532459051740286e-15
5165.30529 4.596925643143843e-15
5166.996647 4.734117675500052e-15
5168.688004 4.764415178588937e-15
5170.379361 4.8186381763957585e-15
5172.070719 4.676425228589191e-15
5173.762076 4.760541530657299e-15
5175.453433 4.531285354886055e-15
5177.14479 4.605829243824632e-15
5178.836147 4.503549457184099e-15
5180.527504 4.5386285773501164e-15
5182.218862 4.685738302678944e-15
5183.910219 4.594343008709023e-15
5185.601576 4.7543011666488334e-15
5187.292933 4.704620020291325e-15
5188.98429 4.586058048327034e-15
5190.675647 4.417739187653504e-15
5192.367005 4.319714494401866e-15
5194.058362 4.366581565877936e-15
5195.749719 4.514173861760328e-15
5197.441076 4.554914853569412e-15
5199.132433 4.5328451714461126e-15
5200.82379 4.39010581773619e-15
5202.515148 4.558557137335402e-15
5204.206505 4.471531894156629e-15
5205.897862 4.502712523546363e-15
5207.589219 4.440628887596017e-15
5209.280576 4.2088010236333425e-15
5210.971933 4.3390881799320605e-15
5212.663291 4.330231911668023e-15
5214.354648 4.308437132389389e-15
5216.046005 4.451322514415605e-15
5217.737362 4.474140903732555e-15
5219.428719 4.5791240872991834e-15
5221.120076 4.5548767082006905e-15
5222.811434 4.612748519412781e-15
5224.502791 4.7631339096707474e-15
5226.194148 4.804393251710697e-15
5227.885505 4.737907135619445e-15
5229.576862 4.7276613253352325e-15
5231.268219 4.654305925521669e-15
5232.959577 4.5214799659641256e-15
5234.650934 4.64913872626341e-15
5236.342291 4.580644207282733e-15
5238.033648 4.621825240608534e-15
5239.725005 4.652463598658782e-15
5241.416362 4.4607135461191625e-15
5243.10772 4.408820395431216e-15
5244.799077 4.408148699761463e-15
5246.490434 4.383081461979386e-15
5248.181791 4.382421729927804e-15
5249.873148 4.411931427040328e-15
5251.564505 4.478502983831956e-15
5253.255863 4.6724077400806785e-15
5254.94722 4.709758563074117e-15
5256.638577 4.745900311412759e-15
5258.329934 4.822459440909722e-15
5260.021291 4.764895950705193e-15
5261.712648 4.961418349907246e-15
5263.404006 4.808050484409945e-15
5265.095363 4.932788428173475e-15
5266.78672 4.758913734328438e-15
5268.478077 4.7464812133230225e-15
5270.169434 4.953848812830006e-15
5271.860791 4.820561959218864e-15
5273.552149 5.060921452766867e-15
5275.243506 5.215983774149168e-15
5276.934863 5.195246372414986e-15
5278.62622 5.2318737356028874e-15
5280.317577 5.220322629237954e-15
5282.008934 5.0392789811890314e-15
5283.700292 5.024440800638131e-15
5285.391649 5.216629823307438e-15
5287.083006 5.226829828858629e-15
5288.774363 5.312403215423906e-15
5290.46572 5.500590475311406e-15
5292.157077 5.484329511795783e-15
5293.848434 5.4715254043275805e-15
5295.539792 5.4701221414610984e-15
5297.231149 5.62467269447536e-15
5298.922506 5.714177027438584e-15
5300.613863 5.744443376955582e-15
5302.30522 5.880316613120226e-15
5303.996577 5.7707875570991065e-15
5305.687935 5.7895981056930715e-15
5307.379292 5.9274367034117356e-15
5309.070649 5.942721908248131e-15
5310.762006 5.8764671225906235e-15
5312.453363 5.737870551973012e-15
5314.14472 5.874240226404397e-15
5315.836078 6.005909363052465e-15
5317.527435 5.909286781880834e-15
5319.218792 5.957236649977732e-15
5320.910149 5.9667838070275094e-15
5322.601506 6.1611354056195664e-15
5324.292863 6.457712102817071e-15
5325.984221 6.5501872390901e-15
5327.675578 6.557056756307515e-15
5329.366935 6.590894844964492e-15
5331.058292 6.438225085991769e-15
5332.749649 6.1185143106624894e-15
5334.441006 6.051620448033363e-15
5336.132364 6.0195590830790674e-15
5337.823721 6.115244476625386e-15
5339.515078 6.309301998285927e-15
5341.206435 6.354326915956996e-15
5342.897792 6.3310899662282415e-15
5344.589149 6.256482028480055e-15
5346.280507 6.263479264569102e-15
5347.971864 6.144391816380674e-15
5349.663221 6.095702325116502e-15
5351.354578 5.963510350935688e-15
5353.045935 5.9762481538427146e-15
5354.737292 6.1024731237973786e-15
5356.42865 6.301919694623953e-15
5358.120007 6.012124582266332e-15
5359.811364 6.171384944004362e-15
5361.502721 6.281601399728251e-15
5363.194078 6.228643165744794e-15
5364.885435 6.345322327540742e-15
5366.576793 6.301234264522731e-15
5368.26815 6.2096162712884915e-15
5369.959507 6.194439630623381e-15
5371.650864 6.262188926660406e-15
5373.342221 6.4789786883490976e-15
5375.033578 6.6060640364447956e-15
5376.724936 6.6414117583341944e-15
5378.416293 6.501407613712218e-15
5380.10765 6.5081275020262555e-15
5381.799007 6.4972230536319075e-15
5383.490364 6.637065196705125e-15
5385.181721 6.590901016949295e-15
5386.873079 6.4799562761157605e-15
5388.564436 6.46359651751644e-15
5390.255793 6.562496019159272e-15
5391.94715 6.55706203112857e-15
5393.638507 6.538499475131221e-15
5395.329864 6.449857687034765e-15
5397.021222 6.453259458193568e-15
5398.712579 6.6305892307130566e-15
5400.403936 6.722407580998691e-15
5402.095293 6.5956371912723385e-15
5403.78665 6.534540349034606e-15
5405.478007 6.386237010435574e-15
5407.169365 6.4147436023759235e-15
5408.860722 6.394184327161182e-15
5410.552079 6.378008705012795e-15
5412.243436 6.540293044870096e-15
5413.934793 6.5577406172465384e-15
5415.62615 6.46106948655897e-15
5417.317508 6.4275186886657374e-15
5419.008865 6.2431544622520374e-15
5420.700222 6.307386853007277e-15
5422.391579 6.081073986604863e-15
5424.082936 6.086840625123328e-15
5425.774293 6.160779115949697e-15
5427.465651 6.288710013483292e-15
5429.157008 6.3364830911277084e-15
5430.848365 6.4425199299851635e-15
5432.539722 6.5171042943841325e-15
5434.231079 6.522556696410061e-15
5435.922436 6.4784006446679854e-15
5437.613794 6.347035863441722e-15
5439.305151 6.304123023249353e-15
5440.996508 6.0493053426346666e-15
5442.687865 6.101272575407385e-15
5444.379222 6.102659441755495e-15
5446.070579 5.938666357539992e-15
5447.761937 6.010993375967815e-15
5449.453294 5.958816533316687e-15
5451.144651 6.047108595911836e-15
5452.836008 5.941413541797103e-15
5454.527365 6.176242643078308e-15
5456.218722 6.192544919354698e-15
5457.910079 6.265484875050877e-15
5459.601437 6.361834942365047e-15
5461.292794 6.59044198794071e-15
5462.984151 6.642697399947475e-15
5464.675508 6.57441210203593e-15
5466.366865 6.71185659059835e-15
5468.058222 6.746894671966231e-15
5469.74958 6.669096764462116e-15
5471.440937 6.8008938978401e-15
5473.132294 6.6243047630797334e-15
5474.823651 6.560539623083785e-15
5476.515008 6.440588424478245e-15
5478.206365 6.521273446016608e-15
5479.897723 6.47677249975831e-15
5481.58908 6.648422748348402e-15
5483.280437 6.772213595726628e-15
5484.971794 6.846122263219176e-15
5486.663151 6.877639681161548e-15
5488.354508 6.894333286093655e-15
5490.045866 6.999687983868268e-15
5491.737223 7.069034462826314e-15
5493.42858 7.25744714335195e-15
5495.119937 7.360261829304086e-15
5496.811294 7.360768376037142e-15
5498.502651 7.405486762967586e-15
5500.194009 7.691016405229782e-15
5501.885366 7.432725496005456e-15
5503.576723 7.518279232943386e-15
5505.26808 7.516584123144605e-15
5506.959437 7.462428771550945e-15
5508.650794 7.392623902217207e-15
5510.342152 7.289374200904022e-15
5512.033509 7.2019652292697e-15
5513.724866 7.229772470396721e-15
5515.416223 7.169696111848694e-15
5517.10758 7.155675095863566e-15
5518.798937 7.101993684017939e-15
5520.490295 7.218501115372523e-15
5522.181652 7.268106589804948e-15
5523.873009 7.328073978300945e-15
5525.564366 7.358788503405278e-15
5527.255723 7.263493225907528e-15
5528.94708 7.41072784363485e-15
5530.638438 7.53074328393832e-15
5532.329795 7.639177735046036e-15
5534.021152 7.662324505313565e-15
5535.712509 7.60138064925358e-15
5537.403866 7.550877816380932e-15
5539.095223 7.484894284190708e-15
5540.786581 7.42003994985212e-15
5542.477938 7.691657961021268e-15
5544.169295 7.826381796410607e-15
5545.860652 7.941298029037513e-15
5547.552009 8.157304347769211e-15
5549.243366 8.169643193034703e-15
5550.934724 8.269669893149313e-15
5552.626081 8.385031970526354e-15
5554.317438 8.142669992763387e-15
5556.008795 7.857376541838126e-15
5557.700152 7.734012545413906e-15
5559.391509 7.623145835209598e-15
5561.082867 7.330491502235449e-15
5562.774224 7.354592701298258e-15
5564.465581 7.470002286932262e-15
5566.156938 7.219042323237735e-15
5567.848295 7.002230452764745e-15
5569.539652 6.916830734054258e-15
5571.23101 6.9513403885786594e-15
5572.922367 6.7985541361849425e-15
5574.613724 6.704237007359105e-15
5576.305081 6.692831741481434e-15
5577.996438 6.734529895801531e-15
5579.687795 6.727193818522592e-15
5581.379153 6.74128446710667e-15
5583.07051 6.712544878267005e-15
5584.761867 6.6461502664455285e-15
5586.453224 6.562521710710284e-15
5588.144581 6.566498542060649e-15
5589.835938 6.5348879941478404e-15
5591.527296 6.502294484000131e-15
5593.218653 6.689092087295092e-15
5594.91001 6.599608641181437e-15
5596.601367 6.488934665718885e-15
5598.292724 6.3713198485911666e-15
5599.984081 6.837280485148839e-15
5601.675439 6.65681938080503e-15
5603.366796 6.760863227018553e-15
5605.058153 6.8303934780897326e-15
5606.74951 6.7018050947335615e-15
5608.440867 6.641026549310763e-15
5610.132224 6.5429961398519094e-15
5611.823581 6.4924785807898805e-15
5613.514939 6.3160453093257036e-15
5615.206296 6.150912359625097e-15
5616.897653 6.120860823551306e-15
5618.58901 6.1974787909126e-15
5620.280367 6.312197813830519e-15
5621.971724 6.278078572470808e-15
5623.663082 6.355456507912731e-15
5625.354439 6.369519497855508e-15
5627.045796 6.245183745287202e-15
5628.737153 6.303383564349272e-15
5630.42851 6.343488421595016e-15
5632.119867 6.082275622954338e-15
5633.811225 6.054450461776862e-15
5635.502582 5.880716855167652e-15
5637.193939 5.8190836953054075e-15
5638.885296 5.916257190428748e-15
5640.576653 6.0073387481521514e-15
5642.26801 5.990602161279363e-15
5643.959368 6.073536804738323e-15
5645.650725 5.98608686452197e-15
5647.342082 6.065926178009295e-15
5649.033439 6.131749925510387e-15
5650.724796 6.043429046452087e-15
5652.416153 5.8111687200660635e-15
5654.107511 5.589124164376226e-15
5655.798868 5.405067985833608e-15
5657.490225 5.198425366158136e-15
5659.181582 5.084199856640859e-15
5660.872939 4.990908055472598e-15
5662.564296 4.93236392022354e-15
5664.255654 4.76708590332424e-15
5665.947011 4.699868914936039e-15
5667.638368 4.5260419973752855e-15
5669.329725 4.412656406494318e-15
5671.021082 4.394124038121219e-15
5672.712439 4.164617402753636e-15
5674.403797 4.216205974674396e-15
5676.095154 4.15941800741566e-15
5677.786511 3.82617374246949e-15
5679.477868 3.625123024878271e-15
5681.169225 3.4852624584643632e-15
5682.860582 3.4143370868430945e-15
5684.55194 3.3228812130917887e-15
5686.243297 3.211922670460276e-15
5687.934654 3.181489516573657e-15
5689.626011 3.1569795592635707e-15
5691.317368 2.993448393793408e-15
5693.008725 2.8311018565049907e-15
5694.700083 2.724692984177052e-15
5696.39144 2.4806145811489146e-15
5698.082797 2.555261099197047e-15
5699.774154 2.5468454873187963e-15
5701.465511 2.44380095480794e-15
5703.156868 2.4754303457841455e-15
5704.848226 2.4475906230724837e-15
5706.539583 2.3584379804944975e-15
5708.23094 2.3102687001623336e-15
5709.922297 2.263127833538029e-15
5711.613654 2.252008089840164e-15
5713.305011 2.22535367434299e-15
5714.996369 2.2822195037802865e-15
5716.687726 2.3176823462838015e-15
5718.379083 2.263891914700731e-15
5720.07044 2.2586176767580515e-15
5721.761797 2.23301382376047e-15
5723.453154 2.2258285585133336e-15
5725.144512 2.324069596939112e-15
5726.835869 2.3989860845558294e-15
5728.527226 2.472851778568133e-15
5730.218583 2.440441615755321e-15
5731.90994 2.490066281028384e-15
5733.601297 2.434532895130126e-15
5735.292655 2.543850249720311e-15
5736.984012 2.3342731586627015e-15
5738.675369 2.3559346508299637e-15
5740.366726 2.438161111462906e-15
5742.058083 2.5462387504479826e-15
5743.74944 2.8213257798730683e-15
5745.440798 2.8839159330341043e-15
5747.132155 2.841839602443827e-15
5748.823512 2.9120077627428084e-15
5750.514869 2.899682665221756e-15
5752.206226 2.899808798514376e-15
5753.897583 3.0502022376339645e-15
5755.588941 3.1755492348368445e-15
5757.280298 3.282567700475752e-15
5758.971655 3.3818184999561035e-15
5760.663012 3.402655379412129e-15
5762.354369 3.4301532240797623e-15
5764.045726 3.465229645198568e-15
5765.737084 3.4812160771776952e-15
5767.428441 3.722891353712709e-15
5769.119798 3.945242607627636e-15
5770.811155 3.995140134230396e-15
5772.502512 3.8653067704954964e-15
5774.193869 3.752740670893414e-15
5775.885226 3.821649992250994e-15
5777.576584 4.0356656171489766e-15
5779.267941 4.455198759792019e-15
5780.959298 4.565261710484302e-15
5782.650655 4.869352817160153e-15
5784.342012 5.0670538088266825e-15
5786.033369 5.275865165034446e-15
5787.724727 5.5591035487665956e-15
5789.416084 5.6341308257006195e-15
5791.107441 5.624080797804576e-15
5792.798798 5.60744721782868e-15
5794.490155 5.562525825472658e-15
5796.181512 5.6694189442609895e-15
5797.87287 5.752618249699009e-15
5799.564227 5.712402391058017e-15
5801.255584 5.70234176621307e-15
5802.946941 5.776912972565159e-15
5804.638298 6.0195861643239694e-15
5806.329655 6.283574280672888e-15
5808.021013 6.45337563150213e-15
5809.71237 6.652997382787832e-15
5811.403727 6.914228500798883e-15
5813.095084 7.17047495570987e-15
5814.786441 6.985419140906901e-15
5816.477798 6.943742653131185e-15
5818.169156 7.036783357901234e-15
5819.860513 7.354932259895765e-15
5821.55187 7.382230433007346e-15
5823.243227 7.395479810954334e-15
5824.934584 7.556111556928688e-15
5826.625941 7.669933894449656e-15
5828.317299 7.774300889994741e-15
5830.008656 7.696031947865269e-15
5831.700013 7.785355605367324e-15
5833.39137 7.938747951158305e-15
5835.082727 8.273202831724615e-15
5836.774084 8.619317861427204e-15
5838.465442 8.760787219406714e-15
5840.156799 8.713739260554615e-15
5841.848156 8.704761724355048e-15
5843.539513 8.794012344592999e-15
5845.23087 8.822971451858169e-15
5846.922227 8.928709555544474e-15
5848.613585 8.965863209480461e-15
5850.304942 9.083395251204092e-15
5851.996299 9.089006177558657e-15
5853.687656 9.002268163236884e-15
5855.379013 8.881493807746404e-15
5857.07037 8.930552683779003e-15
5858.761728 9.280919104051297e-15
5860.453085 9.5700777954371e-15
5862.144442 9.518282724603213e-15
5863.835799 9.392959513188434e-15
5865.527156 9.663130495258838e-15
5867.218513 9.473545900882204e-15
5868.909871 9.412741588684752e-15
5870.601228 9.416254839243261e-15
5872.292585 9.483974177168567e-15
5873.983942 9.487443058414404e-15
5875.675299 9.280195522210671e-15
5877.366656 9.099751750934148e-15
5879.058014 9.177543881728191e-15
5880.749371 9.281772319365499e-15
5882.440728 9.367591361715064e-15
5884.132085 9.325442886500222e-15
5885.823442 9.17379318095058e-15
5887.514799 9.186540837355182e-15
5889.206157 9.17191347677045e-15
5890.897514 9.055250571866847e-15
5892.588871 9.077142718777325e-15
5894.280228 8.84964544087085e-15
5895.971585 8.68700376692006e-15
5897.662942 8.649985252984216e-15
5899.3543 8.709313639098938e-15
5901.045657 8.667779413551602e-15
5902.737014 8.754239186646392e-15
5904.428371 9.167963723662089e-15
5906.119728 9.443423369192417e-15
5907.811085 9.247580843657426e-15
5909.502443 8.795790288030673e-15
5911.1938 8.905426417851308e-15
5912.885157 9.077317831258174e-15
5914.576514 8.977028840804017e-15
5916.267871 9.129705561898459e-15
5917.959228 9.052054188041979e-15
5919.650586 8.967281352658793e-15
5921.341943 8.725767638052516e-15
5923.0333 8.479132605226707e-15
5924.724657 8.464170760053828e-15
5926.416014 8.446536649531294e-15
5928.107371 8.486475036319748e-15
5929.798728 8.61263887156893e-15
5931.490086 8.563492183962213e-15
5933.181443 8.571872666639084e-15
5934.8728 8.689676816352375e-15
5936.564157 8.66927175124708e-15
5938.255514 8.498337426294075e-15
5939.946871 8.426126573900987e-15
5941.638229 8.475715490884394e-15
5943.329586 8.359770357905696e-15
5945.020943 8.241275806754537e-15
5946.7123 8.190819313528758e-15
5948.403657 8.123458945943526e-15
5950.095014 8.102572326216464e-15
5951.786372 7.967563215625138e-15
5953.477729 7.88440492177331e-15
5955.169086 8.238710110465479e-15
5956.860443 8.11987776270636e-15
5958.5518 8.079482303483498e-15
5960.243157 8.096931369574938e-15
5961.934515 7.81220982758429e-15
5963.625872 7.940798978675485e-15
5965.317229 8.055044725121855e-15
5967.008586 7.793026813891378e-15
5968.699943 7.862888457489795e-15
5970.3913 8.06468760761626e-15
5972.082658 8.067894648160461e-15
5973.774015 8.18436913801813e-15
5975.465372 8.246754405526564e-15
5977.156729 8.303762513208055e-15
5978.848086 8.189320138273193e-15
5980.539443 8.037042660891336e-15
5982.230801 8.208774034206177e-15
5983.922158 7.980825818261907e-15
5985.613515 7.781341869449117e-15
5987.304872 7.675460319245101e-15
5988.996229 7.651565935065e-15
5990.687586 7.646186097629067e-15
5992.378944 7.698834804397077e-15
5994.070301 7.69693326691087e-15
5995.761658 7.710852156980061e-15
5997.453015 7.732643138091674e-15
5999.144372 7.65879276262141e-15
6000.835729 7.651658641504973e-15
6002.527087 7.386063922332866e-15
6004.218444 7.327428982256164e-15
6005.909801 7.246990124980962e-15
6007.601158 7.175384160783136e-15
6009.292515 7.218373808786805e-15
6010.983872 7.0717408301721735e-15
6012.67523 7.104264771865629e-15
6014.366587 7.294681418865198e-15
6016.057944 7.254640154080484e-15
6017.749301 7.624286943760574e-15
6019.440658 7.379412338673489e-15
6021.132015 7.483903859914547e-15
6022.823373 7.326389113030823e-15
6024.51473 7.20907038375258e-15
6026.206087 7.196155102017253e-15
6027.897444 7.163280273146652e-15
6029.588801 6.929937580990825e-15
6031.280158 6.8538878887857516e-15
6032.971516 6.83166793591912e-15
6034.662873 6.784355042019638e-15
6036.35423 6.940588720236766e-15
6038.045587 6.9971132777977244e-15
6039.736944 6.791495509413602e-15
6041.428301 7.074526348226689e-15
6043.119659 7.149011477539279e-15
6044.811016 6.9635200336602704e-15
6046.502373 6.685906942717202e-15
6048.19373 6.658721136197039e-15
6049.885087 6.461773974851206e-15
6051.576444 6.43646599158329e-15
6053.267802 6.344900917092647e-15
6054.959159 6.2689345299832484e-15
6056.650516 6.402866724971387e-15
6058.341873 6.45155468016476e-15
6060.03323 6.245096365807501e-15
6061.724587 6.140176000582629e-15
6063.415945 5.991619246114894e-15
6065.107302 6.0138477848201745e-15
6066.798659 6.049775060830684e-15
6068.490016 6.023133937111305e-15
6070.181373 5.903225531760128e-15
6071.87273 5.969940720259689e-15
6073.564088 6.112658345899556e-15
6075.255445 6.238982447203229e-15
6076.946802 6.31307045407141e-15
6078.638159 6.262464616029569e-15
6080.329516 6.3500969674854666e-15
6082.020873 6.2338884542280005e-15
6083.712231 6.257540367144125e-15
6085.403588 6.299891896671364e-15
6087.094945 6.286873850610889e-15
6088.786302 6.3623299035059576e-15
6090.477659 6.344190028871885e-15
6092.169016 6.167227280859085e-15
6093.860373 6.074511723432411e-15
6095.551731 6.348451584726922e-15
6097.243088 6.234542131957601e-15
6098.934445 6.225851938801968e-15
6100.625802 6.11637018732572e-15
6102.317159 5.924906547229663e-15
6104.008516 5.8571735126541594e-15
6105.699874 5.7954453898847056e-15
6107.391231 5.6982955888872576e-15
6109.082588 5.699232532229363e-15
6110.773945 5.581143995408609e-15
6112.465302 5.67662427025396e-15
6114.156659 5.974346646363901e-15
6115.848017 5.938040519750401e-15
6117.539374 5.9202903186650625e-15
6119.230731 5.9463392221223676e-15
6120.922088 5.8234617143223115e-15
6122.613445 5.816749655175343e-15
6124.304802 5.762982678997454e-15
6125.99616 5.694170744316781e-15
6127.687517 5.491147828811905e-15
6129.378874 5.490507844992136e-15
6131.070231 5.315500628885383e-15
6132.761588 5.4733006630942634e-15
6134.452945 5.3261321683141104e-15
6136.144303 5.436877093266919e-15
6137.83566 5.463026801778659e-15
6139.527017 5.8736489461297124e-15
6141.218374 5.482654001087352e-15
6142.909731 5.818471643026321e-15
6144.601088 5.649923845113126e-15
6146.292446 5.59080621549978e-15
6147.983803 5.549250367355804e-15
6149.67516 5.347822684750108e-15
6151.366517 5.0766816747048816e-15
6153.057874 4.924837547022361e-15
6154.749231 5.123254557613598e-15
6156.440589 5.1685226569439995e-15
6158.131946 5.065885644111222e-15
6159.823303 5.373453438460576e-15
6161.51466 5.2982007586879475e-15
6163.206017 5.31258514601527e-15
6164.897374 5.3418597060498725e-15
6166.588732 5.3752508963698094e-15
6168.280089 5.521998486730332e-15
6169.971446 5.628039165823556e-15
6171.662803 5.584310678107443e-15
6173.35416 5.771178877669917e-15
6175.045517 5.719161179355706e-15
6176.736875 5.607762351059486e-15
6178.428232 5.61776492504596e-15
6180.119589 5.673098559530464e-15
6181.810946 5.638543429750203e-15
6183.502303 5.649329935639926e-15
6185.19366 5.618130020517355e-15
6186.885018 5.669214551049121e-15
6188.576375 5.797516756127821e-15
6190.267732 5.6068820890743464e-15
6191.959089 5.632426237792312e-15
6193.650446 5.9525793312577996e-15
6195.341803 6.121442829750357e-15
6197.033161 6.228629429863633e-15
6198.724518 5.976838194206614e-15
6200.415875 5.97670945816812e-15
6202.107232 5.82109817798744e-15
6203.798589 5.897943610981804e-15
6205.489946 5.788314794502703e-15
6207.181304 5.6959810959494585e-15
6208.872661 5.738467869870967e-15
6210.564018 5.696044934507906e-15
6212.255375 5.599010654565501e-15
6213.946732 5.575461736495377e-15
6215.638089 5.910379089329294e-15
6217.329447 5.950183538550974e-15
6219.020804 6.100602731783408e-15
6220.712161 5.980037287914588e-15
6222.403518 5.974203684193809e-15
6224.094875 6.014692498843668e-15
6225.786232 6.0640555675681e-15
6227.47759 6.058188777484307e-15
6229.168947 5.8974276731209464e-15
6230.860304 5.903812618776624e-15
6232.551661 5.748184196566124e-15
6234.243018 5.5773471425988134e-15
6235.934375 5.670483635416138e-15
6237.625733 5.588826868842546e-15
6239.31709 5.4862654654600115e-15
6241.008447 5.455699298721679e-15
6242.699804 5.51720390896401e-15
6244.391161 5.518115682339928e-15
6246.082518 5.440013074081511e-15
6247.773875 5.118589746940842e-15
6249.465233 5.16321954287862e-15
6251.15659 5.388943480238167e-15
6252.847947 5.3754413872982226e-15
6254.539304 5.2493841830253535e-15
6256.230661 5.358933438389539e-15
6257.922018 5.497288459089477e-15
6259.613376 5.525495290995438e-15
6261.304733 5.5231849325371374e-15
6262.99609 5.9105880254028815e-15
6264.687447 6.016262342393553e-15
6266.378804 5.7493534571302175e-15
6268.070161 5.790948066117751e-15
6269.761519 5.857298404888374e-15
6271.452876 5.595731887600267e-15
6273.144233 5.6381327490587164e-15
6274.83559 5.4696298361782534e-15
6276.526947 5.106536283201157e-15
6278.218304 5.145957202744826e-15
6279.909662 5.18452862230599e-15
6281.601019 5.3529594571797665e-15
6283.292376 5.18747073828258e-15
6284.983733 5.153519007259377e-15
6286.67509 5.1339262611707036e-15
6288.366447 5.3027986838409404e-15
6290.057805 4.952543068106862e-15
6291.749162 4.9370567014613865e-15
6293.440519 4.715998394051463e-15
6295.131876 4.687168949209846e-15
6296.823233 4.764634575248049e-15
6298.51459 4.6430958512350485e-15
6300.205948 4.6444628581120744e-15
6301.897305 4.6917322940555156e-15
6303.588662 4.975498326699186e-15
6305.280019 4.910247742955435e-15
6306.971376 5.225192307676385e-15
6308.662733 5.226217798435419e-15
6310.354091 5.217773609506179e-15
6312.045448 5.449180657663459e-15
6313.736805 5.3057791567081735e-15
6315.428162 5.280757773702731e-15
6317.119519 5.0352220038119276e-15
6318.810876 4.8797021440844555e-15
6320.502234 4.934411052549238e-15
6322.193591 5.1140784695762286e-15
6323.884948 5.061719648552525e-15
6325.576305 5.200275099344395e-15
6327.267662 5.454065699334562e-15
6328.959019 5.552237626116778e-15
6330.650377 5.450346225357455e-15
6332.341734 5.3760024307978675e-15
6334.033091 5.388672957261845e-15
6335.724448 5.362968803753856e-15
6337.415805 5.335741091483197e-15
6339.107162 5.2365981104189335e-15
6340.79852 4.9648511097439555e-15
6342.489877 4.9425577311253125e-15
6344.181234 5.141993122496853e-15
6345.872591 5.185953229460934e-15
6347.563948 5.1994519508736226e-15
6349.255305 5.200457464445118e-15
6350.946663 4.994280198601895e-15
6352.63802 4.9206660078206395e-15
6354.329377 4.997295644696566e-15
6356.020734 4.8343385814324285e-15
6357.712091 4.973105488057237e-15
6359.403448 5.119487836072387e-15
6361.094806 4.957502388145092e-15
6362.786163 5.043204865769466e-15
6364.47752 5.242034520641039e-15
6366.168877 5.1771289064322866e-15
6367.860234 5.312144106420119e-15
6369.551591 5.159010460026603e-15
6371.242949 5.0625393823928965e-15
6372.934306 5.0264842824093204e-15
6374.625663 4.950287848193101e-15
6376.31702 5.1491629272216024e-15
6378.008377 5.213477326377956e-15
6379.699734 5.261523248626696e-15
6381.391092 5.3611885038632516e-15
6383.082449 5.538576088803943e-15
6384.773806 5.4099553660661496e-15
6386.465163 5.186019635234722e-15
6388.15652 5.156223140572405e-15
6389.847877 5.146458459461442e-15
6391.539235 5.10826288066954e-15
6393.230592 4.961022787358865e-15
6394.921949 4.906856380933177e-15
6396.613306 4.985486803169767e-15
6398.304663 5.251170803397554e-15
6399.99602 5.432235510909551e-15
6401.687378 5.479808434647689e-15
6403.378735 5.585513355603397e-15
6405.070092 5.316899998366544e-15
6406.761449 5.187020701932489e-15
6408.452806 5.178813325743854e-15
6410.144163 5.166798097217623e-15
6411.83552 5.1089900898540814e-15
6413.526878 5.103122872730699e-15
6415.218235 5.2574463083748954e-15
6416.909592 5.240078346861919e-15
6418.600949 5.09472534965763e-15
6420.292306 5.3462637042632e-15
6421.983663 5.401166883378144e-15
6423.675021 5.230859209710175e-15
6425.366378 5.225709746979175e-15
6427.057735 5.241839831728177e-15
6428.749092 5.1189907441804325e-15
6430.440449 5.376513235902915e-15
6432.131806 5.1960620368580916e-15
6433.823164 5.0127846441005575e-15
6435.514521 5.125964810640871e-15
6437.205878 5.056524086534794e-15
6438.897235 5.133226788364238e-15
6440.588592 5.125881464213568e-15
6442.279949 5.3393129439825444e-15
6443.971307 5.298603000621898e-15
6445.662664 5.251910215933448e-15
6447.354021 5.113167536003973e-15
6449.045378 5.0402172052274895e-15
6450.736735 4.9371795408140086e-15
6452.428092 5.051288599690845e-15
6454.11945 5.110299569151926e-15
6455.810807 5.106001428525193e-15
6457.502164 5.1318020379132325e-15
6459.193521 4.986137866063369e-15
6460.884878 4.879700541769848e-15
6462.576235 4.766629113108108e-15
6464.267593 4.677696451422287e-15
6465.95895 4.6338841329936036e-15
6467.650307 4.7918353650249164e-15
6469.341664 4.765992236821198e-15
6471.033021 4.606088815861364e-15
6472.724378 4.236738457929352e-15
6474.415736 4.1042291165505986e-15
6476.107093 3.9404610429841756e-15
6477.79845 3.841901827754386e-15
6479.489807 3.799468433350302e-15
6481.181164 3.63762011917106e-15
6482.872521 3.526698197084451e-15
6484.563879 3.442740937258302e-15
6486.255236 3.302966606412926e-15
6487.946593 3.1730370511042827e-15
6489.63795 2.9441999490909333e-15
6491.329307 2.9426040226593158e-15
6493.020664 2.8934029902924752e-15
6494.712022 2.960229378792773e-15
6496.403379 3.002464113800879e-15
6498.094736 3.1040491298305213e-15
6499.786093 3.022959939120341e-15
6501.47745 2.9723573351679143e-15
6503.168807 2.8113546380711686e-15
6504.860165 2.7535108294620283e-15
6506.551522 2.8105256712020015e-15
6508.242879 2.851943934651228e-15
6509.934236 3.0982247088985912e-15
6511.625593 3.0551492488663833e-15
6513.31695 3.0431457483899804e-15
6515.008308 3.0437142303453987e-15
6516.699665 2.859000597593271e-15
6518.391022 3.055182583364687e-15
6520.082379 2.9584077087726877e-15
6521.773736 2.9273303443734947e-15
6523.465093 2.939013771504365e-15
6525.156451 3.047114643250958e-15
6526.847808 3.135236944986152e-15
6528.539165 3.0386821134021385e-15
6530.230522 3.0987793744316056e-15
6531.921879 3.2131837451070934e-15
6533.613236 3.3487489902439683e-15
6535.304594 3.393173125665901e-15
6536.995951 3.3319402156374665e-15
6538.687308 3.294229449636199e-15
6540.378665 3.4507025379433672e-15
6542.070022 3.585773172287954e-15
6543.761379 3.744113185295467e-15
6545.452737 3.5980074198847316e-15
6547.144094 3.634816675730256e-15
6548.835451 3.635056095662667e-15
6550.526808 3.818587218879582e-15
6552.218165 3.655228042077239e-15
6553.909522 3.6496174039338135e-15
6555.60088 3.8926355640978785e-15
6557.292237 3.864308651686466e-15
6558.983594 4.255530418369687e-15
6560.674951 4.5618797898298e-15
6562.366308 4.85190421508189e-15
6564.057665 4.952553488382131e-15
6565.749022 5.026203075907242e-15
6567.44038 5.135364186130911e-15
6569.131737 5.231345549569546e-15
6570.823094 5.257563529280928e-15
6572.514451 5.16119741778844e-15
6574.205808 5.1069764141621554e-15
6575.897165 5.21435107709848e-15
6577.588523 5.018967114613615e-15
6579.27988 4.910633670029503e-15
6580.971237 4.785774982166412e-15
6582.662594 5.007302515623303e-15
6584.353951 5.2408745884245086e-15
6586.045308 5.2727346412823864e-15
6587.736666 5.43085781024786e-15
6589.428023 5.545532644324278e-15
6591.11938 5.585110045424767e-15
6592.810737 5.5172681255111804e-15
6594.502094 5.525848373830173e-15
6596.193451 5.6459784640222225e-15
6597.884809 5.651600841764143e-15
6599.576166 5.67159625486482e-15
6601.267523 6.0803455840148684e-15
6602.95888 6.123072083051698e-15
6604.650237 6.211699613887072e-15
6606.341594 6.105784250419856e-15
6608.032952 6.086757874833849e-15
6609.724309 6.165936998052044e-15
6611.415666 6.1648055771793774e-15
6613.107023 6.0376606143880375e-15
6614.79838 6.102423250773326e-15
6616.489737 6.106336688636628e-15
6618.181095 6.0201690461671035e-15
6619.872452 5.975531329984831e-15
6621.563809 6.0001994924703495e-15
6623.255166 6.154725814889994e-15
6624.946523 6.473874032196062e-15
6626.63788 6.654367556122035e-15
6628.329238 6.370084249540337e-15
6630.020595 6.576797486118689e-15
6631.711952 6.472944476130163e-15
6633.403309 6.5747938507342116e-15
6635.094666 6.879178806377549e-15
6636.786023 7.054620803796467e-15
6638.477381 6.984815554178675e-15
6640.168738 6.97614796322914e-15
6641.860095 6.9263349207401974e-15
6643.551452 7.204903686848005e-15
6645.242809 7.385362550546131e-15
6646.934166 7.324786517749552e-15
6648.625524 7.398788259796225e-15
6650.316881 7.501019790811805e-15
6652.008238 7.864824779414223e-15
6653.699595 7.365836732873536e-15
6655.390952 7.510309171637254e-15
6657.082309 7.435723442046218e-15
6658.773667 7.445914826988488e-15
6660.465024 7.512522247848146e-15
6662.156381 7.452145282206139e-15
6663.847738 7.328418414015775e-15
6665.539095 7.225954361206088e-15
6667.230452 7.21509249401374e-15
6668.92181 7.274612556105928e-15
6670.613167 7.608290516403345e-15
6672.304524 7.730777081622863e-15
6673.995881 7.642412137855424e-15
6675.687238 7.659450914859366e-15
6677.378595 7.915033801250632e-15
6679.069953 7.686441863598297e-15
6680.76131 7.7104264146666e-15
6682.452667 7.62230324902734e-15
6684.144024 7.429226797635547e-15
6685.835381 7.25735802599046e-15
6687.526738 7.029709953829552e-15
6689.218096 6.919745304326101e-15
6690.909453 7.085195635871874e-15
6692.60081 7.318923875087752e-15
6694.292167 7.32903036016746e-15
6695.983524 7.408894002032821e-15
6697.674881 7.335276320197927e-15
6699.366239 7.317482299839354e-15
6701.057596 6.9368205097535375e-15
6702.748953 7.010446391773401e-15
6704.44031 7.20855131756088e-15
6706.131667 7.350811120229207e-15
6707.823024 7.277446438509711e-15
6709.514382 7.426465116089623e-15
6711.205739 7.269815169465459e-15
6712.897096 7.106395460389012e-15
6714.588453 7.151217456834582e-15
6716.27981 6.842445850816418e-15
6717.971167 6.861032447225269e-15
6719.662524 6.740396033489689e-15
6721.353882 6.833778194498499e-15
6723.045239 6.637880579729044e-15
6724.736596 6.3433021413869665e-15
6726.427953 6.378692800153918e-15
6728.11931 6.4907034896392915e-15
6729.810667 6.78968659108277e-15
6731.502025 6.704027859708978e-15
6733.193382 6.817763755052226e-15
6734.884739 6.768708873180584e-15
6736.576096 6.454468698589703e-15
6738.267453 6.508942319458316e-15
6739.95881 6.708565105138091e-15
6741.650168 6.592947283612309e-15
6743.341525 6.535874851700913e-15
6745.032882 6.316027729722384e-15
6746.724239 6.024293919237622e-15
6748.415596 6.425442040116586e-15
6750.106953 6.236179496763268e-15
6751.798311 6.453033925928841e-15
6753.489668 6.666235161469385e-15
6755.181025 6.9867601219035694e-15
6756.872382 6.6832621015814374e-15
6758.563739 6.513499143554648e-15
6760.255096 6.562091502373767e-15
6761.946454 6.687188226655005e-15
6763.637811 6.549800546457482e-15
6765.329168 6.663844732097714e-15
6767.020525 6.488391360267396e-15
6768.711882 6.505480215176375e-15
6770.403239 6.394382756653211e-15
6772.094597 6.344043043992527e-15
6773.785954 6.2528881310201045e-15
6775.477311 6.521250290831137e-15
6777.168668 6.6940809656121e-15
6778.860025 6.6219210716635396e-15
6780.551382 6.701405647692295e-15
6782.24274 6.935684527824523e-15
6783.934097 6.938884020813712e-15
6785.625454 6.806350240039384e-15
6787.316811 6.796043485809047e-15
6789.008168 6.470513047365268e-15
6790.699525 6.343850642413693e-15
6792.390883 6.381195181110703e-15
6794.08224 6.375867286219865e-15
6795.773597 6.19261574018458e-15
6797.464954 6.431474488468456e-15
6799.156311 6.328807671346123e-15
6800.847668 6.389025158131787e-15
6802.539026 6.682081061773052e-15
6804.230383 6.617902263106509e-15
6805.92174 6.494439195079003e-15
6807.613097 6.385265649480151e-15
6809.304454 5.948778959729362e-15
6810.995811 5.897893498309985e-15
6812.687169 6.011278157886898e-15
6814.378526 6.214685097577287e-15
6816.069883 6.014492793133194e-15
6817.76124 5.833990824976899e-15
6819.452597 5.802773858108853e-15
6821.143954 5.593697637363415e-15
6822.835312 5.44522046015929e-15
6824.526669 5.318366512745596e-15
6826.218026 5.133991834245518e-15
6827.909383 5.0241665629650966e-15
6829.60074 4.830754503802217e-15
6831.292097 4.681717899369308e-15
6832.983455 4.3274901903931994e-15
6834.674812 3.944874187502797e-15
6836.366169 3.936830692684076e-15
6838.057526 4.010939383265451e-15
6839.748883 4.277872506095326e-15
6841.44024 4.4511350394933905e-15
6843.131598 4.416839960552734e-15
6844.822955 4.1779772158226074e-15
6846.514312 4.1118920042710044e-15
6848.205669 3.87542255761167e-15
6849.897026 3.741682821613983e-15
6851.588383 3.580140844161255e-15
6853.279741 3.5570298418038434e-15
6854.971098 3.811668390526616e-15
6856.662455 3.7778438850933995e-15
6858.353812 3.615282971160019e-15
6860.045169 3.4767775351189296e-15
6861.736526 3.136841363686517e-15
6863.427884 3.1962062592007354e-15
6865.119241 3.121044879981326e-15
6866.810598 3.219413551059522e-15
6868.501955 3.344139379128511e-15
6870.193312 3.037552533511529e-15
6871.884669 3.1020994530660773e-15
6873.576027 2.9379922019897173e-15
6875.267384 2.842060592188604e-15
6876.958741 2.9283801266760305e-15
6878.650098 2.947991739532502e-15
6880.341455 2.808690580116182e-15
6882.032812 2.8902939693007083e-15
6883.724169 2.8479794008915516e-15
6885.415527 3.090753396280111e-15
6887.106884 3.12207590824936e-15
6888.798241 3.0974694896133263e-15
6890.489598 2.919733527511463e-15
6892.180955 2.840720796729734e-15
6893.872312 3.008681220034532e-15
6895.56367 2.893610945776672e-15
6897.255027 2.971507701867844e-15
6898.946384 3.1424213010939225e-15
6900.637741 3.4291434524997354e-15
6902.329098 3.4418110293076925e-15
6904.020455 3.2567567407101246e-15
6905.711813 3.0764832707080587e-15
6907.40317 3.1900116404182064e-15
6909.094527 3.3073523381042867e-15
6910.785884 3.2142078039016384e-15
6912.477241 3.0898197311328708e-15
6914.168598 3.0588712280581145e-15
6915.859956 3.1845216646798854e-15
6917.551313 3.368715535884424e-15
6919.24267 3.2112601518742298e-15
6920.934027 3.5378849180968897e-15
6922.625384 3.405893992866193e-15
6924.316741 3.3482100399102257e-15
6926.008099 3.5116951757565e-15
6927.699456 3.7731567147569186e-15
6929.390813 3.945993551639664e-15
6931.08217 3.913479151136394e-15
6932.773527 4.24118212319298e-15
6934.464884 4.26627542245565e-15
6936.156242 4.15325292865635e-15
6937.847599 4.25547545332942e-15
6939.538956 4.250727493219484e-15
6941.230313 4.289356268483437e-15
6942.92167 4.309832452996255e-15
6944.613027 4.409185612639969e-15
6946.304385 4.460599725218381e-15
6947.995742 4.72322379076361e-15
6949.687099 4.7040487675597714e-15
6951.378456 4.29571802764073e-15
6953.069813 4.750246116928581e-15
6954.76117 4.729800231271915e-15
6956.452528 4.840177007444843e-15
6958.143885 4.937571730536104e-15
6959.835242 4.893227878822998e-15
6961.526599 5.059981452049705e-15
6963.217956 5.117237207693345e-15
6964.909313 5.259287377604663e-15
6966.600671 5.4358806292773105e-15
6968.292028 5.619359980751948e-15
6969.983385 5.862344246405021e-15
6971.674742 6.1089232107993576e-15
6973.366099 6.177016752863609e-15
6975.057456 5.8586076270946935e-15
6976.748814 5.928678603541536e-15
6978.440171 6.1043116358596624e-15
6980.131528 6.179302670681219e-15
6981.822885 6.2893902719018405e-15
6983.514242 6.159014723990513e-15
6985.205599 5.946356571711634e-15
6986.896957 5.859073699980267e-15
6988.588314 5.8229422714395034e-15
6990.279671 5.613947728794259e-15
6991.971028 5.821546684291103e-15
6993.662385 6.260273515753163e-15
6995.353742 6.1456616546167345e-15
6997.0451 6.608619431368659e-15
6998.736457 6.458933712221142e-15
7000.427814 6.139591176056879e-15
7002.119171 6.395241148210118e-15
7003.810528 6.240179946753271e-15
7005.501885 6.189418166980651e-15
7007.193243 6.208532666145051e-15
7008.8846 6.363391089125244e-15
7010.575957 6.85481052953471e-15
7012.267314 7.231665356072554e-15
7013.958671 7.095005581742236e-15
7015.650028 7.104114531773184e-15
7017.341386 7.119545106832795e-15
7019.032743 7.451221967923194e-15
7020.7241 7.30208273482659e-15
7022.415457 7.304750330774713e-15
7024.106814 7.073724420018831e-15
7025.798171 7.373204052501928e-15
7027.489529 7.590350034881366e-15
7029.180886 7.517180374204146e-15
7030.872243 7.481907769622439e-15
7032.5636 7.711272004256735e-15
7034.254957 7.644456599794754e-15
7035.946314 7.313364592443403e-15
7037.637671 7.504722926515366e-15
7039.329029 7.75876351736154e-15
7041.020386 7.604067288409251e-15
7042.711743 7.261084982667117e-15
7044.4031 7.740883751363436e-15
7046.094457 7.686821732680601e-15
7047.785814 8.009125157192809e-15
7049.477172 7.898571680902446e-15
7051.168529 7.794383908075196e-15
7052.859886 7.395968267038394e-15
7054.551243 7.586324537395241e-15
7056.2426 7.357317970136607e-15
7057.933957 7.19108043409297e-15
7059.625315 7.218753353318026e-15
7061.316672 7.233903064577642e-15
7063.008029 7.249041783367741e-15
7064.699386 7.38896754946767e-15
7066.390743 7.478854474629144e-15
7068.0821 7.468903399443426e-15
7069.773458 7.359266771840663e-15
7071.464815 6.96945229942492e-15
7073.156172 6.810365672206507e-15
7074.847529 7.0558630483563e-15
7076.538886 7.021268924446515e-15
7078.230243 6.781581978183564e-15
7079.921601 6.424084213330794e-15
7081.612958 6.228397990501081e-15
7083.304315 6.337032469460247e-15
7084.995672 6.2904606406065646e-15
7086.687029 6.318352771535859e-15
7088.378386 6.190029378448075e-15
7090.069744 5.7899063607887695e-15
7091.761101 5.876808242880233e-15
7093.452458 5.847289623199159e-15
7095.143815 5.944596028274218e-15
7096.835172 5.842742776570849e-15
7098.526529 5.833665358440917e-15
7100.217887 5.8017577018328704e-15
7101.909244 6.047045178588642e-15
7103.600601 6.057006993911566e-15
7105.291958 5.793152425508658e-15
7106.983315 5.662703734222233e-15
7108.674672 5.684548028317818e-15
7110.36603 5.9262067076693715e-15
7112.057387 5.555841098226521e-15
7113.748744 5.551869202149909e-15
7115.440101 5.5134683488912966e-15
7117.131458 5.69572829125063e-15
7118.822815 5.504341402613545e-15
7120.514173 5.708529008771428e-15
7122.20553 5.540037085862356e-15
7123.896887 5.632987734047513e-15
7125.588244 5.5836182155349835e-15
7127.279601 5.163591493817595e-15
7128.970958 4.986500041601607e-15
7130.662316 4.7587761436985076e-15
7132.353673 4.792536229641108e-15
7134.04503 4.422027210463037e-15
7135.736387 4.818373484929091e-15
7137.427744 4.4848785090153445e-15
7139.119101 4.588310644777445e-15
7140.810459 4.836906374878592e-15
7142.501816 4.886990308290312e-15
7144.193173 4.933978792906102e-15
7145.88453 4.8620758275080526e-15
7147.575887 4.820094031347425e-15
7149.267244 4.505401696659168e-15
7150.958602 4.594464931729396e-15
7152.649959 4.1226533821660056e-15
7154.341316 4.248295329908721e-15
7156.032673 4.0408318754388736e-15
7157.72403 4.151812032303439e-15
7159.415387 4.356171015912251e-15
7161.106745 4.172612639143825e-15
7162.798102 4.433771739312864e-15
7164.489459 5.009874857661612e-15
7166.180816 4.620878979704889e-15
7167.872173 4.81844899982938e-15
7169.56353 4.78764402615605e-15
7171.254888 4.729644530427691e-15
7172.946245 5.035710266897178e-15
7174.637602 4.975234344478257e-15
7176.328959 4.78975533043162e-15
7178.020316 4.961302789374728e-15
7179.711673 5.1115634219231695e-15
7181.403031 5.257457839277085e-15
7183.094388 5.017340577836799e-15
7184.785745 5.44696327448642e-15
7186.477102 5.41960172170079e-15
7188.168459 5.369400480551246e-15
7189.859816 5.238007415076648e-15
7191.551174 5.5247390362663695e-15
7193.242531 5.490785279003173e-15
7194.933888 5.096354662665229e-15
7196.625245 5.186958688744985e-15
7198.316602 4.901100087760976e-15
7200.007959 4.900510179230287e-15
7201.699316 4.884932917992339e-15
7203.390674 4.63620651242647e-15
7205.082031 4.6027970233999395e-15
7206.773388 4.4730132648417244e-15
7208.464745 4.534273469967959e-15
7210.156102 4.7605881299891996e-15
7211.847459 4.6081936056332366e-15
7213.538817 5.1671260963963034e-15
7215.230174 5.071422482532935e-15
7216.921531 4.813422861029826e-15
7218.612888 4.68754982567062e-15
7220.304245 4.5916293150672955e-15
7221.995602 4.510706939348819e-15
7223.68696 4.3547732607174735e-15
7225.378317 4.6165030137330415e-15
7227.069674 4.67975051950147e-15
7228.761031 5.307610512110624e-15
7230.452388 5.090327784286994e-15
7232.143745 5.145527602580182e-15
7233.835103 5.125205859942702e-15
7235.52646 4.889917427442332e-15
7237.217817 5.0590954569572354e-15
7238.909174 4.707787609671488e-15
7240.600531 4.5323500800213375e-15
7242.291888 4.710336156923258e-15
7243.983246 4.350818763776711e-15
7245.674603 4.435168116491719e-15
7247.36596 4.707637791188825e-15
7249.057317 4.817171737276364e-15
7250.748674 5.066726146244969e-15
7252.440031 4.7486844332705066e-15
7254.131389 4.859207171867864e-15
7255.822746 5.085357637395026e-15
7257.514103 5.154307373862309e-15
7259.20546 5.17835076076673e-15
7260.896817 4.886960620759564e-15
7262.588174 4.932919704877966e-15
7264.279532 5.064836599410626e-15
7265.970889 5.0606219239557196e-15
7267.662246 4.851052645678192e-15
7269.353603 4.8534191837486166e-15
7271.04496 4.894578342312107e-15
7272.736317 4.881046109899004e-15
7274.427675 4.840515462468744e-15
7276.119032 4.974963068222017e-15
7277.810389 4.876341570925995e-15
7279.501746 4.809475462883763e-15
7281.193103 4.7086821292653885e-15
7282.88446 4.538851009947646e-15
7284.575818 4.831227034099813e-15
7286.267175 4.936016127737982e-15
7287.958532 4.7651428641913255e-15
7289.649889 4.900275061528522e-15
7291.341246 4.954608343843895e-15
7293.032603 4.807344967822797e-15
7294.723961 4.825470564233138e-15
7296.415318 4.990653266977188e-15
7298.106675 4.934582718521756e-15
7299.798032 4.367217019968744e-15
7301.489389 4.333648605881572e-15
7303.180746 4.538362311727895e-15
7304.872104 4.886104217198861e-15
7306.563461 4.987929289416305e-15
7308.254818 4.987278320111524e-15
7309.946175 5.1587172635571285e-15
7311.637532 4.607674334348704e-15
7313.328889 4.9278214020027745e-15
7315.020247 4.513844372317388e-15
7316.711604 4.645144339320318e-15
7318.402961 4.753116856232593e-15
7320.094318 4.6453307974746045e-15
7321.785675 4.437989493150026e-15
7323.477032 4.5447458842094015e-15
7325.16839 4.825645019061879e-15
7326.859747 4.651482041583167e-15
7328.551104 4.5607788850964344e-15
7330.242461 4.626223737751591e-15
7331.933818 4.6580996922091e-15
7333.625175 5.073991237072388e-15
7335.316533 3.5089982450364043e-15
