2986.743 0.008585223155201927
2995.034993 0.010048169125623918
3003.326986 0.011507205258470862
3011.618979 0.01296241265105622
3019.910972 0.014413863535230094
3028.202965 0.015861218995866296
3036.494958 0.017305374048329537
3044.786951 0.018745981455548223
3053.078944 0.020183113729560557
3061.370937 0.021616828615843808
3069.66293 0.023046794604140546
3077.954923 0.024473868694657175
3086.246916 0.02589770550507814
3094.538909 0.027318364401307173
3102.830902 0.028735902926333802
3111.122895 0.030149970075061303
3119.414888 0.03156141208392574
3127.706881 0.03296988978391444
3135.998874 0.03437544153412671
3144.290867 0.03577811977099167
3152.58286 0.03717755852920612
3160.874853 0.03857461662803048
3169.166846 0.039968927920898116
3177.458839 0.04136052981833888
3185.750832 0.04274946772513184
3194.042825 0.044135374247834105
3202.334818 0.04551909095485434
3210.626811 0.04690025070075584
3218.918804 0.0482788847556594
3227.210797 0.04965503252752134
3235.50279 0.051028326049408296
3243.794783 0.05239959397327587
3252.086776 0.05376845972084627
3260.378769 0.0551349585524597
3268.670762 0.056499118619712844
3276.962755 0.057860575174026395
3285.254748 0.05922014500676966
3293.546741 0.06057744897726186
3301.838734 0.061932517838955085
3310.130727 0.0632853754079899
3318.42272 0.06463566072320681
3326.714713 0.06598415830527715
3335.006706 0.06733051751069563
3343.298699 0.06867475913556365
3351.590692 3.8080597099354323
3359.882685 0.5762041837507761
3368.174678 1.6571613498606397
3376.466671 3.6991965330648564
3384.758664 5.486030781787551
3393.050657 5.696353270024153
3401.34265 1.6313574687021057
3409.634643 3.9890732489639404
3417.926636 2.3715871360594254
3426.218629 0.7711199019646524
3434.510622 2.1897140158465507
3442.802615 4.141204388187694
3451.094608 3.0510375325895414
3459.386601 4.430882115276181
3467.678594 5.377221292503356
3475.970587 4.632181216818471
3484.26258 6.628228458277095
3492.554573 0.6390568138046103
3500.846566 0.6170759716631932
3509.138559 0.6160365549175058
3517.430552 3.519849419499895
3525.722545 1.5371815092145664
3534.014538 1.042776454993263
3542.306531 4.762059547212688
3550.598524 4.187445662675856
3558.890517 1.7823221052506364
3567.18251 0.390771327413423
3575.474503 3.5312995640231897
3583.766496 4.109855085083968
3592.058489 1.998966578522534
3600.350482 2.548285621333147
3608.642475 4.7961829945717795
3616.934468 4.615563374599547
3625.226461 5.7593309631755965
3633.518454 6.286751546095739
3641.810447 3.6562263609574206
3650.10244 3.2194201506224887
3658.394433 4.897014787593289
3666.686426 4.169418816041723
3674.978419 4.404933221819268
3683.270412 4.699088464432165
3691.562405 4.145602225555993
3699.854398 2.829631191375128
3708.146391 2.4420599202078317
3716.438384 2.9801885627475824
3724.730377 2.276680977653417
3733.02237 2.81001958376988
3741.314363 2.9474554134526896
3749.606356 2.10964472264712
3757.898349 3.9330607392519448
3766.190342 5.360053327032091
3774.482335 2.5150765481453936
3782.774328 3.090969265096112
3791.066321 3.3414644000690914
3799.358314 3.4881050301919037
3807.650307 1.9730557869380743
3815.9423 1.1742334180226155
3824.234293 4.548567179480706
3832.526286 3.7904965716421986
3840.818279 2.834721768243586
3849.110272 3.5129339744146817
3857.402265 3.07923034804033
3865.694258 2.095797921445878
3873.986251 4.2906706047978425
3882.278244 3.3708224966713263
3890.570237 2.318124632614183
3898.86223 3.1759169411596986
3907.154223 3.9928350056313153
3915.446216 5.425901178016364
3923.738209 5.032181880858517
3932.030202 5.232053144051906
3940.322195 7.348897677439745
3948.614188 6.760004217147971
3956.906181 6.141857420436162
3965.198174 7.325282596247952
3973.490167 7.793007927484713
3981.78216 7.32072031269193
3990.074153 7.130211618646825
3998.366146 6.929165045602648
4006.658139 6.847642226083413
4014.950132 7.221058544917748
4023.242125 7.870725434921739
4031.534118 7.340912341730014
4039.826111 5.2263883655812755
4048.118104 6.803168497568441
4056.410097 6.533234578689734
4064.70209 5.86513433024449
4072.994083 6.616192584683613
4081.286076 5.8060891127420415
4089.578069 5.173788452109589
4097.870062 5.743672637266135
4106.162055 5.876967251768551
4114.454048 4.649442151835182
4122.746041 4.872987789030646
4131.038034 5.73591557678528
4139.330027 6.530815459575469
4147.62202 6.18554106757105
4155.914013 6.923215846988112
4164.206006 3.6239397945830736
4172.497999 2.805584355367771
4180.789992 3.57799807700204
4189.081985 3.667431193907405
4197.373978 3.832618890674748
4205.665971 4.514459078817984
4213.957964 5.262732664477937
4222.249957 4.420884222982136
4230.54195 4.624675280594609
4238.833943 4.508896203912951
4247.125936 6.119828057669971
4255.417929 5.592348050281034
4263.709922 5.591349108102825
4272.001915 7.413999718431228
4280.293908 6.064881600362056
4288.585901 5.719002273144637
4296.877894 7.197968358027574
4305.169887 6.002187370325409
4313.46188 5.243279113393366
4321.753873 4.865098137105886
4330.045866 4.329869227618076
4338.337859 5.434410752294123
4346.629852 5.390967752934907
4354.921845 4.939863445527768
4363.213838 4.47022560405766
4371.505831 6.352506017850375
4379.797824 6.042255665007141
4388.089817 5.2539919056595386
4396.38181 5.454212789335689
4404.673803 4.2919949440211
4412.965796 4.171096382967049
4421.257789 3.6808880890004723
4429.549782 4.253424345069163
4437.841775 6.434532655098094
4446.133768 5.856863209487808
4454.425761 5.654656933201348
4462.717754 4.7854958212735745
4471.009747 3.8276534950187835
4479.30174 5.817322242839911
4487.593733 6.601741906295542
4495.885726 6.703754587238939
4504.177719 6.277591057693434
4512.469712 6.501311361753825
4520.761705 7.231828824869624
4529.053698 7.231547928308226
4537.345691 7.503216182781118
4545.637684 8.312598940658768
4553.929677 6.4824735652499275
4562.22167 6.913932662084058
4570.513663 7.763161922121521
4578.805656 7.596144653292114
4587.097649 9.10439275611092
4595.389642 9.069047264003734
4603.681635 9.522852423835415
4611.973628 8.008226977224373
4620.265621 8.043281798752938
4628.557614 8.825699497948241
4636.849607 8.735317350559363
4645.1416 9.139550108578009
4653.433593 9.718250654726784
4661.725586 9.359305272250644
4670.017579 9.433934227764837
4678.309572 8.631063877201587
4686.601565 7.531736749074229
4694.893558 7.578643199303734
4703.185551 7.940404773728545
4711.477544 8.488667129283966
4719.769537 7.918479679334815
4728.06153 8.100738457046948
4736.353523 6.065982693661715
4744.645516 6.613916460433825
4752.937509 6.334963772191144
4761.229502 5.981131627065504
4769.521495 6.060511854781419
4777.813488 4.851370844657855
4786.105481 5.339571216533755
4794.397474 5.293831455622126
4802.689467 6.438548682463465
4810.98146 5.397281910438559
4819.273453 5.9663240370315265
4827.565446 5.377488764389395
4835.857439 5.475266963976785
4844.149432 5.223647511768347
4852.441425 4.153966339255941
4860.733418 3.9685793057279666
4869.025411 4.537490082395186
4877.317404 4.868667549871814
4885.609397 5.354688549904922
4893.90139 5.037687589014623
4902.193383 5.563545478275708
4910.485376 6.117205148414494
4918.777369 5.779289563265923
4927.069362 6.015899474561362
4935.361355 6.9493021390850584
4943.653348 6.75025139312142
4951.945341 7.773636420742516
4960.237334 8.324008926723945
4968.529327 8.121793019197384
4976.82132 8.728139320223661
4985.113313 8.364459969545477
4993.405306 8.69108130681914
5001.697299 9.701468288876203
5009.989292 8.614511608990654
5018.281285 7.481930840376417
5026.573278 7.401928933065293
5034.865271 7.42929234536508
5043.157264 7.7774388227717175
5051.449257 8.604803575520899
5059.74125 7.5699738958937814
5068.033243 6.21968770096385
5076.325236 5.297471523473699
5084.617229 5.747957605888641
5092.909222 5.814683922451065
5101.201215 5.471750919421676
5109.493208 5.654375182358371
5117.785201 5.909868250281828
5126.077194 6.3920344718081665
5134.369187 6.628377143236524
5142.66118 7.084186070711371
5150.953173 6.549092508741365
5159.245166 6.114734307734114
5167.537159 6.576922357604388
5175.829152 6.91608920912863
5184.121145 7.202355268768525
5192.413138 7.368305838595202
5200.705131 7.1535449052091815
5208.997124 6.592355829484549
5217.289117 6.34758275307244
5225.58111 6.7309855606154505
5233.873103 6.90525984905268
5242.165096 7.138876278630145
5250.457089 7.417997722905959
5258.749082 7.351747856344851
5267.041075 7.460638613346295
5275.333068 7.456960582827629
5283.625061 7.611815142773849
5291.917054 7.557411995014781
5300.209047 7.9721882042853105
5308.50104 8.315675055875051
5316.793033 8.111961098079627
5325.085026 8.335380154188044
5333.377019 8.235394698068292
5341.669012 8.850153264852187
5349.961005 8.61929103826766
5358.252998 8.56258552225277
5366.544991 9.384060654338123
5374.836984 8.983882291942548
5383.128977 8.747332749917327
5391.42097 8.683134082145745
5399.712963 8.180252269791064
5408.004956 8.4449306424182
5416.296949 8.447341091294614
5424.588942 8.821007343275404
5432.880935 8.644070379776343
5441.172928 8.334159803219565
5449.464921 8.634823419614836
5457.756914 9.161701216174276
5466.048907 9.450938138692754
5474.3409 9.263149090448236
5482.632893 9.740734216526704
5490.924886 9.966170387181652
5499.216879 9.781979283544535
5507.508872 9.977144627366291
5515.800865 9.794672889938747
5524.092858 9.473915530150586
5532.384851 9.62257185014167
5540.676844 9.240233607808904
5548.968837 9.493931021393612
5557.26083 9.810491073678438
5565.552823 9.40339741699021
5573.844816 9.14141654898629
5582.136809 8.350450476514302
5590.428802 8.227433078682493
5598.720795 8.76550901525197
5607.012788 8.42434906983858
5615.304781 8.554781394536702
5623.596774 7.919573456141435
5631.888767 7.673058863480959
5640.18076 8.028452928767795
5648.472753 7.750107472614369
5656.764746 7.588078422196065
5665.056739 7.398872840530847
5673.348732 7.1733152067014165
5681.640725 6.746292112174259
5689.932718 6.251713933504401
5698.224711 5.52191332163702
5706.516704 4.748333489391103
5714.808697 4.311250960588016
5723.10069 3.969814903167693
5731.392683 3.944742126867363
5739.684676 3.9352230281193443
5747.976669 4.203673912917278
5756.268662 4.243570644921885
5764.560655 4.486605803063273
5772.852648 4.690384795736115
5781.144641 5.217675976559807
5789.436634 5.891960244801281
5797.728627 6.059774339391691
5806.02062 6.067261192520486
5814.312613 5.84184365237589
5822.604606 6.035052037403238
5830.896599 6.789022043586779
5839.188592 7.22084096219343
5847.480585 7.000148517506257
5855.772578 7.166189294575269
5864.064571 7.7857644922149225
5872.356564 7.648968887785466
5880.648557 8.0748151040151
5888.94055 8.38678686962832
5897.232543 7.730513592048983
5905.524536 7.751053034326439
5913.816529 8.181687077435138
5922.108522 8.546972447765718
5930.400515 8.632732117429141
5938.692508 8.333514293069973
5946.984501 8.54149478538637
5955.276494 8.411374846816711
5963.568487 8.547287058867594
5971.86048 8.614440535832978
5980.152473 8.603192381043634
5988.444466 8.180985152114236
5996.736459 7.871352973617984
6005.028452 7.953161165172649
6013.320445 7.745623861584966
6021.612438 7.320202627063239
6029.904431 7.3452940400455295
6038.196424 7.270462624544392
6046.488417 6.706261440108701
6054.78041 6.8035876555322075
6063.072403 6.591145468574942
6071.364396 6.498955790199408
6079.656389 6.563041290492038
6087.948382 6.19611823955474
6096.240375 6.172427650882888
6104.532368 6.220126133811298
6112.824361 5.844248734679028
6121.116354 5.785990138587288
6129.408347 5.834845823710213
6137.70034 5.873979516181566
6145.992333 5.749338161080547
6154.284326 5.941900191616293
6162.576319 6.146429132312933
6170.868312 6.270635602059656
6179.160305 6.304235437934612
6187.452298 6.433026837328657
6195.744291 6.689436608601784
6204.036284 6.412933256488702
6212.328277 6.977173267491565
6220.62027 6.979823466251793
6228.912263 7.07450556760079
6237.204256 7.261592159759442
6245.496249 7.733339957805015
6253.788242 7.633760808511516
6262.080235 8.297749888276458
6270.372228 8.776667590274917
6278.664221 8.766621656190612
6286.956214 8.418254803673042
6295.248207 7.351071939358503
6303.5402 8.456694152732126
6311.832193 8.501345658483897
6320.124186 8.13333972337727
6328.416179 8.723741745997907
6336.708172 8.630729287596136
6345.000165 8.474682909068138
6353.292158 8.310086059907242
6361.584151 8.709689789496322
6369.876144 9.216418384589403
6378.168137 8.609003047289477
6386.46013 8.702125149496661
6394.752123 8.55858781735359
6403.044116 8.486718505261608
6411.336109 8.070098604420222
6419.628102 8.453734280844175
6427.920095 8.578262798030146
6436.212088 8.120426852462819
6444.504081 8.429146927220728
6452.796074 8.88906174033033
6461.088067 8.589730914914904
6469.38006 8.29278413982089
6477.672053 8.143871290736
6485.964046 8.034312968178371
6494.256039 7.78309885956056
6502.548032 7.4060655705578675
6510.840025 7.406104581023003
6519.132018 7.017655017519882
6527.424011 7.494388045839563
6535.716004 7.2531636367308305
6544.007997 6.747348924154438
6552.29999 6.807887305637451
6560.591983 6.790713378607691
6568.883976 6.803776811534884
6577.175969 7.231765868382303
6585.467962 6.8478364508045395
6593.759955 6.651361719790928
6602.051948 6.699709091907202
6610.343941 6.2578744744728025
6618.635934 7.9875172734248565
6626.927927 8.66176581720152
6635.21992 7.249666109078608
6643.511913 6.707725886901384
6651.803906 6.617400697414394
6660.095899 6.500031006434517
6668.387892 6.692451942475156
6676.679885 6.219069928811694
6684.971878 6.6081931023231055
6693.263871 6.5353655581095245
6701.555864 6.0794283899807535
6709.847857 6.195255978652209
6718.13985 5.839372824572887
6726.431843 5.560145414310656
6734.723836 5.557767486892351
6743.015829 5.601636356363857
6751.307822 5.730347217635352
6759.599815 5.773267077090608
6767.891808 5.307280929596655
6776.183801 6.2809735224696075
6784.475794 6.407798587271155
6792.767787 5.888924272426081
6801.05978 5.700287548858468
6809.351773 5.163556526179607
6817.643766 4.992870551117529
6825.935759 5.755952088184971
6834.227752 5.695588111832314
6842.519745 4.48242215762301
6850.811738 4.865337597702559
6859.103731 4.202833664796439
6867.395724 3.6703311863203076
6875.687717 3.8934517708889027
6883.97971 3.9227265409135943
6892.271703 3.9824370602775554
6900.563696 3.895227639633753
6908.855689 3.6972340091214284
6917.147682 3.9311130865739594
6925.439675 4.008347536339088
6933.731668 4.704742959931454
6942.023661 4.580207223029327
6950.315654 5.298949033213266
6958.607647 5.579722736032141
6966.89964 5.4808913045788685
6975.191633 5.36522150169783
6983.483626 4.897496508507515
6991.775619 5.3731709033519115
7000.067612 5.8978820048444875
7008.359605 6.1754048591155355
7016.651598 6.087080010171673
7024.943591 5.965233285654624
7033.235584 6.284033485450415
7041.527577 6.407326765132996
7049.81957 6.870003772115325
7058.111563 6.495994376737278
7066.403556 6.4324298850172
7074.695549 7.095092968348426
7082.987542 6.937781687299883
7091.279535 6.967648262697005
7099.571528 6.968954799983466
7107.863521 6.93038633102188
7116.155514 6.715549370540427
7124.447507 7.112681131935827
7132.7395 7.206073855620512
7141.031493 6.903425024554262
7149.323486 6.788685720039478
7157.615479 7.153702432966025
7165.907472 6.5209968741010504
7174.199465 6.825977338221423
7182.491458 7.041531043348693
7190.783451 6.744572501387235
7199.075444 6.378577157453925
7207.367437 6.772637262020215
7215.65943 7.331314054031683
7223.951423 7.153247363073512
7232.243416 7.210669295295173
7240.535409 7.857092061519832
7248.827402 7.473989915633975
7257.119395 8.064703006951
7265.411388 8.350972618799604
7273.703381 8.974799574890291
7281.995374 9.81713896142296
7290.287367 9.600057782913478
7298.57936 9.021973731835965
7306.871353 8.51527393968232
7315.163346 8.964979128707446
7323.455339 9.307636149387134
7331.747332 8.993389923467113
7340.039325 9.13203068374621
7348.331318 8.82261161486551
7356.623311 8.900137116976861
7364.915304 8.76836737563331
7373.207297 8.676279716874534
7381.49929 8.092581126300468
7389.791283 7.910446557314666
7398.083276 8.286713088619925
7406.375269 7.40568804799249
7414.667262 6.412907048549098
7422.959255 6.335659318662976
7431.251248 6.451791726097582
7439.543241 6.552444949033238
7447.835234 6.475902104604594
7456.127227 5.682395013197096
7464.41922 5.628379664208343
7472.711213 5.293626750018945
7481.003206 4.815192571246906
7489.295199 4.407927106919808
7497.587192 4.683390983830645
7505.879185 4.73118933199101
7514.171178 4.640574333118873
7522.463171 3.747548021533973
7530.755164 3.401106364260684
7539.047157 4.209767876415044
7547.33915 4.67701070471201
7555.631143 4.052243550713464
7563.923136 4.155004220098485
7572.215129 4.454516725559697
7580.507122 3.9325133227479747
7588.799115 3.3169435905420253
7597.091108 2.1678562135214468
7605.383101 1.8266126590224574
7613.675094 2.2999813823807345
7621.967087 2.604034849339586
7630.25908 2.6655515836214922
7638.551073 2.767310138293985
7646.843066 2.5198588121754537
7655.135059 3.370997530990592
7663.427052 3.818277865044803
7671.719045 3.5521832016579804
7680.011038 3.6403701091640976
7688.303031 3.8788907729349424
7696.595024 4.689352640069923
7704.887017 4.953005830479929
7713.17901 5.371741146919114
7721.471003 5.071903252996518
7729.762996 5.464605510319218
7738.054989 3.299162575942741
