3700.0 2.321526850905212e-15
3701.47 2.3999983101105627e-15
3702.94 2.2755317811380046e-15
3704.41 1.2436340537079885e-15
3705.88 1.6205159754767056e-15
3707.35 1.2379820695828023e-15
3708.82 1.4619519859203037e-15
3710.29 1.50897881602888e-15
3711.76 1.5991235682636016e-15
3713.23 1.7534647310677195e-15
3714.7 1.7060906588735975e-15
3716.17 1.90063616838047e-15
3717.64 1.9213110367650012e-15
3719.11 1.819523666046494e-15
3720.58 1.801769259612609e-15
3722.05 1.6872704287353949e-15
3723.52 1.6985798266091375e-15
3724.99 1.7357364926449243e-15
3726.46 1.5225515983470407e-15
3727.93 1.3278732440746766e-15
3729.4 1.2727740103611851e-15
3730.87 1.2302724942794413e-15
3732.34 1.353112370840637e-15
3733.81 1.5524961229678128e-15
3735.28 1.7132694558040276e-15
3736.75 1.7715736292520903e-15
3738.22 1.7243658726698441e-15
3739.69 1.482383818537499e-15
3741.16 1.4168055020637793e-15
3742.63 1.6298247435957969e-15
3744.1 1.7550713655560013e-15
3745.57 1.8727219343272056e-15
3747.04 1.930730806952437e-15
3748.51 2.0508488967571273e-15
3749.98 1.7637577915118648e-15
3751.45 1.8741759258503502e-15
3752.92 1.831725522761399e-15
3754.39 1.6473660626279541e-15
3755.86 1.6612952847494823e-15
3757.33 1.806164902857969e-15
3758.8 2.1202564678550554e-15
3760.27 2.1812838244515164e-15
3761.74 2.0095303752139723e-15
3763.21 1.6865735999354355e-15
3764.68 1.8757345110518346e-15
3766.15 2.029329693022974e-15
3767.62 1.9653472140541136e-15
3769.09 2.314595759081459e-15
3770.56 2.6021960889438145e-15
3772.03 2.8002843021033614e-15
3773.5 2.725290947355742e-15
3774.97 2.1512846072222777e-15
3776.44 1.978995366635784e-15
3777.91 1.3912687490575927e-15
3779.38 1.413967904427809e-15
3780.85 1.7474185793193069e-15
3782.32 1.5121641054735993e-15
3783.79 1.3284864458523424e-15
3785.26 1.4399821875782932e-15
3786.73 1.4298460318608017e-15
3788.2 1.2752549085222997e-15
3789.67 1.4290292988465509e-15
3791.14 1.7535785353744636e-15
3792.61 2.1574707741118986e-15
3794.08 1.8365069438968097e-15
3795.55 1.5360381584627666e-15
3797.02 1.25503192846716e-15
3798.49 1.6977198899857738e-15
3799.96 2.419263703578873e-15
3801.43 2.793056397544683e-15
3802.9 2.8476949416607082e-15
3804.37 2.0102472965554716e-15
3805.84 1.476473162535949e-15
3807.31 1.4526307324112452e-15
3808.78 1.2199515964200474e-15
3810.25 1.3151750994222614e-15
3811.72 1.3605215822377382e-15
3813.19 1.5307665124790519e-15
3814.66 1.6438296069071397e-15
3816.13 1.3998148388367371e-15
3817.6 1.1455317023221807e-15
3819.07 1.2280406712303347e-15
3820.54 1.170840086622145e-15
3822.01 1.0910907277317482e-15
3823.48 9.581639331781059e-16
3824.95 8.041960979805375e-16
3826.42 1.1200825567295239e-15
3827.89 1.3979621691328097e-15
3829.36 1.356494668265938e-15
3830.83 1.2895915001295963e-15
3832.3 1.3213657938897834e-15
3833.77 1.2373231379979911e-15
3835.24 1.3324502475809548e-15
3836.71 1.5059671034344054e-15
3838.18 1.3731648292169435e-15
3839.65 1.3685528838661578e-15
3841.12 1.0955105882800596e-15
3842.59 9.53556141241152e-16
3844.06 1.152422714545701e-15
3845.53 1.2316415374015781e-15
3847.0 1.1275958708508687e-15
3848.47 1.235804355650357e-15
3849.94 1.2054167465366385e-15
3851.41 9.940568957819558e-16
3852.88 1.0801803961123918e-15
3854.35 1.053590171371469e-15
3855.82 6.965888911463945e-16
3857.29 7.837549980804179e-16
3858.76 8.423141415121532e-16
3860.23 7.737677283167941e-16
3861.7 7.657268502387329e-16
3863.17 7.934308392936136e-16
3864.64 9.412003256522007e-16
3866.11 9.813968533938142e-16
3867.58 7.391459122803544e-16
3869.05 6.823812503865593e-16
3870.52 7.182591233192962e-16
3871.99 7.941176703332016e-16
3873.46 8.775505999728766e-16
3874.93 9.48973281317259e-16
3876.4 8.670134530175438e-16
3877.87 9.109839876814427e-16
3879.34 8.88756216246287e-16
3880.81 8.665294353249842e-16
3882.28 8.443036658658507e-16
3883.75 8.220788964855008e-16
3885.22 7.998551265821349e-16
3888.16 8.883016638309556e-16
3889.63 8.7318096520072225e-16
3891.1 8.757657998180415e-16
3892.57 9.02378490363506e-16
3894.04 9.646611888249692e-16
3895.51 9.864097885109436e-16
3896.98 9.08485043875031e-16
3898.45 8.850914626829281e-16
3899.92 9.094496914928124e-16
3901.39 9.927454181961617e-16
3902.86 1.0620026042252116e-15
3904.33 9.907518066113944e-16
3905.8 8.887951254092997e-16
3907.27 9.552760986869867e-16
3908.74 9.693283633397495e-16
3910.21 9.697960097448006e-16
3911.68 9.284601631292997e-16
3913.15 9.125685733721493e-16
3914.62 1.2112240779933819e-15
3916.09 1.2795860359799343e-15
3917.56 1.2821593541692924e-15
3919.03 1.5080966187304248e-15
3920.5 1.5909461469331063e-15
3921.97 1.5272816878568782e-15
3923.44 1.4922617399695348e-15
3924.91 1.3026872542546515e-15
3926.38 1.1182520149136367e-15
3927.85 1.1928734798613884e-15
3929.32 1.085243351585411e-15
3930.79 1.1502680200794776e-15
3932.26 1.2624448038634056e-15
3933.73 1.1845094050439933e-15
3935.2 1.3788248553813723e-15
3936.67 1.497114080536539e-15
3938.14 1.3359562246436372e-15
3939.61 1.242500416808867e-15
3941.08 1.353916153613725e-15
3942.55 1.316759179769027e-15
3944.02 1.3891699820904674e-15
3945.49 1.349325964008422e-15
3946.96 1.2382825230676164e-15
3948.43 1.3904379534461116e-15
3949.9 1.3149734763281993e-15
3951.37 1.2182437278081166e-15
3952.84 1.2687613756926576e-15
3954.31 1.3504632705219341e-15
3955.78 1.2898938496063685e-15
3957.25 1.1637894258352558e-15
3958.72 1.0834085896616623e-15
3960.19 1.1528957275046811e-15
3961.66 1.3642503029939515e-15
3963.13 1.3325037398626459e-15
3964.6 1.2706941652330593e-15
3966.07 1.3882492688688848e-15
3967.54 1.3873486442199365e-15
3969.01 1.2500052083826902e-15
3970.48 1.2791987232675764e-15
3971.95 1.2490064535957891e-15
3973.42 1.2392301615490972e-15
3974.89 1.3326618654618129e-15
3976.36 1.3572918700813013e-15
3977.83 1.3027352974205962e-15
3979.3 1.3029110484283892e-15
3980.77 1.3030549437553716e-15
3982.24 1.2981913051847306e-15
3983.71 1.3962355321036753e-15
3985.18 1.3269548716350407e-15
3986.65 1.2461186294173953e-15
3988.12 1.25091147367412e-15
3989.59 1.155212061171476e-15
3991.06 1.2089078778254384e-15
3992.53 1.2668233929658061e-15
3994.0 1.1851510656935534e-15
3995.47 1.109444851019032e-15
3996.94 1.1853954450406097e-15
3998.41 1.2840131929686561e-15
3999.88 1.184873902598083e-15
4001.35 1.2024647394851377e-15
4002.82 1.2982485851373074e-15
4004.29 1.2370384458663929e-15
4005.76 1.1264872277905461e-15
4007.23 1.2574058473841199e-15
4008.7 1.3450114766053314e-15
4010.17 1.3593436796708518e-15
4011.64 1.3424968932235683e-15
4013.11 1.1864397010234623e-15
4014.58 1.296781646619341e-15
4016.05 1.3915095483683936e-15
4017.52 1.2365061215505435e-15
4018.99 1.234362498424086e-15
4020.46 1.2190772195183468e-15
4021.93 1.210640565739234e-15
4023.4 1.2469799244540134e-15
4024.87 1.2929824051333048e-15
4026.34 1.201299353809808e-15
4027.81 1.0652865813074224e-15
4029.28 1.2255068118596832e-15
4030.75 1.306782308182744e-15
4032.22 1.289749708351725e-15
4033.69 1.2017119278584732e-15
4035.16 1.2705475706810999e-15
4036.63 1.2935026524669265e-15
4038.1 1.281836746846911e-15
4039.57 1.278820304781971e-15
4041.04 1.3562985001416704e-15
4042.51 1.3678553067236924e-15
4043.98 1.3431190437110545e-15
4045.45 1.4231776846761099e-15
4046.92 1.3847985020409737e-15
4048.39 1.445228639148289e-15
4049.86 1.5765180057940339e-15
4051.33 1.6209557115224818e-15
4052.8 1.584160545037273e-15
4054.27 1.5149180589238166e-15
4055.74 1.5678536409078743e-15
4057.21 1.5044811073965168e-15
4058.68 1.5013353350309988e-15
4060.15 1.5340544303896659e-15
4061.62 1.5641230038125311e-15
4063.09 1.6763493878310315e-15
4064.56 1.6152573033362117e-15
4066.03 1.6406548115810509e-15
4067.5 1.5898113068221394e-15
4068.97 1.5834320945568943e-15
4070.44 1.6907781443116526e-15
4071.91 1.640454681605698e-15
4073.38 1.6138233401388459e-15
4074.85 1.6216900040875306e-15
4076.32 1.5374716402793723e-15
4077.79 1.478051467862522e-15
4079.26 1.5646545791614464e-15
4080.73 1.6597853993586876e-15
4082.2 1.5437879884949052e-15
4083.67 1.6088396642646595e-15
4085.14 1.7257756072336007e-15
4086.61 1.5873874839332396e-15
4088.08 1.4993380390227267e-15
4089.55 1.5210531000448528e-15
4091.02 1.558546892045115e-15
4092.49 1.6018996345777428e-15
4093.96 1.6238296446087966e-15
4095.43 1.5536897671388475e-15
4096.9 1.566937804058613e-15
4098.37 1.6642000920349902e-15
4099.84 1.6702957814635688e-15
4101.31 1.62475275761678e-15
4102.78 1.521093100388994e-15
4104.25 1.458382551113589e-15
4105.72 1.5755507058699736e-15
4107.19 1.6337136365420192e-15
4108.66 1.5594093720498414e-15
4110.13 1.584162558928684e-15
4111.6 1.7363284501970973e-15
4113.07 1.686468612926744e-15
4114.54 1.6367018921674778e-15
4116.01 1.7051172790522583e-15
4117.48 1.7314084310057152e-15
4118.95 1.7299315504280351e-15
4120.42 1.6700729223775617e-15
4121.89 1.7378718551597406e-15
4123.36 1.8169250473734886e-15
4124.83 1.6621551236538827e-15
4126.3 1.547630024099578e-15
4127.77 1.7424864309635047e-15
4129.24 1.878699884246355e-15
4130.71 1.828628768142112e-15
4132.18 1.706153363216397e-15
4133.65 1.5602316254204396e-15
4135.12 1.6171911659578138e-15
4136.59 1.872299808911992e-15
4138.06 1.9469416885619584e-15
4139.53 1.7102174158480902e-15
4141.0 1.5656268670631428e-15
4142.47 1.6910308388017623e-15
4143.94 1.6563485930017388e-15
4145.41 1.6395702700048153e-15
4146.88 1.7269590547617148e-15
4148.35 1.7145866573960636e-15
4149.82 1.8056488799686557e-15
4151.29 1.7386842808486046e-15
4152.76 1.69440843887041e-15
4154.23 1.818474888266474e-15
4155.7 1.748552484310735e-15
4157.17 1.658454398656738e-15
4158.64 1.703537690068167e-15
4160.11 1.6859648795478024e-15
4161.58 1.6494947635153039e-15
4163.05 1.6855612869578438e-15
4164.52 1.6247625561633225e-15
4165.99 1.5940122433155925e-15
4167.46 1.6431247531060097e-15
4168.93 1.6687883094817205e-15
4170.4 1.717205019316266e-15
4171.87 1.7428276967244896e-15
4173.34 1.6956686504561884e-15
4174.81 1.6644760548703634e-15
4176.28 1.6352507377837645e-15
4177.75 1.5853563239675825e-15
4179.22 1.631216858632021e-15
4180.69 1.6642669035849205e-15
4182.16 1.6004766091752567e-15
4183.63 1.6196857920086563e-15
4185.1 1.7547860165016472e-15
4186.57 1.7064904901065652e-15
4188.04 1.5576851211867856e-15
4189.51 1.5328657568339093e-15
4190.98 1.6106341047078767e-15
4192.45 1.6364668303160705e-15
4193.92 1.6363320497783093e-15
4195.39 1.6376010561687519e-15
4196.86 1.5315184853141153e-15
4198.33 1.508257186510665e-15
4199.8 1.5757155580307223e-15
4201.27 1.5616512205569327e-15
4202.74 1.4811616897997036e-15
4204.21 1.4796019544610335e-15
4205.68 1.5381815026602628e-15
4207.15 1.520318596128039e-15
4208.62 1.460981963367541e-15
4210.09 1.4969732806723899e-15
4211.56 1.5220529127312246e-15
4213.03 1.4533005257195877e-15
4214.5 1.449119823942882e-15
4215.97 1.4665520608045576e-15
4217.44 1.4420075227173878e-15
4218.91 1.4737211134864307e-15
4220.38 1.4206581393585646e-15
4221.85 1.384155059418912e-15
4223.32 1.464768851168244e-15
4224.79 1.3581880495335945e-15
4226.26 1.2707884098938643e-15
4227.73 1.2736719643739555e-15
4229.2 1.2098433991051842e-15
4230.67 1.215506160025159e-15
4232.14 1.2532444870144206e-15
4233.61 1.2995929728248738e-15
4235.08 1.3486932065226631e-15
4236.55 1.353406414227127e-15
4238.02 1.3434458043167488e-15
4239.49 1.3644256153257648e-15
4240.96 1.3358207908063986e-15
4242.43 1.2016735695086617e-15
4243.9 1.1944571239665335e-15
4245.37 1.2402224765903249e-15
4246.84 1.2987687042739265e-15
4248.31 1.390775464786304e-15
4249.78 1.3345597468270999e-15
4251.25 1.3189458198290594e-15
4252.72 1.3383289827795843e-15
4254.19 1.2763569355679921e-15
4255.66 1.2812483633260125e-15
4257.13 1.2862116056977214e-15
4258.6 1.4023152831800943e-15
4260.07 1.6268567598365801e-15
4261.54 1.497275824626337e-15
4263.01 1.3399956436569387e-15
4264.48 1.4820519980258073e-15
4265.95 1.5474267968342595e-15
4267.42 1.538323016112237e-15
4268.89 1.527597214037378e-15
4270.36 1.4506214119234e-15
4271.83 1.5581908412530036e-15
4273.3 1.5420354673929428e-15
4274.77 1.5611447863843039e-15
4276.24 1.6803535929733512e-15
4277.71 1.6169928332393602e-15
4279.18 1.5598553397982767e-15
4280.65 1.5724438848953839e-15
4282.12 1.6545093623747427e-15
4283.59 1.7525295896972791e-15
4285.06 1.795489304369823e-15
4286.53 1.747294021063983e-15
4288.0 1.7962911041821406e-15
4289.47 1.8188044276810585e-15
4290.94 1.832502962121105e-15
4292.41 1.9040360249606694e-15
4293.88 1.9002504112622934e-15
4295.35 1.863151811510437e-15
4296.82 1.813646356957959e-15
4298.29 1.7358102059504508e-15
4299.76 1.8305745957482464e-15
4301.23 1.9360208501301933e-15
4302.7 2.0099154581060737e-15
4304.17 1.9932325269810516e-15
4305.64 1.919937255713827e-15
4307.11 2.0224519605276837e-15
4308.58 2.1166080382646108e-15
4310.05 2.1024664986405014e-15
4311.52 2.0722789080646525e-15
4312.99 2.0308727906270534e-15
4314.46 1.968704276936234e-15
4315.93 1.9152192225367772e-15
4317.4 1.9287713946482123e-15
4318.87 1.908826843966459e-15
4320.34 2.010175741544191e-15
4321.81 2.1810861613023786e-15
4323.28 2.1576796317709462e-15
4324.75 2.048328221720218e-15
4326.22 2.0448817656385674e-15
4327.69 2.0381376421501517e-15
4329.16 2.115277983145924e-15
4330.63 2.163445044158677e-15
4332.1 2.0836418170296564e-15
4333.57 2.041133676495788e-15
4335.04 2.116278303330454e-15
4336.51 2.2042036149988285e-15
4337.98 2.113461099009685e-15
4339.45 2.1271785770508654e-15
4340.92 2.1914293968253175e-15
4342.39 2.2055719116271322e-15
4343.86 2.196017960428909e-15
4345.33 2.1012335444440288e-15
4346.8 2.0948139472183545e-15
4348.27 2.093288064018892e-15
4349.74 2.127610535981664e-15
4351.21 2.130983529737818e-15
4352.68 2.1273676888574795e-15
4354.15 2.193340505417526e-15
4355.62 2.2194353230260457e-15
4357.09 2.276822113294943e-15
4358.56 2.3766394095592137e-15
4360.03 2.3099758828773e-15
4361.5 2.1790997176778585e-15
4362.97 2.060297584549554e-15
4364.44 2.0668600299118695e-15
4365.91 2.122827282323375e-15
4367.38 2.129620585441869e-15
4368.85 2.2621213528717246e-15
4370.32 2.302765389515938e-15
4371.79 2.2926919563331527e-15
4373.26 2.259294340585479e-15
4374.73 2.1324632181147437e-15
4376.2 2.1676667843272178e-15
4377.67 2.2177418696528934e-15
4379.14 2.2302115359495204e-15
4380.61 2.2199297021854344e-15
4382.08 2.181328874869282e-15
4383.55 2.1487755294131563e-15
4385.02 2.08116186939232e-15
4386.49 2.1334201671063788e-15
4387.96 2.1860309030821e-15
4389.43 2.1269296759779616e-15
4390.9 2.053233342331485e-15
4392.37 2.0983342469877527e-15
4393.84 2.151026967246546e-15
4395.31 2.159759796199885e-15
4396.78 2.1955342671353112e-15
4398.25 2.2072315728762656e-15
4399.72 2.1735718523785347e-15
4401.19 2.0961282443989767e-15
4402.66 2.0605800349156057e-15
4404.13 2.045750089186592e-15
4405.6 2.08966230976486e-15
4407.07 2.1142212291297946e-15
4408.54 2.0610213545293903e-15
4410.01 2.1045095679194267e-15
4411.48 2.154489682535249e-15
4412.95 2.1237505477648377e-15
4414.42 2.0915714497408433e-15
4415.89 2.045897290069756e-15
4417.36 2.0561524287393976e-15
4418.83 2.023565750095755e-15
4420.3 2.0560725639106377e-15
4421.77 2.069008968634883e-15
4423.24 1.9628250154175347e-15
4424.71 1.9959766572986625e-15
4426.18 2.056036661791145e-15
4427.65 2.0378858199463855e-15
4429.12 1.9625882001555434e-15
4430.59 2.0242198121192472e-15
4432.06 2.121935228547738e-15
4433.53 2.0748164346104955e-15
4435.0 2.1133763101204645e-15
4436.47 2.1101784176090275e-15
4437.94 2.020426140900376e-15
4439.41 2.0216497499663753e-15
4440.88 2.016694241380616e-15
4442.35 1.9258739810803848e-15
4443.82 1.9108174432920986e-15
4445.29 1.9473167185398607e-15
4446.76 2.010512657098107e-15
4448.23 2.0314622787163407e-15
4449.7 1.9724660259757004e-15
4451.17 1.853263191563708e-15
4452.64 1.749063824282847e-15
4454.11 1.7906267644011965e-15
4455.58 1.7976583944184596e-15
4457.05 1.8622961847738503e-15
4458.52 1.8590494107346356e-15
4459.99 1.7304301529264106e-15
4461.46 1.7483202886082771e-15
4462.93 1.8434476756018563e-15
4464.4 1.8571946167875904e-15
4465.87 1.8864420448626624e-15
4467.34 1.8819170030662035e-15
4468.81 1.8450541797873463e-15
4470.28 1.9224373159549507e-15
4471.75 1.9592800213781043e-15
4473.22 1.903415037530769e-15
4474.69 1.821308299807021e-15
4476.16 1.9243826710636332e-15
4477.63 1.97529693297201e-15
4479.1 1.903188561720731e-15
4480.57 1.933755586505887e-15
4482.04 1.9486299208863104e-15
4483.51 1.997631727168576e-15
4484.98 1.9698538640990668e-15
4486.45 1.883063321973682e-15
4487.92 1.8461959164365428e-15
4489.39 1.9413207464049925e-15
4490.86 2.002427290933577e-15
4492.33 1.9090577817658418e-15
4493.8 1.9016442233260686e-15
4495.27 1.846340685324922e-15
4496.74 1.8197703736507377e-15
4498.21 1.9335571493521917e-15
4499.68 1.9450411699036942e-15
4501.15 2.018234688524142e-15
4502.62 1.897938145103163e-15
4504.09 1.8574587741781302e-15
4505.56 2.005373679496689e-15
4507.03 1.9754883172097437e-15
4508.5 1.9960660380652043e-15
4509.97 2.003934032730352e-15
4511.44 1.9202292465948947e-15
4512.91 2.029561050770606e-15
4514.38 2.0621650590770188e-15
4515.85 2.05539322422076e-15
4517.32 2.0942016608282464e-15
4518.79 2.1632361224621094e-15
4520.26 2.2434330268192376e-15
4521.73 2.2355385129361757e-15
4523.2 2.16214435786076e-15
4524.67 2.105585809590936e-15
4526.14 2.1305527136781517e-15
4527.61 2.1713852577168654e-15
4529.08 2.2455464234470415e-15
4530.55 2.2033356280644347e-15
4532.02 2.0488780080631672e-15
4533.49 2.1664169536236653e-15
4534.96 2.324414667362746e-15
4536.43 2.2349783705947417e-15
4537.9 2.235208362778464e-15
4539.37 2.2607778089940466e-15
4540.84 2.351461496192734e-15
4542.31 2.4339800079730516e-15
4543.78 2.4083748215042087e-15
4545.25 2.363391781164381e-15
4546.72 2.274272563902349e-15
4548.19 2.325489672946216e-15
4549.66 2.31553916810056e-15
4551.13 2.221087986057998e-15
4552.6 2.194996860961757e-15
4554.07 2.3290863468347903e-15
4555.54 2.4232652279968764e-15
4557.01 2.379142449877796e-15
4558.48 2.443253240998243e-15
4559.95 2.4095599060673297e-15
4561.42 2.383147694489888e-15
4562.89 2.411871705295155e-15
4564.36 2.2518938130705173e-15
4565.83 2.2820683125674144e-15
4567.3 2.348128854435364e-15
4568.77 2.2347198795316755e-15
4570.24 2.27744940375375e-15
4571.71 2.3965798660294154e-15
4573.18 2.3569960649078584e-15
4574.65 2.4655731723933635e-15
4576.12 2.4582379312469854e-15
4577.59 2.3813640688299514e-15
4579.06 2.358953433360825e-15
4580.53 2.365095829329212e-15
4582.0 2.4444427983555242e-15
4583.47 2.374515549402604e-15
4584.94 2.2785836557120296e-15
4586.41 2.357629143131564e-15
4587.88 2.4244902724132983e-15
4589.35 2.4641393168880403e-15
4590.82 2.4474458236459805e-15
4592.29 2.5407214117688574e-15
4593.76 2.4982596874158965e-15
4595.23 2.411438629741669e-15
4596.7 2.494254997921963e-15
4598.17 2.4931220377002766e-15
4599.64 2.4401234560969632e-15
4601.11 2.3951008984004966e-15
4602.58 2.400246873429941e-15
4604.05 2.4385378416851287e-15
4605.52 2.5624930281507884e-15
4606.99 2.4889310954695827e-15
4608.46 2.37013535393473e-15
4609.93 2.369364989520485e-15
4611.4 2.4613092428985837e-15
4612.87 2.4870142053750566e-15
4614.34 2.539806510479329e-15
4615.81 2.5511352264389138e-15
4617.28 2.4296904230378455e-15
4618.75 2.5210574794643868e-15
4620.22 2.6262471081084143e-15
4621.69 2.5827189618207025e-15
4623.16 2.54400079566019e-15
4624.63 2.4848233740799616e-15
4626.1 2.55301037490394e-15
4627.57 2.5770957145574912e-15
4629.04 2.5377731426040224e-15
4630.51 2.5022493069690462e-15
4631.98 2.385237878244108e-15
4633.45 2.366473705172514e-15
4634.92 2.4567561977122308e-15
4636.39 2.496316855899675e-15
4637.86 2.557694577773118e-15
4639.33 2.483955667811826e-15
4640.8 2.410091375598422e-15
4642.27 2.4671850074377556e-15
4643.74 2.4610583393163034e-15
4645.21 2.4490670391218617e-15
4646.68 2.4583667326589333e-15
4648.15 2.449157915334247e-15
4649.62 2.4599159530833436e-15
4651.09 2.472440923658871e-15
4652.56 2.4639725929033738e-15
4654.03 2.403727561576839e-15
4655.5 2.3136255150156614e-15
4656.97 2.360128288067539e-15
4658.44 2.400237635084379e-15
4659.91 2.379363294770135e-15
4661.38 2.420423636828153e-15
4662.85 2.4654006103682904e-15
4664.32 2.459293596531845e-15
4665.79 2.4145744638106085e-15
4667.26 2.380956078622203e-15
4668.73 2.336464138504251e-15
4670.2 2.3123192423820943e-15
4671.67 2.3114908017340112e-15
4673.14 2.2959894560785272e-15
4674.61 2.3024209349436717e-15
4676.08 2.289072891389472e-15
4677.55 2.2485349315495707e-15
4679.02 2.2321695804428462e-15
4680.49 2.3125230499105804e-15
4681.96 2.358657331130281e-15
4683.43 2.2593739387724026e-15
4684.9 2.099003248767486e-15
4686.37 2.1060510337381253e-15
4687.84 2.2017664414109587e-15
4689.31 2.2276746281502822e-15
4690.78 2.2762991058543988e-15
4692.25 2.2284693721228576e-15
4693.72 2.108672539813494e-15
4695.19 2.095011337205519e-15
4696.66 2.1769408511684167e-15
4698.13 2.12962201068338e-15
4699.6 2.068230764290897e-15
4701.07 2.131176725821721e-15
4702.54 2.113988255553524e-15
4704.01 2.037778790017336e-15
4705.48 2.0512236750387666e-15
4706.95 2.030795480308091e-15
4708.42 2.000714709948748e-15
4709.89 2.079520525199712e-15
4711.36 2.0755681206354557e-15
4712.83 1.96063405938039e-15
4714.3 1.8922754092284152e-15
4715.77 1.913687998219627e-15
4717.24 1.8947446583251174e-15
4718.71 1.8204749252928505e-15
4720.18 1.81766342086758e-15
4721.65 1.8866363597102933e-15
4723.12 1.9131942598583816e-15
4724.59 1.8695068887845086e-15
4726.06 1.7899022146031913e-15
4727.53 1.7553002684944216e-15
4729.0 1.7423831483188729e-15
4730.47 1.7488996239138809e-15
4731.94 1.7414753167970377e-15
4733.41 1.69761706548754e-15
4734.88 1.5979804335890173e-15
4736.35 1.5974227623968639e-15
4737.82 1.7024149564114073e-15
4739.29 1.6660428784767769e-15
4740.76 1.5771019067156397e-15
4742.23 1.6087622261518098e-15
4743.7 1.651507661692268e-15
4745.17 1.6774191853139042e-15
4746.64 1.6582252855043448e-15
4748.11 1.615383778921106e-15
4749.58 1.5978406608891607e-15
4751.05 1.5844521627609352e-15
4752.52 1.5707651993992141e-15
4753.99 1.5731314730112557e-15
4755.46 1.5492352283615929e-15
4756.93 1.500909377265137e-15
4758.4 1.478155873460973e-15
4759.87 1.5735051492994111e-15
4761.34 1.627858188567496e-15
4762.81 1.5815273510758601e-15
4764.28 1.5449427376987059e-15
4765.75 1.6024400689401291e-15
4767.22 1.6934871538046753e-15
4768.69 1.6415066118827536e-15
4770.16 1.6044540629050814e-15
4771.63 1.6659213193066479e-15
4773.1 1.6668196958609521e-15
4774.57 1.6924455260183602e-15
4776.04 1.724134651681356e-15
4777.51 1.7819687980825393e-15
4778.98 1.8735748281094417e-15
4780.45 1.896994087995445e-15
4781.92 1.9189273838498683e-15
4783.39 1.9348951913925363e-15
4784.86 1.9485829022905725e-15
4786.33 1.9507044250361925e-15
4787.8 2.002635460139364e-15
4789.27 2.0300775200031323e-15
4790.74 2.0329714891100995e-15
4792.21 2.0571882826206702e-15
4793.68 2.169941762662086e-15
4795.15 2.1592037380898678e-15
4796.62 2.324798969183052e-15
4798.09 2.344428744211029e-15
4799.56 2.216359629416062e-15
4801.03 2.2138832598202823e-15
4802.5 2.27713857614145e-15
4803.97 2.3175234241911e-15
4805.44 2.430967920666754e-15
4806.91 2.4568634074684397e-15
4808.38 2.4677974259188802e-15
4809.85 2.4870211046871363e-15
4811.32 2.506462848774451e-15
4812.79 2.4496250501083797e-15
4814.26 2.458228213170522e-15
4815.73 2.4976637213937056e-15
4817.2 2.5208650985216766e-15
4818.67 2.5763781662763136e-15
4820.14 2.6246527640456594e-15
4821.61 2.5951074755824986e-15
4823.08 2.541250758474913e-15
4824.55 2.603002190472974e-15
4826.02 2.5161806748415676e-15
4827.49 2.457128109175388e-15
4828.96 2.5411043191837465e-15
4830.43 2.6605668626067186e-15
4831.9 2.663538702585726e-15
4833.37 2.5847820207943453e-15
4834.84 2.64815103974195e-15
4836.31 2.6719422095990257e-15
4837.78 2.7045944723827173e-15
4839.25 2.647911807531117e-15
4840.72 2.6367545148861753e-15
4842.19 2.734030666538717e-15
4843.66 2.6897327488096222e-15
4845.13 2.632003932984551e-15
4846.6 2.6113845750146923e-15
4848.07 2.5917823418195515e-15
4849.54 2.6277446811623285e-15
4851.01 2.70249956877945e-15
4852.48 2.7161476642672427e-15
4853.95 2.6510973098683846e-15
4855.42 2.6816730554146757e-15
4856.89 2.66643422872934e-15
4858.36 2.6822861991216747e-15
4859.83 2.806709519741109e-15
4861.3 2.7259513020169385e-15
4862.77 2.6937091258889594e-15
4864.24 2.6893653192592235e-15
4865.71 2.6496083848366174e-15
4867.18 2.555906218438152e-15
4868.65 2.6910211423545237e-15
4870.12 2.791101319933588e-15
4871.59 2.764413080790158e-15
4873.06 2.774923031810441e-15
4874.53 2.6956710157053845e-15
4876.0 2.7480068314568565e-15
4877.47 2.824937631327093e-15
4878.94 2.873731103475874e-15
4880.41 2.8257452318976825e-15
4881.88 2.7242554550308254e-15
4883.35 2.7895492709138337e-15
4884.82 2.8117458211682536e-15
4886.29 2.6972834914098906e-15
4887.76 2.6967710496172447e-15
4889.23 2.8174080611093752e-15
4890.7 2.8226030503703777e-15
4892.17 2.8141432487205376e-15
4893.64 2.8868597266569347e-15
4895.11 2.823437120059786e-15
4896.58 2.788637121655486e-15
4898.05 2.85667536658708e-15
4899.52 2.770344023506686e-15
4900.99 2.687764137160142e-15
4902.46 2.6989394158099307e-15
4903.93 2.7106156969206908e-15
4905.4 2.749878221416053e-15
4906.87 2.7359826082092264e-15
4908.34 2.6561892735686722e-15
4909.81 2.619094553994981e-15
4911.28 2.6169468843822444e-15
4912.75 2.585957501961367e-15
4914.22 2.5409376568031308e-15
4915.69 2.610386283268819e-15
4917.16 2.636370304450928e-15
4918.63 2.6062072854105957e-15
4920.1 2.5560360418903552e-15
4921.57 2.5234977450415147e-15
4923.04 2.4845053672195287e-15
4924.51 2.5206171366086618e-15
4925.98 2.5480391947726294e-15
4927.45 2.5321188349411005e-15
4928.92 2.4769018936356123e-15
4930.39 2.4440033839163347e-15
4931.86 2.44465605814294e-15
4933.33 2.5289216925331757e-15
4934.8 2.5655066087056283e-15
4936.27 2.4817020177150574e-15
4937.74 2.4316910826009052e-15
4939.21 2.456688970512199e-15
4940.68 2.3702052422992144e-15
4942.15 2.373714532091718e-15
4943.62 2.445333308995756e-15
4945.09 2.4044686226835617e-15
4946.56 2.393368175730502e-15
4948.03 2.4487420149190188e-15
4949.5 2.4390608914596274e-15
4950.97 2.3731382756517242e-15
4952.44 2.369702851988612e-15
4953.91 2.4348288790322637e-15
4955.38 2.3431695883965927e-15
4956.85 2.3613789507992197e-15
4958.32 2.4467527385423267e-15
4959.79 2.3339749517595265e-15
4961.26 2.3675341251485907e-15
4962.73 2.508867081650508e-15
4964.2 2.5389560893806196e-15
4965.67 2.4270934827839997e-15
4967.14 2.3138333015580655e-15
4968.61 2.373105488497617e-15
4970.08 2.4167761679152214e-15
4971.55 2.42146928339024e-15
4973.02 2.4517997865533667e-15
4974.49 2.503430078465033e-15
4975.96 2.5115443301360566e-15
4977.43 2.438945404135857e-15
4978.9 2.4768588925113552e-15
4980.37 2.4896106886270548e-15
4981.84 2.33235156250011e-15
4983.31 2.3662162253458933e-15
4984.78 2.4774539673719877e-15
4986.25 2.4645462707676576e-15
4987.72 2.424473565276262e-15
4989.19 2.3998052355718803e-15
4990.66 2.3863302752583774e-15
4992.13 2.4275733489517675e-15
4993.6 2.4349027761882033e-15
4995.07 2.4010594394221197e-15
4996.54 2.415753440294203e-15
4998.01 2.3494984863658234e-15
4999.48 2.3185359026871864e-15
5000.95 2.4556142984218744e-15
5002.42 2.4689405508041744e-15
5003.89 2.4175014883815703e-15
5005.36 2.4860543404232296e-15
5006.83 2.444784232481335e-15
5008.3 2.3937310193375854e-15
5009.77 2.376263784834557e-15
5011.24 2.369540768106021e-15
5012.71 2.4051191467408705e-15
5014.18 2.425497204129932e-15
5015.65 2.351295747658748e-15
5017.12 2.3772548557048642e-15
5018.59 2.3658205401688046e-15
5020.06 2.3240547840062075e-15
5021.53 2.3836922489967735e-15
5023.0 2.359634453227484e-15
5024.47 2.2888046985979035e-15
5025.94 2.30243575148419e-15
5027.41 2.256997361005973e-15
5028.88 2.2650527388489055e-15
5030.35 2.292183158980176e-15
5031.82 2.3046347001438737e-15
5033.29 2.2765869687152914e-15
5034.76 2.3088610061296717e-15
5036.23 2.2921086425768803e-15
5037.7 2.3172701713852936e-15
5039.17 2.3355803709697533e-15
5040.64 2.376930139761622e-15
5042.11 2.2675706712565676e-15
5043.58 2.1923896997508874e-15
5045.05 2.1964017804358177e-15
5046.52 2.224858503450044e-15
5047.99 2.160213774508872e-15
5049.46 2.125518410318177e-15
5050.93 2.11302385355487e-15
5052.4 2.123480333890296e-15
5053.87 2.070337557786667e-15
5055.34 2.0169072099130857e-15
5056.81 2.069122371777514e-15
5058.28 2.0651895700577442e-15
5059.75 2.0118774845487746e-15
5061.22 1.9716265120115084e-15
5062.69 1.9682572247683426e-15
5064.16 1.953059184959141e-15
5065.63 1.9090634818986703e-15
5067.1 1.890523201882536e-15
5068.57 1.9180880982973218e-15
5070.04 1.975369295756989e-15
5071.51 1.94398105561103e-15
5072.98 1.89693731364148e-15
5074.45 1.9354175531884782e-15
5075.92 2.0206914862361847e-15
5077.39 2.0021591809228828e-15
5078.86 1.883361927578009e-15
5080.33 1.8321362337957976e-15
5081.8 1.83827811308854e-15
5083.27 1.8920983659086558e-15
5084.74 1.9631042206536576e-15
5086.21 1.895502256829544e-15
5087.68 1.8549354178074804e-15
5089.15 1.8475573162921085e-15
5090.62 1.8531406393997785e-15
5092.09 1.8587238279571947e-15
5093.56 1.86430667069884e-15
5095.03 1.8698892736933985e-15
5096.5 1.875471637231564e-15
5097.97 1.881053867371034e-15
5099.44 1.886635752868717e-15
5100.91 1.8922173997861046e-15
5102.38 1.897798914175497e-15
5103.85 1.903380084810554e-15
5105.32 1.9089610177473418e-15
5108.26 1.9056469151116836e-15
5109.73 1.9013178468436e-15
5111.2 1.9403981640430865e-15
5112.67 1.9075838195288566e-15
5114.14 1.8830660555719506e-15
5115.61 1.949594705130198e-15
5117.08 1.9658676897539272e-15
5118.55 1.9138978865016312e-15
5120.02 1.8785744515280236e-15
5121.49 1.9278182694858557e-15
5122.96 2.0438416531914344e-15
5124.43 2.0669822196831445e-15
5125.9 1.9838215758585785e-15
5127.37 1.9495896080530557e-15
5128.84 1.975543153220583e-15
5130.31 1.966892139155351e-15
5131.78 2.036217702309637e-15
5133.25 2.0082535958240855e-15
5134.72 1.975626559744478e-15
5136.19 2.021536066190762e-15
5137.66 1.9999832265034257e-15
5139.13 1.968018997123463e-15
5140.6 1.9951801843341164e-15
5142.07 2.031753489653667e-15
5143.54 2.0296628835807294e-15
5145.01 2.0181362398603227e-15
5146.48 2.0609870657576916e-15
5147.95 2.0840612270154496e-15
5149.42 2.0576005396794827e-15
5150.89 2.0364249086160145e-15
5152.36 1.999305647293e-15
5153.83 2.004882395740147e-15
5155.3 2.111074260330472e-15
5156.77 2.105632383081814e-15
5158.24 2.1134908093590957e-15
5159.71 2.1652306662652944e-15
5161.18 2.095995623647169e-15
5162.65 2.0577790844535417e-15
5164.12 2.0491136820633474e-15
5165.59 2.056517688014416e-15
5167.06 2.0968158392469964e-15
5168.53 2.1132407519575326e-15
5170.0 2.1186899918043183e-15
5171.47 2.1353053600445754e-15
5172.94 2.038120011340251e-15
5174.41 2.003500213244741e-15
5175.88 2.061112604088319e-15
5177.35 2.0354848457393406e-15
5178.82 2.068816241113566e-15
5180.29 2.0482477465490957e-15
5181.76 2.023197348394836e-15
5183.23 2.0362334931025246e-15
5184.7 1.9766750585257875e-15
5186.17 2.0704503371710445e-15
5187.64 2.1273946268036946e-15
5189.11 2.0966444532635736e-15
5190.58 2.0970427110237704e-15
5192.05 2.0822004959939838e-15
5193.52 2.036288971002417e-15
5194.99 1.991950541150471e-15
5196.46 2.0161870963931436e-15
5197.93 2.0400324996214182e-15
5199.4 2.0937231402993686e-15
5200.87 2.1047905267433175e-15
5202.34 2.0678643196221148e-15
5203.81 2.0944913426799573e-15
5205.28 2.087715522224258e-15
5206.75 2.0232079467069143e-15
5208.22 1.9652951946593433e-15
5209.69 2.0066004210752504e-15
5211.16 2.1293048731050567e-15
5212.63 2.095338601646171e-15
5214.1 2.0225561611746898e-15
5215.57 1.9898539623609726e-15
5217.04 2.0261195943957996e-15
5218.51 2.0435772467091343e-15
5219.98 2.006268540316747e-15
5221.45 2.0529568142688663e-15
5222.92 2.075776409628946e-15
5224.39 2.132542620756907e-15
5225.86 2.0745069529529517e-15
5227.33 1.943383948671014e-15
5228.8 1.9744124820550616e-15
5230.27 2.0212666443449126e-15
5231.74 1.9711660833487547e-15
5233.21 1.9842210747328553e-15
5234.68 2.0875130581414766e-15
5236.15 2.0880405121027508e-15
5237.62 2.035756778470497e-15
5239.09 2.078945261163723e-15
5240.56 2.1249182954643903e-15
5242.03 2.1322576150631184e-15
5243.5 2.117832022273262e-15
5244.97 2.0701080847486042e-15
5246.44 2.053316465102714e-15
5247.91 2.0237787982519684e-15
5249.38 2.0041070190917212e-15
5250.85 2.0341298258444376e-15
5252.32 2.089559210919866e-15
5253.79 2.0836785031949922e-15
5255.26 2.037752304301033e-15
5256.73 2.0586716421634235e-15
5258.2 1.9952164630962632e-15
5259.67 2.0372989622821272e-15
5261.14 2.070646426413877e-15
5262.61 2.043366391233541e-15
5264.08 2.043441757968034e-15
5265.55 2.077654707090776e-15
5267.02 2.168835125619199e-15
5268.49 2.172960173532104e-15
5269.96 2.135288452912512e-15
5271.43 2.0672500673520012e-15
5272.9 2.00150344005145e-15
5274.37 2.1118007250388135e-15
5275.84 2.1133857372384668e-15
5277.31 2.1024372266829054e-15
5278.78 2.0587599594571457e-15
5280.25 2.082281695791287e-15
5281.72 2.131109228000315e-15
5283.19 2.1375205487114036e-15
5284.66 2.0754412275415164e-15
5286.13 2.0781082228290375e-15
5287.6 2.0807751365888037e-15
5289.07 2.0834419690102476e-15
5290.54 2.086108614826451e-15
5292.01 2.0887752851418688e-15
5293.48 2.091441874687355e-15
5296.42 2.119663318549882e-15
5297.89 2.1064885835417314e-15
5299.36 2.110577441937781e-15
5300.83 2.1442911726283526e-15
5302.3 2.1208076227402554e-15
5303.77 2.0502918500052547e-15
5305.24 2.0433724972378835e-15
5306.71 2.1443223645705765e-15
5308.18 2.133573551323721e-15
5309.65 2.127016169197485e-15
5311.12 2.1416015406523857e-15
5312.59 2.1503875540638496e-15
5314.06 2.087938623900064e-15
5315.53 2.076743971912082e-15
5317.0 2.0416912340978863e-15
5318.47 2.0203415875692605e-15
5319.94 2.0546047433202917e-15
5321.41 2.155473380377743e-15
5322.88 2.2033380527651334e-15
5324.35 2.121963172511667e-15
5325.82 2.1384206142458005e-15
5327.29 2.0976844725789924e-15
5328.76 2.1181907823342955e-15
5330.23 2.1456460817456928e-15
5331.7 2.102803843792935e-15
5333.17 2.084724565923725e-15
5334.64 2.0415643458867625e-15
5336.11 2.012194407220971e-15
5337.58 2.057512512542206e-15
5339.05 2.071744411848783e-15
5340.52 2.1246638228930068e-15
5341.99 2.079845420360765e-15
5343.46 2.094607164980144e-15
5344.93 2.068491633562128e-15
5346.4 2.0852463896234278e-15
5347.87 2.172191113873839e-15
5349.34 2.0531315840880243e-15
5350.81 2.0718231774909944e-15
5352.28 2.0680318623781883e-15
5353.75 2.0082246549533023e-15
5355.22 2.0333231970945818e-15
5356.69 2.0551433040328655e-15
5358.16 2.1365121145970807e-15
5359.63 2.098627527354019e-15
5361.1 2.0705531546387734e-15
5362.57 2.095678862989874e-15
5364.04 1.986965320452513e-15
5365.51 2.0394822658203287e-15
5366.98 2.1090975761508632e-15
5368.45 2.0476420530537795e-15
5369.92 2.1014787103666478e-15
5371.39 2.1323453425410607e-15
5372.86 2.0897073437330325e-15
5374.33 2.1368072092222887e-15
5375.8 2.0693170051445406e-15
5377.27 2.039899887094123e-15
5378.74 2.0732159069959208e-15
5380.21 2.0929542830265026e-15
5381.68 2.0921443041539188e-15
5383.15 2.1518290971598348e-15
5384.62 2.079300442507018e-15
5386.09 2.030148244442099e-15
5387.56 2.0472159222405725e-15
5389.03 2.0475832279581265e-15
5390.5 2.0412135377457685e-15
5391.97 2.0674868677609565e-15
5393.44 2.0880270151397497e-15
5394.91 1.992509904559484e-15
5396.38 1.9766877577177696e-15
5397.85 2.013927660744564e-15
5399.32 1.966891621115337e-15
5400.79 2.013009472447639e-15
5402.26 2.0576574445810104e-15
5403.73 2.0116462375134423e-15
5405.2 1.9875618396453336e-15
5406.67 1.977030665064008e-15
5408.14 2.0181040289018708e-15
5409.61 2.0022465415114086e-15
5411.08 1.97005088803281e-15
5412.55 1.9574038566994548e-15
5414.02 1.943866859809662e-15
5415.49 2.0322995636754552e-15
5416.96 1.9559166410561517e-15
5418.43 1.9658861521252212e-15
5419.9 1.9351566783958678e-15
5421.37 1.987288609281428e-15
5422.84 1.9221721048969064e-15
5424.31 1.9253305662033457e-15
5425.78 1.9934118287353193e-15
5427.25 1.975078310190594e-15
5428.72 1.866384815880204e-15
5430.19 1.950595630926333e-15
5431.66 1.9226138501651693e-15
5433.13 1.9497584377997386e-15
5434.6 1.940264050032602e-15
5436.07 1.8852319169937506e-15
5437.54 1.944546598192055e-15
5439.01 1.9257867972181552e-15
5440.48 1.9255020984448864e-15
5441.95 1.930375259845139e-15
5443.42 1.899220566763944e-15
5444.89 1.9105543693487897e-15
5446.36 2.0153646403106247e-15
5447.83 1.9596436768989706e-15
5449.3 1.9047589259804823e-15
5450.77 1.911558626045163e-15
5452.24 1.9282102953683607e-15
5453.71 2.009723409680541e-15
5455.18 1.903999220242213e-15
5456.65 1.8543384823582097e-15
5458.12 1.9152992003392855e-15
5459.59 1.925989581086641e-15
5461.06 1.8746827131874243e-15
5462.53 1.859552466510875e-15
5464.0 1.956154804834423e-15
5465.47 1.8983609129582542e-15
5466.94 1.960870219799672e-15
5468.41 1.9319184446924605e-15
5469.88 1.9205236672711223e-15
5471.35 1.9907154721865865e-15
5472.82 1.8764581904548545e-15
5474.29 1.881272608522553e-15
5475.76 1.944512386320787e-15
5477.23 1.877348162163675e-15
5478.7 1.8603195326401754e-15
5480.17 1.977008128802322e-15
5481.64 1.8638845083381653e-15
5483.11 1.932417114847987e-15
5484.58 1.9599679634506284e-15
5486.05 1.8490927919528845e-15
5487.52 1.9017315325026616e-15
5488.99 1.9105062727855083e-15
5490.46 1.8341082940608536e-15
5491.93 1.96744908812462e-15
5493.4 2.026191240343462e-15
5494.87 1.9245294215277347e-15
5496.34 1.9765903445925557e-15
5497.81 1.9975080398548555e-15
5499.28 1.9031105160350634e-15
5500.75 1.9192310771258504e-15
5502.22 1.965426781404536e-15
5503.69 1.972690424380786e-15
5505.16 1.9566225103736532e-15
5506.63 1.948081073368863e-15
5508.1 1.941150462225961e-15
5509.57 1.9437946838711222e-15
5511.04 1.9139235082649347e-15
5512.51 1.875024964911103e-15
5513.98 1.89212957198736e-15
5515.45 1.9080080363831374e-15
5516.92 1.8717666491979172e-15
5518.39 1.9026474981802674e-15
5519.86 1.9773386955954576e-15
5521.33 1.9310454518759248e-15
5522.8 1.823215749693935e-15
5524.27 1.8269842689156594e-15
5525.74 1.926281729113677e-15
5527.21 1.9275256506371886e-15
5528.68 1.903552402650433e-15
5530.15 1.917850050455713e-15
5531.62 1.9040575494634567e-15
5533.09 1.909896984259159e-15
5534.56 1.8701195823220616e-15
5536.03 1.8065801566267876e-15
5537.5 1.81295939417895e-15
5538.97 1.8498206427888915e-15
5540.44 1.8500519377689793e-15
5541.91 1.852073069086678e-15
5543.38 1.81083165143652e-15
5544.85 1.848593728378835e-15
5546.32 1.799964823737696e-15
5547.79 1.7665465785697848e-15
5549.26 1.859779096440892e-15
5550.73 1.9294453726008206e-15
5552.2 1.8925854824013867e-15
5553.67 1.8187909315900296e-15
5555.14 1.8857205536632193e-15
5556.61 1.8448190968659594e-15
5558.08 1.8391363292936997e-15
5559.55 1.8638445575695577e-15
5561.02 1.790979310886178e-15
5562.49 1.818506098421941e-15
5563.96 1.8554312789187344e-15
5565.43 1.790133179927823e-15
5566.9 1.7804558276756258e-15
5568.37 1.8199852341127893e-15
5569.84 1.7561149924089137e-15
5571.31 1.7666720534218636e-15
5572.78 1.7998025824626736e-15
5574.25 1.840792625714312e-15
5575.72 1.876747459283933e-15
5577.19 1.874240165863014e-15
5578.66 1.8698653066059617e-15
5580.13 1.7695476899980266e-15
5581.6 1.6980422103635955e-15
5583.07 1.7011839204568124e-15
5584.54 1.7376481509024536e-15
5586.01 1.6971687959867393e-15
5587.48 1.7075387660779253e-15
5588.95 1.7563241188200281e-15
5590.42 1.7127454194696704e-15
5591.89 1.7365991852212311e-15
5593.36 1.783034657575673e-15
5594.83 1.785208009133558e-15
5596.3 1.7538980515179168e-15
5597.77 1.7338057504962081e-15
5599.24 1.65848246503692e-15
5600.71 1.7281563138419661e-15
5602.18 1.8169505719044163e-15
5603.65 1.7204847277081704e-15
5605.12 1.710108084730739e-15
5606.59 1.7469223251665853e-15
5608.06 1.7049945330456698e-15
5609.53 1.6039426679815567e-15
5611.0 1.7095034919335423e-15
5612.47 1.7554643722044112e-15
5613.94 1.718635175225128e-15
5615.41 1.7481003144388044e-15
5616.88 1.7268057537386232e-15
5618.35 1.685129367711152e-15
5619.82 1.7092833535101293e-15
5621.29 1.648788720322331e-15
5622.76 1.589725415527619e-15
5624.23 1.6608741093291337e-15
5625.7 1.780186163330725e-15
5627.17 1.759901187366102e-15
5628.64 1.7613042251978894e-15
5630.11 1.7417669890929179e-15
5631.58 1.731610258641008e-15
5633.05 1.7083798847623048e-15
5634.52 1.725051569334005e-15
5635.99 1.6853910067977911e-15
5637.46 1.6735600214046133e-15
5638.93 1.6985471014253512e-15
5640.4 1.6793135170407402e-15
5641.87 1.6513241296017907e-15
5643.34 1.7211560236813848e-15
5644.81 1.7636654909066076e-15
5646.28 1.7188963184457313e-15
5647.75 1.694274639280173e-15
5649.22 1.6971150726539834e-15
5650.69 1.6872857125327863e-15
5652.16 1.724531936788302e-15
5653.63 1.7004411382019332e-15
5655.1 1.722469919198711e-15
5656.57 1.7055080446513388e-15
5658.04 1.7335815579907693e-15
5659.51 1.6740759075722276e-15
5660.98 1.6637194557184279e-15
5662.45 1.6648091607142803e-15
5663.92 1.7168686026047111e-15
5665.39 1.7901523635043e-15
5666.86 1.775071502337607e-15
5668.33 1.7007545754291619e-15
5669.8 1.6308621022977436e-15
5671.27 1.7222906733442982e-15
5672.74 1.7530201352818815e-15
5674.21 1.6477256309672092e-15
5675.68 1.6607523725305737e-15
5677.15 1.711468301988175e-15
5678.62 1.6519317859707303e-15
5680.09 1.645195815806234e-15
5681.56 1.6682766957292076e-15
5683.03 1.6474912765774174e-15
5684.5 1.6813104160521549e-15
5685.97 1.7039348503648154e-15
5687.44 1.6857748925290408e-15
5688.91 1.6519216490400613e-15
5690.38 1.6768109209395802e-15
5691.85 1.6876255551650322e-15
5693.32 1.6331048940908206e-15
5694.79 1.6601131944082647e-15
5696.26 1.6095504779504607e-15
5697.73 1.6222494151638172e-15
5699.2 1.6395109738912981e-15
5700.67 1.6228270876647308e-15
5702.14 1.6969646928325934e-15
5703.61 1.566471143081464e-15
5705.08 1.6058381488176062e-15
5706.55 1.6252140532990085e-15
5708.02 1.6279982771067753e-15
5709.49 1.6124798991357208e-15
5710.96 1.6427826857158342e-15
5712.43 1.647387937453985e-15
5713.9 1.6367274715488786e-15
5715.37 1.6325672318321016e-15
5716.84 1.589365495974903e-15
5718.31 1.5647352300517007e-15
5719.78 1.6028855463735237e-15
5721.25 1.6893128823559502e-15
5722.72 1.5797726294757508e-15
5724.19 1.5843195207890192e-15
5725.66 1.5690034474431707e-15
5727.13 1.56054898384817e-15
5728.6 1.5476150104081052e-15
5730.07 1.5415494672600002e-15
5731.54 1.5674071672349773e-15
5733.01 1.5997346701655086e-15
5734.48 1.5737379364436685e-15
5735.95 1.5794910249898878e-15
5737.42 1.5493172031596074e-15
5738.89 1.5043925374937784e-15
5740.36 1.5710930654959358e-15
5741.83 1.5590327125364615e-15
5743.3 1.5597064397095502e-15
5744.77 1.5528903320541794e-15
5746.24 1.5580103720530564e-15
5747.71 1.5814884653846692e-15
5749.18 1.5553200711590234e-15
5750.65 1.6276252533101235e-15
5752.12 1.6650745231842542e-15
5753.59 1.570054375028324e-15
5755.06 1.5833231207307269e-15
5756.53 1.625397832734899e-15
5758.0 1.5768248118358574e-15
5759.47 1.5614246148546374e-15
5760.94 1.5825808530432542e-15
5762.41 1.4738583453138784e-15
5763.88 1.5863414847692235e-15
5765.35 1.6641251985832993e-15
5766.82 1.5983221664499036e-15
5768.29 1.6307238847286706e-15
5769.76 1.6167524820863458e-15
5771.23 1.5689504084429179e-15
5772.7 1.5394549741322188e-15
5774.17 1.5922753155399037e-15
5775.64 1.6213307234665166e-15
5777.11 1.5931047210131269e-15
5778.58 1.5851446311719366e-15
5780.05 1.678675077446234e-15
5781.52 1.6390766619263544e-15
5782.99 1.5075196994237923e-15
5784.46 1.6008503702694221e-15
5785.93 1.6407373596241494e-15
5787.4 1.582405046718521e-15
5788.87 1.5785079375561048e-15
5790.34 1.5746108648201752e-15
5791.81 1.5707140379337655e-15
5793.28 1.5668173519419051e-15
5794.75 1.562920701897112e-15
5796.22 1.5590242972141411e-15
5797.69 1.5551280329451105e-15
5799.16 1.5512318041496105e-15
5800.63 1.547335820234115e-15
5803.57 1.5207077793894158e-15
5805.04 1.6022916021414205e-15
5806.51 1.6254316660928687e-15
5807.98 1.5622472928979963e-15
5809.45 1.517074457548438e-15
5810.92 1.5269597901840163e-15
5812.39 1.5897571001814993e-15
5813.86 1.6337175110494849e-15
5815.33 1.6146556985239672e-15
5816.8 1.5710025709847438e-15
5818.27 1.6313887326247468e-15
5819.74 1.602715349613342e-15
5821.21 1.4902796378309722e-15
5822.68 1.5364123841976847e-15
5824.15 1.5982228296532896e-15
5825.62 1.580925746631629e-15
5827.09 1.554546524588093e-15
5828.56 1.599024806172963e-15
5830.03 1.625804946370016e-15
5831.5 1.5960839240393465e-15
5832.97 1.6315062156186131e-15
5834.44 1.6220724050004567e-15
5835.91 1.5800595654115422e-15
5837.38 1.5838360929763722e-15
5838.85 1.5673426659466497e-15
5840.32 1.5640493244967041e-15
5841.79 1.6258068233431598e-15
5843.26 1.604925646220496e-15
5844.73 1.520017722946793e-15
5846.2 1.5796831613508725e-15
5847.67 1.6300256884488868e-15
5849.14 1.5884271013257156e-15
5850.61 1.6230113631141314e-15
5852.08 1.687003063894011e-15
5853.55 1.635242710403593e-15
5855.02 1.5683255403744855e-15
5856.49 1.5734779074590014e-15
5857.96 1.5903720301357518e-15
5859.43 1.5870403123156124e-15
5860.9 1.5418034568433227e-15
5862.37 1.5456856332616916e-15
5863.84 1.6315762504359479e-15
5865.31 1.6107395274312043e-15
5866.78 1.5917836501535718e-15
5868.25 1.5583667772237168e-15
5869.72 1.6102723939887397e-15
5871.19 1.5940219448988845e-15
5872.66 1.5773498822935832e-15
5874.13 1.6148140576644124e-15
5875.6 1.52478343284992e-15
5877.07 1.491310668043598e-15
5878.54 1.5717267083338252e-15
5880.01 1.5571494254489898e-15
5881.48 1.5683255405258267e-15
5882.95 1.5477170025877815e-15
5884.42 1.4891564851366401e-15
5885.89 1.5164613079616997e-15
5887.36 1.522724412279012e-15
5888.83 1.4570871098931191e-15
5890.3 1.4489986236784092e-15
5891.77 1.546304355103033e-15
5893.24 1.5874419250677737e-15
5894.71 1.6400500223061503e-15
5896.18 1.550339243702233e-15
5897.65 1.5321307493050003e-15
5899.12 1.5387484567803596e-15
5900.59 1.5131652316005161e-15
5902.06 1.5718042142748917e-15
5903.53 1.5121422451200346e-15
5905.0 1.5688599368540259e-15
5906.47 1.5714531728899664e-15
5907.94 1.644426045060241e-15
5909.41 1.5764036411192947e-15
5910.88 1.5674818352433287e-15
5912.35 1.6136981996319008e-15
5913.82 1.5568415104403573e-15
5915.29 1.5619816110385333e-15
5916.76 1.568478636697199e-15
5918.23 1.5961250333452819e-15
5919.7 1.5362202511300485e-15
5921.17 1.5590700934706145e-15
5922.64 1.4916771230216671e-15
5924.11 1.5652488461770504e-15
5925.58 1.5500576336390248e-15
5927.05 1.5356855814905853e-15
5928.52 1.5230803301533727e-15
5929.99 1.4616749034040828e-15
5931.46 1.4949256509552177e-15
5932.93 1.5366514558841312e-15
5934.4 1.4812756275123854e-15
5935.87 1.5924252936292244e-15
5937.34 1.5369331588223972e-15
5938.81 1.5289498177419053e-15
5940.28 1.5393029876927781e-15
5941.75 1.5626243724049605e-15
5943.22 1.4783810019936842e-15
5944.69 1.5322755049451088e-15
5946.16 1.491276261225417e-15
5947.63 1.4519110063309458e-15
5949.1 1.5295817951576905e-15
5950.57 1.5688018154289246e-15
5952.04 1.547287168208599e-15
5953.51 1.541214811225948e-15
5954.98 1.509113082358265e-15
5956.45 1.5421301979457007e-15
5957.92 1.4996894037670763e-15
5959.39 1.5834156463055798e-15
5960.86 1.5410262741120223e-15
5962.33 1.5726940896395191e-15
5963.8 1.6374534476995895e-15
5965.27 1.5920035436798864e-15
5966.74 1.5279978819269166e-15
5968.21 1.4755942037355834e-15
5969.68 1.4906154046783238e-15
5971.15 1.563043021923306e-15
5972.62 1.5632182775462415e-15
5974.09 1.4900753417667303e-15
5975.56 1.5204604662834329e-15
5977.03 1.5380587352369372e-15
5978.5 1.5755098173155013e-15
5979.97 1.4651170888540921e-15
5981.44 1.5477372384319765e-15
5982.91 1.5858798013409534e-15
5984.38 1.5882647022224792e-15
5985.85 1.544270864197654e-15
5987.32 1.4857353792557472e-15
5988.79 1.4286975539985967e-15
5990.26 1.5156899639401985e-15
5991.73 1.542249346717999e-15
5993.2 1.4663240507496295e-15
5994.67 1.5056038076149904e-15
5996.14 1.5834879381157367e-15
5997.61 1.5050853831751882e-15
5999.08 1.459462742623495e-15
6000.55 1.5305849069102776e-15
6002.02 1.5123228341363128e-15
6003.49 1.5216828828802193e-15
6004.96 1.4882046373802258e-15
6006.43 1.5630012401608796e-15
6007.9 1.5519174475772924e-15
6009.37 1.5163613952517133e-15
6010.84 1.5026165437201935e-15
6012.31 1.5573841034047082e-15
6013.78 1.5538346764048885e-15
6015.25 1.5192086922807832e-15
6016.72 1.4385902736692823e-15
6018.19 1.483779205729692e-15
6019.66 1.5061828212357096e-15
6021.13 1.4860781539438695e-15
6022.6 1.5267929666551767e-15
6024.07 1.5391323148829117e-15
6025.54 1.5187656152123206e-15
6027.01 1.5092656614495e-15
6028.48 1.5385308713991249e-15
6029.95 1.523725912211884e-15
6031.42 1.5031628552537397e-15
6032.89 1.5160541883570842e-15
6034.36 1.5030452809758648e-15
6035.83 1.491041294898413e-15
6037.3 1.5088334216748403e-15
6038.77 1.5139869214200273e-15
6040.24 1.5205908062493716e-15
6041.71 1.5588017361669701e-15
6043.18 1.5201362833158557e-15
6044.65 1.4739273611929973e-15
6046.12 1.4730726437077587e-15
6047.59 1.4867772733682067e-15
6049.06 1.5696178828396236e-15
6050.53 1.5871502237246051e-15
6052.0 1.5622187031787941e-15
6053.47 1.541415535103371e-15
6054.94 1.5050590385740324e-15
6056.41 1.5191517539533517e-15
6057.88 1.5313328582348189e-15
6059.35 1.6053029276005975e-15
6060.82 1.6484382772425041e-15
6062.29 1.5880608952124097e-15
6063.76 1.5354137656348003e-15
6065.23 1.5316007001814687e-15
6066.7 1.521928689228519e-15
6068.17 1.5095787687240636e-15
6069.64 1.5418182811653503e-15
6071.11 1.5569128615742892e-15
6072.58 1.5383205319356773e-15
6074.05 1.533511316285713e-15
6075.52 1.4825485499966567e-15
6076.99 1.3617251192158691e-15
6078.46 1.4731100791285806e-15
6079.93 1.5618161134914675e-15
6081.4 1.5385966349819128e-15
6082.87 1.5400543562486205e-15
6084.34 1.5201700401686125e-15
6085.81 1.5110504032243217e-15
6087.28 1.5082542628669113e-15
6088.75 1.5617750504575078e-15
6090.22 1.5366181094166739e-15
6091.69 1.5444674400542629e-15
6093.16 1.5553966423933827e-15
6094.63 1.5094386073760431e-15
6096.1 1.5033935675204785e-15
6097.57 1.527000924257953e-15
6099.04 1.519697823076184e-15
6100.51 1.5346921650528145e-15
6101.98 1.5645876995476828e-15
6103.45 1.5144446081904761e-15
6104.92 1.4902439066562636e-15
6106.39 1.4863826794611005e-15
6107.86 1.5193894046066695e-15
6109.33 1.5938465728890586e-15
6110.8 1.5764539168553875e-15
6112.27 1.5292614259688715e-15
6113.74 1.5110500399046793e-15
6115.21 1.5251679349643479e-15
6116.68 1.54778945996184e-15
6118.15 1.5430597732201406e-15
6119.62 1.577720934779944e-15
6121.09 1.5767702606372023e-15
6122.56 1.4942161839951397e-15
6124.03 1.521132401518529e-15
6125.5 1.5273985010748954e-15
6126.97 1.5351989835936675e-15
6128.44 1.5150356801885966e-15
6129.91 1.568821380211015e-15
6131.38 1.5180449720520152e-15
6132.85 1.4807738554139428e-15
6134.32 1.5330632355953694e-15
6135.79 1.5885648452393819e-15
6137.26 1.5440113837840054e-15
6138.73 1.5128434106671566e-15
6140.2 1.552571975301977e-15
6141.67 1.5620971321967964e-15
6143.14 1.5550957003811294e-15
6144.61 1.4800518790944513e-15
6146.08 1.5102771433859922e-15
6147.55 1.6084547327917593e-15
6149.02 1.5537293679631194e-15
6150.49 1.6293297599479137e-15
6151.96 1.5955615750643663e-15
6153.43 1.5008362609540206e-15
6154.9 1.5265427364215901e-15
6156.37 1.5008504402698126e-15
6157.84 1.5101436802253196e-15
6159.31 1.5281757760036163e-15
6160.78 1.4349443961470229e-15
6162.25 1.519143458910115e-15
6163.72 1.582430818985845e-15
6165.19 1.5320042027729481e-15
6166.66 1.5042181880302947e-15
6168.13 1.5336337620134274e-15
6169.6 1.560614857062385e-15
6171.07 1.5461587624171017e-15
6172.54 1.5398135778078102e-15
6174.01 1.4897885883916078e-15
6175.48 1.5316027031540935e-15
6176.95 1.5561767268863557e-15
6178.42 1.5397148321008528e-15
6179.89 1.526768333091654e-15
6181.36 1.5200921632841566e-15
6182.83 1.553042800452617e-15
6184.3 1.5689764289686838e-15
6185.77 1.5137408825097015e-15
6187.24 1.5645699239174875e-15
6188.71 1.5780824902352235e-15
6190.18 1.5338557044010964e-15
6191.65 1.5171433217521847e-15
6193.12 1.499789884682926e-15
6194.59 1.5113658062453748e-15
6196.06 1.5121028655094522e-15
6197.53 1.4984606409513175e-15
6199.0 1.506855034973126e-15
6200.47 1.5807230826494556e-15
6201.94 1.5224795938055685e-15
6203.41 1.468650265774787e-15
6204.88 1.4864252295474392e-15
6206.35 1.5005588280535515e-15
6207.82 1.5520753740122474e-15
6209.29 1.5558628647272323e-15
6210.76 1.5574374570779866e-15
6212.23 1.54524621827942e-15
6213.7 1.538373764698639e-15
6215.17 1.5538005521698373e-15
6216.64 1.5145593346974135e-15
6218.11 1.5063162941480831e-15
6219.58 1.5125387239437892e-15
6221.05 1.5152080772531902e-15
6222.52 1.4790934066528164e-15
6223.99 1.4955525182664623e-15
6225.46 1.5064737663522986e-15
6226.93 1.5027804202712396e-15
6228.4 1.4249919289472986e-15
6229.87 1.4868736659140923e-15
6231.34 1.4874185539711943e-15
6232.81 1.4832436069029322e-15
6234.28 1.4964243950839896e-15
6235.75 1.5366742915868937e-15
6237.22 1.4865705535186974e-15
6238.69 1.4184354401569006e-15
6240.16 1.4288971588921921e-15
6241.63 1.471467582921151e-15
6243.1 1.494428872284931e-15
6244.57 1.4756160217550761e-15
6246.04 1.4298830951105359e-15
6247.51 1.4192911269771894e-15
6248.98 1.4579720506457244e-15
6250.45 1.4650720072713733e-15
6251.92 1.4302064772607293e-15
6253.39 1.4109581053637813e-15
6254.86 1.4051398271427105e-15
6256.33 1.3813734588804003e-15
6257.8 1.422249429467382e-15
6259.27 1.463420396069076e-15
6260.74 1.4146958936199299e-15
6262.21 1.3728225418791146e-15
6263.68 1.3994014895070067e-15
6265.15 1.413838383573349e-15
6266.62 1.3726699995442842e-15
6268.09 1.3733261130013508e-15
6269.56 1.390353017840614e-15
6271.03 1.3611570894482773e-15
6272.5 1.3461503921766778e-15
6273.97 1.3224979039535402e-15
6275.44 1.2795914890770525e-15
6276.91 1.3367450003660995e-15
6278.38 1.4361966555573095e-15
6279.85 1.4452291000223719e-15
6281.32 1.4630222154137828e-15
6282.79 1.4201754880294562e-15
6284.26 1.3555907992841046e-15
6285.73 1.3647684072842649e-15
6287.2 1.3618069642604751e-15
6288.67 1.3862088589620765e-15
6290.14 1.4367512984425554e-15
6291.61 1.443721317904665e-15
6293.08 1.3910987843129888e-15
6294.55 1.3896892464250899e-15
6296.02 1.404598292485038e-15
6297.49 1.4022052801102982e-15
6298.96 1.441767173031948e-15
6300.43 1.4636390209638648e-15
6301.9 1.4468910433086007e-15
6303.37 1.4548018742599589e-15
6304.84 1.4006350202546249e-15
6306.31 1.4160173739606205e-15
6307.78 1.3958812614704197e-15
6309.25 1.3575840508657057e-15
6310.72 1.401538707237893e-15
6312.19 1.4168140983888375e-15
6313.66 1.373690190118129e-15
6315.13 1.2881773123502251e-15
6316.6 1.3558552474219114e-15
6318.07 1.3797323370722003e-15
6319.54 1.322015426680813e-15
6321.01 1.2949535411857645e-15
6322.48 1.3369515088293303e-15
6323.95 1.3912095110795353e-15
6325.42 1.4211432679413403e-15
6326.89 1.4045976445662999e-15
6328.36 1.4045471699888207e-15
6329.83 1.37200730887863e-15
6331.3 1.3737333674372105e-15
6332.77 1.450256049927917e-15
6334.24 1.4157393987256783e-15
6335.71 1.4068966375923283e-15
6337.18 1.3753002487527597e-15
6338.65 1.3545750082014892e-15
6340.12 1.3108673505316532e-15
6341.59 1.354505925831169e-15
6343.06 1.3937768367365695e-15
6344.53 1.3531451431994216e-15
6346.0 1.3410074326235028e-15
6347.47 1.3527669124816196e-15
6348.94 1.3858648515264744e-15
6350.41 1.3902753976524312e-15
6351.88 1.3889974786123092e-15
6353.35 1.3497331449846894e-15
6354.82 1.4037538845625834e-15
6356.29 1.4125521483131691e-15
6357.76 1.3632622813991365e-15
6359.23 1.3755291170188115e-15
6360.7 1.323195951045057e-15
6362.17 1.305732759257438e-15
6363.64 1.2703707963936394e-15
6365.11 1.3029166850519253e-15
6366.58 1.3266490692324428e-15
6368.05 1.322443469292633e-15
6369.52 1.3612838781282626e-15
6370.99 1.383548996655435e-15
6372.46 1.392776280082574e-15
6373.93 1.2817288879694657e-15
6375.4 1.2849210029681274e-15
6376.87 1.3284479371235322e-15
6378.34 1.2877665478099812e-15
6379.81 1.3291004621033688e-15
6381.28 1.3064710541941097e-15
6382.75 1.2902354747089234e-15
6384.22 1.2823562061571496e-15
6385.69 1.3098170011951444e-15
6387.16 1.2802961762217458e-15
6388.63 1.3401471446587694e-15
6390.1 1.3331146116457927e-15
6391.57 1.3436454004205056e-15
6393.04 1.2937443099894973e-15
6394.51 1.2654945193857294e-15
6395.98 1.289845200963365e-15
6397.45 1.2700253244781248e-15
6398.92 1.263696941826881e-15
6400.39 1.295473951631671e-15
6401.86 1.2703470101579932e-15
6403.33 1.2796610030777862e-15
6404.8 1.3131882936716638e-15
6406.27 1.3645855696264676e-15
6407.74 1.368180168280692e-15
6409.21 1.3297132736361244e-15
6410.68 1.285002456049044e-15
6412.15 1.303155557440379e-15
6413.62 1.3034151675344609e-15
6415.09 1.336096957843778e-15
6416.56 1.3239761551380698e-15
6418.03 1.3384534974196228e-15
6419.5 1.3496460893694876e-15
6420.97 1.3553412714272874e-15
6422.44 1.3606706329373874e-15
6423.91 1.3507313400266514e-15
6425.38 1.423034498454507e-15
6426.85 1.4143782814021892e-15
6428.32 1.4386717668876978e-15
6429.79 1.412968515352899e-15
6431.26 1.483840745780754e-15
6432.73 1.5271734456169339e-15
6434.2 1.4247772219308798e-15
6435.67 1.5324232811585649e-15
6437.14 1.6330517299343455e-15
6438.61 1.5935948219100678e-15
6440.08 1.666867208069705e-15
6441.55 1.6639703164227992e-15
6443.02 1.610167217163214e-15
6444.49 1.664534115291272e-15
6445.96 1.7505382865948483e-15
6447.43 1.766270299877476e-15
6448.9 1.789302254104034e-15
6450.37 1.7928751379224265e-15
6451.84 1.816911226724391e-15
6453.31 1.934947625757824e-15
6454.78 1.9073803085559016e-15
6456.25 1.911463948404877e-15
6457.72 1.9118861551787428e-15
6459.19 1.9632282340170246e-15
6460.66 1.962203194291029e-15
6462.13 1.937693382032667e-15
6463.6 2.055764491627559e-15
6465.07 2.1407671298854e-15
6466.54 2.121126955610857e-15
6468.01 2.119362091174442e-15
6469.48 2.1855684850132584e-15
6470.95 2.162024226223276e-15
6472.42 2.1591190111523925e-15
6473.89 2.2302162150060786e-15
6475.36 2.1428179615518597e-15
6476.83 2.1134532314299755e-15
6478.3 2.2304873985917967e-15
6479.77 2.276356169274688e-15
6481.24 2.2904790596213656e-15
6482.71 2.245554927091879e-15
6484.18 2.2095890393743704e-15
6485.65 2.308414385880486e-15
6487.12 2.3913044696041445e-15
6488.59 2.438685272852292e-15
6490.06 2.482975310431516e-15
6491.53 2.4375448253075087e-15
6493.0 2.4149432680621166e-15
6494.47 2.457279147503037e-15
6495.94 2.552357331078341e-15
6497.41 2.6062454855977145e-15
6498.88 2.5759700119109224e-15
6500.35 2.6346420782530022e-15
6501.82 2.6547755136541423e-15
6503.29 2.6687402715640386e-15
6504.76 2.6859445003785613e-15
6506.23 2.63055253269101e-15
6507.7 2.652847424004516e-15
6509.17 2.7534608676074454e-15
6510.64 2.7337209821710833e-15
6512.11 2.6821857613822266e-15
6513.58 2.7088256025287807e-15
6515.05 2.7271438135980448e-15
6516.52 2.7430605407544034e-15
6517.99 2.6361447029903333e-15
6519.46 2.6098224377400845e-15
6520.93 2.6939759883463416e-15
6522.4 2.754907862938665e-15
6523.87 2.8403322438124655e-15
6525.34 2.814677669024175e-15
6526.81 2.797776761832991e-15
6528.28 2.88706968338094e-15
6529.75 2.786091330874209e-15
6531.22 2.8147012306299918e-15
6532.69 2.785738531915112e-15
6534.16 2.7636317013894274e-15
6535.63 2.771963218149287e-15
6537.1 2.780204453615683e-15
6538.57 2.833638765049152e-15
6540.04 2.855022818620703e-15
6541.51 2.8490066558594217e-15
6542.98 2.90738004528621e-15
6544.45 2.8656180798446297e-15
6545.92 2.792339996883958e-15
6547.39 2.8315542341860893e-15
6548.86 2.8731627483397565e-15
6550.33 2.8637059407506075e-15
6551.8 2.9446637025618705e-15
6553.27 2.929507717938346e-15
6554.74 2.8354333101712213e-15
6556.21 2.786878171038984e-15
6557.68 2.8781832228521254e-15
6559.15 2.863828769965533e-15
6560.62 2.8225121754944053e-15
6562.09 2.7419385068233767e-15
6563.56 2.8094747771338366e-15
6565.03 2.7614886731950516e-15
6566.5 2.7470145096968636e-15
6567.97 2.9241923333401545e-15
6569.44 2.934558335485728e-15
6570.91 2.8807694142962353e-15
6572.38 2.8270461897194364e-15
6573.85 2.790118025852747e-15
6575.32 2.811231675759062e-15
6576.79 2.8733920287476044e-15
6578.26 2.8591885656898207e-15
6579.73 2.7884497551148414e-15
6581.2 2.8091094804890114e-15
6582.67 2.935825395591137e-15
6584.14 2.893168081276888e-15
6585.61 2.816159803624149e-15
6587.08 2.8306258699475277e-15
6588.55 2.7710582147604005e-15
6590.02 2.7461548743104774e-15
6591.49 2.7722664243980134e-15
6592.96 2.836058470135203e-15
6594.43 2.7616293110858718e-15
6595.9 2.7015451166748665e-15
6597.37 2.7433319458016574e-15
6598.84 2.7615791395191656e-15
6600.31 2.7830981404970133e-15
6601.78 2.8202968687416208e-15
6603.25 2.8404239427894143e-15
6604.72 2.8451859072912247e-15
6606.19 2.899542764948476e-15
6607.66 2.9574510231910384e-15
6609.13 2.9410133218881865e-15
6610.6 2.836927664589201e-15
6612.07 2.6916410340214972e-15
6613.54 2.6746313700174243e-15
6615.01 2.725010775612726e-15
6616.48 2.8209007836470546e-15
6617.95 2.7375388943575017e-15
6619.42 2.6753790909329648e-15
6620.89 2.6735541290291985e-15
6622.36 2.6813393752728765e-15
6623.83 2.732874468491585e-15
6625.3 2.7448543321015925e-15
6626.77 2.69030026203648e-15
6628.24 2.745985696150627e-15
6629.71 2.730873902986635e-15
6631.18 2.6495171656285567e-15
6632.65 2.626358258661914e-15
6634.12 2.615217348594566e-15
6635.59 2.641437578394565e-15
6637.06 2.6364820336886854e-15
6638.53 2.6502702122156254e-15
6640.0 2.6375370333775557e-15
6641.47 2.6364630260904417e-15
6642.94 2.6091868097995436e-15
6644.41 2.566742805039285e-15
6645.88 2.523570370097057e-15
6647.35 2.5372566703560645e-15
6648.82 2.5853920119054833e-15
6650.29 2.5298455658071064e-15
6651.76 2.4521845995021553e-15
6653.23 2.4738045140813597e-15
6654.7 2.5369017238237275e-15
6656.17 2.4848341675611953e-15
6657.64 2.4783058074738656e-15
6659.11 2.5059396300020486e-15
6660.58 2.471719929838319e-15
6662.05 2.4372186380386974e-15
6663.52 2.4874042784873606e-15
6664.99 2.469543993946858e-15
6666.46 2.424414378621268e-15
6667.93 2.358010349767025e-15
6669.4 2.3850838808479945e-15
6670.87 2.426831676323403e-15
6672.34 2.3280227456731735e-15
6673.81 2.3438408189345208e-15
6675.28 2.3932155268208664e-15
6676.75 2.3451571445624442e-15
6678.22 2.281380769527173e-15
6679.69 2.2447728638607293e-15
6681.16 2.3332020353594722e-15
6682.63 2.347114648910843e-15
6684.1 2.282999619031617e-15
6685.57 2.2383277961304766e-15
6687.04 2.19094920287809e-15
6688.51 2.2013095779520587e-15
6689.98 2.2497036301485244e-15
6691.45 2.2390302724368185e-15
6692.92 2.2173223622503e-15
6694.39 2.207472323868048e-15
6695.86 2.1970357203323596e-15
6697.33 2.1204474406165366e-15
6698.8 2.1054919061888263e-15
6700.27 2.198501776443146e-15
6701.74 2.1582985701633382e-15
6703.21 2.0811703257317965e-15
6704.68 2.0749239650026674e-15
6706.15 2.0412182189598632e-15
6707.62 2.055937213052969e-15
6709.09 2.0974843186188047e-15
6710.56 2.094210821751143e-15
6712.03 2.0969576405718414e-15
6713.5 2.013555397855288e-15
6714.97 1.953904189104443e-15
6716.44 2.008384399562788e-15
6717.91 2.0105820488929596e-15
6719.38 1.977653455151423e-15
6720.85 1.9825097870058753e-15
6722.32 2.035376871177833e-15
6723.79 2.0328255816290088e-15
6725.26 1.931130930080591e-15
6726.73 1.8964819167017908e-15
6728.2 1.928116233861279e-15
6729.67 1.9473354825422587e-15
6731.14 1.9645057582000845e-15
6732.61 1.954164396612777e-15
6734.08 1.9510183502999338e-15
6735.55 1.9384662209740464e-15
6737.02 1.9040224041843124e-15
6738.49 1.881649659483446e-15
6739.96 1.90899093326299e-15
6741.43 1.910128799533392e-15
6742.9 1.865653631516924e-15
6744.37 1.887261995867011e-15
6745.84 1.8736505120223127e-15
6747.31 1.869428303751384e-15
6748.78 1.9115646075604703e-15
6750.25 1.848108310446436e-15
6751.72 1.8371601295646735e-15
6753.19 1.856494621502173e-15
6754.66 1.8232714407008906e-15
6756.13 1.8452691815239576e-15
6757.6 1.8865852776622452e-15
6759.07 1.8796753294934675e-15
6760.54 1.844715238279919e-15
6762.01 1.8342858001043088e-15
6763.48 1.8469945087180904e-15
6764.95 1.8252290451609024e-15
6766.42 1.8066773790861552e-15
6767.89 1.7335188823539245e-15
6769.36 1.7614437503725508e-15
6770.83 1.757492053031225e-15
6772.3 1.7243257757916613e-15
6773.77 1.825482696879043e-15
6775.24 1.7972219615959426e-15
6776.71 1.7454462809498484e-15
6778.18 1.7392980501403903e-15
6779.65 1.7224009069594362e-15
6781.12 1.6722836406688209e-15
6782.59 1.663598077918954e-15
6784.06 1.6993785770213418e-15
6785.53 1.6708845976494793e-15
6787.0 1.6178468637233819e-15
6788.47 1.6358926537526817e-15
6789.94 1.6697368807916826e-15
6791.41 1.6775833021973805e-15
6792.88 1.6768684563610882e-15
6794.35 1.6000701956087458e-15
6795.82 1.6275939787850636e-15
6797.29 1.6837282586793425e-15
6798.76 1.6774673218595697e-15
6800.23 1.6018629467782238e-15
6801.7 1.6097587729758478e-15
6803.17 1.65771900037453e-15
6804.64 1.7065003959256702e-15
6806.11 1.681500310835078e-15
6807.58 1.6205508598424985e-15
6809.05 1.6537592457589834e-15
6810.52 1.6706645372170985e-15
6811.99 1.630286519752912e-15
6813.46 1.6108384116551521e-15
6814.93 1.5986436595462023e-15
6816.4 1.6436484363774806e-15
6817.87 1.5941419229144144e-15
6819.34 1.5919896641758158e-15
6820.81 1.6064379717679954e-15
6822.28 1.5897551669137743e-15
6823.75 1.5764184064511964e-15
6825.22 1.5621051892986259e-15
6826.69 1.5959585101054083e-15
6828.16 1.5528423886212774e-15
6829.63 1.5931133858407409e-15
6831.1 1.5822844084283222e-15
6832.57 1.5584988142568218e-15
6834.04 1.5337721564236887e-15
6835.51 1.5780929906818454e-15
6836.98 1.551600983536809e-15
6838.45 1.4687960167207155e-15
6839.92 1.4880003326290252e-15
6841.39 1.5623054211632807e-15
6842.86 1.5259062278937874e-15
6844.33 1.534981794894651e-15
6845.8 1.56453547408245e-15
6847.27 1.556059323456392e-15
6848.74 1.5231146184422488e-15
6850.21 1.5667151247978538e-15
6851.68 1.5889109765292584e-15
6853.15 1.5458702540280898e-15
6854.62 1.4912665994857064e-15
6856.09 1.4943688312233042e-15
6857.56 1.5431744573114228e-15
6859.03 1.5990995437995298e-15
6860.5 1.5786104093894023e-15
6861.97 1.5027222636629903e-15
6863.44 1.4408788595478514e-15
6864.91 1.3873210486160367e-15
6866.38 1.4792589108117814e-15
6867.85 1.503774207954582e-15
6869.32 1.464109011715825e-15
6870.79 1.4843471484940575e-15
6872.26 1.506528079868194e-15
6873.73 1.4824497827158985e-15
6875.2 1.4275399260777892e-15
6876.67 1.4419333009460157e-15
6878.14 1.3936599934818347e-15
6879.61 1.429159536281172e-15
6881.08 1.4756069140659633e-15
6882.55 1.46946203694449e-15
6884.02 1.5124223180506855e-15
6885.49 1.4866631446729809e-15
6886.96 1.482754051398914e-15
6888.43 1.4894194766575689e-15
6889.9 1.4514678808970264e-15
6891.37 1.4188319256611923e-15
6892.84 1.4545765190833581e-15
6894.31 1.4285156347587259e-15
6895.78 1.3855730350839924e-15
6897.25 1.4421320470616097e-15
6898.72 1.4984964292031785e-15
6900.19 1.4090708044413943e-15
6901.66 1.3677517279853375e-15
6903.13 1.3828144616838316e-15
6904.6 1.3958454296518183e-15
6906.07 1.4289006696779453e-15
6907.54 1.4113965166565835e-15
6909.01 1.4249778339300988e-15
6910.48 1.4318493774172914e-15
6911.95 1.4019191543588254e-15
6913.42 1.408329790685505e-15
6914.89 1.3886240559573917e-15
6916.36 1.3791201720938514e-15
6917.83 1.4211445272509921e-15
6919.3 1.425623630371745e-15
6920.77 1.3972966065523006e-15
6922.24 1.3908088316214924e-15
6923.71 1.3960545471212504e-15
6925.18 1.352350840784235e-15
6926.65 1.3440970496344439e-15
6928.12 1.331908514187852e-15
6929.59 1.3013992470156557e-15
6931.06 1.3523455214419476e-15
6932.53 1.3865449504138594e-15
6934.0 1.343919653524241e-15
6935.47 1.33994689187269e-15
6936.94 1.3417956926584703e-15
6938.41 1.335157867827954e-15
6939.88 1.3369354867739922e-15
6941.35 1.3275113853632068e-15
6942.82 1.3198436235230182e-15
6944.29 1.3097237685725379e-15
6945.76 1.341507531334486e-15
6947.23 1.3759377216464664e-15
6948.7 1.385789493518019e-15
6950.17 1.388142343977081e-15
6951.64 1.3536713317987089e-15
6953.11 1.3266688807820756e-15
6954.58 1.3127523248793955e-15
6956.05 1.301589013152496e-15
6957.52 1.315638353329941e-15
6958.99 1.3799249853081187e-15
6960.46 1.4240001719174775e-15
6961.93 1.3673949275035874e-15
6963.4 1.3836736001117104e-15
6964.87 1.4130788505881511e-15
6966.34 1.3677066927476022e-15
6967.81 1.3955269910587089e-15
6969.28 1.4260437062615583e-15
6970.75 1.3891385358008137e-15
6972.22 1.3810246529847914e-15
6973.69 1.4110936577032016e-15
6975.16 1.4098521709955182e-15
6976.63 1.4124340800204749e-15
6978.1 1.3815560793473464e-15
6979.57 1.3763091630742413e-15
6981.04 1.3578093696034394e-15
6982.51 1.311161504013727e-15
6983.98 1.338903183059418e-15
6985.45 1.3593088736501596e-15
6986.92 1.347447198383517e-15
6988.39 1.3665061166347613e-15
6989.86 1.3662403272325886e-15
6991.33 1.3059501804425729e-15
6992.8 1.3387598667324089e-15
6994.27 1.3874583815955575e-15
6995.74 1.350324550369937e-15
6997.21 1.3421574361808985e-15
6998.68 1.3128967599658649e-15
7000.15 1.2931838438395855e-15
7001.62 1.3279850630015923e-15
7003.09 1.3560536907095786e-15
7004.56 1.3287180381291576e-15
7006.03 1.2737903185356104e-15
7007.5 1.3108935723687977e-15
7008.97 1.3503149934536935e-15
7010.44 1.3279949661143049e-15
7011.91 1.3119868198521604e-15
7013.38 1.3557022946890027e-15
7014.85 1.3663758996233999e-15
7016.32 1.3821461476305735e-15
7017.79 1.3578150386028723e-15
7019.26 1.3358874554530335e-15
7020.73 1.4066769835053127e-15
7022.2 1.4005994705789697e-15
7023.67 1.3822039692274124e-15
7025.14 1.3057800026205161e-15
7026.61 1.2635368194116279e-15
7028.08 1.2850581746479528e-15
7029.55 1.3043313330285504e-15
7031.02 1.3617721713459525e-15
7032.49 1.364119255829525e-15
7033.96 1.3340325114834283e-15
7035.43 1.3615905404632475e-15
7036.9 1.3290912548629923e-15
7038.37 1.2938213350893095e-15
7039.84 1.2762095712724478e-15
7041.31 1.2862286814375172e-15
7042.78 1.301398065832637e-15
7044.25 1.3216373869814584e-15
7045.72 1.3591580669309971e-15
7047.19 1.3266569368233395e-15
7048.66 1.3389147151964656e-15
7050.13 1.2871872804444583e-15
7051.6 1.2364104680681873e-15
7053.07 1.2714510527038677e-15
7054.54 1.3385907688749463e-15
7056.01 1.351262674239787e-15
7057.48 1.2633105714375875e-15
7058.95 1.2433865718242248e-15
7060.42 1.2813030675048045e-15
7061.89 1.3060530936795098e-15
7063.36 1.3246221678866393e-15
7064.83 1.3537347172562526e-15
7066.3 1.4227636773245982e-15
7067.77 1.44434559393859e-15
7069.24 1.439530343317996e-15
7070.71 1.43826578260262e-15
7072.18 1.3473171802747132e-15
7073.65 1.327924797917325e-15
7075.12 1.3273579859340242e-15
7076.59 1.3191314790634858e-15
7078.06 1.3543538225297208e-15
7079.53 1.3611205619312954e-15
7081.0 1.3333917748188943e-15
7082.47 1.3267894111186325e-15
7083.94 1.3067159715030435e-15
7085.41 1.2931434717364502e-15
7086.88 1.313977603063385e-15
7088.35 1.320057157945218e-15
7089.82 1.36392909407102e-15
7091.29 1.3168167213930023e-15
7092.76 1.2583427810865614e-15
7094.23 1.3014970367564953e-15
7095.7 1.3244324229176615e-15
7097.17 1.3267758183788636e-15
7098.64 1.3062498706749726e-15
7100.11 1.2709015586348436e-15
7101.58 1.2458994938179027e-15
7103.05 1.2701682506911834e-15
7104.52 1.2795648550853482e-15
7105.99 1.313830375500899e-15
7107.46 1.2545013536944702e-15
7108.93 1.2172610968071259e-15
7110.4 1.3184481452576705e-15
7111.87 1.290413511151825e-15
7113.34 1.2381503522014005e-15
7114.81 1.2937039592375314e-15
7116.28 1.3084682269641215e-15
7117.75 1.3328917267790935e-15
7119.22 1.3676874752706911e-15
7120.69 1.344982625894664e-15
7122.16 1.3023201963388163e-15
7123.63 1.223361137180735e-15
7125.1 1.2576090657366848e-15
7126.57 1.2857231694873415e-15
7128.04 1.3036800303716157e-15
7129.51 1.366685449727812e-15
7130.98 1.3443144646932877e-15
7132.45 1.2726674386165333e-15
7133.92 1.265198658474556e-15
7135.39 1.2955298474257065e-15
7136.86 1.341347429461914e-15
7138.33 1.3032238183748558e-15
7139.8 1.268478164120444e-15
7141.27 1.3054967761710826e-15
7142.74 1.338063788653777e-15
7144.21 1.3016171490962083e-15
7145.68 1.2752183308387944e-15
7147.15 1.2863872878686293e-15
7148.62 1.2876885622065259e-15
7150.09 1.2980727701111033e-15
7151.56 1.2994786151593566e-15
7153.03 1.2301930194968673e-15
7154.5 1.2263844507672544e-15
7155.97 1.2816309581501708e-15
7157.44 1.2782348698372335e-15
7158.91 1.2911468545753836e-15
7160.38 1.2426547041930347e-15
7161.85 1.2295219780038081e-15
7163.32 1.2447590263423738e-15
7164.79 1.1838686016908956e-15
7166.26 1.2163352050258548e-15
7167.73 1.2054726800169378e-15
7169.2 1.174300575683401e-15
7170.67 1.1611081767447134e-15
7172.14 1.1229444220646133e-15
7173.61 1.0705654638511895e-15
7175.08 1.0824196496277093e-15
7176.55 1.1420803598962521e-15
7178.02 1.1410665705361223e-15
7179.49 1.173144443528206e-15
7180.96 1.2041256097202355e-15
7182.43 1.1971524730643628e-15
7183.9 1.1896954444799007e-15
7185.37 1.1903598044305705e-15
7186.84 1.175158562894416e-15
7188.31 1.1429143819717222e-15
7189.78 1.1316846457762944e-15
7191.25 1.177750629371996e-15
7192.72 1.1699973555280368e-15
7194.19 1.1101828923519337e-15
7195.66 1.1479726735060271e-15
7197.13 1.1864795076270918e-15
7198.6 1.1567036680136997e-15
7200.07 1.1396222853331692e-15
7201.54 1.1469435439391361e-15
7203.01 1.1864589752035704e-15
7204.48 1.217574524342082e-15
7205.95 1.1964071508520526e-15
7207.42 1.1995830915963666e-15
7208.89 1.227297543716393e-15
7210.36 1.202184868476952e-15
7211.83 1.2420485554570857e-15
7213.3 1.2916051708303887e-15
7214.77 1.3078588111252668e-15
7216.24 1.3441098067743285e-15
7217.71 1.2764779679457766e-15
7219.18 1.2241623407297259e-15
7220.65 1.2613443033564956e-15
7222.12 1.2643508614313384e-15
7223.59 1.2470346654760736e-15
7225.06 1.2779444920862087e-15
7226.53 1.2818396718341197e-15
7228.0 1.2164321894541806e-15
7229.47 1.2198572184045714e-15
7230.94 1.2414809421819802e-15
7232.41 1.208812541021068e-15
7233.88 1.1881476325424504e-15
7235.35 1.1377829981061676e-15
7236.82 1.1384481715410127e-15
7238.29 1.1851075826792808e-15
7239.76 1.171596130587401e-15
7241.23 1.1506419043335618e-15
7242.7 1.1432681061325026e-15
7244.17 1.1652666699936563e-15
7245.64 1.1805248686441518e-15
7247.11 1.210956939974328e-15
7248.58 1.2291563095751843e-15
7250.05 1.1662043272596924e-15
7251.52 1.1161483958057176e-15
7252.99 1.0963972112599857e-15
7254.46 1.1104425475526974e-15
7255.93 1.1875468425866707e-15
7257.4 1.2453607731118627e-15
7258.87 1.2150982255708962e-15
7260.34 1.174081303309389e-15
7261.81 1.2081370608050729e-15
7263.28 1.1927164202611128e-15
7264.75 1.1328364259633563e-15
7266.22 1.1519282272080293e-15
7267.69 1.189014081914952e-15
7269.16 1.219488414350938e-15
7270.63 1.2121698753886625e-15
7272.1 1.1798562543228719e-15
7273.57 1.1941210362107636e-15
7275.04 1.1776769016111772e-15
7276.51 1.1456190387462484e-15
7277.98 1.1687203121915946e-15
7279.45 1.197306553267207e-15
7280.92 1.2240627133425377e-15
7282.39 1.273640337696278e-15
7283.86 1.3051984235104045e-15
7285.33 1.312329305038738e-15
7286.8 1.2362485715355248e-15
7288.27 1.1485763565294765e-15
7289.74 1.1383954940842598e-15
7291.21 1.1448335593517576e-15
7292.68 1.1563649643115278e-15
7294.15 1.1371863518809403e-15
7295.62 1.1892565376459824e-15
7297.09 1.2747301660267444e-15
7298.56 1.2804295601044439e-15
7300.03 1.2288073754094206e-15
7301.5 1.1950980510568788e-15
7302.97 1.1823985161066771e-15
7304.44 1.1596766015733655e-15
7305.91 1.1821894211832514e-15
7307.38 1.1682831353119846e-15
7308.85 1.100301979769739e-15
7310.32 1.1136368062898965e-15
7311.79 1.1721653045644535e-15
7313.26 1.2133212294397375e-15
7314.73 1.274951063026456e-15
7316.2 1.2661705860642928e-15
7317.67 1.207026476065062e-15
7319.14 1.1745663131468221e-15
7320.61 1.1929875751786828e-15
7322.08 1.1812328329981345e-15
7323.55 1.1626508602987887e-15
7325.02 1.181633245093982e-15
7326.49 1.2133917050191053e-15
7327.96 1.2380584953731603e-15
7329.43 1.2715491199874237e-15
7330.9 1.2849168753534937e-15
7332.37 1.2343907499164365e-15
7333.84 1.2135590534483718e-15
7335.31 1.2440719340200087e-15
7336.78 1.2614141149119927e-15
7338.25 1.1955960585149487e-15
7339.72 1.1683476798833549e-15
7341.19 1.295954223034596e-15
7342.66 1.349283039358894e-15
7344.13 1.231713944606775e-15
7345.6 1.1822999243190676e-15
7347.07 1.2304342043579457e-15
7348.54 1.2237837696801327e-15
7350.01 1.177598269425986e-15
7351.48 1.2072091030241376e-15
7352.95 1.262902790179179e-15
7354.42 1.2722268106120109e-15
7355.89 1.2874386849950541e-15
7357.36 1.2864187165059967e-15
7358.83 1.2175821925986555e-15
7360.3 1.1684215769263099e-15
7361.77 1.2168686534263409e-15
7363.24 1.2714624898220392e-15
7364.71 1.2608130583707945e-15
7366.18 1.251034787402498e-15
7367.65 1.2836772814431722e-15
7369.12 1.2589858412030814e-15
7370.59 1.174690394046119e-15
7372.06 1.2101181915946675e-15
7373.53 1.2858141773954916e-15
7375.0 1.2487267779972883e-15
7376.47 1.2169175283348903e-15
7377.94 1.27164563737603e-15
7379.41 1.2740005890190342e-15
7380.88 1.2015386233452347e-15
7382.35 1.2551612035138963e-15
7383.82 1.3068522930323662e-15
7385.29 1.2458548582091014e-15
7386.76 1.1929860875521557e-15
7388.23 1.245356014409076e-15
7389.7 1.2709263128106041e-15
7391.17 1.23189600425553e-15
7392.64 1.2336008638065793e-15
7394.11 1.2308093701004594e-15
7395.58 1.2509922261517372e-15
7397.05 1.237004772442884e-15
7398.52 1.2125739360378918e-15
7399.99 1.3150257145715785e-15
7401.46 1.3545112270065762e-15
7402.93 1.330361709361431e-15
7404.4 1.3329900475967567e-15
7405.87 1.2604215869626524e-15
7407.34 1.2147666304924977e-15
7408.81 1.2419763311984043e-15
7410.28 1.274580127140419e-15
7411.75 1.2470026628618324e-15
7413.22 1.241428433377448e-15
7414.69 1.2593459077736618e-15
7416.16 1.2381735424761974e-15
7417.63 1.25167030101362e-15
7419.1 1.2469448807368574e-15
7420.57 1.2075384918292254e-15
7422.04 1.21110824272958e-15
7423.51 1.21179490923064e-15
7424.98 1.2384015864924932e-15
7426.45 1.331891832806493e-15
7427.92 1.3541200287357287e-15
7429.39 1.2983986739423355e-15
7430.86 1.2665148670903539e-15
7432.33 1.2681823744742216e-15
7433.8 1.279645941596542e-15
7435.27 1.2649213131938272e-15
7436.74 1.2554548554454783e-15
7438.21 1.2804748414767999e-15
7439.68 1.2820724457358555e-15
7441.15 1.2639951158593337e-15
7442.62 1.2667373696786047e-15
7444.09 1.2340758800920868e-15
7445.56 1.2437517589198909e-15
7447.03 1.2651654457583567e-15
7448.5 1.2166784109007146e-15
7449.97 1.241964092494469e-15
7451.44 1.2832072687111627e-15
7452.91 1.2675878745122725e-15
7454.38 1.2246560573895391e-15
7455.85 1.2085831029075853e-15
7457.32 1.244454376963354e-15
7458.79 1.3100507022754213e-15
7460.26 1.3083117165509284e-15
7461.73 1.2902376275233815e-15
7463.2 1.2749211008408944e-15
7464.67 1.2329360621758744e-15
7466.14 1.2678750239247078e-15
7467.61 1.3034236233087178e-15
7469.08 1.2379792951341915e-15
7470.55 1.2026879869584158e-15
7472.02 1.2386701810031974e-15
7473.49 1.267878410398612e-15
7474.96 1.2637261769776905e-15
7476.43 1.243121329611914e-15
7477.9 1.249888251357949e-15
7479.37 1.2289556011465357e-15
7480.84 1.2252024226976475e-15
7482.31 1.2396898939222725e-15
7483.78 1.2817362048849065e-15
7485.25 1.3192928662947015e-15
7486.72 1.2535806528473722e-15
7488.19 1.2520016529466315e-15
7489.66 1.22455269282505e-15
7491.13 1.1384626751234402e-15
7492.6 1.151726862666843e-15
7494.07 1.1796933414193819e-15
7495.54 1.2431523373334118e-15
7497.01 1.2239963860207772e-15
7498.48 1.160221827643692e-15
7499.95 1.1642319488734307e-15
7501.42 1.1889190092895126e-15
7502.89 1.2426787127512111e-15
7504.36 1.2817726665212264e-15
7505.83 1.2661147451058434e-15
7507.3 1.2063719832058344e-15
7508.77 1.1766472808834668e-15
7510.24 1.1880753026483986e-15
7511.71 1.1971362415633309e-15
7513.18 1.1961429437037771e-15
7514.65 1.1685641762212149e-15
7516.12 1.1663510128501769e-15
7517.59 1.1815245549621565e-15
7519.06 1.1595633616657727e-15
7520.53 1.197157856768576e-15
7522.0 1.2262152943424435e-15
7523.47 1.1916189410129388e-15
7524.94 1.2312441660238633e-15
7526.41 1.2541333417688375e-15
7527.88 1.1337121433896012e-15
7529.35 1.0669322522326337e-15
7530.82 1.128691011029817e-15
7532.29 1.1749059308386263e-15
7533.76 1.1353872228610317e-15
7535.23 1.1493036749424813e-15
7536.7 1.2090078303932674e-15
7538.17 1.1782551457253052e-15
7539.64 1.1030216590021279e-15
7541.11 1.0807947085136735e-15
7542.58 1.1394056757252433e-15
7544.05 1.1361390850947975e-15
7545.52 1.0886144597707092e-15
7546.99 1.1326765166217755e-15
7548.46 1.1306123765414433e-15
7549.93 1.1037284330896086e-15
7551.4 1.1140164472594106e-15
7552.87 1.1126390158452858e-15
7554.34 1.1135440027672245e-15
7555.81 1.0946999975008786e-15
