4350.154 1.273540703885822e-16
4351.81049 1.2817904926209245e-16
4353.46698 1.290039962301568e-16
4355.12347 1.5478330231815114e-16
4356.77996 1.8056859613669566e-16
4358.43645 2.246336026410412e-16
4360.09294 2.687017429613258e-16
4361.74943 2.335392422319543e-16
4363.40592 1.9835428181016747e-16
4365.06241 1.5388658729668764e-16
4366.7189 1.094183924635825e-16
4368.37539 2.0016340342994743e-16
4370.03188 2.909467355857698e-16
4371.68837 3.4658207936177097e-16
4373.34486 4.021927190871107e-16
4375.00135 3.536577448444457e-16
4376.65784 3.050606167416368e-16
4378.31433 3.0703310343738134e-16
4379.97082 3.0903723721439404e-16
4381.62731 3.060409666317397e-16
4383.2838 3.0304166109755567e-16
4384.94029 2.808804536365209e-16
4386.59678 2.58702597416241e-16
4388.25327 2.31274118762364e-16
4389.90976 2.0384223511066488e-16
4391.56625 1.4666008948014373e-16
4393.22274 8.945303872541429e-17
4394.87923 1.2525438049936723e-16
4396.53572 1.6114198541102486e-16
4398.19221 1.5776242086197547e-16
4399.8487 1.5434554457923079e-16
4401.50519 1.8729182049046695e-16
4403.16168 2.2028177538149538e-16
4404.81817 2.2099731102863218e-16
4406.47466 2.216722469529879e-16
4408.13115 1.7027743150174117e-16
4409.78764 1.1881968001285866e-16
4411.44413 1.5936405458097984e-16
4413.10062 2.0002297323509114e-16
4414.75711 2.543334121110441e-16
4416.4136 3.0865825853300225e-16
4418.07009 3.011365231805017e-16
4419.72658 2.9351801974159934e-16
4421.38307 2.534333583296017e-16
4423.03956 2.13299700248536e-16
4424.69605 1.8348679076121028e-16
4426.35254 1.536918810122643e-16
4428.00903 1.48248506721841e-16
4429.66552 1.428441494170085e-16
4431.32201 2.1461108949628695e-16
4432.9785 2.8649721990906083e-16
4434.63499 2.356102606217898e-16
4436.29148 1.8449371639599317e-16
4437.94797 1.9158189651614358e-16
4439.60446 1.987802115048553e-16
4441.26095 1.6203462717588848e-16
4442.91744 1.252073812677863e-16
4444.57393 1.7943279567349592e-16
4446.23042 2.3382921260042686e-16
4447.88691 2.558681399039552e-16
4449.5434 2.7784381794405606e-16
4451.19989 3.0608104903556133e-16
4452.85638 3.3433058090187627e-16
4454.51287 3.645223672783569e-16
4456.16936 3.9471676704001863e-16
4457.82585 2.9852945462603274e-16
4459.48234 2.0206612454239e-16
4461.13883 1.5706188819313186e-16
4462.79532 1.12175027696978e-16
4464.45181 1.8717287518980752e-16
4466.1083 2.6246978908236647e-16
4467.76479 3.0595237085972363e-16
4469.42128 3.4935182497208765e-16
4471.07777 2.6264896138608253e-16
4472.73426 1.7562023053836435e-16
4474.39075 2.4643041755603024e-16
4476.04724 3.176388103999201e-16
4477.70373 2.5109923731117556e-16
4479.36022 1.8421158801048688e-16
4481.01671 1.8032213481039477e-16
4482.6732 1.7661252452876752e-16
4484.32969 2.715176031599021e-16
4485.98618 3.666991234183836e-16
4487.64267 2.176706875682768e-16
4489.29916 6.795135049672334e-17
4490.95565 9.70200747249458e-17
4492.61214 1.2660019444313795e-16
4494.26863 1.7578650745214783e-16
4495.92512 2.2502641499003214e-16
4497.58161 2.1732076248188969e-16
4499.2381 2.0943485537099332e-16
4500.89459 2.6326549357401545e-16
4502.55108 3.172892790075508e-16
4504.20757 2.9710737177768276e-16
4505.86406 2.766902415883844e-16
4507.52055 3.0533065887853463e-16
4509.17704 3.341260171392397e-16
4510.83353 3.556556612101582e-16
4512.49002 3.7716084660822794e-16
4514.14651 2.895015290413563e-16
4515.803 2.014656010059194e-16
4517.45949 1.8911649669039656e-16
4519.11598 1.7703309397904293e-16
4520.77247 2.2622557961016677e-16
4522.42896 2.75630164748116e-16
4524.08545 2.535624618814895e-16
4525.74194 2.3124487324146737e-16
4527.39843 2.427498066157041e-16
4529.05492 2.54373110379567e-16
4530.71141 2.4976183616848666e-16
4532.3679 2.4508883352255337e-16
4534.02439 2.2037477163086367e-16
4535.68088 1.9558546337076988e-16
4537.33737 1.8735147561080953e-16
4538.99386 1.7918134516045336e-16
4540.65035 1.7690868048995938e-16
4542.30684 1.746587798840637e-16
4543.96333 1.6934553707503944e-16
4545.61982 1.6401994815075008e-16
4547.27631 1.6358253720468097e-16
4548.9328 1.6316537864061395e-16
4550.58929 1.5098008228297226e-16
4552.24578 1.3874668975277936e-16
4553.90227 1.7889909266912522e-16
4555.55876 2.1926669447339757e-16
4557.21525 2.1052725617127934e-16
4558.87174 2.0158413335696828e-16
4560.52823 2.1904314128374297e-16
4562.18472 2.366188215863689e-16
4563.84121 1.798491413400094e-16
4565.4977 1.227509554595309e-16
4567.15419 1.0423932891474691e-16
4568.81068 8.590119023958288e-17
4570.46717 8.975683134115187e-17
4572.12366 9.371155782860561e-17
4573.78015 1.204775575903471e-16
4575.43664 1.4734423992361092e-16
4577.09313 1.8114213942539629e-16
4578.74962 2.1497122272873705e-16
4580.40611 2.452844805783944e-16
4582.0626 2.755791424005319e-16
4583.71909 2.730490903715437e-16
4585.37558 2.7036188023485077e-16
4587.03207 1.958754865041607e-16
4588.68856 1.2104892377534868e-16
4590.34505 8.86912747272493e-17
4592.00154 5.653950851917043e-17
4593.65803 1.3114824868153197e-16
4595.31452 2.062974042460194e-16
4596.97101 2.1090825271316652e-16
4598.6275 2.1515847517470504e-16
4600.28399 1.9793793801727068e-16
4601.94048 1.80608577310914e-16
4603.59697 2.048291801939099e-16
4605.25346 2.292611376476882e-16
4606.90995 2.7893975351675804e-16
4608.56644 3.2874491170425677e-16
4610.22293 2.732095981388868e-16
4611.87942 2.171059494334749e-16
4613.53591 1.9595886417596713e-16
4615.1924 1.7500290153767504e-16
4616.84889 2.1104447490564312e-16
4618.50538 2.4739387105992067e-16
4620.16187 2.049288760355389e-16
4621.81836 1.6203728496889957e-16
4623.47485 1.629761303528311e-16
4625.13134 1.6416665781838968e-16
4626.78783 1.6530549862271373e-16
4628.44432 1.6644395699741396e-16
4630.10081 1.5766001125631807e-16
4631.7573 1.4881944531951605e-16
4633.41379 1.5665520850128797e-16
4635.07028 1.6458657394435891e-16
4636.72677 1.6942327658495308e-16
4638.38326 1.7424183614589288e-16
4640.03975 1.9822231609990042e-16
4641.69624 2.2231764150266856e-16
4643.35273 2.046783730586742e-16
4645.00922 1.867866907929476e-16
4646.66571 1.6763151379830252e-16
4648.3222 1.4846978624551228e-16
4649.97869 1.440733503995797e-16
4651.63518 1.3976703454211285e-16
4653.29167 1.6788172292943817e-16
4654.94816 1.9619224317494188e-16
4656.60465 1.7928295496969136e-16
4658.26114 1.6208566383820284e-16
4659.91763 1.4423475595006693e-16
4661.57412 1.2638071987951983e-16
4663.23061 1.8853597219776058e-16
4664.8871 2.511998387201709e-16
4666.54359 2.4804045042354795e-16
4668.20008 2.4445932899525163e-16
4669.85657 2.197101160345001e-16
4671.51306 1.9482655452539905e-16
4673.16955 1.8673823234845141e-16
4674.82604 1.7876316764814768e-16
4676.48253 2.0052753984236506e-16
4678.13902 2.224904836315602e-16
4679.79551 2.1215064101986868e-16
4681.452 2.0159409119958184e-16
4683.10849 1.8531076712860883e-16
4684.76498 1.6898982847897569e-16
4686.42147 1.7247525513773017e-16
4688.07796 1.7609395322868092e-16
4689.73445 1.4718861915196534e-16
4691.39094 1.1805606445632518e-16
4693.04743 8.644130265237359e-17
4694.70392 5.4810938873927775e-17
4696.36041 1.1112241718587372e-16
4698.0169 1.6805065020226198e-16
4699.67339 1.883248801054539e-16
4701.32988 2.0833919746659092e-16
4702.98637 1.7574710545921393e-16
4704.64286 1.427695860777038e-16
4706.29935 1.5840386910617071e-16
4707.95584 1.7439518007236683e-16
4709.61233 2.0861646754990514e-16
4711.26882 2.429700477553225e-16
4712.92531 2.601085778670629e-16
4714.5818 2.7711908891183986e-16
4716.23829 2.7191773083058613e-16
4717.89478 2.665527501032574e-16
4719.55127 2.3934792905413123e-16
4721.20776 2.1197698515241534e-16
4722.86425 1.714634694303589e-16
4724.52074 1.308513471134188e-16
4726.17723 1.6769432096375372e-16
4727.83372 2.051310585534816e-16
4729.49021 2.1124895199763984e-16
4731.1467 2.1712528141474017e-16
4732.80319 1.6671157359760187e-16
4734.45968 1.158670956711845e-16
4736.11617 1.3208054927368972e-16
4737.77266 1.488299822834505e-16
4739.42915 1.4635527984078343e-16
4741.08564 1.4372668702579988e-16
4742.74213 1.4911187241078962e-16
4744.39862 1.5456100601016963e-16
4746.05511 1.577202228205671e-16
4747.7116 1.608608739880928e-16
4749.36809 1.8534896791543736e-16
4751.02458 2.100070295268135e-16
4752.68107 1.6189948850062802e-16
4754.33756 1.1318852245479737e-16
4755.99405 1.3771201636339664e-16
4757.65054 1.6284469758021176e-16
4759.30703 2.0131589563858982e-16
4760.96352 2.398960699655809e-16
4762.62001 2.4976023570031856e-16
4764.2765 2.593840153391774e-16
4765.93299 2.478401699775235e-16
4767.58948 2.361201208874513e-16
4769.24597 1.9674882867418761e-16
4770.90246 1.5714051219395747e-16
4772.55895 2.1785830096585431e-16
4774.21544 2.79441629436702e-16
4775.87193 2.3062543595059593e-16
4777.52842 1.8085498667194739e-16
4779.18491 1.8630494993853259e-16
4780.8414 1.9223369975808645e-16
4782.49789 2.0077176162704732e-16
4784.15438 2.093327456139755e-16
4785.81087 1.7233204801457585e-16
4787.46736 1.3492427298492015e-16
4789.12385 1.7100997886096553e-16
4790.78034 2.0775418426201733e-16
4792.43683 2.1572581294980634e-16
4794.09332 2.23438110470294e-16
4795.74981 2.634212574383436e-16
4797.4063 3.0369249313201855e-16
4799.06279 3.4354228071055324e-16
4800.71928 3.8338571854554104e-16
4802.37577 4.210602779471134e-16
4804.03226 4.587123917573661e-16
4805.68875 4.1358845374510893e-16
4807.34524 3.6769613781382385e-16
4809.00173 3.4445427395238397e-16
4810.65822 3.214249777275319e-16
4812.31471 2.980059355386417e-16
4813.9712 2.745847026101441e-16
4815.62769 2.757638164252391e-16
4817.28418 2.7717974347881264e-16
4818.94067 2.437601173948446e-16
4820.59716 2.1000686651794418e-16
4822.25365 2.0544147286240097e-16
4823.91014 2.0115776441805877e-16
4825.56663 1.6227582363045773e-16
4827.22312 1.2306244625282703e-16
4828.87961 1.8582721618855036e-16
4830.5361 2.4957266337917127e-16
4832.19259 1.5752740292877097e-16
4833.84908 6.393674747169903e-17
4835.50557 1.1047622971384427e-16
4837.16206 1.5840880253569365e-16
4838.81855 1.7286310828675178e-16
4840.47504 1.8698281939029975e-16
4842.13153 2.159835678771547e-16
4843.78802 2.451309663161098e-16
4845.44451 1.9917609532768683e-16
4847.101 1.5247450765800543e-16
4848.75749 1.5894184286397933e-16
4850.41398 1.6595547086120694e-16
4852.07047 1.7874930556222185e-16
4853.72696 1.9160182121856443e-16
4855.38345 2.1447956997279674e-16
4857.03994 2.3745913602172596e-16
4858.69643 2.514135974600165e-16
4860.35292 2.6527426272733516e-16
4862.00941 2.782495606611923e-16
4863.6659 2.9121470010927523e-16
4865.32239 3.1158558924725246e-16
4866.97888 3.3203379117171187e-16
4868.63537 3.5610650261542556e-16
4870.29186 3.8021621230456334e-16
4871.94835 4.1302550263189557e-16
4873.60484 4.459252241026299e-16
4875.26133 3.9689047615602526e-16
4876.91782 3.469879741902055e-16
4878.57431 3.271272269093845e-16
4880.2308 3.0759619566391333e-16
4881.88729 2.7586655158586686e-16
4883.54378 2.4400544896161285e-16
4885.20027 2.51485606176199e-16
4886.85676 2.5939576899297774e-16
4888.51325 2.2571707070536105e-16
4890.16974 1.9158512621107845e-16
4891.82623 2.2526783394770743e-16
4893.48272 2.596913521095857e-16
4895.13921 2.190063535464689e-16
4896.7957 1.774783708781033e-16
4898.45219 1.7413058556730279e-16
4900.10868 1.7121299484798727e-16
4901.76517 1.8355021360433714e-16
4903.42166 1.960586059440818e-16
4905.07815 2.0088049365431527e-16
4906.73464 2.0561544485315355e-16
4908.39113 1.7263747411202446e-16
4910.04762 1.3923605725005863e-16
4911.70411 1.583099338237502e-16
4913.3606 1.7799051821430824e-16
4915.01709 1.8828670108366518e-16
4916.67358 1.9847351392328248e-16
4918.33007 2.511559753688693e-16
4919.98656 3.0432807006646923e-16
4921.64305 2.4489664385104806e-16
4923.29954 1.8416235162073045e-16
4924.95603 2.0628132707307082e-16
4926.61252 2.293607411142995e-16
4928.26901 2.4595264923891286e-16
4929.9255 2.6246628195593435e-16
4931.58199 2.1790841416474228e-16
4933.23848 1.7262542760396796e-16
4934.89497 1.6498810922566704e-16
4936.55146 1.578001272543119e-16
4938.20795 1.676774859775033e-16
4939.86444 1.7775783939617256e-16
4941.52093 1.6384219556029577e-16
4943.17742 1.4963371433187855e-16
4944.83391 1.536687387078654e-16
4946.4904 1.5792679116590156e-16
4948.14689 1.7931070052824993e-16
4949.80338 2.0090304262004268e-16
4951.45987 2.2134631187198747e-16
4953.11636 2.4177429202455116e-16
4954.77285 2.6777981050078475e-16
4956.42934 2.938521598123585e-16
4958.08583 2.3728662213179737e-16
4959.74232 1.7968598689945052e-16
4961.39881 2.37813908209936e-16
4963.0553 2.9739268562758573e-16
4964.71179 3.1749441924597993e-16
4966.36828 3.3709860627858965e-16
4968.02477 3.333168251443243e-16
4969.68126 3.292410848328099e-16
4971.33775 3.3567888733439696e-16
4972.99424 3.4224860994504735e-16
4974.65073 2.9965002421147894e-16
4976.30722 2.56420247287633e-16
4977.96371 2.1681161099227813e-16
4979.6202 1.7725204521678206e-16
4981.27669 1.3779042468136837e-16
4982.93318 9.833240457599541e-17
4984.58967 1.2382840027492973e-16
4986.24616 1.5016123874445892e-16
4987.90265 1.7406160295672356e-16
4989.55914 1.9792914358264158e-16
4991.21563 1.9123398383076767e-16
4992.87212 1.8413528574257553e-16
4994.52861 1.99263609502308e-16
4996.1851 2.1468493413865717e-16
4997.84159 2.184457512891627e-16
4999.49808 2.220520907236258e-16
5001.15457 1.7218241924049946e-16
5002.81106 1.2160791061986782e-16
5004.46755 1.294823327177697e-16
5006.12404 1.3813025642478337e-16
5007.78053 1.501116206030902e-16
5009.43702 1.6213741375844027e-16
5011.09351 1.4871512931729603e-16
5012.75 1.3494876298733756e-16
5014.40649 1.8409949126289984e-16
5016.06298 2.341003356179731e-16
5017.71947 2.1317164822850397e-16
5019.37596 1.9128212144326785e-16
5021.03245 2.0373160059681103e-16
5022.68894 2.1665678662349e-16
5024.34543 2.119618122786033e-16
5026.00192 2.0702264894695789e-16
5027.65841 1.8918347318416744e-16
5029.3149 1.711663002878467e-16
5030.97139 1.9936962582441104e-16
5032.62788 2.2821315116882147e-16
5034.28437 1.5704196895236528e-16
5035.94086 8.448546080756424e-17
5037.59735 7.996316221027082e-17
5039.25384 7.640743640872307e-17
5040.91033 1.2944460379708077e-16
5042.56682 1.8328247243849564e-16
5044.22331 1.9452466233105846e-16
5045.8798 2.0516093678410956e-16
5047.53629 1.9453795513985044e-16
5049.19278 1.836133645925501e-16
5050.84927 2.0472946889101825e-16
5052.50576 2.2630000763759686e-16
5054.16225 2.295505001001207e-16
5055.81874 2.3253457127140694e-16
5057.47523 1.8791183457915387e-16
5059.13172 1.4259984516177382e-16
5060.78821 1.4824006894250566e-16
5062.4447 1.5462073476175437e-16
5064.10119 1.769243129815453e-16
5065.75768 1.9945820606693284e-16
5067.41417 1.9360065915463674e-16
5069.07066 1.87330345875126e-16
5070.72715 1.8243792809196688e-16
5072.38364 1.7756627640377588e-16
5074.04013 1.6565764079757022e-16
5075.69662 1.536450956012962e-16
5077.35311 1.6505369027190536e-16
5079.0096 1.768098436721074e-16
5080.66609 1.4559137328782744e-16
5082.32258 1.137354996273263e-16
5083.97907 1.0743636148137164e-16
5085.63556 1.0151788035544839e-16
5087.29205 1.4934185601977066e-16
5088.94854 1.9797916003160866e-16
5090.60503 1.9779047438365441e-16
5092.26152 1.9686008306996785e-16
5093.91801 1.998225618696189e-16
5095.5745 2.0284404655321712e-16
5097.23099 2.0776957677050406e-16
5098.88748 2.1272376820211157e-16
5100.54397 2.3850017944712096e-16
5102.20046 2.645981340255804e-16
5103.85695 2.621632960139442e-16
5105.51344 2.592858982515198e-16
5107.16993 2.3897986470625075e-16
5108.82642 2.1840449829769646e-16
5110.48291 2.3966505952085536e-16
5112.1394 2.615740077937776e-16
5113.79589 2.333779196633416e-16
5115.45238 2.044051321731653e-16
5117.10887 1.9964849015907489e-16
5118.76536 1.9527583166019426e-16
5120.42185 2.149058820713885e-16
5122.07834 2.3491515998035945e-16
5123.73483 2.330410080577286e-16
5125.39132 2.3082009589370743e-16
5127.04781 2.2285260251258616e-16
5128.7043 2.1479444623446558e-16
5130.36079 1.8276995576310195e-16
5132.01728 1.5036709106394787e-16
5133.67377 1.6463604462544817e-16
5135.33026 1.7965912098931493e-16
5136.98675 2.0875363881096522e-16
5138.64324 2.380741447103237e-16
5140.29973 1.9553285473008532e-16
5141.95622 1.518311307419582e-16
5143.61271 1.6215768002482965e-16
5145.2692 1.7335824836113572e-16
5146.92569 1.7021957842788103e-16
5148.58218 1.668488711842427e-16
5150.23867 1.734997907372198e-16
5151.89516 1.8031575269836165e-16
5153.55165 2.0808414259333338e-16
5155.20814 2.361968269674112e-16
5156.86463 1.9524676574307878e-16
5158.52112 1.5315864375907536e-16
5160.17761 1.5674037153619806e-16
5161.8341 1.6107628289040637e-16
5163.49059 2.031680612660814e-16
5165.14708 2.4588136984492884e-16
5166.80357 2.3490024834879716e-16
5168.46006 2.2301605106395277e-16
5170.11655 1.986595273090336e-16
5171.77304 1.7409437594225142e-16
5173.42953 1.8168151671746576e-16
5175.08602 1.8980975614206967e-16
5176.74251 1.840543810307436e-16
5178.399 1.7806539122559816e-16
5180.05549 1.8260960230869393e-16
5181.71198 1.873343387362994e-16
5183.36847 2.0046390307199066e-16
5185.02496 2.1373697382149488e-16
5186.68145 1.8391538870681172e-16
5188.33794 1.5335564860574126e-16
5189.99443 2.1379755553374022e-16
5191.65092 2.7579898187215714e-16
5193.30741 2.5213694369694087e-16
5194.9639 2.2700451874151966e-16
5196.62039 2.019419468187345e-16
5198.27688 1.768819942880885e-16
5199.93337 1.9131736479322206e-16
5201.58986 2.0644281374317785e-16
5203.24635 2.1486779461002245e-16
5204.90284 2.2317507979310023e-16
5206.55933 2.6393780895504305e-16
5208.21582 3.05266451905457e-16
5209.87231 2.828675945141376e-16
5211.5288 2.5935401235953723e-16
5213.18529 2.412922718512677e-16
5214.84178 2.233286915015138e-16
5216.49827 1.918800587770575e-16
5218.15476 1.6019278571219877e-16
5219.81125 1.776976066035207e-16
5221.46774 1.9607857381156116e-16
5223.12423 1.89716617540293e-16
5224.78072 1.8291370901977374e-16
5226.43721 1.9809656221650945e-16
5228.0937 2.1367088496535845e-16
5229.75019 2.1917001008542848e-16
5231.40668 2.244859319264607e-16
5233.06317 2.0364230892957646e-16
5234.71966 1.8232489265519705e-16
5236.37615 1.5903411750257052e-16
5238.03264 1.3570876879702532e-16
5239.68913 1.4200097947180478e-16
5241.34562 1.488309297333553e-16
5243.00211 1.7528203823936244e-16
5244.6586 2.0208832038992125e-16
5246.31509 2.2767882257228253e-16
5247.97158 2.532454893775525e-16
5249.62807 2.177796838156559e-16
5251.28456 1.8118747663399067e-16
5252.94105 2.2762127405472504e-16
5254.59754 2.755879892816004e-16
5256.25403 2.793520036697123e-16
5257.91052 2.822981061951847e-16
5259.56701 2.087798520694158e-16
5261.2235 1.3382704762522867e-16
5262.87999 1.326454529936655e-16
5264.53648 1.3285177290299993e-16
5266.19297 1.5224987323707996e-16
5267.84946 1.7200811507318332e-16
5269.50595 1.8072968930056906e-16
5271.16244 1.892430404164169e-16
5272.81893 1.698004079783679e-16
5274.47542 1.4983236099879672e-16
5276.13191 1.9527828737241743e-16
5277.7884 2.4197416366298934e-16
5279.44489 2.515359025363137e-16
5281.10138 2.603862221536415e-16
5282.75787 2.069590200027429e-16
5284.41436 1.5234196736719477e-16
5286.07085 1.4110625144291583e-16
5287.72734 1.3070221640409415e-16
5289.38383 1.3513969191433006e-16
5291.04032 1.3986134557835963e-16
5292.69681 2.0001272946247387e-16
5294.3533 2.612405635578259e-16
5296.00979 2.2127978369752215e-16
5297.66628 1.7935023171308381e-16
5299.32277 1.9145456512375704e-16
5300.97926 2.0461104017305986e-16
5302.63575 2.3314662861700423e-16
5304.29224 2.619804803643441e-16
5305.94873 2.3683092369602966e-16
5307.60522 2.1063020733428576e-16
5309.26171 2.245699514864409e-16
5310.9182 2.393041730308467e-16
5312.57469 1.7265240026126567e-16
5314.23118 1.0439184606586358e-16
5315.88767 1.2432947984216928e-16
5317.54416 1.4601383086151078e-16
5319.20065 1.8766418139713608e-16
5320.85714 2.297081465202286e-16
5322.51363 2.1605530851682927e-16
5324.17012 2.0129879948248378e-16
5325.82661 2.167776189571462e-16
5327.4831 2.328644914500346e-16
5329.13959 2.0017307996766708e-16
5330.79608 1.6650084033701197e-16
5332.45257 1.767340091596648e-16
5334.10906 1.8785129973747604e-16
5335.76555 1.9172802554398026e-16
5337.42204 1.95458621779376e-16
5339.07853 1.9071929166748807e-16
5340.73502 1.8580682243404668e-16
5342.39151 1.9564914678189273e-16
5344.048 2.0579300662583482e-16
5345.70449 1.6978768879104314e-16
5347.36098 1.3283926708855595e-16
5349.01747 1.2501677775632462e-16
5350.67396 1.177912611098616e-16
5352.33045 1.3332665698850895e-16
5353.98694 1.4932761235540452e-16
5355.64343 1.4487122949900578e-16
5357.29992 1.3998951308201691e-16
5358.95641 1.329015361193983e-16
5360.6129 1.257680277496519e-16
5362.26939 1.6769532151608143e-16
5363.92588 2.106414119020739e-16
5365.58237 1.8723801794926476e-16
5367.23886 1.6245470457044578e-16
5368.89535 1.5413215872760831e-16
5370.55184 1.4615278087392487e-16
5372.20833 1.2837623514249238e-16
5373.86482 1.1039349705658756e-16
5375.52131 1.3421951982925187e-16
5377.1778 1.5892803576510205e-16
5378.83429 1.4309688181687376e-16
5380.49078 1.2640940135432728e-16
5382.14727 1.1480240042908538e-16
5383.80376 1.0330342846611749e-16
5385.46025 1.5452149724867988e-16
5387.11674 2.070638045796153e-16
5388.77323 1.8708832786690182e-16
5390.42972 1.6555689363823807e-16
5392.08621 1.8819252553226072e-16
5393.7427 2.11775313632109e-16
5395.39919 1.6485653055706023e-16
5397.05568 1.164259701771815e-16
5398.71217 1.5594249789917071e-16
5400.36866 1.9734641882209306e-16
5402.02515 1.6737238626281368e-16
5403.68164 1.3586597949584625e-16
5405.33813 1.5893020963737702e-16
5406.99462 1.831831623141338e-16
5408.65111 1.4187245892522383e-16
5410.3076 9.913424425536256e-17
5411.96409 1.2416736471224983e-16
5413.62058 1.5067738824124991e-16
5415.27707 1.3358458494151842e-16
5416.93356 1.1554134610414337e-16
5418.59005 1.0596393801833664e-16
5420.24654 9.657436836757411e-17
5421.90303 1.5054084534953507e-16
5423.55952 2.059069099389847e-16
5425.21601 1.9174303828762134e-16
5426.8725 1.7604059686784978e-16
5428.52899 2.1415186614172613e-16
5430.18548 2.534529712991456e-16
5431.84197 1.8485999046306536e-16
5433.49846 1.1388039015844985e-16
5435.15495 1.075806739369794e-16
5436.81144 1.0273438269676456e-16
5438.46793 1.0149234206815908e-16
5440.12442 1.0033134016648929e-16
5441.78091 1.0438647708759631e-16
5443.4374 1.0855865116431725e-16
5445.09389 1.2438151186778255e-16
5446.75038 1.404655213704078e-16
5448.40687 1.6357311678458391e-16
5450.06336 1.8683753525928235e-16
5451.71985 1.868937268684061e-16
5453.37634 1.864207520485493e-16
5455.03283 1.6286735889268687e-16
5456.68932 1.3878884473885158e-16
5458.34581 1.4469913408492364e-16
5460.0023 1.5129310210274944e-16
5461.65879 1.4256929583156778e-16
5463.31528 1.334964464475425e-16
5464.97177 1.7393291666677444e-16
5466.62826 2.1549726929669525e-16
5468.28475 1.9362985320118193e-16
5469.94124 1.7029595907126626e-16
5471.59773 1.714960214783525e-16
5473.25422 1.7326364406024644e-16
5474.91071 1.2947063724508494e-16
5476.5672 8.462532946158966e-17
5478.22369 8.293052097372532e-17
5479.88018 8.22346622690994e-17
5481.53667 1.0964368513785727e-16
5483.19316 1.3770219295893028e-16
5484.84965 1.312986135189258e-16
5486.50614 1.2408647765436048e-16
5488.16263 1.5423085174747875e-16
5489.81912 1.8525061761221434e-16
5491.47561 1.6424202814396835e-16
5493.1321 1.4201295898979648e-16
5494.78859 1.8130437426712372e-16
5496.44508 2.2203869651551233e-16
5498.10157 1.8430445879038274e-16
5499.75806 1.4470444257692077e-16
5501.41455 1.4672229287817114e-16
5503.07104 1.49730804640624e-16
5504.72753 1.9235008227694962e-16
5506.38402 2.3591037174985886e-16
5508.04051 2.3453493257774854e-16
5509.697 2.320895496997197e-16
5511.35349 1.5903933509867954e-16
5513.00998 8.43107690825955e-17
5514.66647 1.1890931517478445e-16
5516.32296 1.5614489395091833e-16
5517.97945 1.760089235835183e-16
5519.63594 1.9545278842103407e-16
5521.29243 1.8251523582152944e-16
5522.94892 1.6879653855085927e-16
5524.60541 1.8549557095431086e-16
5526.2619 2.0292835900566573e-16
5527.91839 1.6492106002231508e-16
5529.57488 1.2557640166901362e-16
5531.23137 1.2338800290246595e-16
5532.88786 1.2210895411246294e-16
5534.54435 1.11205446884782e-16
5536.20084 1.0006691409132217e-16
5537.85733 1.2929007383613721e-16
5539.51382 1.594998446769367e-16
5541.17031 1.7462885469117057e-16
5542.8268 1.8938795670948996e-16
5544.48329 1.6767619330804313e-16
5546.13978 1.4507224247698106e-16
5547.79627 1.325707191593342e-16
5549.45276 1.2032035906241543e-16
5551.10925 8.92483808353413e-17
5552.76574 5.771089895976858e-17
5554.42223 9.816643102188652e-17
5556.07872 1.4040652899338216e-16
5557.73521 1.4354045311519247e-16
5559.3917 1.4570364571764534e-16
5561.04819 1.229966127548802e-16
5562.70468 9.967316564154817e-17
5564.36117 1.0008944436382292e-16
5566.01766 1.011025830019085e-16
5567.67415 1.6307778703083517e-16
5569.33064 2.2658301935783747e-16
5570.98713 2.172171947599572e-16
5572.64362 2.06019151376666e-16
5574.30011 1.903121866302485e-16
5575.9566 1.7449250167314035e-16
5577.61309 1.4027791321025478e-16
5579.26958 1.0559627369800965e-16
5580.92607 9.306550111408733e-17
5582.58256 8.109966176577083e-17
5584.23905 1.3599821072550223e-16
5585.89554 1.9259801866760111e-16
5587.55203 1.7436079882851177e-16
5589.20852 1.5421713461125267e-16
5590.86501 1.455882059915017e-16
5592.5215 1.372531964984878e-16
5594.17799 1.4005162867053763e-16
5595.83448 1.4313729144259611e-16
5597.49097 1.6606690768912964e-16
5599.14746 1.8950769866311744e-16
5600.80395 1.969003758908432e-16
5602.46044 2.0387843676198306e-16
5604.11693 1.9171072191023606e-16
5605.77342 1.7904913614930225e-16
5607.42991 1.167996614378557e-16
5609.0864 5.3272094645901885e-17
5610.74289 6.672719376802897e-17
5612.39938 8.219450639654101e-17
5614.05587 9.33229990828357e-17
5615.71236 1.0433757174622865e-16
5617.36885 1.379734533742015e-16
5619.02534 1.7219949510233667e-16
5620.68183 1.7066493446762972e-16
5622.33832 1.6819497879730364e-16
5623.99481 1.4352007325866153e-16
5625.6513 1.1826522733851869e-16
5627.30779 1.2062068319202204e-16
5628.96428 1.2370724802328358e-16
5630.62077 1.0373288504356798e-16
5632.27726 8.314865999404597e-17
5633.93375 1.1677955795515606e-16
5635.59024 1.5184514898808961e-16
5637.24673 1.3813194726969628e-16
5638.90322 1.2312688963189032e-16
5640.55971 1.596527705472835e-16
5642.2162 1.9754277817492242e-16
5643.87269 1.733680569145202e-16
5645.52918 1.4752976846575561e-16
5647.18567 1.4523614879417236e-16
5648.84216 1.4357408316613618e-16
5650.49865 1.5323490504505733e-16
5652.15514 1.6319905353864446e-16
5653.81163 1.711824849481168e-16
5655.46812 1.7911242149786892e-16
5657.12461 1.5480591566977628e-16
5658.7811 1.2962516036709574e-16
5660.43759 1.2616999560518363e-16
5662.09408 1.233050050202719e-16
5663.75057 1.3821888867131993e-16
5665.40706 1.5361497313648018e-16
5667.06355 1.428871899535408e-16
5668.72004 1.314502098662745e-16
5670.37653 1.0844138288719573e-16
5672.03302 8.511910350488825e-17
5673.68951 1.0808028922320957e-16
5675.346 1.3231281521233344e-16
5677.00249 1.645644169504384e-16
5678.65898 1.9703511170869088e-16
5680.31547 1.766955921257965e-16
5681.97196 1.5490487822220482e-16
5683.62845 1.3849035506609914e-16
5685.28494 1.2222437033395363e-16
5686.94143 1.4268949097288312e-16
5688.59792 1.6416418121682315e-16
5690.25441 1.219148426272064e-16
5691.9109 7.789401188169737e-17
5693.56739 1.3833847579489848e-16
5695.22388 2.0168740291023617e-16
5696.88037 1.576001072861347e-16
5698.53686 1.1052430533127564e-16
5700.19335 1.2318299578956656e-16
5701.84984 1.3750414838814069e-16
5703.50633 1.565555593432636e-16
5705.16282 1.7573789945076297e-16
5706.81931 1.6759878826366708e-16
5708.4758 1.5869050655913568e-16
5710.13229 1.8047798758285918e-16
5711.78878 2.031291124299427e-16
5713.44527 1.8717253676354584e-16
5715.10176 1.7012899329379567e-16
5716.75825 1.50400442126217e-16
5718.41474 1.3059703747536664e-16
5720.07123 1.386172022698927e-16
5721.72772 1.4742122406378475e-16
5723.38421 1.2350263699498267e-16
5725.0407 9.865230653946648e-17
5726.69719 1.4614948546444986e-16
5728.35368 1.9570687038947665e-16
5730.01017 1.673754120622862e-16
5731.66666 1.3682449474812978e-16
5733.32315 1.3135042286415903e-16
5734.97964 1.2659166851474402e-16
5736.63613 1.1285095874466368e-16
5738.29262 9.885179944087939e-17
5739.94911 8.695752668448993e-17
5741.6056 7.512445357842898e-17
5743.26209 7.104085237288003e-17
5744.91858 6.718093117891905e-17
5746.57507 7.639253307829634e-17
5748.23156 8.598086291749741e-17
5749.88805 1.0902587353505156e-16
5751.54454 1.3245825154160177e-16
5753.20103 1.4359398187652332e-16
5754.85752 1.5437050827983995e-16
5756.51401 1.5812810221576197e-16
5758.1705 1.6168071784721322e-16
5759.82699 1.310098486992862e-16
5761.48348 9.934155606337241e-17
5763.13997 7.822565927504651e-17
5764.79646 5.741860021251362e-17
5766.45295 1.079712701760155e-16
5768.10944 1.6060516962611306e-16
5769.76593 1.7204578937202513e-16
5771.42242 1.8227020393939603e-16
5773.07891 1.3772921823680017e-16
5774.7354 9.157368907795502e-17
5776.39189 1.0389655766908389e-16
5778.04838 1.1794520416456623e-16
5779.70487 1.4423792435426704e-16
5781.36136 1.7089110844377943e-16
5783.01785 1.512887216848947e-16
5784.67434 1.3032108099761206e-16
5786.33083 1.0880873970609074e-16
5787.98732 8.728100264689783e-17
5789.64381 8.674362150003765e-17
5791.3003 8.683287948693598e-17
5792.95679 7.0978247291881e-17
5794.61328 5.4648175587899576e-17
5796.26977 9.911708274908455e-17
5797.92626 1.454000215407923e-16
5799.58275 1.6160460394433326e-16
5801.23924 1.7691005721157477e-16
5802.89573 2.1832845648922098e-16
5804.55222 2.6053363160947203e-16
5806.20871 2.2210397758558995e-16
5807.8652 1.8124132439483955e-16
5809.52169 1.8055196374939567e-16
5811.17818 1.8107580892709088e-16
5812.83467 1.8737565725542447e-16
5814.49116 1.938497331471101e-16
5816.14765 1.9300167659040881e-16
5817.80414 1.9193016780028877e-16
5819.46063 2.1393989433188646e-16
5821.11712 2.366534701642033e-16
5822.77361 2.3171038669963445e-16
5824.4301 2.2592309366959847e-16
5826.08659 2.243280352245556e-16
5827.74308 2.2286107844464668e-16
5829.39957 2.364046818450827e-16
5831.05606 2.504062415544865e-16
5832.71255 2.294713394084301e-16
5834.36904 2.074589385039976e-16
5836.02553 2.18118728391874e-16
5837.68202 2.297867536541058e-16
5839.33851 1.8918721608384894e-16
5840.995 1.4697567252791147e-16
5842.65149 1.3560781722743374e-16
5844.30798 1.2519279673695127e-16
5845.96447 1.4226284965101134e-16
5847.62096 1.6018108999736979e-16
5849.27745 1.8943248089295803e-16
5850.93394 2.1903640057686853e-16
5852.59043 1.9996007329328522e-16
5854.24692 1.7936509276688643e-16
5855.90341 1.5592664258829763e-16
5857.5599 1.324003534918299e-16
5859.21639 1.2655924713839108e-16
5860.87288 1.2127046761661259e-16
5862.52937 1.1872223669426497e-16
5864.18586 1.162596734946063e-16
5865.84235 1.4430634167866454e-16
5867.49884 1.7331435639578325e-16
5869.15533 1.7845807495230041e-16
5870.81182 1.8284878151552545e-16
5872.46831 1.53952737159054e-16
5874.1248 1.240075485279727e-16
5875.78129 1.4295743092977205e-16
5877.43778 1.6344965098965802e-16
5879.09427 1.6116411639927493e-16
5880.75076 1.5815971087782654e-16
5882.40725 1.6938187246317838e-16
5884.06374 1.8105723058065498e-16
5885.72023 2.1271572585098258e-16
5887.37672 2.4501019406599867e-16
5889.03321 2.0787560920483419e-16
5890.6897 1.6852817010188623e-16
5892.34619 1.8094110611562779e-16
5894.00268 1.9500466482716705e-16
5895.65917 1.856440865062583e-16
5897.31566 1.75529107550086e-16
5898.97215 1.524169972184955e-16
5900.62864 1.288869025652006e-16
5902.28513 1.1042939395660544e-16
5903.94162 9.21360734795197e-17
5905.59811 1.0471314052765879e-16
5907.2546 1.1828478283570168e-16
5908.91109 1.180580473673565e-16
5910.56758 1.173864709689335e-16
5912.22407 1.2081372050401805e-16
5913.88056 1.2437429373940222e-16
5915.53705 1.29869281169658e-16
5917.19354 1.3542705676486484e-16
5918.85003 1.4252009557401166e-16
5920.50652 1.496628709220659e-16
5922.16301 1.173434471596954e-16
5923.8195 8.373979309402342e-17
5925.47599 1.0365049377266898e-16
5927.13248 1.253039879335411e-16
5928.78897 1.4225107782172499e-16
5930.44546 1.59042670891923e-16
5932.10195 1.6083288379101723e-16
5933.75844 1.6212935174993717e-16
5935.41493 1.2899416127484406e-16
5937.07142 9.47270929789365e-17
5938.72791 9.892558229965295e-17
5940.3844 1.0439003249095909e-16
5942.04089 1.2866119940065648e-16
5943.69738 1.5355061799065192e-16
5945.35387 1.4728158531950596e-16
5947.01036 1.399769366203929e-16
5948.66685 1.1703686220040492e-16
5950.32334 9.357784869825359e-17
5951.97983 9.470905390595159e-17
5953.63632 9.665786488272073e-17
5955.29281 1.0030712307333405e-16
5956.9493 1.0401280628170729e-16
5958.60579 8.124098244683802e-17
5960.26228 5.758927628943332e-17
5961.91877 9.322640534557688e-17
5963.57526 1.308534798944281e-16
5965.23175 1.4059802366786286e-16
5966.88824 1.494057362381909e-16
5968.54473 1.3594952343382342e-16
5970.20122 1.2174589770982927e-16
5971.85771 1.5104161780599078e-16
5973.5142 1.817977695396915e-16
5975.17069 1.8528531397237016e-16
5976.82718 1.8784771502171591e-16
5978.48367 1.9154745984944833e-16
5980.14016 1.952856354754524e-16
5981.79665 1.6941426905131378e-16
5983.45314 1.4253928836016895e-16
5985.10963 1.3122579614756026e-16
5986.76612 1.2044079931938094e-16
5988.42261 1.2457643627031026e-16
5990.0791 1.2921835471265552e-16
5991.73559 1.2757815750762624e-16
5993.39208 1.2572278905587538e-16
5995.04857 1.1985238291535063e-16
5996.70506 1.1384459174233002e-16
5998.36155 1.2181121351227877e-16
6000.01804 1.3025644636081962e-16
6001.67453 1.2916294259865467e-16
6003.33102 1.27742535947295e-16
6004.98751 1.2411136988997906e-16
6006.644 1.2040453070609576e-16
6008.30049 1.286706233107224e-16
6009.95698 1.3735074204004619e-16
6011.61347 1.4506499835286659e-16
6013.26996 1.5274554833433716e-16
6014.92645 1.5758459149762775e-16
6016.58294 1.6232510831547035e-16
6018.23943 1.4328910852231536e-16
6019.89592 1.2343069847387575e-16
6021.55241 1.4772879859506555e-16
6023.2089 1.7355492896690567e-16
6024.86539 1.5383335440184574e-16
6026.52188 1.3252068497740047e-16
6028.17837 1.1875033714632138e-16
6029.83486 1.052440861748005e-16
6031.49135 1.1029484930840174e-16
6033.14784 1.1599408335707895e-16
6034.80433 1.063715291900154e-16
6036.46082 9.621365465315739e-17
6038.11731 1.0884790642636935e-16
6039.7738 1.222786909663649e-16
6041.43029 1.0332859578828245e-16
6043.08678 8.323642801765417e-17
6044.74327 8.583800737596733e-17
6046.39976 8.924038752207106e-17
6048.05625 1.247029352456189e-16
6049.71274 1.6129583803728378e-16
6051.36923 1.5927023300505348e-16
6053.02572 1.5588131292746e-16
6054.68221 1.4742427507053102e-16
6056.3387 1.3878700058626321e-16
6057.99519 1.3319215451796566e-16
6059.65168 1.2770593207399625e-16
6061.30817 1.3280618052709302e-16
6062.96466 1.3828348701297472e-16
6064.62115 1.351988033162164e-16
6066.27764 1.3180908018845074e-16
6067.93413 1.446223694088991e-16
6069.59062 1.5801277081990768e-16
6071.24711 1.5300571144339288e-16
6072.9036 1.4733705162916198e-16
6074.56009 1.428371803087437e-16
6076.21658 1.3837952411985352e-16
6077.87307 1.1974246552228286e-16
6079.52956 1.0059594465299165e-16
6081.18605 1.0104810506915775e-16
6082.84254 1.0220549280586086e-16
6084.49903 1.2287866136772892e-16
6086.15552 1.442534577987204e-16
6087.81201 1.3320496797839968e-16
6089.4685 1.2097944604285057e-16
6091.12499 1.3005505894479529e-16
6092.78148 1.3990402496092913e-16
6094.43797 1.3399025320038864e-16
6096.09446 1.2750418684944193e-16
6097.75095 1.3453924994523217e-16
6099.40744 1.420652433705581e-16
6101.06393 1.42002410478169e-16
6102.72042 1.4166383093797028e-16
6104.37691 1.4405443349657245e-16
6106.0334 1.4654499568781302e-16
6107.68989 1.4794694495426226e-16
6109.34638 1.4930892518338667e-16
6111.00287 1.1754320973965238e-16
6112.65936 8.456402824863223e-17
6114.31585 9.148231246904199e-17
6115.97234 9.986343475152722e-17
6117.62883 8.52576111646448e-17
6119.28532 6.980920369288575e-17
6120.94181 7.921452408623214e-17
6122.5983 8.953915923184815e-17
6124.25479 1.20323870797375e-16
6125.91128 1.5186454524457635e-16
6127.56777 1.2750720518863317e-16
6129.22426 1.0108202084913842e-16
6130.88075 8.335653632368361e-17
6132.53724 6.595371181892906e-17
6134.19373 8.711146747081064e-17
6135.85022 1.0970831757034796e-16
6137.50671 1.1067232802018122e-16
6139.1632 1.1082838647600347e-16
6140.81969 1.2996934664135576e-16
6142.47618 1.4981862369592375e-16
6144.13267 1.1432556638549126e-16
6145.78916 7.676656786005919e-17
6147.44565 6.043736474412654e-17
6149.10214 4.49018775752693e-17
6150.75863 1.0309596450271656e-16
6152.41512 1.6406642875644154e-16
6154.07161 1.8261052013369036e-16
6155.7281 1.9955485667671936e-16
6157.38459 1.433675127035391e-16
6159.04108 8.442578420974014e-17
6160.69757 8.099940733675317e-17
6162.35406 7.966593411385973e-17
6164.01055 9.011272082639454e-17
6165.66704 1.0100329894514958e-16
6167.32353 1.3421124040675654e-16
6168.98002 1.6826673469835208e-16
6170.63651 1.8372128192032888e-16
6172.293 1.9846778348218123e-16
6173.94949 1.6908442847323636e-16
6175.60598 1.3802361953802882e-16
6177.26247 1.1351840119138732e-16
6178.91896 8.92634380293949e-17
6180.57545 1.0684635590495195e-16
6182.23194 1.2602052624599703e-16
6183.88843 1.430546443628602e-16
6185.54492 1.6000605374930783e-16
6187.20141 1.388981944768292e-16
6188.8579 1.1633036913953763e-16
6190.51439 1.383023627890433e-16
6192.17088 1.6198303027880405e-16
6193.82737 1.5886010851579493e-16
6195.48386 1.5470838964434674e-16
6197.14035 1.201160231727047e-16
6198.79684 8.435614847461028e-17
6200.45333 4.910857154425967e-17
6202.10982 1.3882070595105648e-17
6203.76631 3.6712332457350687e-17
6205.4228 6.17900669966205e-17
6207.07929 8.868696905368222e-17
6208.73578 1.156533702815545e-16
6210.39227 9.848255614538166e-17
6212.04876 7.960282146550839e-17
6213.70525 8.601468866469142e-17
6215.36174 9.341416864933172e-17
6217.01823 1.1095425101011029e-16
6218.67472 1.2888985629191517e-16
6220.33121 1.3257157281308592e-16
6221.9877 1.3569635377285826e-16
6223.64419 1.208802571810274e-16
6225.30068 1.0536373115625419e-16
6226.95717 1.1275770656546296e-16
6228.61366 1.2104670197503761e-16
6230.27015 1.304384158427819e-16
6231.92664 1.3987325985930278e-16
6233.58313 1.391010462924054e-16
6235.23962 1.3792659442338811e-16
6236.89611 1.5000883264913574e-16
6238.5526 1.6261310690485185e-16
6240.20909 1.5932728118960327e-16
6241.86558 1.5541523057551014e-16
6243.52207 1.2289605524283784e-16
6245.17856 8.925024028826244e-17
6246.83505 9.441687288721553e-17
6248.49154 1.0112608277194302e-16
6250.14803 1.2148665174760531e-16
6251.80452 1.4238923424734833e-16
6253.46101 1.5529766829055625e-16
6255.1175 1.6788786559041907e-16
6256.77399 1.7642253264174492e-16
6258.43048 1.84795641889223e-16
6260.08697 1.727600391228076e-16
6261.74346 1.599132194387204e-16
6263.39995 1.4980362691347053e-16
6265.05644 1.3980415702053539e-16
6266.71293 1.483867487704772e-16
6268.36942 1.5771422742560557e-16
6270.02591 1.563932196044002e-16
6271.6824 1.546452243945633e-16
6273.33889 1.351826417625952e-16
6274.99538 1.1501022156740827e-16
6276.65187 1.3289744072644706e-16
6278.30836 1.523107916824574e-16
6279.96485 1.612806443731022e-16
6281.62134 1.6982783114423065e-16
6283.27783 1.5480187763138225e-16
6284.93432 1.3882295366533564e-16
6286.59081 1.452590247421415e-16
6288.2473 1.5260151641695199e-16
6289.90379 1.447207868244822e-16
6291.56028 1.3622449259771884e-16
6293.21677 1.3289180092850703e-16
6294.87326 1.297698036453243e-16
6296.52975 1.1505579853137544e-16
6298.18624 9.986948550675085e-17
6299.84273 1.003588267924076e-16
6301.49922 1.0148752215163873e-16
6303.15571 1.1515106494063722e-16
6304.8122 1.293254926314605e-16
6306.46869 1.473131652961295e-16
6308.12518 1.6545579340509921e-16
6309.78167 1.691949695759714e-16
6311.43816 1.7234162229790644e-16
6313.09465 1.280364888777478e-16
6314.75114 8.178097120238439e-17
6316.40763 1.0863943522020048e-16
6318.06412 1.3850449528184712e-16
6319.72061 1.5225879055571968e-16
6321.3771 1.6534980818626644e-16
6323.03359 1.509072610350927e-16
6324.69008 1.35332281350882e-16
6326.34657 1.4436626695820717e-16
6328.00306 1.5442059179576976e-16
6329.65955 1.521670982092729e-16
6331.31604 1.4940315284772298e-16
6332.97253 1.5003809014967309e-16
6334.62902 1.5081398055524655e-16
6336.28551 1.6121892840512178e-16
6337.942 1.7202301844436492e-16
6339.59849 1.8306401039486642e-16
6341.25498 1.9411445078125966e-16
6342.91147 2.0357332955998925e-16
6344.56796 2.1296532435136397e-16
6346.22445 1.6321712110713166e-16
6347.88094 1.1099683755932203e-16
6349.53743 1.1441059453678397e-16
6351.19392 1.2015132075293485e-16
6352.85041 8.988393997870649e-17
6354.5069 5.811117071248632e-17
6356.16339 7.713895213951983e-17
6357.81988 9.8291665589581e-17
6359.47637 1.0802049088109018e-16
6361.13286 1.1726725586596213e-16
6362.78935 1.015371979484323e-16
6364.44584 8.475425708993633e-17
6366.10233 9.876453307150676e-17
6367.75882 1.1407306507348125e-16
6369.41531 1.0383278141648067e-16
6371.0718 9.251513407933153e-17
6372.72829 1.0344298837480385e-16
6374.38478 1.1531614335308412e-16
6376.04127 1.3481163859403154e-16
6377.69776 1.5463056806727516e-16
6379.35425 1.572463012123499e-16
6381.01074 1.5913052506520077e-16
6382.66723 1.4371837725939798e-16
6384.32372 1.275712336303557e-16
6385.98021 1.1349061742476464e-16
6387.6367 9.949835302797981e-17
6389.29319 1.0278541549437165e-16
6390.94968 1.068129289906956e-16
6392.60617 1.2218966130075174e-16
6394.26266 1.380523616590076e-16
6395.91915 1.6586843521414941e-16
6397.57564 1.9419596169397515e-16
6399.23213 1.7673526371748032e-16
6400.88862 1.5731214670867567e-16
6402.54511 1.4464392783806043e-16
6404.2016 1.3226576884984743e-16
6405.85809 1.2714653877754415e-16
6407.51458 1.2234111639231423e-16
6409.17107 1.297275048448552e-16
6410.82756 1.3764049386587158e-16
6412.48405 1.6240636384590892e-16
6414.14054 1.8789967807115626e-16
6415.79703 1.4068809032560214e-16
6417.45352 9.033579887883073e-17
6419.11001 1.0190141498111793e-16
6420.7665 1.1614311840501676e-16
6422.42299 1.0848510505639401e-16
6424.07948 9.987351582508696e-17
6425.73597 1.3074538757515887e-16
6427.39246 1.6333618428107919e-16
6429.04895 1.664748437681933e-16
6430.70544 1.6833043426568285e-16
6432.36193 1.502160806343249e-16
6434.01842 1.312322818042137e-16
6435.67491 1.2188765133729936e-16
6437.3314 1.1296336020633873e-16
6438.98789 1.2168958152696964e-16
6440.64438 1.3119043602708072e-16
6442.30087 1.4486830773288245e-16
6443.95736 1.5872913428472089e-16
6445.61385 1.8471484476361893e-16
6447.27034 2.112320921397778e-16
6448.92683 2.3310788785485817e-16
6450.58332 2.547791140721135e-16
6452.23981 2.727978905803516e-16
6453.8963 2.906544838886618e-16
6455.55279 3.3453580615407725e-16
6457.20928 3.795673545150736e-16
6458.86577 4.055537414092666e-16
6460.52226 4.3069636631959153e-16
6462.17875 4.90604327378751e-16
6463.83524 5.520490028877741e-16
6465.49173 6.51026061097738e-16
6467.14822 7.516613134375336e-16
6468.80471 8.942604580713266e-16
6470.4612 1.0387263337112008e-15
6472.11769 1.2380925629491645e-15
6473.77418 1.4399008885947863e-15
6475.43067 1.6145337693558195e-15
6477.08716 1.7879488324552617e-15
6478.74365 1.9389358938266525e-15
6480.40014 2.0889175929939035e-15
6482.05663 2.212970618207672e-15
6483.71312 2.3358631953039058e-15
6485.36961 2.2972473652361697e-15
6487.0261 2.251373996217214e-15
6488.68259 2.1717236051195135e-15
6490.33908 2.090557455458314e-15
6491.99557 2.0343861654084507e-15
6493.65206 1.9793401725700953e-15
6495.30855 1.886697976651528e-15
6496.96504 1.792368714602111e-15
6498.62153 1.6523622779847825e-15
6500.27802 1.5103065057683749e-15
6501.93451 1.3805316859827484e-15
6503.591 1.251317138747323e-15
6505.24749 1.1624401990462758e-15
6506.90398 1.075393504609559e-15
6508.56047 1.0225274327602018e-15
6510.21696 9.712114100309616e-16
6511.87345 8.985181381493238e-16
6513.52994 8.248586130276318e-16
6515.18643 7.878430435774728e-16
6516.84292 7.524891700832495e-16
6518.49941 7.8281289016046e-16
6520.1559 8.161334006303219e-16
6521.81239 7.997125496219493e-16
6523.46888 7.810215634314022e-16
6525.12537 7.430245357323389e-16
6526.78186 7.041474888674267e-16
6528.43835 6.826096267568665e-16
6530.09484 6.618641085434839e-16
6531.75133 6.921484855701985e-16
6533.40782 7.247784730725342e-16
6535.06431 7.159333410119516e-16
6536.7208 7.051809151556878e-16
6538.37729 7.244362107969152e-16
6540.03378 7.45071260470509e-16
6541.69027 7.242149569293778e-16
6543.34676 7.014507819725743e-16
6545.00325 7.07778904337493e-16
6546.65974 7.154453156025249e-16
6548.31623 7.059871541260239e-16
6549.97272 6.957358645346962e-16
6551.62921 7.247572387481932e-16
6553.2857 7.555977281784513e-16
6554.94219 7.479734745897723e-16
6556.59868 7.38566675781108e-16
6558.25517 7.458945470595426e-16
6559.91166 7.539978562853611e-16
6561.56815 7.879588187525906e-16
6563.22464 8.23117325584317e-16
6564.88113 8.088550680101479e-16
6566.53762 7.922859318444667e-16
6568.19411 7.838914351370036e-16
6569.8506 7.758789130353289e-16
6571.50709 8.255711823163129e-16
6573.16358 8.779562770064504e-16
6574.82007 8.537813332799714e-16
6576.47656 8.260317937493704e-16
6578.13305 7.982831786284798e-16
6579.78954 7.705354872719197e-16
6581.44603 7.427887190344994e-16
6583.10252 7.15042817993119e-16
6584.75901 6.8729783878288065e-16
6586.4155 6.595537254828824e-16
6588.07199 6.248660133445351e-16
6589.72848 5.898527229418863e-16
6591.38497 5.892587573972626e-16
6593.04146 5.902843035035354e-16
6594.69795 6.052616714385875e-16
6596.35444 6.2089511230705575e-16
6598.01093 6.002230191939261e-16
6599.66742 5.778311424104841e-16
6601.32391 5.554399509684296e-16
6602.9804 5.330494996184821e-16
6604.63689 5.106597878416263e-16
6606.29338 4.882708703843538e-16
6607.94987 4.72861264423483e-16
6609.60636 4.5778297506060855e-16
6611.26285 4.4274906208329006e-16
6612.91934 4.2771774512013014e-16
6614.57583 4.2333794962518977e-16
6616.23232 4.1946677474184614e-16
6617.88881 4.613898392859113e-16
6619.5453 5.054981260919457e-16
6621.20179 4.605195309289891e-16
6622.85828 4.1128880731264035e-16
6624.51477 4.1894935464596647e-16
6626.17126 4.293264077682873e-16
6627.82775 4.528102721031779e-16
6629.48424 4.769236130697342e-16
6631.14073 4.57515964880949e-16
6632.79722 4.360159661860281e-16
6634.45371 4.328856356324852e-16
6636.1102 4.3063892598483735e-16
6637.76669 4.761018404965732e-16
6639.42318 5.23858030221566e-16
6641.07967 5.501686717691285e-16
6642.73616 5.754468625278286e-16
6644.39265 5.798096253134447e-16
6646.04914 5.831591915123478e-16
6647.70563 5.709948164156863e-16
6649.36212 5.580792740845206e-16
6651.01861 5.647710128237244e-16
6652.6751 5.724123371442116e-16
6654.33159 5.953644594763131e-16
6655.98808 6.190576378977869e-16
6657.64457 6.382412980196804e-16
6659.30106 6.572058812034254e-16
6660.95755 6.650111504512821e-16
6662.61404 6.722716678260314e-16
6664.27053 6.697162908819376e-16
6665.92702 6.666820209842482e-16
6667.58351 6.335384744124043e-16
6669.24 5.989267975448527e-16
6670.89649 5.592482547908517e-16
6672.55298 5.193236784673647e-16
6674.20947 5.088438177610469e-16
6675.86596 4.998013763530282e-16
6677.52245 4.963092956215393e-16
6679.17894 4.93090036066631e-16
6680.83543 4.378917733414593e-16
6682.49192 3.801406512745832e-16
6684.14841 3.6157759260999013e-16
6685.8049 3.449410381591735e-16
6687.46139 2.977068935804533e-16
6689.11788 2.48970226202044e-16
6690.77437 2.7647640649585305e-16
6692.43086 3.0775461044485595e-16
6694.08735 2.6930976105295026e-16
6695.74384 2.2741536034027397e-16
6697.40033 1.904684782968105e-16
6699.05682 1.537676047644844e-16
6700.71331 1.6283753567285225e-16
6702.3698 1.7417276479037895e-16
6704.02629 1.5324117536419015e-16
6705.68278 1.3071285774607827e-16
6707.33927 1.1707233625156887e-16
6708.99576 1.0387516578334025e-16
6710.65225 9.762368670998137e-17
6712.30874 9.171859740228577e-17
6713.96523 1.016923040853452e-16
6715.62172 1.1245727748595335e-16
6717.27821 1.1715206184207703e-16
6718.9347 1.215441140050535e-16
6720.59119 1.0945737275265754e-16
6722.24768 9.654941152214389e-17
6723.90417 1.0804192857077821e-16
6725.56066 1.2075876652106946e-16
6727.21715 1.1638231153831213e-16
6728.87364 1.1114796340853925e-16
6730.53013 1.7005827812606315e-16
6732.18662 2.321866926015364e-16
6733.84311 2.1363759357502476e-16
6735.4996 1.9103875525872022e-16
6737.15609 1.623556196516812e-16
6738.81258 1.333678663215679e-16
6740.46907 1.2727160663461214e-16
6742.12556 1.2233256623771148e-16
6743.78205 1.1820418402021894e-16
6745.43854 1.1411690526886227e-16
6747.09503 1.4253487392586284e-16
6748.75152 1.7259511974748937e-16
6750.40801 1.3070211879721224e-16
6752.0645 8.517266176922089e-17
6753.72099 9.6722560667485e-17
6755.37748 1.111582382847923e-16
6757.03397 1.0492361387630243e-16
6758.69046 9.763713039782718e-17
6760.34695 1.0559611461090766e-16
6762.00344 1.1433091421511578e-16
6763.65993 1.0492371664428976e-16
6765.31642 9.459331953239779e-17
6766.97291 9.625171821705108e-17
6768.6294 9.852042220233848e-17
6770.28589 7.977049038599389e-17
6771.94238 5.99440490490903e-17
6773.59887 9.960751763951015e-17
6775.25536 1.4231866674467488e-16
6776.91185 1.376967890264175e-16
6778.56834 1.3064892207355876e-16
6780.22483 1.3758514113458146e-16
6781.88132 1.4523793307016556e-16
6783.53781 1.2444709539729726e-16
6785.1943 1.0219875589085499e-16
6786.85079 9.989852378534197e-17
6788.50728 9.862762190675872e-17
6790.16377 8.624804798112887e-17
6791.82026 7.329559242739102e-17
6793.47675 8.861953119949436e-17
6795.13324 1.0540236746479469e-16
6796.78973 7.757987717240828e-17
6798.44622 4.745611066852251e-17
6800.10271 5.68016448400893e-17
6801.7592 6.818419314679078e-17
6803.41569 6.967163609083339e-17
6805.07218 7.064497410519979e-17
6806.72867 9.470934832237059e-17
6808.38516 1.199727755047145e-16
6810.04165 1.2352975103080435e-16
6811.69814 1.2595864724780748e-16
6813.35463 1.14559318385281e-16
6815.01112 1.0244176468750837e-16
6816.66761 1.148571901024962e-16
6818.3241 1.2854726533735093e-16
6819.98059 1.3145176391182715e-16
6821.63708 1.337920479989931e-16
6823.29357 1.2282710041294568e-16
6824.95006 1.1116644676243437e-16
6826.60655 9.44176163926986e-17
6828.26304 7.740309969464203e-17
6829.91953 8.770062372339835e-17
6831.57602 9.942677035606202e-17
6833.23251 1.2168697749430666e-16
6834.889 1.44497720436983e-16
6836.54549 1.2380136599127407e-16
6838.20198 1.0081454909770364e-16
6839.85847 7.924218197813982e-17
6841.51496 5.774493637367796e-17
6843.17145 6.294991580820842e-17
6844.82794 6.956104062829863e-17
6846.48443 6.171376766690587e-17
6848.14092 5.310515099381688e-17
6849.79741 6.796495644527727e-17
6851.4539 8.406832621051762e-17
6853.11039 9.526123784167652e-17
6854.76688 1.0619350565029865e-16
6856.42337 1.0467121032837599e-16
6858.07986 1.0248860816381082e-16
6859.73635 9.499479722781458e-17
6861.39284 8.721960896795041e-17
6863.04933 8.2867591599941e-17
6864.70582 7.869722675887398e-17
6866.36231 8.610986546821998e-17
6868.0188 9.414039280788801e-17
6869.67529 7.477375562814972e-17
6871.33178 5.394551764907703e-17
6872.98827 5.849919756187438e-17
6874.64476 6.440752599055533e-17
6876.30125 8.424986736212273e-17
6877.95774 1.0483538297374344e-16
6879.61423 1.049269086060217e-16
6881.27072 1.0392441345224327e-16
6882.92721 1.233646211292098e-16
6884.5837 1.439023926355398e-16
6886.24019 1.3212085063145272e-16
6887.89668 1.1860332415433111e-16
6889.55317 1.2094005657531097e-16
6891.20966 1.241285844224619e-16
6892.86615 9.449675895992903e-17
6894.52264 6.310230615856501e-17
6896.17913 5.896186710228769e-17
6897.83562 5.628611525538501e-17
6899.49211 8.225853550757992e-17
6901.1486 1.0977930994428594e-16
6902.80509 1.100087392816751e-16
6904.46158 1.0876226482297054e-16
6906.11807 1.0076522079895349e-16
6907.77456 9.240329939709136e-17
6909.43105 8.469666643516574e-17
6911.08754 7.702570627329218e-17
6912.74403 8.554227028870445e-17
6914.40052 9.493421989997619e-17
6916.05701 9.757525620578953e-17
6917.7135 9.984877840215328e-17
6919.36999 1.0597558207294021e-16
6921.02648 1.1231196994041313e-16
6922.68297 1.104186741842643e-16
6924.33946 1.080774407959728e-16
6925.99595 9.541032329948903e-17
6927.65244 8.218140215323318e-17
6929.30893 6.837650128226514e-17
6930.96542 5.4540438320891526e-17
6932.62191 6.318604721123681e-17
6934.2784 7.306305668581134e-17
6935.93489 9.143583008266084e-17
6937.59138 1.1027357691067726e-16
6939.24787 1.162540606373375e-16
6940.90436 1.215299223483844e-16
6942.56085 1.0278144325579194e-16
6944.21734 8.271700853387848e-17
6945.87383 7.811462407886453e-17
6947.53032 7.436484729171596e-17
6949.18681 9.356335957864736e-17
6950.8433 1.140267078798686e-16
6952.49979 1.0628952864184866e-16
6954.15628 9.699738561402564e-17
6955.81277 8.245994334281424e-17
6957.46926 6.763364845575037e-17
6959.12575 8.305407149148015e-17
6960.78224 1.0014228865454763e-16
6962.43873 1.0222899878509114e-16
6964.09522 1.0348321587132894e-16
6965.75171 9.801723494951038e-17
6967.4082 9.217845962043263e-17
6969.06469 8.789386763874343e-17
6970.72118 8.36956521472422e-17
6972.37767 6.731871094351e-17
6974.03416 5.0266267329075463e-17
6975.69065 6.275066889879608e-17
6977.34714 7.687430934032203e-17
6979.00363 8.771418629549594e-17
6980.66012 9.8370377537806e-17
6982.31661 8.5969902935733e-17
6983.9731 7.228198466439364e-17
6985.62959 7.813969421734922e-17
6987.28608 8.508906615021818e-17
6988.94257 9.262881942712612e-17
6990.59906 1.002013493399969e-16
6992.25555 1.0276601883385851e-16
6993.91204 1.0505085146770648e-16
6995.56853 1.0921437627722279e-16
6997.22502 1.1348337607504397e-16
6998.88151 1.1172496601967304e-16
7000.538 1.096278097148059e-16
7002.19449 1.0732094241936507e-16
7003.85098 1.0500234709714296e-16
7005.50747 1.0186034713022899e-16
7007.16396 9.867214316851017e-17
7008.82045 1.0723120323812183e-16
7010.47694 1.1645437856573698e-16
7012.13343 1.133942311552785e-16
7013.78992 1.0963942409762545e-16
7015.44641 1.0996055940108657e-16
7017.1029 1.1051224872440977e-16
7018.75939 1.1752199181074242e-16
7020.41588 1.2489686664047786e-16
7022.07237 1.0639742335894652e-16
7023.72886 8.64346810345204e-17
7025.38535 9.02376872257805e-17
7027.04184 9.53931208981634e-17
7028.69833 9.675384690951209e-17
7030.35482 9.789855112474142e-17
7032.01131 9.427466172938531e-17
7033.6678 9.037942343240242e-17
7035.32429 9.322247592042435e-17
7036.98078 9.644902405317675e-17
7038.63727 9.619002160699844e-17
7040.29376 9.573258739745762e-17
7041.95025 1.0607551766681554e-16
7043.60674 1.170366846383686e-16
7045.26323 1.1135830445771047e-16
7046.91972 1.0472704587315925e-16
7048.57621 7.949095465000342e-17
7050.2327 5.318982538651674e-17
7051.88919 5.243299652935139e-17
7053.54568 5.313942009945201e-17
7055.20217 6.876932239798006e-17
7056.85866 8.525374259894608e-17
7058.51515 8.272888182842269e-17
7060.17164 7.910865471759148e-17
7061.82813 8.669961944490899e-17
7063.48462 9.493651625264662e-17
7065.14111 9.002500664812939e-17
7066.7976 8.435576361560001e-17
7068.45409 7.488721469475818e-17
7070.11058 6.519992936161533e-17
7071.76707 5.658317095953774e-17
7073.42356 4.8028359012534746e-17
7075.08005 7.868112762376107e-17
7076.73654 1.1160649376864413e-16
7078.39303 1.3376953402944068e-16
7080.04952 1.5530784828178462e-16
7081.70601 1.4210411923726344e-16
7083.3625 1.2688601509936788e-16
7085.01899 1.0824607455663085e-16
7086.67548 8.940817908350307e-17
7088.33197 7.112223074913042e-17
7089.98846 5.2868971973354404e-17
7091.64495 7.100977340018982e-17
7093.30144 9.127340550533687e-17
7094.95793 9.210624160826355e-17
7096.61442 9.180527853045131e-17
7098.27091 9.783728903849237e-17
7099.9274 1.0423865277160929e-16
7101.58389 1.0742507619696597e-16
7103.24038 1.1042380527357817e-16
7104.89687 8.562406457331783e-17
7106.55336 5.91933795722739e-17
7108.20985 5.825956150406269e-17
7109.86634 5.882246055776292e-17
7111.52283 6.174919863744528e-17
7113.17932 6.481464363776316e-17
7114.83581 8.331759959794186e-17
7116.4923 1.027263632312453e-16
7118.14879 1.1401083112478998e-16
7119.80528 1.248179913347547e-16
7121.46177 1.2307561491748694e-16
7123.11826 1.2059219975730095e-16
7124.77475 1.102577000709305e-16
7126.43124 9.945978875265831e-17
7128.08773 1.0313840106714658e-16
7129.74422 1.0767199789753726e-16
7131.40071 9.969752149994389e-17
7133.0572 9.098443852100395e-17
7134.71369 9.031860934639313e-17
7136.37018 9.012816613331562e-17
7138.02667 1.1415777544981354e-16
7139.68316 1.396257171146837e-16
7141.33965 1.15409587197055e-16
7142.99614 8.824194730615227e-17
7144.65263 1.0619940690847636e-16
7146.30912 1.2683798217751305e-16
7147.96561 1.2782257813006607e-16
7149.6221 1.2763920093680648e-16
7151.27859 1.2933874313275847e-16
7152.93508 1.3115013982512938e-16
7154.59157 1.3477929641238e-16
7156.24806 1.3851700594139005e-16
7157.90455 1.320948519719441e-16
7159.56104 1.250655247925912e-16
7161.21753 8.795453619575138e-17
7162.87402 4.90460898671923e-17
7164.53051 4.782229401402763e-17
7166.187 4.885149661869878e-17
7167.84349 6.468488295588804e-17
7169.49998 8.140793327366266e-17
7171.15647 1.1808251002954225e-16
7172.81296 1.5595581709624182e-16
7174.46945 1.2294673536096734e-16
7176.12594 8.567581616838606e-17
7177.78243 9.261947141038558e-17
7179.43892 1.0222190139387565e-16
7181.09541 8.353682662187019e-17
7182.7519 6.315090662240241e-17
7184.40839 7.911860780468592e-17
7186.06488 9.728469708707005e-17
7187.72137 1.0053715844604909e-16
7189.37786 1.0288740597979074e-16
7191.03435 7.048868428791995e-17
7192.69084 3.598859909323842e-17
7194.34733 6.454608951744531e-17
7196.00382 9.691763906114449e-17
7197.66031 9.326712474331723e-17
7199.3168 8.743723215006595e-17
7200.97329 8.982638781086769e-17
7202.62978 9.271555994729717e-17
7204.28627 1.1008137936130752e-16
7205.94276 1.2832765183188903e-16
7207.59925 1.0681347850490495e-16
7209.25574 8.28801491451508e-17
7210.91223 9.837220487469568e-17
7212.56872 1.162631689414033e-16
7214.22521 9.408006977088328e-17
7215.8817 6.945848257460599e-17
7217.53819 7.5738188409065e-17
7219.19468 8.390900500279009e-17
7220.85117 8.420603055075004e-17
7222.50766 8.402108863105808e-17
7224.16415 9.704180939974848e-17
7225.82064 1.108706048062596e-16
7227.47713 9.908159856106295e-17
7229.13362 8.572464067068364e-17
7230.79011 9.679321148574967e-17
7232.4466 1.0935693546444854e-16
7234.10309 9.462395604118631e-17
7235.75958 7.821085942461598e-17
7237.41607 8.274002056211256e-17
7239.07256 8.855850548971314e-17
7240.72905 9.836990106717288e-17
7242.38554 1.0842691700759774e-16
7244.04203 1.0085522869011529e-16
7245.69852 9.219819961093685e-17
7247.35501 8.592494846546123e-17
7249.0115 7.979945663813644e-17
7250.66799 1.0667408509478363e-16
7252.32448 1.3559154603552708e-16
7253.98097 1.2974764549753481e-16
7255.63746 1.2175107521379352e-16
7257.29395 1.1274318774770344e-16
7258.95044 1.0367290187681969e-16
7260.60693 7.744929185072712e-17
7262.26342 5.016390265888177e-17
7263.91991 8.086486808148279e-17
7265.5764 1.1517638984765833e-16
7267.23289 1.074756830254921e-16
7268.88938 9.715840891294628e-17
7270.54587 1.2013987347935554e-16
7272.20236 1.4519502526909178e-16
7273.85885 1.54728773075648e-16
7275.51534 1.6329541429489692e-16
7277.17183 1.4038404665147504e-16
7278.82832 1.1551220538702048e-16
7280.48481 9.700408288060924e-17
7282.1413 7.889504323227158e-17
7283.79779 9.342823752237783e-17
7285.45428 1.1000599272397216e-16
7287.11077 1.1690241146453987e-16
7288.76726 1.2319207277848255e-16
7290.42375 1.1609691088401372e-16
7292.08024 1.0816332913156359e-16
7293.73673 1.04092592805615e-16
7295.39322 1.0026400040137509e-16
7297.04971 1.0169228192016845e-16
7298.7062 1.0345171792139914e-16
7300.36269 1.0334045353779269e-16
7302.01918 1.0311133373018977e-16
7303.67567 8.106164280501702e-17
7305.33216 5.763748748239345e-17
7306.98865 7.469696154051942e-17
7308.64514 9.430710288816623e-17
7310.30163 1.2288696209609823e-16
7311.95812 1.5203138579057789e-16
7313.61461 1.3140309196563436e-16
7315.2711 1.0762154773040592e-16
7316.92759 1.162560255943909e-16
7318.58408 1.2694449815283326e-16
7320.24057 1.1764423322256523e-16
7321.89706 1.0707738255100545e-16
7323.55355 1.1741176055843249e-16
7325.21004 1.2907052585449514e-16
7326.86653 1.1712028952502785e-16
7328.52302 1.0366601632639998e-16
7330.17951 9.026191863667781e-17
7331.836 7.68613437532377e-17
7333.49249 7.954255487786301e-17
7335.14898 8.324861825006228e-17
7336.80547 9.49757559320771e-17
7338.46196 1.0721385583003538e-16
7340.11845 8.797687969007839e-17
7341.77494 6.67341965954439e-17
7343.43143 9.305282440359554e-17
7345.08792 1.2241854631146813e-16
7346.74441 1.2000335442406872e-16
7348.4009 1.1555145950099463e-16
7350.05739 1.1464947666998027e-16
7351.71388 1.13975037739207e-16
7353.37037 1.0817677146030575e-16
7355.02686 1.0205024615740397e-16
7356.68335 1.1341004547391583e-16
7358.33984 1.2589045353036214e-16
7359.99633 1.271117840029431e-16
7361.65282 1.2760752210712133e-16
7363.30931 1.0864310570990045e-16
7364.9658 8.842495324590146e-17
7366.62229 9.7617298055675e-17
7368.27878 1.0870511073346982e-16
7369.93527 1.1797773058101663e-16
7371.59176 1.271331296123792e-16
7373.24825 1.0995531004925671e-16
7374.90474 9.10803844550432e-17
7376.56123 8.86706477863621e-17
7378.21772 8.732800697268887e-17
7379.87421 8.209649042248741e-17
7381.5307 7.661305850802422e-17
7383.18719 5.0849456304495376e-17
7384.84368 2.3771945062964058e-17
7386.50017 4.018016347584132e-17
7388.15666 5.940668517530806e-17
7389.81315 5.632300720574846e-17
7391.46964 5.1793119797921574e-17
7393.12613 5.364213288979471e-17
7394.78262 5.590680304604956e-17
7396.43911 9.023848056036641e-17
7398.0956 1.2665928911997278e-16
7399.75209 1.3079871461343943e-16
7401.40858 1.3283385746395983e-16
7403.06507 1.150339192646178e-16
7404.72156 9.594151290062812e-17
7406.37805 8.184385426067781e-17
7408.03454 6.807381787834758e-17
7409.69103 6.380292962456184e-17
7411.34752 6.015463846403032e-17
7413.00401 7.212621765874761e-17
7414.6605 8.51211972080126e-17
7416.31699 8.781493278458318e-17
7417.97348 8.98333958653613e-17
7419.62997 1.0280845478848609e-16
7421.28646 1.1650134398973744e-16
7422.94295 1.1894220527629068e-16
7424.59944 1.2064161899690306e-16
7426.25593 1.154994612741854e-16
7427.91242 1.0990659025439718e-16
7429.56891 9.56666651567204e-17
7431.2254 8.085722695146844e-17
7432.88189 7.075847998870633e-17
7434.53838 6.097042009116131e-17
7436.19487 6.766435749081922e-17
7437.85136 7.544443616129023e-17
7439.50785 7.463536889210309e-17
7441.16434 7.325727939771469e-17
7442.82083 7.197903467320362e-17
7444.47732 7.070743383988902e-17
7446.13381 6.252897649850142e-17
7447.7903 5.3893020755508554e-17
7449.44679 6.155977169362192e-17
7451.10328 7.030664388502135e-17
7452.75977 7.21799651373491e-17
7454.41626 7.359771192219736e-17
7456.07275 6.474896516962957e-17
7457.72924 5.5216523099666445e-17
7459.38573 5.644421254031147e-17
7461.04222 5.838874223395131e-17
7462.69871 9.489320358766803e-17
7464.3552 1.3369949714147268e-16
7466.01169 1.1556174045439215e-16
7467.66818 9.363026686613174e-17
7469.32467 7.028665087491524e-17
7470.98116 4.684950017991852e-17
7472.63765 4.7139658983398446e-17
7474.29414 4.901905751740989e-17
7475.95063 6.550881348446622e-17
7477.60712 8.29768822878066e-17
7479.26361 8.338292183447808e-17
7480.9201 8.264590950029323e-17
7482.57659 7.452649164230588e-17
7484.23308 6.591269010280063e-17
7485.88957 6.403048523313328e-17
7487.54606 6.260160669300757e-17
7489.20255 5.658896151355996e-17
7490.85904 5.026777134435732e-17
7492.51553 7.111598405769284e-17
7494.17202 9.379358832232713e-17
7495.82851 6.864194184242251e-17
7497.485 4.0269214173109977e-17
7499.14149 5.5504797855503336e-17
7500.79798 7.367738100132142e-17
7502.45447 8.439800948099051e-17
7504.11096 9.461387035204582e-17
7505.76745 8.673180051607328e-17
7507.42394 7.76245325328668e-17
7509.08043 5.825871873260854e-17
7510.73692 3.81986972896552e-17
7512.39341 4.317625266888988e-17
7514.0499 4.984929731939949e-17
7515.70639 5.25868293364306e-17
7517.36288 5.505777735221825e-17
7519.01937 5.996543402216417e-17
7520.67586 6.503883213756956e-17
7522.33235 6.914372631586998e-17
7523.98884 7.318260451908129e-17
7525.64533 7.919040982593116e-17
7527.30182 8.533211999236169e-17
7528.95831 7.658066331603865e-17
7530.6148 6.681547379011073e-17
7532.27129 6.853531820451716e-17
7533.92778 7.103710355778177e-17
7535.58427 5.2135319797751576e-17
7537.24076 3.1769299098519795e-17
7538.89725 3.27765987288899e-17
7540.55374 3.524663763714305e-17
7542.21023 4.699807723806552e-17
7543.86672 5.938451359832442e-17
7545.52321 4.9787387535355174e-17
7547.1797 3.868580985268633e-17
7548.83619 3.222061382396173e-17
7550.49268 2.6072941065590027e-17
7552.14917 3.244268853141464e-17
7553.80566 3.967345397852882e-17
7555.46215 6.97508414714748e-17
7557.11864 1.0139946667304266e-16
7558.77513 9.156472283807553e-17
7560.43162 7.887568968926895e-17
7562.08811 8.157902898349594e-17
7563.7446 8.534147779091507e-17
7565.40109 8.360526403804174e-17
7567.05758 8.148883260999869e-17
7568.71407 5.1256124172083887e-17
7570.37056 1.9079519315956572e-17
7572.02705 1.406787235732772e-17
7573.68354 1.0935334048151168e-17
7575.34003 4.381973584841729e-17
7576.99652 7.919490705614386e-17
7578.65301 7.851299013404613e-17
7580.3095 7.533678497592869e-17
7581.96599 6.201990592453903e-17
7583.62248 4.799834574740078e-17
7585.27897 6.307541970069685e-17
7586.93546 8.017533045196016e-17
7588.59195 7.032708982635485e-17
7590.24844 5.860521412483902e-17
7591.90493 2.164285794432579e-17
7593.56142 -1.7073929103247415e-17
7595.21791 2.1210568798547146e-18
7596.8744 2.5342929947537553e-17
7598.53089 2.745714698518141e-17
7600.18738 2.809614384761391e-17
7601.84387 4.277965128065685e-18
7603.50036 -2.124909574041896e-17
7605.15685 -8.803571614026772e-19
7606.81334 2.2696109200110858e-17
7608.46983 9.374167024172782e-18
7610.12632 -6.5269859992882286e-18
7611.78281 7.376345950441866e-18
7613.4393 2.336295074804708e-17
7615.09579 1.3887616728000288e-17
7616.75228 2.623690581753678e-18
7618.40877 4.174369882893969e-17
7620.06526 8.440284751170872e-17
7621.72175 8.351300676905299e-17
7623.37824 7.956308472026116e-17
7625.03473 5.76631320061279e-17
7626.69122 3.450236085032055e-17
7628.34771 3.6133851252075676e-17
7630.0042 3.950757834567039e-17
7631.66069 3.202055259334464e-17
7633.31718 2.3766698311627698e-17
7634.97367 2.7268849819444035e-17
7636.63016 3.160122230215823e-17
7638.28665 4.3420266098429116e-17
7639.94314 5.576786064149468e-17
7641.59963 5.486599293265465e-17
7643.25612 5.302827113508242e-17
7644.91261 4.617396970052658e-17
7646.5691 3.8963745604796464e-17
7648.22559 4.0064535926324437e-17
7649.88208 4.175528479876583e-17
7651.53857 6.131429981908134e-17
7653.19506 8.214142163229603e-17
7654.85155 5.3670102518144595e-17
7656.50804 2.16991596515851e-17
7658.16453 4.297556762258122e-17
7659.82102 6.803213734093323e-17
7661.47751 4.637041241905704e-17
7663.134 2.1375921305184706e-17
7664.79049 3.247047914133069e-17
7666.44698 4.6139916778771085e-17
7668.10347 4.8667065593117924e-17
7669.75996 5.039902655675637e-17
7671.41645 6.034802989570635e-17
7673.07294 7.088324831148646e-17
7674.72943 5.721433895680202e-17
7676.38592 4.181831845350045e-17
7678.04241 3.8240412010514495e-17
7679.6989 3.551012235340796e-17
7681.35539 6.177272003666735e-17
7683.01188 9.011416394527056e-17
7684.66837 7.990799684517131e-17
7686.32486 6.693706735889564e-17
7687.98135 5.625038790407438e-17
7689.63784 4.5727808888990734e-17
7691.29433 5.639038089124909e-17
7692.95082 6.85724547811081e-17
7694.60731 6.056518267997663e-17
7696.2638 5.11027796752822e-17
7697.92029 4.9531634574239144e-17
7699.57678 4.8529403679700444e-17
