3063.80749995914 3.2009023538071027e-15
3069.47181325016 3.137302086612333e-14
3075.13612654118 2.135510294437007e-14
3080.8004398322 1.619743391797525e-14
3086.46475312322 1.811438544655044e-14
3092.12906641424 2.005636360412174e-14
3097.79337970526 2.226778565481398e-14
3103.45769299628 2.2510843719562545e-14
3109.1220062873 2.2992789270355817e-14
3114.78631957832 2.4467832213102564e-14
3120.45063286934 2.593669882055565e-14
3126.11494616036 2.633206715364171e-14
3131.77925945138 2.6589598136236998e-14
3137.4435727424 2.802586971231607e-14
3143.10788603342 2.8214161295417487e-14
3148.77219932444 3.050792386392755e-14
3154.43651261546 3.0772014778732904e-14
3160.10082590648 2.8947487500716355e-14
3165.7651391975 3.016457143465713e-14
3171.42945248852 3.237095461110233e-14
3177.09376577954 3.19272556529362e-14
3182.75807907056 3.292800017344997e-14
3188.42239236158 3.3693772802519384e-14
3194.0867056526 3.3466214404597344e-14
3199.75101894362 3.404978380704321e-14
3205.41533223464 3.430262282401811e-14
3211.07964552566 3.499599423480687e-14
3216.74395881668 3.524770979532386e-14
3222.4082721077 3.615881357924768e-14
3228.07258539872 3.5694837110184075e-14
3233.73689868974 3.555779019098955e-14
3239.40121198076 3.58111816827499e-14
3245.06552527178 3.655093433638751e-14
3250.7298385628 3.644937082709626e-14
3256.39415185382 3.626987870413164e-14
3262.05846514484 3.6929086842951205e-14
3267.72277843586 3.638385970290378e-14
3273.38709172688 3.661207136390619e-14
3279.0514050179 3.70612545682558e-14
3284.71571830892 3.743336778846766e-14
3290.38003159994 3.6973838553404324e-14
3296.04434489096 3.6608597929529706e-14
3301.70865818198 3.70929938750945e-14
3307.372971473 3.688303346557063e-14
3313.03728476402 3.6725525495075034e-14
3318.70159805504 3.728025960485132e-14
3324.36591134606 3.674945568921068e-14
3330.03022463708 3.635757095414251e-14
3335.6945379281 3.64518259180909e-14
3341.35885121912 3.625247675038133e-14
3347.02316451014 3.649431981715072e-14
3352.68747780116 3.604729983519836e-14
3358.35179109218 3.604673935447086e-14
3364.0161043832 3.4841282902511537e-14
3369.68041767422 3.490930075237052e-14
3375.34473096524 3.5384517688775854e-14
3381.00904425626 3.518187762823541e-14
3386.67335754728 3.54306639485673e-14
3392.3376708383 3.542308822599966e-14
3398.00198412932 3.547466051545603e-14
3403.66629742034 3.566440970192348e-14
3409.33061071136 3.5791154987570195e-14
3414.99492400238 3.5345800238236815e-14
3420.6592372934 3.491243580726311e-14
3426.32355058442 3.523784010985323e-14
3431.98786387544 3.5018181158201824e-14
3437.65217716646 3.491156375554328e-14
3443.31649045748 3.5115948430261755e-14
3448.9808037485 3.403284491810249e-14
3454.64511703952 3.3482848665261236e-14
3460.30943033054 3.335644850654863e-14
3465.97374362157 3.3168190044925865e-14
3471.63805691258 3.317637512512843e-14
3477.30237020361 3.336916461338429e-14
3482.96668349463 3.3472801031118886e-14
3488.63099678565 3.3212837479722414e-14
3494.29531007667 3.2443712424966715e-14
3499.95962336769 3.232462836997602e-14
3505.62393665871 3.282904036915436e-14
3511.28824994973 3.28794255775599e-14
3516.95256324075 3.2573570009337975e-14
3522.61687653177 3.252997671144374e-14
3528.28118982279 3.1860556061783034e-14
3533.94550311381 3.192084577468828e-14
3539.60981640483 3.215991561692775e-14
3545.27412969585 3.1640944569164726e-14
3550.93844298687 3.124694761353227e-14
3556.60275627789 3.1005582988252225e-14
3562.26706956891 3.091074628404883e-14
3567.93138285993 3.082107037333339e-14
3573.59569615095 3.087396388998158e-14
3579.26000944197 3.0701967037626756e-14
3584.92432273299 3.065450460715209e-14
3590.58863602401 3.038518215708214e-14
3596.25294931503 3.0351818941786816e-14
3601.91726260605 3.07698403492041e-14
3607.58157589707 3.09422301262349e-14
3613.24588918809 3.073590355347629e-14
3618.91020247911 3.1056469847599e-14
3624.57451577013 3.1115631899522416e-14
3630.23882906115 3.091212316254252e-14
3635.90314235217 3.078094934047427e-14
3641.56745564319 3.0827388569486125e-14
3647.23176893421 3.1210483832408945e-14
3652.89608222523 3.112736076427241e-14
3658.56039551625 3.0932792757076e-14
3664.22470880727 3.1071823854165935e-14
3669.88902209829 3.0904692678212814e-14
3675.55333538931 3.066149235239711e-14
3681.21764868033 3.0416377921527323e-14
3686.88196197135 3.0284359652366034e-14
3692.54627526237 3.053273086895675e-14
3698.21058855339 3.068182372103531e-14
3703.87490184441 3.0805049339871594e-14
3709.53921513543 3.073822720550428e-14
3715.20352842645 3.067192510153132e-14
3720.86784171747 3.0937290297940225e-14
3726.53215500849 3.1144065838978476e-14
3732.19646829951 3.1117523615408544e-14
3737.86078159053 3.1104429323261447e-14
3743.52509488155 3.072868463041382e-14
3749.18940817257 3.080883051153267e-14
3754.85372146359 3.1161531372909196e-14
3760.51803475461 3.082510924291748e-14
3766.18234804563 3.030031125577631e-14
3771.84666133665 3.003727913726023e-14
3777.51097462767 3.03882787742121e-14
3783.17528791869 3.096338621543699e-14
3788.83960120971 3.067941456514936e-14
3794.50391450073 3.0461713558986873e-14
3800.16822779175 3.069767529245653e-14
3805.83254108277 3.0788864940999095e-14
3811.49685437379 3.088170121199619e-14
3817.16116766481 3.0831860017640545e-14
3822.82548095583 3.082984852531732e-14
3828.48979424685 3.0688199193688206e-14
3834.15410753787 3.054580099700832e-14
3839.81842082889 3.058393442897422e-14
3845.48273411991 3.036415873403865e-14
3851.14704741093 2.9733572229747955e-14
3856.81136070195 2.948322926555779e-14
3862.47567399297 2.977926885585062e-14
3868.13998728399 2.966567949789726e-14
3873.80430057501 2.9244203086279337e-14
3879.46861386603 2.919375556790132e-14
3885.13292715705 2.9199334687188124e-14
3890.79724044807 2.9101766697340255e-14
3896.46155373909 2.904131093381747e-14
3902.12586703011 2.8818112044390317e-14
3907.79018032113 2.855491704252215e-14
3913.45449361215 2.87927113967487e-14
3919.11880690317 2.854814453427273e-14
3924.78312019419 2.7709630978775814e-14
3930.44743348521 2.7630054533762503e-14
3936.11174677623 2.804106986608815e-14
3941.77606006725 2.807181154742933e-14
3947.44037335827 2.7570517600541772e-14
3953.10468664929 2.748933779943441e-14
3958.76899994031 2.7082472471545e-14
3964.43331323133 2.6762084842723376e-14
3970.09762652235 2.7173483228283677e-14
3975.76193981337 2.7118177720527356e-14
3981.42625310439 2.7319557109778355e-14
3987.09056639541 2.764911252786777e-14
3992.75487968643 2.7268095024500025e-14
3998.41919297745 2.7034075347067213e-14
4004.08350626847 2.7036500949860916e-14
4009.74781955949 2.7249203190600885e-14
4015.41213285051 2.7249633602749092e-14
4021.07644614153 2.713100695650943e-14
4026.74075943255 2.7209508808810278e-14
4032.40507272357 2.7046694297029902e-14
4038.06938601459 2.736587057227429e-14
4043.73369930561 2.761024227806543e-14
4049.39801259663 2.7162984706667812e-14
4055.06232588765 2.692141243227989e-14
4060.72663917867 2.7247004803917793e-14
4066.39095246969 2.716741656054753e-14
4072.05526576071 2.6854523737051683e-14
4077.71957905173 2.641688670144991e-14
4083.38389234275 2.6491250445198576e-14
4089.04820563377 2.6119719551713136e-14
4094.71251892479 2.544497816409596e-14
4100.37683221581 2.539366559740519e-14
4106.04114550683 2.532862619498962e-14
4111.70545879785 2.5307184725910212e-14
4117.36977208887 2.4631095195101246e-14
4123.03408537989 2.400208652442374e-14
4128.69839867091 2.383138178142715e-14
4134.36271196193 2.3577861497093435e-14
4140.02702525295 2.3367495307017055e-14
4145.69133854397 2.3208452714134593e-14
4151.35565183499 2.310815210511641e-14
4157.01996512601 2.263080177442515e-14
4162.68427841703 2.2437186647159164e-14
4168.34859170805 2.2436684944189824e-14
4174.01290499907 2.2444984220456374e-14
4179.67721829009 2.237011237883002e-14
4185.34153158111 2.196285935767122e-14
4191.00584487213 2.1662001700348082e-14
4196.67015816315 2.1485127639704406e-14
4202.33447145417 2.1119014875499264e-14
4207.99878474519 2.126219199513153e-14
4213.66309803621 2.1561047877652015e-14
4219.32741132723 2.144021731866527e-14
4224.99172461825 2.139767970919363e-14
4230.65603790927 2.1450055549116385e-14
4236.32035120029 2.1567858204105652e-14
4241.98466449131 2.1613130239190884e-14
4247.64897778233 2.1964250153989256e-14
4253.31329107335 2.2174686219846943e-14
4258.97760436437 2.221668537923759e-14
4264.64191765539 2.210631592862218e-14
4270.30623094641 2.2129793117976656e-14
4275.97054423744 2.2018622240240368e-14
4281.63485752846 2.211812715873926e-14
4287.29917081947 2.217628360464446e-14
4292.9634841105 2.232595775754854e-14
4298.62779740152 2.1988904052637682e-14
4304.29211069254 2.2088833142134493e-14
4309.95642398356 2.1998690897501507e-14
4315.62073727458 2.2275109407042386e-14
4321.2850505656 2.2977759751048527e-14
4326.94936385662 2.2765968350567786e-14
4332.61367714764 2.248536305588228e-14
4338.27799043866 2.174027953788408e-14
4343.94230372968 2.1647660052387678e-14
4349.6066170207 2.1748804079356068e-14
4355.27093031172 2.1500608956071827e-14
4360.93524360274 2.1433550217326735e-14
4366.59955689376 2.1314465896943524e-14
4372.26387018478 2.1685027743693582e-14
4377.9281834758 2.156477700939154e-14
4383.59249676682 2.1439533538255166e-14
4389.25681005784 2.1036628716790698e-14
4394.92112334886 2.0941727369574577e-14
4400.58543663988 2.076623313341133e-14
4406.2497499309 2.0794098081648192e-14
4411.91406322192 2.086214339232327e-14
4417.57837651294 2.0249221185388558e-14
4423.24268980396 1.983561108579311e-14
4428.90700309498 1.965923705316219e-14
4434.571316386 1.9515118604990012e-14
4440.23562967702 1.951621967185116e-14
4445.89994296804 1.9252008628643863e-14
4451.56425625906 1.9124846370523433e-14
4457.22856955008 1.9194680662795027e-14
4462.8928828411 1.8944799724382043e-14
4468.55719613212 1.869059703305937e-14
4474.22150942314 1.8802794317639038e-14
4479.88582271416 1.8791743268207918e-14
4485.55013600518 1.8445149863714912e-14
4491.2144492962 1.8406344276115314e-14
4496.87876258722 1.8306234406603273e-14
4502.54307587824 1.7855134210103208e-14
4508.20738916926 1.7730733737413743e-14
4513.87170246028 1.780562093985285e-14
4519.5360157513 1.815681645618353e-14
4525.20032904232 1.8197932481102336e-14
4530.86464233334 1.8199559075309595e-14
4536.52895562436 1.816100285481543e-14
4542.19326891538 1.7945371615061506e-14
4547.8575822064 1.8010727347922258e-14
4553.52189549742 1.802101837299575e-14
4559.18620878844 1.789359459577512e-14
4564.85052207946 1.79140563779749e-14
4570.51483537048 1.7870720235760728e-14
4576.1791486615 1.804107870657148e-14
4581.84346195252 1.805737121835545e-14
4587.50777524354 1.80659242210048e-14
4593.17208853456 1.7455011020695887e-14
4598.83640182558 1.7353000315455236e-14
4604.5007151166 1.732818653302112e-14
4610.16502840762 1.7195478487080612e-14
4615.82934169864 1.690015550973484e-14
4621.49365498966 1.6689460940937487e-14
4627.15796828068 1.6851048209216012e-14
4632.8222815717 1.6834645485330108e-14
4638.48659486272 1.643313732216805e-14
4644.15090815374 1.636988011077568e-14
4649.81522144476 1.6087265011891915e-14
4655.47953473578 1.6026278394626822e-14
4661.1438480268 1.609338904328423e-14
4666.80816131782 1.5880385206557133e-14
4672.47247460884 1.596741221885274e-14
4678.13678789986 1.5807121546800674e-14
4683.80110119088 1.5657914748926444e-14
4689.4654144819 1.5754938437875872e-14
4695.12972777292 1.5798042455518603e-14
4700.79404106394 1.5846844970964144e-14
4706.45835435496 1.560131574421224e-14
4712.12266764598 1.5829335393946976e-14
4717.786980937 1.5872009847905892e-14
4723.45129422802 1.616101485016188e-14
4729.11560751904 1.658716991522486e-14
4734.77992081006 1.665118655351687e-14
4740.44423410108 1.6700303576531893e-14
4746.1085473921 1.706981931921446e-14
4751.77286068312 1.6932308345807728e-14
4757.43717397414 1.705948488399383e-14
4763.10148726516 1.7291934462515775e-14
4768.76580055618 1.7514679095413688e-14
4774.4301138472 1.762871843022047e-14
4780.09442713822 1.747120385953555e-14
4785.75874042924 1.7565253583322768e-14
4791.42305372026 1.7388357187766466e-14
4797.08736701128 1.7673874525272704e-14
4802.7516803023 1.7685699529535504e-14
4808.41599359332 1.780550384567128e-14
4814.08030688434 1.7978823279290937e-14
4819.74462017536 1.7664385994578304e-14
4825.40893346638 1.767201503504981e-14
4831.0732467574 1.7599228547926966e-14
4836.73756004842 1.757766596135081e-14
4842.40187333944 1.7299946299991303e-14
4848.06618663046 1.6929526613976517e-14
4853.73049992148 1.696460314125027e-14
4859.3948132125 1.7018971721171495e-14
4865.05912650352 1.6795732414272955e-14
4870.72343979454 1.649115876785706e-14
4876.38775308556 1.6670917956571057e-14
4882.05206637658 1.6565079821678085e-14
4887.7163796676 1.6947469718028413e-14
4893.38069295862 1.6701617753327937e-14
4899.04500624964 1.6434418449542915e-14
4904.70931954066 1.6472908080668312e-14
4910.37363283168 1.643181373322533e-14
4916.0379461227 1.620936059847907e-14
4921.70225941372 1.6202267803433004e-14
4927.36657270474 1.617862744114195e-14
4933.03088599576 1.5799099474251928e-14
4938.69519928678 1.585808578153328e-14
4944.3595125778 1.57850257019347e-14
4950.02382586882 1.54325391951791e-14
4955.68813915984 1.5469611775268097e-14
4961.35245245086 1.5404242069803966e-14
4967.01676574188 1.543770181586358e-14
4972.6810790329 1.5310510033384962e-14
4978.34539232392 1.5294546319340808e-14
4984.00970561494 1.5025216056987056e-14
4989.67401890596 1.5014600765991767e-14
4995.33833219698 1.502579034179263e-14
5001.002645488 1.5067032599983895e-14
5006.66695877902 1.4860634226728452e-14
5012.33127207004 1.4880922847277983e-14
5017.99558536106 1.483045362652288e-14
5023.65989865208 1.4749287203066295e-14
5029.3242119431 1.4709618382386762e-14
5034.98852523412 1.4747885066006244e-14
5040.65283852514 1.4714338429663883e-14
5046.31715181616 1.4684265442557552e-14
5051.98146510718 1.4509143882343506e-14
5057.6457783982 1.4715056719052502e-14
5063.31009168922 1.4561522740309227e-14
5068.97440498024 1.4355243046870315e-14
5074.63871827127 1.4396206277890247e-14
5080.30303156229 1.440491423152556e-14
5085.9673448533 1.440719948071758e-14
5091.63165814433 1.4366361127864187e-14
5097.29597143535 1.4190201706091652e-14
5102.96028472636 1.3961748050677525e-14
5108.62459801739 1.4036338171774575e-14
5114.28891130841 1.408294656994386e-14
5119.95322459943 1.3860123227892147e-14
5125.61753789045 1.3747185134712945e-14
5131.28185118147 1.385161865447665e-14
5136.94616447249 1.3752677450075594e-14
5142.61047776351 1.3846805929258163e-14
5148.27479105453 1.390717036548228e-14
5153.93910434555 1.3768640325457751e-14
5159.60341763657 1.3554267294881753e-14
5165.26773092759 1.3470853427566832e-14
5170.93204421861 1.33585680057796e-14
5176.59635750963 1.344085409697618e-14
5182.26067080065 1.3345522628295924e-14
5187.92498409167 1.3181478881902448e-14
5193.58929738269 1.3276097917826155e-14
5199.25361067371 1.3104321955610346e-14
5204.91792396473 1.2996264483331212e-14
5210.58223725575 1.2937424055858414e-14
5216.24655054677 1.2896824932241232e-14
5221.91086383779 1.2922268548416823e-14
5227.57517712881 1.292978618041863e-14
5233.23949041983 1.2784243796678072e-14
5238.90380371085 1.263053336664264e-14
5244.56811700187 1.259022711096635e-14
5250.23243029289 1.2545477127757123e-14
5255.89674358391 1.2557867766738279e-14
5261.56105687493 1.2555924628564141e-14
5267.22537016595 1.2498046195019682e-14
5272.88968345697 1.268445982324865e-14
5278.55399674799 1.2509197354091793e-14
5284.21831003901 1.2205561213855652e-14
5289.88262333003 1.1992580685660893e-14
5295.54693662105 1.186924045082582e-14
5301.21124991207 1.2046158406161369e-14
5306.87556320309 1.2040170645519159e-14
5312.53987649411 1.204718918639605e-14
5318.20418978513 1.1785321742255872e-14
5323.86850307615 1.1643201854310275e-14
5329.53281636717 1.1761244428086987e-14
5335.19712965819 1.1670358360170494e-14
5340.86144294921 1.1707027119479169e-14
5346.52575624023 1.1631745810192499e-14
5352.19006953125 1.1462279240110809e-14
5357.85438282227 1.1478798841666262e-14
5363.51869611329 1.1412600230537327e-14
5369.18300940431 1.1422468186094601e-14
5374.84732269533 1.1532723504633715e-14
5380.51163598635 1.1182526354902911e-14
5386.17594927737 1.1160081202902332e-14
5391.84026256839 1.1144756313696145e-14
5397.50457585941 1.1151522977955218e-14
5403.16888915043 1.1128325157591372e-14
5408.83320244145 1.096597240137099e-14
5414.49751573247 1.0908126232918958e-14
5420.16182902349 1.0855056372404749e-14
5425.82614231451 1.0872158997039274e-14
5431.49045560553 1.0769196490549157e-14
5437.15476889655 1.081183646168291e-14
5442.81908218757 1.0721691757646016e-14
5448.48339547859 1.0522899013620571e-14
5454.14770876961 1.0503599563422045e-14
5459.81202206063 1.0339458907365668e-14
5465.47633535165 1.0448830329358222e-14
5471.14064864267 1.0376677913803427e-14
5476.80496193369 1.0220696113898717e-14
5482.46927522471 1.0068679690665987e-14
5488.13358851573 1.001628159792829e-14
5493.79790180675 9.819940422821002e-15
5499.46221509777 9.899396305376353e-15
5505.12652838879 9.853550817942577e-15
5510.79084167981 9.869008220560994e-15
5516.45515497083 9.898740171345926e-15
5522.11946826185 9.88160260903074e-15
5527.78378155287 9.768267994240197e-15
5533.44809484389 9.828572182855865e-15
5539.11240813491 9.814930742100319e-15
5544.77672142593 9.85265160172906e-15
5550.44103471695 9.92765860310194e-15
5556.10534800797 9.983724795673368e-15
5561.76966129899 1.004300773732833e-14
5567.43397459001 9.946454927233184e-15
5573.09828788103 9.97452175465281e-15
5578.76260117205 9.930517460564952e-15
5584.42691446307 9.782887738649022e-15
5590.09122775409 9.769498318503059e-15
5595.75554104511 9.901822493753022e-15
5601.41985433613 9.706845902060548e-15
5607.08416762715 9.640774170577823e-15
5612.74848091817 9.76943835010826e-15
5618.41279420919 9.58711192727842e-15
5624.07710750021 9.554824360288812e-15
5629.74142079123 9.634007674852497e-15
5635.40573408225 9.671280305219397e-15
5641.07004737327 9.582459935770936e-15
5646.73436066429 9.663485626140981e-15
5652.39867395531 9.668956803546624e-15
5658.06298724633 9.652514647026312e-15
5663.72730053735 9.56369747272344e-15
5669.39161382837 9.441030011434919e-15
5675.05592711939 9.334119926284763e-15
5680.72024041041 9.55796790220438e-15
5686.38455370143 9.560294941524854e-15
5692.04886699245 9.59830637888247e-15
5697.71318028347 9.71024262436429e-15
5703.37749357449 9.634265222979306e-15
5709.04180686551 9.654586766492987e-15
5714.70612015653 9.754769161519984e-15
5720.37043344755 9.922202645721041e-15
5726.03474673857 9.964079212612991e-15
5731.69906002959 9.990949974262996e-15
5737.36337332061 1.0233706765608065e-14
5743.02768661163 1.0154837102886678e-14
5748.69199990265 1.0373941238392584e-14
5754.35631319367 1.0674715227698842e-14
5760.02062648469 1.046580724698603e-14
5765.68493977571 1.0507652137639339e-14
5771.34925306673 1.0680891756335008e-14
5777.01356635775 1.056208268041419e-14
5782.67787964877 1.0651838535681604e-14
5788.34219293979 1.0695223877755528e-14
5794.00650623081 1.0789314457693386e-14
5799.67081952183 1.0786576142481487e-14
5805.33513281285 1.071205626552496e-14
5810.99944610387 1.0770520906718303e-14
5816.66375939489 1.0760858059282218e-14
5822.32807268591 1.0944878561609353e-14
5827.99238597693 1.0779713214326068e-14
5833.65669926795 1.068996598290783e-14
5839.32101255897 1.0781542280974574e-14
5844.98532584999 1.0746898898951116e-14
5850.64963914101 1.058106258302286e-14
5856.31395243203 1.0522737169772425e-14
5861.97826572305 1.0425916288732305e-14
5867.64257901407 1.0375034095683555e-14
5873.30689230509 1.0108160383468142e-14
5878.97120559612 9.746840009800957e-15
5884.63551888713 9.52328733846161e-15
5890.29983217816 9.301068052706737e-15
5895.96414546918 9.36488561028255e-15
5901.62845876019 9.756977056090518e-15
5907.29277205122 9.990363040745708e-15
5912.95708534224 9.993580892851637e-15
5918.62139863326 9.993198978064317e-15
5924.28571192428 9.777279185758178e-15
5929.9500252153 9.58232466093148e-15
5935.61433850632 9.536781933550627e-15
5941.27865179734 9.454346741164605e-15
5946.94296508836 9.434309586746407e-15
5952.60727837938 9.464371252935628e-15
5958.2715916704 9.467631936607202e-15
5963.93590496142 9.265117705899128e-15
5969.60021825244 9.207547234817549e-15
5975.26453154346 9.333185275165042e-15
5980.92884483448 9.265542692769737e-15
5986.5931581255 9.037870711778828e-15
5992.25747141652 9.015704788501681e-15
5997.92178470754 9.018860028397103e-15
6003.58609799856 8.9036768889283e-15
6009.25041128958 8.868661465056747e-15
6014.9147245806 8.712866395209345e-15
6020.57903787162 8.793658130216193e-15
6026.24335116264 8.760030308586266e-15
6031.90766445366 8.643370019622733e-15
6037.57197774468 8.507283760230888e-15
6043.2362910357 8.573550058124332e-15
6048.90060432672 8.795596079252747e-15
6054.56491761774 8.658784945372677e-15
6060.22923090876 8.38746476682151e-15
6065.89354419978 8.386208811103162e-15
6071.5578574908 8.272165394106801e-15
6077.22217078182 8.319792107477782e-15
6082.88648407284 8.358968289883548e-15
6088.55079736386 8.42115425527277e-15
6094.21511065488 8.502970624399482e-15
6099.8794239459 8.466596272021822e-15
6105.54373723692 8.39378541931233e-15
6111.20805052794 8.221398812039765e-15
6116.87236381896 8.165145647339798e-15
6122.53667710998 8.174550683018326e-15
6128.200990401 8.128364507035592e-15
6133.86530369202 8.238662872539912e-15
6139.52961698304 8.253287765337194e-15
6145.19393027406 8.125655196106448e-15
6150.85824356508 8.181198544531296e-15
6156.5225568561 8.153334464619444e-15
6162.18687014712 7.96326040948812e-15
6167.85118343814 7.96092705830242e-15
6173.51549672916 8.06106029481532e-15
6179.17981002018 8.011159424083141e-15
6184.8441233112 7.923200358150046e-15
6190.50843660222 7.841541966998494e-15
6196.17274989324 7.785160083092688e-15
6201.83706318426 7.802349435301239e-15
6207.50137647528 7.847746319888371e-15
6213.1656897663 7.811921455114614e-15
6218.83000305732 7.786695373105352e-15
6224.49431634834 7.683305881520611e-15
6230.15862963936 7.451462775400565e-15
6235.82294293038 7.48063415869373e-15
6241.4872562214 7.563368678157026e-15
6247.15156951242 7.464191573601844e-15
6252.81588280344 7.22543280204148e-15
6258.48019609446 7.035786265502934e-15
6264.14450938548 7.032201905841131e-15
6269.8088226765 7.1032292389226166e-15
6275.47313596752 7.094096754049041e-15
6281.13744925854 7.120941600745508e-15
6286.80176254956 6.996012647011818e-15
6292.46607584058 7.058798139304544e-15
6298.1303891316 6.999478347581099e-15
6303.79470242262 7.072871193501596e-15
6309.45901571364 7.153033996927366e-15
6315.12332900466 7.209907964239413e-15
6320.78764229568 7.202460226697938e-15
6326.4519555867 7.276597416515124e-15
6332.11626887772 7.29570306196171e-15
6337.78058216874 7.233054417248913e-15
6343.44489545976 7.284235929386919e-15
6349.10920875078 7.541431057053311e-15
6354.7735220418 7.67599407451393e-15
6360.43783533282 7.69420398127296e-15
6366.10214862384 7.857054981580776e-15
6371.76646191486 7.937031785499211e-15
6377.43077520588 8.035550963159565e-15
6383.0950884969 8.269429387230572e-15
6388.75940178792 8.51203208369444e-15
6394.42371507894 8.577582958420907e-15
6400.08802836996 8.80078022881738e-15
6405.75234166098 8.950729260614277e-15
6411.416654952 9.064269196915216e-15
6417.08096824302 9.361330580226469e-15
6422.74528153404 9.391067744146007e-15
6428.40959482506 9.428219709263525e-15
6434.07390811608 9.610926436023125e-15
6439.7382214071 9.651878017795785e-15
6445.40253469812 9.45611080385293e-15
6451.06684798914 9.541155776589732e-15
6456.73116128016 9.620290868756112e-15
6462.39547457118 9.569056322057256e-15
6468.0597878622 9.617291903997738e-15
6473.72410115322 9.618643537414261e-15
6479.38841444424 9.546505924267374e-15
6485.05272773526 9.828396146266758e-15
6490.71704102628 9.874366162137268e-15
6496.3813543173 9.563847638989557e-15
6502.04566760832 9.84536612113873e-15
6507.70998089934 9.856411796976625e-15
6513.37429419036 9.745831715550476e-15
6519.03860748138 9.929676203060466e-15
6524.7029207724 9.906257781383462e-15
6530.36723406342 9.924300025501223e-15
6536.03154735444 9.794945393362226e-15
6541.69586064546 9.729567872237595e-15
6547.36017393648 9.511915645705512e-15
6553.0244872275 9.357001387869176e-15
6558.68880051852 8.947773161490987e-15
6564.35311380954 8.938020735558176e-15
6570.01742710056 9.267055208352318e-15
6575.68174039158 9.302599740714084e-15
6581.3460536826 9.194865590405947e-15
6587.01036697362 9.230047662329905e-15
6592.67468026464 9.210272661380705e-15
6598.33899355566 9.150634451162746e-15
6604.00330684668 8.983764290384597e-15
6609.6676201377 8.960297798641276e-15
6615.33193342872 9.004015171104168e-15
6620.99624671974 8.849427031469571e-15
6626.66056001076 8.891640773809791e-15
6632.32487330178 8.819774169956209e-15
6637.9891865928 8.561549212336005e-15
6643.65349988382 8.560011927548438e-15
6649.31781317484 8.574710251897177e-15
6654.98212646586 8.524643579113932e-15
6660.64643975688 8.367746532472052e-15
6666.3107530479 8.335004431525167e-15
6671.97506633892 8.29786304262949e-15
6677.63937962995 8.042445442040287e-15
6683.30369292096 8.004165633355123e-15
6688.96800621199 7.955323073493012e-15
6694.63231950301 7.917554278121346e-15
6700.29663279402 8.02830842547176e-15
6705.96094608505 7.829909122819615e-15
6711.62525937607 7.485279118884395e-15
6717.28957266708 7.569202816464003e-15
6722.95388595811 7.719396071020807e-15
6728.61819924913 7.50038365512038e-15
6734.28251254015 7.423098630042678e-15
6739.94682583117 7.307330549292809e-15
6745.61113912219 7.306881166076511e-15
6751.27545241321 7.166786288126694e-15
6756.93976570423 7.076491908493671e-15
6762.60407899525 7.230470663621534e-15
6768.26839228627 7.180599448011506e-15
6773.93270557729 7.0586540030171876e-15
6779.59701886831 6.935462989579734e-15
6785.26133215933 6.9276191678796836e-15
6790.92564545035 7.037654959930686e-15
6796.58995874137 6.94049900857435e-15
6802.25427203239 6.740787786834882e-15
6807.91858532341 6.757750246503391e-15
6813.58289861443 6.807094511603301e-15
6819.24721190545 6.773927073533313e-15
6824.91152519647 6.7930748558744204e-15
6830.57583848749 6.68303148937158e-15
6836.24015177851 6.6242592231765735e-15
6841.90446506953 6.318650612700334e-15
6847.56877836055 5.681703921589193e-15
6853.23309165157 5.518179987774734e-15
6858.89740494259 5.690539332666183e-15
6864.56171823361 5.836444264808773e-15
6870.22603152463 5.7876857821746915e-15
6875.89034481565 5.904851974299562e-15
6881.55465810667 6.101048540980879e-15
6887.21897139769 6.187631430489683e-15
6892.88328468871 6.239569077631852e-15
6898.54759797973 6.365300788469358e-15
6904.21191127075 6.284210532786174e-15
6909.87622456177 6.2857285185805836e-15
6915.54053785279 6.367928153610431e-15
6921.20485114381 6.291128927793677e-15
6926.86916443483 6.297419747380049e-15
6932.53347772585 6.3135545135794005e-15
6938.19779101687 6.288097084164298e-15
6943.86210430789 6.227588250880624e-15
6949.52641759891 6.3064957320348574e-15
6955.19073088993 6.289805673269961e-15
6960.85504418095 6.29823165434051e-15
6966.51935747197 6.289275216970228e-15
6972.18367076299 6.262592773898544e-15
6977.84798405401 6.1931903420846074e-15
6983.51229734503 6.2465075677249696e-15
6989.17661063605 6.074198677067499e-15
6994.84092392707 6.245476616602742e-15
7000.50523721809 6.358523303751306e-15
7006.16955050911 6.3098725838164314e-15
7011.83386380013 6.20908547481366e-15
7017.49817709115 6.294955881348822e-15
7023.16249038217 6.4542153373155594e-15
7028.82680367319 6.180734236840425e-15
7034.49111696421 6.1860075712440015e-15
7040.15543025523 6.257321414513956e-15
7045.81974354625 6.275740001687051e-15
7051.48405683727 6.182019321771181e-15
7057.14837012829 6.155216997895537e-15
7062.81268341931 6.225388530911898e-15
7068.47699671033 6.256228789207451e-15
7074.14131000135 6.3054062854027394e-15
7079.80562329237 6.3001004734618315e-15
7085.46993658339 6.183539578175659e-15
7091.13424987441 6.2148190280966266e-15
7096.79856316543 6.2854959487408155e-15
7102.46287645645 6.2024876612270045e-15
7108.12718974747 6.233730672703116e-15
7113.79150303849 6.1055878995284815e-15
7119.45581632951 6.130267700122659e-15
7125.12012962053 6.123898491464416e-15
7130.78444291155 6.161023006296599e-15
7136.44875620257 5.996895070418795e-15
7142.11306949359 5.839145305506761e-15
7147.77738278461 5.723173570016906e-15
7153.44169607563 5.6462367688455666e-15
7159.10600936665 5.432323681799278e-15
7164.77032265767 5.4326280636497924e-15
7170.43463594869 5.422341385326784e-15
7176.09894923971 5.419554597417416e-15
7181.76326253073 5.406980493274118e-15
7187.42757582175 5.481357124358824e-15
7193.09188911277 5.620323945386284e-15
7198.75620240379 5.627772751722071e-15
7204.42051569481 5.6028259858537395e-15
7210.08482898583 5.498339099549011e-15
7215.74914227685 5.382837737884093e-15
7221.41345556787 5.362701863957787e-15
7227.07776885889 5.3105081458994315e-15
7232.74208214991 5.342700663401638e-15
7238.40639544093 5.507832388312467e-15
7244.07070873195 5.480180068522571e-15
7249.73502202297 5.4137545227886186e-15
7255.39933531399 5.228790789759826e-15
7261.06364860501 5.455778175516117e-15
7266.72796189603 5.468680399364536e-15
7272.39227518705 5.452285288387999e-15
7278.05658847807 5.338526291263192e-15
7283.72090176909 5.239129025007504e-15
7289.38521506011 5.3102149344140434e-15
7295.04952835113 5.360204455968888e-15
7300.71384164215 5.428570400850931e-15
7306.37815493317 5.287982215035284e-15
7312.04246822419 5.277809017085098e-15
7317.70678151521 5.400487875204962e-15
7323.37109480623 5.3900886148074275e-15
7329.03540809725 5.47741978793743e-15
7334.69972138827 5.2696507385184425e-15
7340.36403467929 5.360920328361224e-15
7346.02834797031 5.182194814758976e-15
7351.69266126133 5.3179778526924975e-15
7357.35697455235 5.3484456660165525e-15
7363.02128784337 5.261788992283264e-15
7368.68560113439 5.2612472567790965e-15
7374.34991442541 5.35219485946478e-15
7380.01422771643 5.203732224072187e-15
7385.67854100745 5.0947246678449314e-15
7391.34285429847 5.188500755054878e-15
7397.00716758949 5.025644784525119e-15
7402.67148088051 5.020106756559326e-15
7408.33579417153 5.117212587061972e-15
7414.00010746255 5.128616712481187e-15
7419.66442075357 5.189204848261257e-15
7425.32873404459 5.1431406065139874e-15
7430.99304733561 5.198668623422313e-15
7436.65736062663 5.052985675172536e-15
7442.32167391765 5.062060840496303e-15
7447.98598720867 5.239356235272367e-15
7453.65030049969 5.2483017482943086e-15
7459.31461379071 5.102750449312069e-15
7464.97892708173 4.932323818853939e-15
7470.64324037275 4.990980112383835e-15
7476.30755366377 5.01997959627533e-15
7481.97186695479 4.9068160222369384e-15
7487.63618024582 5.0875246409063154e-15
7493.30049353683 4.924380202606449e-15
7498.96480682785 4.846436727178017e-15
7504.62912011888 4.933122399656276e-15
7510.2934334099 4.877540127278598e-15
7515.95774670091 4.927345837491873e-15
7521.62205999194 4.905145477656028e-15
7527.28637328296 4.7107076945999095e-15
7532.95068657397 4.687791431798483e-15
7538.614999865 4.954195519189591e-15
7544.27931315602 4.905679532337006e-15
7549.94362644704 4.8686452909401084e-15
7555.60793973806 4.877705891323124e-15
7561.27225302908 4.635009090767096e-15
7566.9365663201 4.416406951530152e-15
7572.60087961112 3.450251252483163e-15
7578.26519290214 2.396051819848221e-15
7583.92950619316 1.9507390088805172e-15
7589.59381948418 2.2417550406256157e-15
7595.2581327752 3.04829425201714e-15
7600.92244606622 3.1347133510426116e-15
7606.58675935724 2.8776663034611063e-15
7612.25107264826 2.8930338468730896e-15
7617.91538593928 3.085123520923408e-15
7623.5796992303 3.3643091887905936e-15
7629.24401252132 3.664077069020926e-15
7634.90832581234 3.918926991335704e-15
7640.57263910336 4.149320272742077e-15
7646.23695239438 4.291134838623349e-15
7651.9012656854 4.369049599105988e-15
7657.56557897642 4.355873545460913e-15
7663.22989226744 4.485970891351069e-15
7668.89420555846 4.58557214985808e-15
7674.55851884948 4.6290229682066635e-15
7680.2228321405 4.4643393779963915e-15
7685.88714543152 4.578870137923581e-15
7691.55145872254 4.560529683518764e-15
7697.21577201356 4.6247944791135956e-15
7702.88008530458 4.676495798062525e-15
7708.5443985956 4.665678509616263e-15
7714.20871188662 4.6266829400929246e-15
7719.87302517764 4.557859331850501e-15
7725.53733846866 4.567667528046927e-15
7731.20165175968 4.576969690917582e-15
7736.8659650507 4.6071047594548594e-15
7742.53027834172 4.618417663013078e-15
7748.19459163274 4.6356871182838835e-15
7753.85890492376 4.542612673370487e-15
7759.52321821478 4.53326583526461e-15
7765.1875315058 4.558270260281845e-15
7770.85184479682 4.54712774664091e-15
7776.51615808784 4.50139030649889e-15
7782.18047137886 4.460871128023626e-15
7787.84478466988 4.46650189022633e-15
7793.5090979609 4.553944022902852e-15
7799.17341125192 4.555020727813214e-15
7804.83772454294 4.3814746633898794e-15
7810.50203783396 4.4675643118629e-15
7816.16635112498 4.440326424941185e-15
7821.830664416 4.4221374308959355e-15
7827.49497770702 4.46358412430858e-15
7833.15929099804 4.290261722626202e-15
7838.82360428906 4.38783111237356e-15
7844.48791758008 4.395899365199262e-15
7850.1522308711 4.300104576950693e-15
7855.81654416212 4.24661114212241e-15
7861.48085745314 4.36394982586686e-15
7867.14517074416 4.338190124828848e-15
7872.80948403518 4.387839908663037e-15
7878.4737973262 4.4591709209058e-15
7884.13811061722 4.3176467099685095e-15
7889.80242390824 4.229823855299956e-15
7895.46673719926 4.239050208075543e-15
7901.13105049028 4.259210825865452e-15
7906.7953637813 4.35318643501283e-15
7912.45967707232 4.331758046665501e-15
7918.12399036334 4.223070815915991e-15
7923.78830365436 4.204869055491756e-15
7929.45261694538 4.298920735691651e-15
7935.1169302364 4.3116648366171825e-15
7940.78124352742 4.154530520711218e-15
7946.44555681844 4.244676087995786e-15
7952.10987010946 4.243332056265239e-15
7957.77418340048 4.183576609050859e-15
7963.4384966915 4.063286872702574e-15
7969.10280998252 4.068100012277563e-15
7974.76712327354 4.1794591478162465e-15
7980.43143656456 4.224136564797499e-15
7986.09574985558 4.223757219975538e-15
7991.7600631466 4.187832107692383e-15
7997.42437643762 4.182634989780782e-15
8003.08868972864 4.249099796906159e-15
8008.75300301966 4.247850625632312e-15
8014.41731631068 4.141028807716857e-15
8020.0816296017 4.0744778367980864e-15
8025.74594289272 4.088035052244869e-15
8031.41025618374 4.167365948129427e-15
8037.07456947476 4.1381519628579256e-15
8042.73888276578 4.195831761474149e-15
8048.4031960568 4.128969608412375e-15
8054.06750934782 4.102447176364501e-15
8059.73182263884 4.071430034250467e-15
8065.39613592986 4.016131501499526e-15
8071.06044922088 3.984897065678773e-15
8076.7247625119 3.845269885147439e-15
8082.38907580292 3.9767766558349025e-15
8088.05338909394 4.049835310671573e-15
8093.71770238496 3.993581930653435e-15
8099.38201567598 3.961027896701974e-15
8105.046328967 3.918524187090083e-15
8110.71064225802 3.862127436861729e-15
8116.37495554904 3.8660401834727e-15
8122.03926884006 3.755728389156666e-15
8127.70358213108 3.739361215003662e-15
8133.3678954221 3.690562108464375e-15
8139.03220871312 3.57236820429714e-15
8144.69652200414 3.691288920612582e-15
8150.36083529516 3.813937406659154e-15
8156.02514858618 3.7464541144956765e-15
8161.6894618772 3.7119142030183104e-15
8167.35377516822 3.650547671690918e-15
8173.01808845924 3.673983044817242e-15
8178.68240175026 3.755892674617531e-15
8184.34671504128 3.595669823830707e-15
8190.0110283323 3.7841975535028255e-15
8195.67534162332 3.819907268927741e-15
8201.33965491434 3.483286286432339e-15
8207.00396820536 3.3315933101374574e-15
8212.66828149638 3.6299328831265544e-15
8218.3325947874 3.715787383006412e-15
8223.99690807842 3.80396501185234e-15
8229.66122136944 3.861823450939508e-15
8235.32553466046 3.821292480247973e-15
8240.98984795148 3.867912265923556e-15
8246.6541612425 3.723835393462971e-15
8252.31847453352 3.4821996164477914e-15
8257.98278782455 3.559778228977897e-15
8263.64710111556 3.755601810581061e-15
8269.31141440658 3.800962955170474e-15
8274.97572769761 3.835785138493187e-15
8280.64004098862 3.684848788820568e-15
8286.30435427964 3.627655559355204e-15
8291.96866757067 3.651700998746315e-15
8297.63298086168 3.619334716251695e-15
8303.2972941527 3.740349564504882e-15
8308.96160744373 3.8359689206422835e-15
8314.62592073474 3.8963489674807984e-15
8320.29023402576 3.7790073113531405e-15
8325.95454731679 3.679260752621218e-15
8331.6188606078 3.744401542645028e-15
8337.28317389882 3.8560217605922424e-15
8342.94748718985 3.841757494469402e-15
8348.61180048086 3.838087101100392e-15
8354.27611377188 3.710815005045933e-15
8359.94042706291 3.697390863214883e-15
8365.60474035393 3.661600174541899e-15
8371.26905364494 3.53865437236887e-15
8376.93336693597 3.655260186159114e-15
8382.59768022699 3.870262731568942e-15
8388.261993518 3.824419379602729e-15
8393.92630680903 3.808389589694056e-15
8399.59062010005 3.658244397706972e-15
8405.25493339107 3.6276358174746045e-15
8410.91924668209 3.6468253446669415e-15
8416.58355997311 3.77974908708122e-15
8422.24787326413 3.871642652975977e-15
8427.91218655515 3.822368704693745e-15
8433.57649984617 3.846758212773906e-15
8439.24081313719 3.772049795016647e-15
8444.90512642821 3.711163579276321e-15
8450.56943971923 3.6768431668502e-15
8456.23375301025 3.7441612975860725e-15
8461.89806630127 3.829237193089111e-15
8467.56237959229 3.8435912482689106e-15
8473.22669288331 3.763749015057132e-15
8478.89100617433 3.626480106860831e-15
8484.55531946535 3.499043977917675e-15
8490.21963275637 3.5910201000519154e-15
8495.88394604739 3.808593852975511e-15
8501.54825933841 3.835825743217461e-15
8507.21257262943 3.8665319476559035e-15
8512.87688592045 3.658545851488977e-15
8518.54119921147 3.5344772578212122e-15
8524.20551250249 3.6516489103057864e-15
8529.86982579351 3.710180750254518e-15
8535.53413908453 3.824291704636087e-15
8541.19845237555 3.892731470164585e-15
8546.86276566657 3.887125311700216e-15
8552.52707895759 3.728062630851183e-15
8558.19139224861 3.622687034244505e-15
8563.85570553963 3.5360029194762454e-15
8569.52001883065 3.57182326213052e-15
8575.18433212167 3.650789087324418e-15
8580.84864541269 3.667295045599511e-15
8586.51295870371 3.815723065779085e-15
8592.17727199473 3.747066642708322e-15
8597.84158528575 3.669718154104356e-15
8603.50589857677 3.619174919107716e-15
8609.17021186779 3.5590981820199e-15
8614.83452515881 3.564344673923937e-15
8620.49883844983 3.597181529900879e-15
8626.16315174085 3.777845876603657e-15
8631.82746503187 3.848345779804542e-15
8637.49177832289 3.7173813764602685e-15
8643.15609161391 3.558753868663233e-15
8648.82040490493 3.5436477647017714e-15
8654.48471819595 3.625065461775086e-15
8660.14903148697 3.548580077713723e-15
8665.81334477799 3.682260591393537e-15
8671.47765806901 3.7670111400529115e-15
8677.14197136003 3.616982224960421e-15
8682.80628465105 3.703549693318435e-15
8688.47059794207 3.5940817063743944e-15
8694.13491123309 3.521128752331446e-15
8699.79922452411 3.598157291581732e-15
8705.46353781513 3.690233640457333e-15
8711.12785110615 3.68318148519053e-15
8716.79216439717 3.6888181333576486e-15
8722.45647768819 3.565633549843128e-15
8728.12079097921 3.450012024011005e-15
8733.78510427023 3.5784199190224525e-15
8739.44941756125 3.5258339858019205e-15
8745.11373085227 3.4960191037591405e-15
8750.77804414329 3.6368180150579964e-15
8756.44235743431 3.558719492321655e-15
8762.10667072533 3.4966606656792232e-15
8767.77098401635 3.46235420330435e-15
8773.43529730737 3.411856722591049e-15
8779.09961059839 3.3087799002403905e-15
8784.76392388941 3.4494078579673312e-15
8790.42823718043 3.613105099912245e-15
8796.09255047145 3.6165703997829736e-15
8801.75686376247 3.62671103470864e-15
8807.42117705349 3.4784732712958836e-15
8813.08549034451 3.403634767950406e-15
8818.74980363553 3.341329688628117e-15
8824.41411692655 3.3254533925577787e-15
8830.07843021757 3.5196468210992162e-15
8835.74274350859 3.575634009592996e-15
8841.40705679961 3.400540718625866e-15
8847.07137009063 3.2213066757273377e-15
8852.73568338165 3.2180341236229013e-15
8858.39999667267 3.2280767974149367e-15
8864.06430996369 3.377593689794708e-15
8869.72862325471 3.3377546016388654e-15
8875.39293654573 3.4734772102131016e-15
8881.05724983675 3.465399999873963e-15
8886.72156312777 3.3219180649544603e-15
8892.38587641879 3.163986491171243e-15
8898.05018970981 3.079727822061725e-15
8903.71450300083 3.1506089355254168e-15
8909.37881629185 3.1221673338509003e-15
8915.04312958287 3.2300382291104207e-15
8920.70744287389 3.3394380033186464e-15
8926.37175616491 3.285460579325411e-15
8932.03606945593 3.1518103893387407e-15
8937.70038274695 3.052684738609042e-15
8943.36469603797 2.877745626889992e-15
8949.02900932899 2.9119107381783714e-15
8954.69332262001 2.9653518517036556e-15
8960.35763591103 3.0631111441708697e-15
8966.02194920205 3.0065182114699055e-15
8971.68626249307 2.9570611211697058e-15
8977.35057578409 2.783780312188644e-15
8983.01488907511 2.811455687168073e-15
8988.67920236613 2.7485380584397805e-15
8994.34351565715 2.8766363162653637e-15
9000.00782894817 2.999219026698849e-15
9005.67214223919 3.061164523193674e-15
9011.33645553021 3.097994459727431e-15
9017.00076882123 3.100137174175506e-15
9022.66508211225 2.9540256920268404e-15
9028.32939540327 2.8574999010502752e-15
9033.99370869429 2.8757905523907665e-15
9039.65802198531 3.0152361335658883e-15
9045.32233527633 3.0248119434240787e-15
9050.98664856735 2.9727328264301425e-15
9056.65096185837 2.9158677545942985e-15
9062.31527514939 2.9088086016077666e-15
9067.97958844042 2.6512538648508965e-15
9073.64390173143 2.6643025611859812e-15
9079.30821502245 2.873270290221891e-15
9084.97252831348 2.803110204629675e-15
9090.63684160449 2.9412269342782724e-15
9096.30115489551 2.971699542752171e-15
9101.96546818654 2.8473322007170707e-15
9107.62978147755 2.7686838391017745e-15
9113.29409476857 2.704699667696272e-15
9118.9584080596 2.8462643427269078e-15
9124.62272135062 2.754057917271603e-15
9130.28703464163 2.8104156221216043e-15
9135.95134793266 2.8251297687205475e-15
9141.61566122368 2.991835835310515e-15
9147.27997451469 2.8904332701403397e-15
9152.94428780572 2.8053653613410475e-15
9158.60860109674 2.837146801346653e-15
9164.27291438776 2.689374380796368e-15
9169.93722767878 2.854946139094337e-15
9175.6015409698 3.0819736527828335e-15
9181.26585426082 3.0800302507088566e-15
9186.93016755184 3.0350580269419563e-15
9192.59448084286 3.024296550606116e-15
9198.25879413388 2.937351052259179e-15
9203.9231074249 2.765553385570126e-15
9209.58742071592 2.7985328373152768e-15
9215.25173400694 2.9496125957998207e-15
9220.91604729796 2.922872702087397e-15
9226.58036058898 3.1493660088105994e-15
9232.24467388 3.124060251898585e-15
9237.90898717102 2.9739946136145756e-15
9243.57330046204 2.94303343029229e-15
9249.23761375306 2.76741921790335e-15
9254.90192704408 2.6437760961035683e-15
9260.5662403351 2.5453604294357064e-15
9266.23055362612 2.639333168924809e-15
9271.89486691714 2.663191276666822e-15
9277.55918020816 2.6558493867847746e-15
9283.22349349918 2.401169776697282e-15
9288.8878067902 2.1784038019770627e-15
9294.55212008122 2.1781282038547957e-15
9300.21643337224 2.430167111046472e-15
9305.88074666326 2.4080789630394602e-15
9311.54505995428 2.178957472713479e-15
9317.2093732453 2.1710018952310097e-15
9322.87368653632 2.2742413391294764e-15
9328.53799982734 2.2677904803630074e-15
9334.20231311836 2.0522262692315955e-15
9339.86662640938 2.1417274255621197e-15
9345.5309397004 2.2708504077210405e-15
9351.19525299142 2.1396500345573094e-15
9356.85956628244 2.228141824496545e-15
9362.52387957346 2.4679797992368863e-15
9368.18819286448 2.5699067295547336e-15
9373.8525061555 2.4535432531771888e-15
9379.51681944652 2.3954858114722296e-15
9385.18113273754 2.4062763112255747e-15
9390.84544602856 2.477714789713497e-15
9396.50975931958 2.4382019354714857e-15
9402.1740726106 2.4010799370724587e-15
9407.83838590162 2.442251312606706e-15
9413.50269919264 2.3720454351013284e-15
9419.16701248366 2.3208654184765536e-15
9424.83132577468 2.424539367625966e-15
9430.4956390657 2.3368614825360474e-15
9436.15995235672 2.3115426108738524e-15
9441.82426564774 2.570529920616609e-15
9447.48857893876 2.650470522098368e-15
9453.15289222978 2.5948146734486833e-15
9458.8172055208 2.5965295460904697e-15
9464.48151881182 2.5308077387531795e-15
9470.14583210284 2.3048797090724472e-15
9475.81014539386 2.362654491578348e-15
9481.47445868488 2.6722587625145174e-15
9487.1387719759 2.741239962627408e-15
9492.80308526692 2.7365881223375074e-15
9498.46739855794 2.6759019728808573e-15
9504.13171184896 2.709792545577716e-15
9509.79602513998 2.7203672672401687e-15
9515.460338431 2.5461144362020736e-15
9521.12465172202 2.5584639294099934e-15
9526.78896501304 2.5541554763629407e-15
9532.45327830406 2.6492807820406934e-15
9538.11759159508 2.782478538968701e-15
9543.7819048861 2.8764934825795437e-15
9549.44621817712 2.871802777102545e-15
9555.11053146814 2.6879592843515876e-15
9560.77484475916 2.657993951248752e-15
9566.43915805018 2.642886657177915e-15
9572.1034713412 2.828931676528321e-15
9577.76778463222 2.8118583016718757e-15
9583.43209792324 2.8391530309571946e-15
9589.09641121426 2.905513448254276e-15
9594.76072450528 2.850833489188467e-15
9600.4250377963 2.7927336672400396e-15
9606.08935108732 2.724411822321552e-15
9611.75366437834 2.7207609558600338e-15
9617.41797766936 3.060168420836506e-15
9623.08229096038 3.249390085339739e-15
9628.7466042514 3.0327407356075033e-15
9634.41091754242 2.9327675086496257e-15
9640.07523083344 2.950664701375433e-15
9645.73954412446 2.9285376964997868e-15
9651.40385741548 2.9871427262496915e-15
9657.0681707065 3.046468315060852e-15
9662.73248399752 3.2165060928887268e-15
9668.39679728854 3.25858315502568e-15
9674.06111057956 3.195545687460234e-15
9679.72542387058 3.411710230373481e-15
9685.3897371616 3.1925828707264677e-15
9691.05405045262 3.185679559631169e-15
9696.71836374364 3.153219375015794e-15
9702.38267703466 3.055233333575184e-15
9708.04699032568 3.2973310638770866e-15
9713.7113036167 3.3921028767923534e-15
9719.37561690772 3.2937403750481218e-15
9725.03993019874 3.212201818364146e-15
9730.70424348976 3.123813886283461e-15
9736.36855678078 3.2114481184293015e-15
9742.0328700718 3.162318434263171e-15
9747.69718336282 3.2427584998634215e-15
9753.36149665384 3.396410661381859e-15
9759.02580994486 3.5374971469859436e-15
9764.69012323588 3.483237191883406e-15
9770.3544365269 3.2584799465635086e-15
9776.01874981792 3.2891834317400265e-15
9781.68306310894 3.266990422475073e-15
9787.34737639996 3.2954199789277714e-15
9793.01168969098 3.3630741014785463e-15
9798.676002982 3.5206991813112347e-15
9804.34031627302 3.4198604868178087e-15
9810.00462956404 3.3605864416246767e-15
9815.66894285506 3.351234110365519e-15
9821.33325614608 3.295930043975699e-15
9826.9975694371 3.72740456468031e-15
9832.66188272812 3.83827180477136e-15
9838.32619601914 3.805079803615746e-15
9843.99050931016 3.771973983698817e-15
9849.65482260118 3.815050581454929e-15
9855.3191358922 3.805987179321602e-15
