3300.0 0.25186774228064024
3301.0 0.27750227089431745
3302.0 0.30313594522001847
3303.0 0.3092452688341262
3304.0 0.3153544003275207
3305.0 0.3436621564103854
3306.0 0.3719690399480246
3307.0 0.30586111617680156
3308.0 0.2397553483781293
3309.0 0.13424809353864214
3310.0 0.02874423544678339
3311.0 0.11953946979286155
3312.0 0.21033179113751607
3313.0 0.16070814855537802
3314.0 0.1110860828252856
3315.0 0.17093768715197558
3316.0 0.23078738064223195
3317.0 0.19299599242145626
3318.0 0.15520580777066517
3319.0 0.16857778130271128
3320.0 0.1819493171107774
3321.0 0.20369588094070643
3322.0 0.22544174310896717
3323.0 0.23064590678944968
3324.0 0.23584989324007566
3325.0 0.21121214517887732
3326.0 0.1865751614420836
3327.0 0.1482586911460584
3328.0 0.10994343762247089
3329.0 0.12220722678776903
3330.0 0.13447062407172153
3331.0 0.12773665669534517
3332.0 0.12100290238538287
3333.0 0.12676206272479212
3334.0 0.13252105227554684
3335.0 0.07756990224287703
3336.0 0.02262046595503226
3337.0 -0.015916109233674834
3338.0 -0.05445148142603926
3339.0 -0.013532290440154044
3340.0 0.02738562496849187
3341.0 0.14198100933579347
3342.0 0.2565728358574714
3343.0 0.18480566715386235
3344.0 0.11304073009650768
3345.0 0.09430661760022244
3346.0 0.0755730793017317
3347.0 0.18302959376409947
3348.0 0.290482792033709
3349.0 0.2708279911904544
3350.0 0.25117378532658546
3351.0 0.29325964906837737
3352.0 0.33534420218378863
3353.0 0.311111256096153
3354.0 0.2868790285269833
3355.0 0.25664829759045377
3356.0 0.22641849945804624
3357.0 0.23126774948655948
3358.0 0.23611686945087557
3359.0 0.27546439510327947
3360.0 0.31481070238406345
3361.0 0.38299187640641974
3362.0 0.4511709690481965
3363.0 0.3965284819345647
3364.0 0.3418876688342903
3365.0 0.24150882178520522
3366.0 0.1411330706905475
3367.0 0.22017468954234576
3368.0 0.29921390452277036
3369.0 0.31339139473325656
3370.0 0.3275684259788549
3371.0 0.26844938364771914
3372.0 0.20933212278864274
3373.0 0.29106739221597333
3374.0 0.3728002045315681
3375.0 0.23002860232682448
3376.0 0.08726130584879212
3377.0 0.2513958784382797
3378.0 0.41552548092448993
3379.0 0.4601400446881697
3380.0 0.5047532685718944
3381.0 0.487299679751959
3382.0 0.469846653891874
3383.0 0.32430969570398116
3384.0 0.17877714768236141
3385.0 0.24259337514999899
3386.0 0.3064076902416108
3387.0 0.28225927012450747
3388.0 0.2581115927350617
3389.0 0.31457601998016294
3390.0 0.3710387774773344
3391.0 0.35779843854206717
3392.0 0.3445584991765765
3393.0 0.32150729337680384
3394.0 0.29845674690854934
3395.0 0.29123418634688114
3396.0 0.28401184413925923
3397.0 0.35713601416425644
3398.0 0.43025801404340985
3399.0 0.43665330547950265
3400.0 0.4430484119242689
3401.0 0.3745651872833795
3402.0 0.30608396494052953
3403.0 0.30079597719485474
3404.0 0.2955081174803523
3405.0 0.3098253135953835
3406.0 0.3241420900096499
3407.0 0.4762672963082534
3408.0 0.6283879872608619
3409.0 0.4719044849511671
3410.0 0.3154256299512617
3411.0 0.28500732916337146
3412.0 0.25458994219948106
3413.0 0.27779715455311604
3414.0 0.30100367228663527
3415.0 0.2819246049637008
3416.0 0.2628460843636848
3417.0 0.3010160496886977
3418.0 0.33918488439998945
3419.0 0.35027596781203174
3420.0 0.3613667623394448
3421.0 0.33781627901188627
3422.0 0.3142665187179504
3423.0 0.28412554696331127
3424.0 0.25398544116409055
3425.0 0.1802761656493051
3426.0 0.10656903817377025
3427.0 0.1620291354856843
3428.0 0.21748762199060817
3429.0 0.27000009884696335
3430.0 0.32251106978403793
3431.0 0.30859969302343787
3432.0 0.29468872271023
3433.0 0.2931454649935075
3434.0 0.291602254923428
3435.0 0.3003540433223274
3436.0 0.30910561352194127
3437.0 0.31594436355427463
3438.0 0.32278291933733416
3439.0 0.2830810156101956
3440.0 0.24338024327824967
3441.0 0.2372881408602812
3442.0 0.23119620027444393
3443.0 0.2536485864826438
3444.0 0.2761003297874807
3445.0 0.3013399798081736
3446.0 0.3265789400384709
3447.0 0.34151222090924227
3448.0 0.356445108806703
3449.0 0.3287174877771618
3450.0 0.30099063188861486
3451.0 0.33076095968944724
3452.0 0.3605304078917706
3453.0 0.4569199986136291
3454.0 0.553306810320622
3455.0 0.5025759212123577
3456.0 0.45184645136168267
3457.0 0.381203758409267
3458.0 0.3105631119649691
3459.0 0.34017163094510855
3460.0 0.36977934310710653
3461.0 0.3604794104103651
3462.0 0.35117974513593286
3463.0 0.39154790902973025
3464.0 0.43191493197603753
3465.0 0.40298411182338467
3466.0 0.3740541463670899
3467.0 0.41186701774430445
3468.0 0.4496787918788794
3469.0 0.45126710353507354
3470.0 0.4528553744710198
3471.0 0.4652714111452158
3472.0 0.477687070129385
3473.0 0.43663523706908053
3474.0 0.39558453248238207
3475.0 0.32227723613040593
3476.0 0.2489720047600123
3477.0 0.33043454746625645
3478.0 0.4118948046460952
3479.0 0.44501384885965095
3480.0 0.4781319996031084
3481.0 0.4397850916718761
3482.0 0.40143926210408665
3483.0 0.4356369424466401
3484.0 0.4698336379044066
3485.0 0.41941849978687223
3486.0 0.36900474257668264
3487.0 0.4308627986951047
3488.0 0.4927191319917103
3489.0 0.4501098270640483
3490.0 0.4075017138280513
3491.0 0.4105192636284532
3492.0 0.41353676470054457
3493.0 0.4390413994330223
3494.0 0.46454536049317635
3495.0 0.5153953110036641
3496.0 0.5662438537522271
3497.0 0.542546869701638
3498.0 0.5188505792556579
3499.0 0.49930795757991414
3500.0 0.47976588147280164
3501.0 0.37765439102155135
3502.0 0.2755457288825601
3503.0 0.3193071472456028
3504.0 0.3630673590031393
3505.0 0.36774598035829115
3506.0 0.37242447563309283
3507.0 0.4266589035221891
3508.0 0.48089183993395324
3509.0 0.47714174915949087
3510.0 0.473391733799723
3511.0 0.38101768816197384
3512.0 0.28864618575816237
3513.0 0.3148196709741623
3514.0 0.3409924716198199
3515.0 0.2932437837092514
3516.0 0.24549642387181972
3517.0 0.24109560250968515
3518.0 0.2366949036567645
3519.0 0.29415254441038274
3520.0 0.3516086309599962
3521.0 0.37714857246600514
3522.0 0.40268781884974886
3523.0 0.37872961209170647
3524.0 0.3547720624137832
3525.0 0.36665647795332357
3526.0 0.37854057228097493
3527.0 0.3758277707996437
3528.0 0.3731150461338396
3529.0 0.3889337540519159
3530.0 0.40475203462066395
3531.0 0.37185679784484055
3532.0 0.3389624578307583
3533.0 0.3260733757881341
3534.0 0.31318467781436676
3535.0 0.3520973435332951
3536.0 0.39100898868150086
3537.0 0.3808798873429764
3538.0 0.37075106318632295
3539.0 0.33638757113722945
3540.0 0.30202504285849363
3541.0 0.31578653118468936
3542.0 0.3295476817817836
3543.0 0.32428241355072895
3544.0 0.31901728983205857
3545.0 0.2957939404875005
3546.0 0.27257121937955525
3547.0 0.24739955898735336
3548.0 0.2222285940857351
3549.0 0.24316394327608737
3550.0 0.2640987152776678
3551.0 0.24231014040027737
3552.0 0.22052215269003578
3553.0 0.26487623832089485
3554.0 0.3092291355027383
3555.0 0.33805424659341315
3556.0 0.36687858736591417
3557.0 0.34291335320007676
3558.0 0.31894876324669336
3559.0 0.3227200628663565
3560.0 0.32649123218254344
3561.0 0.262877938895712
3562.0 0.1992663313869989
3563.0 0.22200833000549722
3564.0 0.2447497231653262
3565.0 0.2944572867943059
3566.0 0.34416354299603524
3567.0 0.33041414078525144
3568.0 0.31666510707587736
3569.0 0.30250726893001156
3570.0 0.2883498095554563
3571.0 0.30397727481577624
3572.0 0.31960432682631146
3573.0 0.3567909213959721
3574.0 0.39397653112277414
3575.0 0.43776733166677484
3576.0 0.4815570055022316
3577.0 0.4908284263506219
3578.0 0.5000996048820522
3579.0 0.4820156114500713
3580.0 0.46393209986689066
3581.0 0.4633593917603315
3582.0 0.4627867335992347
3583.0 0.4491983053657768
3584.0 0.4356102390018386
3585.0 0.43200899292169315
3586.0 0.4284078130032616
3587.0 0.3838210304722739
3588.0 0.3392353939250081
3589.0 0.3240698326393388
3590.0 0.3089047044842535
3591.0 0.3853103729103786
3592.0 0.4617140341203136
3593.0 0.46950140218250286
3594.0 0.4772885686499051
3595.0 0.46813915778711085
3596.0 0.4589899584012022
3597.0 0.47773729193673165
3598.0 0.49648413689299087
3599.0 0.44344424524389514
3600.0 0.3904057776380093
3601.0 0.36293132340797485
3602.0 0.3354576222239831
3603.0 0.3238199299173446
3604.0 0.3121825439209868
3605.0 0.3911402011919509
3606.0 0.47009583021074497
3607.0 0.45315543980668477
3608.0 0.43621549426751804
3609.0 0.4254825256689831
3610.0 0.4147498394952656
3611.0 0.44000701298486544
3612.0 0.46526356307291816
3613.0 0.4730292241570113
3614.0 0.48079468607277764
3615.0 0.5213491811170807
3616.0 0.5619026568517904
3617.0 0.5655760344668905
3618.0 0.5692493200983646
3619.0 0.5356216692848308
3620.0 0.5019949575106565
3621.0 0.5028540922971233
3622.0 0.5037131761207481
3623.0 0.4505989159064744
3624.0 0.3974860654573852
3625.0 0.46470443700035274
3626.0 0.531921072283866
3627.0 0.5473234834023364
3628.0 0.5627254996263433
3629.0 0.5429519198461644
3630.0 0.5231788538357263
3631.0 0.5373822755162684
3632.0 0.5515853338791213
3633.0 0.5440195899187386
3634.0 0.5364540440987339
3635.0 0.4446478977595303
3636.0 0.35284414978527345
3637.0 0.378415296025075
3638.0 0.4039858182143579
3639.0 0.37722387670381236
3640.0 0.35046259354614495
3641.0 0.3718261810594663
3642.0 0.39318919033892963
3643.0 0.3188985556950855
3644.0 0.2446097973115081
3645.0 0.30910943469740443
3646.0 0.373607420346199
3647.0 0.3554030548686265
3648.0 0.3371991576130337
3649.0 0.2687217736075139
3650.0 0.20024611170634612
3651.0 0.26212533015094475
3652.0 0.3240029679654698
3653.0 0.2730417800715825
3654.0 0.222081927119375
3655.0 0.29230186313994644
3656.0 0.36252000857728506
3657.0 0.430552036465235
3658.0 0.49858236353311647
3659.0 0.4933295437284192
3660.0 0.4880768920678333
3661.0 0.4619341662121891
3662.0 0.435792139973163
3663.0 0.41401587293317527
3664.0 0.39224016193917854
3665.0 0.447401117846475
3666.0 0.502560706011882
3667.0 0.46900103444199537
3668.0 0.43544221742568356
3669.0 0.3739341563061798
3670.0 0.3124276575402212
3671.0 0.3815466242077704
3672.0 0.45066380915664933
3673.0 0.42954050681964673
3674.0 0.4084177416699759
3675.0 0.31850872106804423
3676.0 0.22860200895439156
3677.0 0.30418780271242035
3678.0 0.3797716868659825
3679.0 0.40332159554617175
3680.0 0.426870911306111
3681.0 0.37751520768520413
3682.0 0.3281607201692963
3683.0 0.33105687988271326
3684.0 0.33395296820021425
3685.0 0.3124725778403554
3686.0 0.29099273037190676
3687.0 0.35858814691859253
3688.0 0.4261818630970773
3689.0 0.41451193315816437
3690.0 0.4028422988780863
3691.0 0.34790720109489653
3692.0 0.2929734861173795
3693.0 0.34334165393515637
3694.0 0.3937085581346009
3695.0 0.36939242713935777
3696.0 0.34507690827646137
3697.0 0.37551841173211525
3698.0 0.40595918514885504
3699.0 0.3710662299589198
3700.0 0.33617411933299535
3701.0 0.3790026409267759
3702.0 0.42183009182504067
3703.0 0.4012298747692307
3704.0 0.38063020671982983
3705.0 0.38712498054981354
3706.0 0.3936196254640414
3707.0 0.3820260593951456
3708.0 0.3704327847497375
3709.0 0.3318252643370998
3710.0 0.29321867760543374
3711.0 0.36726629221243506
3712.0 0.44131209304587465
3713.0 0.43180596791370324
3714.0 0.4223000817068381
3715.0 0.4145831007223504
3716.0 0.40686631383155714
3717.0 0.41961998681464624
3718.0 0.4323733442762899
3719.0 0.4036643158332053
3720.0 0.3749560348441252
3721.0 0.4175365702806046
3722.0 0.4601160810566176
3723.0 0.5355678956724056
3724.0 0.6110177756879966
3725.0 0.5990604138978569
3726.0 0.5871033514694751
3727.0 0.5655286777826249
3728.0 0.5439545415497175
3729.0 0.604030416225012
3730.0 0.6641048682706893
3731.0 0.838442137125762
3732.0 1.0127750930226345
3733.0 0.958843021086849
3734.0 0.9049122876832304
3735.0 0.8592899973008663
3736.0 0.8136689018770148
3737.0 0.8131613130280676
3738.0 0.8126538034799833
3739.0 0.7460956563123313
3740.0 0.6795390922699377
3741.0 0.6968126471660557
3742.0 0.7140857788376495
3743.0 0.7086720164880431
3744.0 0.7032583272941889
3745.0 0.7090075569249735
3746.0 0.7147566478692166
3747.0 0.6798690935583435
3748.0 0.6449824009763304
3749.0 0.687330996647381
3750.0 0.7296785532776074
3751.0 0.7595387110835269
3752.0 0.7893981378808113
3753.0 0.7824824049625385
3754.0 0.7755668451385056
3755.0 0.737108585618593
3756.0 0.698651273289677
3757.0 0.7415035562573082
3758.0 0.7843547908404337
3759.0 0.7850601755491026
3760.0 0.7857654828307148
3761.0 0.7537460709060755
3762.0 0.721727446503872
3763.0 0.6871130775941754
3764.0 0.6524996222069589
3765.0 0.6477032492281608
3766.0 0.6429069961569348
3767.0 0.6486952701075727
3768.0 0.6544834050567914
3769.0 0.6624043764367055
3770.0 0.6703251568323579
3771.0 0.6569691503693568
3772.0 0.6436134725996966
3773.0 0.5663169047648955
3774.0 0.4890222570902573
3775.0 0.5134196562092366
3776.0 0.5378164939109978
3777.0 0.5827527213632869
3778.0 0.6276879190854603
3779.0 0.5928905230365825
3780.0 0.5580939767727142
3781.0 0.5876301426046648
3782.0 0.6171656549587183
3783.0 0.6394816809842591
3784.0 0.6617972298033822
3785.0 0.6436388978420251
3786.0 0.6254810729495242
3787.0 0.6240530038169508
3788.0 0.6226250349314967
3789.0 0.6154534379971214
3790.0 0.6082820174397139
3791.0 0.6070420874673683
3792.0 0.6058022530416735
3793.0 0.5853505969981053
3794.0 0.564899502253828
3795.0 0.5886629962430895
3796.0 0.6124259164693638
3797.0 0.6354338110748599
3798.0 0.6584411507274819
3799.0 0.656032577349775
3800.0 0.6536240013613953
3801.0 0.6181586876804719
3802.0 0.5826942340691079
3803.0 0.5203883800067765
3804.0 0.4580840023765692
3805.0 0.5559832385579238
3806.0 0.6538800165776958
3807.0 0.580414101043027
3808.0 0.5069498665420059
3809.0 0.5039233112153845
3810.0 0.5008967990466092
3811.0 0.5699606152079094
3812.0 0.6390227677369923
3813.0 0.6524637104724856
3814.0 0.6659043947096596
3815.0 0.6551770591903182
3816.0 0.6444499210670883
3817.0 0.6337946829716435
3818.0 0.6231397035306043
3819.0 0.5932474828088449
3820.0 0.5633559200581232
3821.0 0.5485811124088372
3822.0 0.5338065986395906
3823.0 0.5409395300462473
3824.0 0.5480722918268273
3825.0 0.5532738376784366
3826.0 0.5584753236444147
3827.0 0.5460197610679837
3828.0 0.5335644992727059
3829.0 0.5481751953055676
3830.0 0.5627855425989478
3831.0 0.4914785721746806
3832.0 0.420173313101649
3833.0 0.39913780411499117
3834.0 0.37810280050757034
3835.0 0.4281572204400021
3836.0 0.4782104429123616
3837.0 0.46723897964297717
3838.0 0.45626778048652156
3839.0 0.4470753501883281
3840.0 0.4378831728297688
3841.0 0.4115034070891123
3842.0 0.3851242734025623
3843.0 0.36650485880173495
3844.0 0.34788589030671896
3845.0 0.3902754757350404
3846.0 0.4326640499177836
3847.0 0.46417358918585233
3848.0 0.49568237770354756
3849.0 0.5034949141985997
3850.0 0.511307265842571
3851.0 0.4485409207269449
3852.0 0.3857760421009708
3853.0 0.36493048453842614
3854.0 0.34408545650047595
3855.0 0.35737430429693157
3856.0 0.37066283662435023
3857.0 0.3972415663717515
3858.0 0.42381966452632236
3859.0 0.449295492407043
3860.0 0.47477074701874067
3861.0 0.4422345836796693
3862.0 0.4096992270546772
3863.0 0.434344895469364
3864.0 0.4589900109198792
3865.0 0.44713827346489815
3866.0 0.43528678729940273
3867.0 0.44913403577395655
3868.0 0.46298098833524287
3869.0 0.40294796526791804
3870.0 0.3429163997744329
3871.0 0.35937468885952356
3872.0 0.37583258855982676
3873.0 0.3777029421578694
3874.0 0.3795732524906955
3875.0 0.3660234724813524
3876.0 0.35247401461134065
3877.0 0.32749050689382986
3878.0 0.30250762344833937
3879.0 0.3290473884942886
3880.0 0.35558652616303277
3881.0 0.3694366708127311
3882.0 0.3832865203596762
3883.0 0.3828956088966218
3884.0 0.3825047077418487
3885.0 0.38731136979588254
3886.0 0.39211791929471757
3887.0 0.36617977343064717
3888.0 0.34024227300811005
3889.0 0.36113655700858294
3890.0 0.3820303169708974
3891.0 0.38801526000693004
3892.0 0.39400003123723526
3893.0 0.4132483123510246
3894.0 0.43249614045349727
3895.0 0.45275671910907456
3896.0 0.47301682119841976
3897.0 0.46053935925113254
3898.0 0.4480622242143666
3899.0 0.41823186468733276
3900.0 0.3884022406334027
3901.0 0.448544999003174
3902.0 0.5086863738834762
3903.0 0.4894530334658255
3904.0 0.47022014702617626
3905.0 0.4546733848872735
3906.0 0.43912702126756975
3907.0 0.426268359562472
3908.0 0.41341003291427164
3909.0 0.45619593636148204
3910.0 0.49898086690519916
3911.0 0.5362328879388105
3912.0 0.5734840983175887
3913.0 0.5722620173944793
3914.0 0.5710399034650019
3915.0 0.5732636313319294
3916.0 0.5754873084498634
3917.0 0.5693451854886841
3918.0 0.5632031449052743
3919.0 0.5634005258004564
3920.0 0.5635979034717686
3921.0 0.5985271331652811
3922.0 0.6334556087352161
3923.0 0.6645208596162727
3924.0 0.695585384274043
3925.0 0.708772846618535
3926.0 0.7219600650010408
3927.0 0.7206378933263488
3928.0 0.7193157543573662
3929.0 0.6810953493801685
3930.0 0.642875777229504
3931.0 0.6523836976803614
3932.0 0.661891397320733
3933.0 0.683855423051632
3934.0 0.7058189369259171
3935.0 0.7534333332586848
3936.0 0.8010465555555679
3937.0 0.8404251973512095
3938.0 0.8798029213002254
3939.0 0.8889915058300049
3940.0 0.8981799410442098
3941.0 0.9275894805299204
3942.0 0.9569983357983943
3943.0 0.9694115801054688
3944.0 0.9818244739396417
3945.0 0.9750387871123616
3946.0 0.9682533239041147
3947.0 1.0009487751822974
3948.0 1.0336435297768207
3949.0 1.092690158204245
3950.0 1.1517352870925912
3951.0 1.1405638079030447
3952.0 1.1293925914821268
3953.0 1.1433916600967255
3954.0 1.1573902791260542
3955.0 1.2027377522448892
3956.0 1.2480841727767893
3957.0 1.23193480511785
3958.0 1.2157856896093766
3959.0 1.2289884403131657
3960.0 1.2421908867439333
3961.0 1.2459252918944945
3962.0 1.2496597392301245
3963.0 1.2959179551149191
3964.0 1.3421752253362935
3965.0 1.34700961611721
3966.0 1.3518440237872762
3967.0 1.3170419497649768
3968.0 1.2822408127498122
3969.0 1.2910202206904784
3970.0 1.2997994276690008
3971.0 1.2916043776005073
3972.0 1.2834095203858598
3973.0 1.2282221891865786
3974.0 1.173036140257053
3975.0 1.2175787478988067
3976.0 1.262120451892045
3977.0 1.272360566491738
3978.0 1.2826003202769019
3979.0 1.3053920220792734
3980.0 1.3281830725087456
3981.0 1.2890831331385644
3982.0 1.249983975464195
3983.0 1.2162748818182627
3984.0 1.1825665708113187
3985.0 1.2011916779956848
3986.0 1.2198163567554525
3987.0 1.2006609599452631
3988.0 1.181506008559355
3989.0 1.2134114750622709
3990.0 1.2453160802526528
3991.0 1.2621766612330474
3992.0 1.2790367289263005
3993.0 1.3089229578781592
3994.0 1.3388083728757931
3995.0 1.3029750557298392
3996.0 1.2671426948081073
3997.0 1.188031120529043
3998.0 1.1089213747288207
3999.0 1.154542822324202
4000.0 1.2001632194855227
4001.0 1.2108774974125303
4002.0 1.2215916567462795
4003.0 1.193008479143978
4004.0 1.1644260891053886
4005.0 1.1529810799844722
4006.0 1.141536336888227
4007.0 1.131848884739821
4008.0 1.1221616579715405
4009.0 1.0980059362433754
4010.0 1.0738507729913935
4011.0 1.063299898911486
4012.0 1.0527491436083218
4013.0 1.0371084701941027
4014.0 1.0214680956494824
4015.0 1.0456329252921461
4016.0 1.0697972639594406
4017.0 1.023856944298088
4018.0 0.977917746299113
4019.0 0.8850028044999566
4020.0 0.792090000747142
4021.0 0.8171140599127124
4022.0 0.8421376084697789
4023.0 0.8427856390538414
4024.0 0.843433656285025
4025.0 0.8228809349802405
4026.0 0.8023287503316143
4027.0 0.7817769760559004
4028.0 0.7612256750970195
4029.0 0.7307501355148214
4030.0 0.7002752967831111
4031.0 0.7091018707640192
4032.0 0.7179282434682053
4033.0 0.7881031878244922
4034.0 0.8582765869086638
4035.0 0.8559023677066452
4036.0 0.8535282044541629
4037.0 0.8664197468084841
4038.0 0.8793109320884338
4039.0 0.886013819042824
4040.0 0.8927164908668263
4041.0 0.9203439125915643
4042.0 0.9479707029943822
4043.0 0.9808128485918709
4044.0 1.0136543068040293
4045.0 1.0563009908737053
4046.0 1.0989467634518977
4047.0 1.1272613251810155
4048.0 1.1555752407952524
4049.0 1.1621899687005133
4050.0 1.168804673339717
4051.0 1.2695107642385077
4052.0 1.370214427785214
4053.0 1.4292240755939019
4054.0 1.4882325026395622
4055.0 1.5654825309017697
4056.0 1.6427307959903796
4057.0 1.7357074316229855
4058.0 1.8286820716373144
4059.0 1.930778232570501
4060.0 2.032872064419444
4061.0 2.1620380392531726
4062.0 2.2912009417997705
4063.0 2.406398458768458
4064.0 2.521593097529684
4065.0 2.6387897511697003
4066.0 2.7559837343197775
4067.0 2.8439234517469543
4068.0 2.9318611673138983
4069.0 2.977763896798332
4070.0 3.0236655840247475
4071.0 3.100249323348805
4072.0 3.176831321308422
4073.0 3.1786724766644876
4074.0 3.1805135950356065
4075.0 3.184871727292131
4076.0 3.189230017354201
4077.0 3.116689295197164
4078.0 3.0441504826118004
4079.0 2.9215630599190137
4080.0 2.7989784336403543
4081.0 2.721147223909721
4082.0 2.6433177904231058
4083.0 2.6115563890216773
4084.0 2.579795714533965
4085.0 2.536313222251833
4086.0 2.492831723250254
4087.0 2.5084118922879806
4088.0 2.523991710670819
4089.0 2.515651407920716
4090.0 2.507311046487902
4091.0 2.400010703473197
4092.0 2.2927128035484903
4093.0 2.3179007563301384
4094.0 2.3430881400347174
4095.0 2.356019791786472
4096.0 2.3689514052520897
4097.0 2.309791123753004
4098.0 2.250632441616944
4099.0 2.2011125127450737
4100.0 2.151593963746147
4101.0 2.119538178139789
4102.0 2.0874828712891005
4103.0 2.04232864733272
4104.0 1.9971753251464075
4105.0 2.029668944372719
4106.0 2.062161955204907
4107.0 2.1109675207217093
4108.0 2.1597719820719403
4109.0 2.1394910679459938
4110.0 2.1192106167760545
4111.0 2.039500275321279
4112.0 1.959791743930124
4113.0 1.902814145241271
4114.0 1.8458379666131222
4115.0 1.8780760877485527
4116.0 1.9103133547347002
4117.0 1.920836508514235
4118.0 1.931359552294262
4119.0 1.8661831201594217
4120.0 1.801008166512006
4121.0 1.7800945865541644
4122.0 1.7591814822366743
4123.0 1.7246646032717632
4124.0 1.6901485076774043
4125.0 1.6113700114652394
4126.0 1.5325933001170189
4127.0 1.5002948425587637
4128.0 1.4679972434609903
4129.0 1.4436911859255044
4130.0 1.4193856797467779
4131.0 1.388786551931587
4132.0 1.358187991613731
4133.0 1.3348618882080794
4134.0 1.3115364395621092
4135.0 1.2212771264404407
4136.0 1.1310199814011026
4137.0 1.1089182309434298
4138.0 1.0868169810895383
4139.0 1.0785453023968747
4140.0 1.0702738115189434
4141.0 1.0534500706867373
4142.0 1.0366267108722877
4143.0 1.0552545801084072
4144.0 1.07388202909817
4145.0 1.0676665425485976
4146.0 1.061451197128637
4147.0 1.0225611922222109
4148.0 0.9836721295484007
4149.0 1.0041856061253795
4150.0 1.0246986198695056
4151.0 1.0198161301470086
4152.0 1.0149336882522682
4153.0 0.9274568116941455
4154.0 0.839981911217097
4155.0 0.8527386227319713
4156.0 0.8654950465461457
4157.0 0.8805435717657946
4158.0 0.8955917575404233
4159.0 0.8702215865701111
4160.0 0.844851988723674
4161.0 0.8371614875200112
4162.0 0.8294711602077829
4163.0 0.8191100297438056
4164.0 0.8087490704321237
4165.0 0.7762302911355674
4166.0 0.7437123090470608
4167.0 0.7227508037284849
4168.0 0.7017897716911351
4169.0 0.716799569971837
4170.0 0.7318090295963552
4171.0 0.7408003678059748
4172.0 0.7497915661538362
4173.0 0.734042415871528
4174.0 0.7182936210859238
4175.0 0.7169232578187379
4176.0 0.71555286254702
4177.0 0.7207882998897525
4178.0 0.726023619096144
4179.0 0.746216159970533
4180.0 0.76640824515717
4181.0 0.7886202045775198
4182.0 0.8108316627168054
4183.0 0.8175117978937986
4184.0 0.8241917192877456
4185.0 0.8316817386228991
4186.0 0.839171588829923
4187.0 0.8330340480656673
4188.0 0.826896645658964
4189.0 0.8326460615849388
4190.0 0.8383954105560152
4191.0 0.8799037146986568
4192.0 0.9214110819346515
4193.0 0.9332540918266036
4194.0 0.9450968341992557
4195.0 0.9186326971688032
4196.0 0.8921691570840146
4197.0 0.9033254614455273
4198.0 0.9144815137124127
4199.0 0.9138501791611416
4200.0 0.91321885850876
4201.0 0.9427906079623659
4202.0 0.9723616895733688
4203.0 0.9816496566758292
4204.0 0.9909374766365948
4205.0 0.9855049125475824
4206.0 0.980072470608497
4207.0 0.9910454253359045
4208.0 1.0020181318369388
4209.0 1.0415213234541423
4210.0 1.0810235597164124
4211.0 1.1314514612819018
4212.0 1.1818782236193566
4213.0 1.1849642405328493
4214.0 1.1880500611453528
4215.0 1.241072132848676
4216.0 1.294093006395151
4217.0 1.3474293884822528
4218.0 1.4007646909597062
4219.0 1.452261401325692
4220.0 1.503756947514633
4221.0 1.5398301931640686
4222.0 1.5759024969261561
4223.0 1.5830963360996404
4224.0 1.5902898856401166
4225.0 1.6552270683892003
4226.0 1.7201627825789403
4227.0 1.7311185911845213
4228.0 1.742074024885482
4229.0 1.7246866616084933
4230.0 1.7072995639026713
4231.0 1.7508147760937076
4232.0 1.7943290031047083
4233.0 1.790487029020736
4234.0 1.7866450142408454
4235.0 1.7711532626311615
4236.0 1.755661859551124
4237.0 1.727148740994027
4238.0 1.6986363913099558
4239.0 1.6281194921171402
4240.0 1.5576040602433652
4241.0 1.507226857923065
4242.0 1.456850667698147
4243.0 1.408481381162104
4244.0 1.360113187391373
4245.0 1.323473742646175
4246.0 1.2868351254861996
4247.0 1.2423175843951966
4248.0 1.1978009235592537
4249.0 1.1733408087040573
4250.0 1.148881246139855
4251.0 1.1054227273489785
4252.0 1.0619650653138755
4253.0 1.0468736280918625
4254.0 1.0317824683956842
4255.0 0.9844003644019023
4256.0 0.9370192694290909
4257.0 0.9077851583631862
4258.0 0.8785517712989672
4259.0 0.901083187518789
4260.0 0.9236140919872493
4261.0 0.9207123464915608
4262.0 0.9178106655013365
4263.0 0.89019668949594
4264.0 0.8625833382316955
4265.0 0.854690004458877
4266.0 0.8467968484430507
4267.0 0.8489105987745226
4268.0 0.8510242999327885
4269.0 0.8378992379196414
4270.0 0.824774409504066
4271.0 0.8130740618130121
4272.0 0.8013739154795574
4273.0 0.8148395429345533
4274.0 0.828304800623555
4275.0 0.8604417436042585
4276.0 0.8925778927808629
4277.0 0.8863636525017794
4278.0 0.880149489024953
4279.0 0.8748593210119265
4280.0 0.8695692717387267
4281.0 0.86668719838688
4282.0 0.8638052519783954
4283.0 0.9193498582162634
4284.0 0.9748932006375297
4285.0 1.001598844397745
4286.0 1.0283038793894594
4287.0 1.0165194290261712
4288.0 1.0047351819742718
4289.0 0.9996678735449681
4290.0 0.9946006786157372
4291.0 1.0510107081774218
4292.0 1.1074194524812935
4293.0 1.123079275971571
4294.0 1.1387387410519594
4295.0 1.1149882200600163
4296.0 1.091238363457596
4297.0 1.1163027136259434
4298.0 1.1413664909723584
4299.0 1.186241702624745
4300.0 1.2311160156219227
4301.0 1.2382543124772047
4302.0 1.2453925700765787
4303.0 1.2689397319206541
4304.0 1.2924862288590562
4305.0 1.2671438695221844
4306.0 1.2418019597531835
4307.0 1.246661317046533
4308.0 1.2515204352916856
4309.0 1.2831986400921047
4310.0 1.3148759938454617
4311.0 1.3601333666276223
4312.0 1.4053898295153007
4313.0 1.3903430674666817
4314.0 1.3752966460727547
4315.0 1.3845417420014352
4316.0 1.393786623912725
4317.0 1.4012910024089544
4318.0 1.4087952065140954
4319.0 1.3817098743604885
4320.0 1.3546251582560513
4321.0 1.3604685030356278
4322.0 1.366311711298894
4323.0 1.3359955566422672
4324.0 1.305680092394663
4325.0 1.2959941780756759
4326.0 1.2863083567763114
4327.0 1.306115155180572
4328.0 1.325921497380454
4329.0 1.3217406840253576
4330.0 1.3175599634188693
4331.0 1.2674845890808135
4332.0 1.21741035874426
4333.0 1.1725677449733691
4334.0 1.127726155932153
4335.0 1.1201312523595892
4336.0 1.1125365202718305
4337.0 1.1080369570507766
4338.0 1.103537368706809
4339.0 1.0767384720073343
4340.0 1.049940313180642
4341.0 1.0077894130943175
4342.0 0.9656394778410179
4343.0 1.0020286575670452
4344.0 1.0384169366881284
4345.0 1.1228665784007799
4346.0 1.2073142151496474
4347.0 1.2536717152947532
4348.0 1.3000281473401385
4349.0 1.2131611011599317
4350.0 1.1262960485033842
4351.0 1.0589829749868018
4352.0 0.9916713208789708
4353.0 1.000642004755051
4354.0 1.009612542610528
4355.0 1.0109166669285823
4356.0 1.012220758675762
4357.0 1.0481907283414436
4358.0 1.0841599300788567
4359.0 1.0823393772278251
4360.0 1.0805189891925842
4361.0 1.0868212548167715
4362.0 1.0931232467391272
4363.0 1.1124654105072538
4364.0 1.1318071255072
4365.0 1.1165140762772112
4366.0 1.101221376778151
4367.0 1.117194544401223
4368.0 1.1331674661983244
4369.0 1.1773056760744236
4370.0 1.2214427383758542
4371.0 1.223051992835285
4372.0 1.224661081181728
4373.0 1.199829233916326
4374.0 1.174997831399348
4375.0 1.1901095741832945
4376.0 1.2052210900955254
4377.0 1.2335757744230968
4378.0 1.2619299253639993
4379.0 1.2874849300850315
4380.0 1.3130394657097757
4381.0 1.2584554797636862
4382.0 1.203872627937065
4383.0 1.2649659832577644
4384.0 1.3260577948021572
4385.0 1.3494130113979204
4386.0 1.3727675575097344
4387.0 1.3460567370482912
4388.0 1.3193464061666218
4389.0 1.3071379410262673
4390.0 1.294929755210668
4391.0 1.2947935067067116
4392.0 1.2946573832491006
4393.0 1.3396084978507545
4394.0 1.3845586909140593
4395.0 1.3796056922197897
4396.0 1.3746526788783153
4397.0 1.3799951004109978
4398.0 1.385337393770291
4399.0 1.4322022002014387
4400.0 1.4790660387488597
4401.0 1.4383173976786197
4402.0 1.397569699885806
4403.0 1.3762056748437184
4404.0 1.3548421427163002
4405.0 1.3424984341083759
4406.0 1.3301551343794873
4407.0 1.3025552519737285
4408.0 1.2749560083722662
4409.0 1.3089888435150914
4410.0 1.3430208817024076
4411.0 1.3700667307909589
4412.0 1.3971120707907552
4413.0 1.3745598541942001
4414.0 1.3520082849453745
4415.0 1.343021580970949
4416.0 1.3340350825374891
4417.0 1.3470146184772205
4418.0 1.3599939727692831
4419.0 1.3110010199601314
4420.0 1.2620093330553683
4421.0 1.296042781867547
4422.0 1.3300754311951637
4423.0 1.3479052551015447
4424.0 1.3657346578185197
4425.0 1.3516080300082987
4426.0 1.3374818539667281
4427.0 1.324493585186536
4428.0 1.3115057417633
4429.0 1.3034109752071585
4430.0 1.295316394035588
4431.0 1.3438341853613542
4432.0 1.392350835461707
4433.0 1.4184517099958676
4434.0 1.4445519679949148
4435.0 1.476186547542545
4436.0 1.507820505774968
4437.0 1.526882905067871
4438.0 1.5459447264042319
4439.0 1.5954134916621348
4440.0 1.6448810900214577
4441.0 1.6634406313719494
4442.0 1.6819997311575914
4443.0 1.7001528591129993
4444.0 1.7183056802231174
4445.0 1.7583166306647213
4446.0 1.798326634153095
4447.0 1.7845302802868828
4448.0 1.7707342451022026
4449.0 1.8033917969121516
4450.0 1.8360486992188507
4451.0 1.8367220596965492
4452.0 1.8373955236259152
4453.0 1.7512691277417345
4454.0 1.6651448816221293
4455.0 1.6956530810637327
4456.0 1.7261606806984695
4457.0 1.7595054207001113
4458.0 1.792849367780432
4459.0 1.7230616807471744
4460.0 1.6532756355763985
4461.0 1.6385986150611045
4462.0 1.6239220611413492
4463.0 1.606534458129168
4464.0 1.5891472605462942
4465.0 1.5895337695900855
4466.0 1.589920389463969
4467.0 1.6115123497449215
4468.0 1.6331037934079802
4469.0 1.6074259188206201
4470.0 1.5817485210819109
4471.0 1.5951747549675839
4472.0 1.6086006651276041
4473.0 1.6298170774152165
4474.0 1.6510329809795548
4475.0 1.6142021681953673
4476.0 1.5773723487688012
4477.0 1.5611829928918715
4478.0 1.5449940156605475
4479.0 1.486368987959825
4480.0 1.4277453470798886
4481.0 1.4133744238316175
4482.0 1.3990039624516701
4483.0 1.388618201097206
4484.0 1.3782326816432573
4485.0 1.3626893133699087
4486.0 1.3471463099075913
4487.0 1.3492619068512905
4488.0 1.3513774485325956
4489.0 1.2877354270385426
4490.0 1.2240947910728546
4491.0 1.1538138945667686
4492.0 1.083534543166467
4493.0 1.103915249948444
4494.0 1.1242955921850724
4495.0 1.134991875647509
4496.0 1.1456878997280506
4497.0 1.1213030216320419
4498.0 1.0969185960509733
4499.0 1.0728075157895989
4500.0 1.0486968820197509
4501.0 1.0324136311047307
4502.0 1.0161307655349243
4503.0 0.9882376072492116
4504.0 0.9603451123526449
4505.0 0.9707989610956599
4506.0 0.9812525560397454
4507.0 0.9649775303263519
4508.0 0.9487028906808874
4509.0 0.9443094598529871
4510.0 0.9399161307253247
4511.0 0.9657842246301158
4512.0 0.9916516947336527
4513.0 0.9881540117929993
4514.0 0.9846563462822727
4515.0 0.9897260714137367
4516.0 0.9947957338122213
4517.0 0.9757644555729835
4518.0 0.9567336306889467
4519.0 0.965034396481759
4520.0 0.9733348963769124
4521.0 1.0051124424291444
4522.0 1.0368892204730955
4523.0 1.0609831625211383
4524.0 1.085076458028862
4525.0 1.0886565544792375
4526.0 1.0922365605288304
4527.0 1.1168331847194426
4528.0 1.1414290865942947
4529.0 1.1404053019223257
4530.0 1.1393815375006167
4531.0 1.1486104746900698
4532.0 1.1578391847924154
4533.0 1.162375454994605
4534.0 1.1669114857534924
4535.0 1.2116882406480547
4536.0 1.2564639093793941
4537.0 1.3016593693635339
4538.0 1.3468536066147145
4539.0 1.3801750403972648
4540.0 1.413495662981728
4541.0 1.4562200602489601
4542.0 1.4989434179766856
4543.0 1.5341549394223168
4544.0 1.5693654768565342
4545.0 1.581985378132572
4546.0 1.5946048419902992
4547.0 1.632069713675339
4548.0 1.669533670625655
4549.0 1.6767187200140024
4550.0 1.68390358842312
4551.0 1.7073917713999756
4552.0 1.7308793774178597
4553.0 1.8074569616649885
4554.0 1.8840325533173667
4555.0 1.9280114017653527
4556.0 1.9719890482205986
4557.0 2.043863710949862
4558.0 2.1157367428648644
4559.0 2.162849795684266
4560.0 2.209961944023974
4561.0 2.2703244752511393
4562.0 2.3306855274247176
4563.0 2.4464849194074536
4564.0 2.5622812291280304
4565.0 2.6659019776623585
4566.0 2.769520188887811
4567.0 2.8579657043919506
4568.0 2.9464093011232246
4569.0 3.0819576997581417
4570.0 3.2175025259042043
4571.0 3.353249366434106
4572.0 3.488992626362125
4573.0 3.647414921547754
4574.0 3.805833329169794
4575.0 3.979510787516089
4576.0 4.153183981245458
4577.0 4.246175903627447
4578.0 4.339165281714339
4579.0 4.394493756372432
4580.0 4.449820857775367
4581.0 4.5406909807287565
4582.0 4.631559359205596
4583.0 4.671325219921731
4584.0 4.711090587416033
4585.0 4.654493633072682
4586.0 4.597897546973836
4587.0 4.52048581820365
4588.0 4.44307597157971
4589.0 4.314488280435574
4590.0 4.185903480354639
4591.0 4.087757996036986
4592.0 3.9896146572423317
4593.0 3.9312919708794034
4594.0 3.8729707030744938
4595.0 3.7136020494102686
4596.0 3.554237303944876
4597.0 3.3896729806164996
4598.0 3.225112446765357
4599.0 3.191501868218077
4600.0 3.157892104848977
4601.0 3.145785301935811
4602.0 3.1336790350542847
4603.0 3.1213414816664833
4604.0 3.1090044702764135
4605.0 3.0896826675872964
4606.0 3.0703615797247177
4607.0 3.081833503897586
4608.0 3.0933048808454098
4609.0 3.172287989810262
4610.0 3.2512691317046
4611.0 3.2727862779709502
4612.0 3.294302877755244
4613.0 3.4089467434472844
4614.0 3.5235875046204215
4615.0 3.616001802994883
4616.0 3.708413795574778
4617.0 3.8069139738988547
4618.0 3.9054116931347114
4619.0 4.004500551172917
4620.0 4.103587183583557
4621.0 4.142625860172237
4622.0 4.181663549547466
4623.0 4.253005570811659
4624.0 4.32434555043098
4625.0 4.32426022443218
4626.0 4.324174881958499
4627.0 4.223763962736915
4628.0 4.12335552383664
4629.0 4.097753045843017
4630.0 4.072151438196597
4631.0 4.0218246872382775
4632.0 3.9714994233822862
4633.0 3.9164151551220874
4634.0 3.8613324938454276
4635.0 3.792858913127033
4636.0 3.7243872748731364
4637.0 3.645961678600622
4638.0 3.567538024499214
4639.0 3.557732459145045
4640.0 3.5479271233012772
4641.0 3.4941458455195256
4642.0 3.440366147548017
4643.0 3.378303172884908
4644.0 3.316241736100754
4645.0 3.3509444636078576
4646.0 3.3856460572776017
4647.0 3.4762651248526564
4648.0 3.5668816567267907
4649.0 3.638696194855156
4650.0 3.710508666404072
4651.0 3.8239052668227296
4652.0 3.9372990060446535
4653.0 4.098278387413695
4654.0 4.259253710071518
4655.0 4.404231296021827
4656.0 4.549204720190183
4657.0 4.732795466306446
4658.0 4.916381577086022
4659.0 5.030864967342965
4660.0 5.145345455979028
4661.0 5.187580695053639
4662.0 5.229814848239031
4663.0 5.37622549550191
4664.0 5.522632431556061
4665.0 5.503172913386732
4666.0 5.483714362164533
4667.0 5.475484066643739
4668.0 5.467253954451176
4669.0 5.524757873769326
4670.0 5.582259816557779
4671.0 5.550959151603161
4672.0 5.519659252673644
4673.0 5.478561463462544
4674.0 5.437464689047192
4675.0 5.370018490901653
4676.0 5.30257397532412
4677.0 5.270901492960338
4678.0 5.239229289037832
4679.0 5.16166501187745
4680.0 5.084103177948483
4681.0 4.985466740180178
4682.0 4.886832781035035
4683.0 4.8619668472151485
4684.0 4.837101524176367
4685.0 4.779379795511745
4686.0 4.721659011361181
4687.0 4.660857794398016
4688.0 4.600058603160852
4689.0 4.553546372730966
4690.0 4.507035306027198
4691.0 4.491589965495894
4692.0 4.476145000427144
4693.0 4.54974465104634
4694.0 4.6233424133637415
4695.0 4.6285390459584885
4696.0 4.6337350287053205
4697.0 4.538289641602901
4698.0 4.442846166920476
4699.0 4.449299357435239
4700.0 4.455751867166856
4701.0 4.4058886944223765
4702.0 4.356026776845717
4703.0 4.320396942251935
4704.0 4.2847680011685405
4705.0 4.213608596666878
4706.0 4.142450993008623
4707.0 4.1426028805811175
4708.0 4.142754750526055
4709.0 4.09075909577711
4710.0 4.038764755259623
4711.0 4.013445737652015
4712.0 3.9881273539503597
4713.0 4.045826851498652
4714.0 4.103524611432569
4715.0 4.189142858372465
4716.0 4.2747591534935845
4717.0 4.3202808393034795
4718.0 4.365801347554792
4719.0 4.457075048029028
4720.0 4.548345898898654
4721.0 4.652934058357628
4722.0 4.7575195264882515
4723.0 4.741914145510863
4724.0 4.726309150656407
4725.0 4.678646012779001
4726.0 4.630984083089968
4727.0 4.6643992302269925
4728.0 4.697814008377538
4729.0 4.658612617429241
4730.0 4.619411718789791
4731.0 4.548045655114792
4732.0 4.476681410312229
4733.0 4.376690102343345
4734.0 4.276701349301471
4735.0 4.194513042756963
4736.0 4.1123270859154895
4737.0 4.0614257205208615
4738.0 4.010525652390167
4739.0 3.9561009619966216
4740.0 3.9016776603322754
4741.0 3.8725502522870157
4742.0 3.8434235836798862
4743.0 3.759276817139119
4744.0 3.6751319551691344
4745.0 3.639429946665028
4746.0 3.603728597968514
4747.0 3.607417688733749
4748.0 3.6111066766011723
4749.0 3.5637134436375266
4750.0 3.51632142266136
4751.0 3.488524429653414
4752.0 3.4607283950254306
4753.0 3.4572320965953405
4754.0 3.4537356309470564
4755.0 3.426014637119365
4756.0 3.398294100340891
4757.0 3.383174396211336
4758.0 3.3680550750455445
4759.0 3.357725281817354
4760.0 3.347395498310649
4761.0 3.374570762796579
4762.0 3.401745070354074
4763.0 3.3754591936975586
4764.0 3.3491742388924974
4765.0 3.3689626826352375
4766.0 3.3887506100896667
4767.0 3.3717551702829116
4768.0 3.3547604133122397
4769.0 3.3509144693579764
4770.0 3.347068869217246
4771.0 3.333038095317456
4772.0 3.319007678239147
4773.0 3.279321169502845
4774.0 3.2396356802558026
4775.0 3.2186739603840135
4776.0 3.1977125268913933
4777.0 3.1934078426161796
4778.0 3.189103014829187
4779.0 3.1745720679114204
4780.0 3.160041741974002
4781.0 3.1747366075960617
4782.0 3.1894310892610216
4783.0 3.2678540734002826
4784.0 3.346275026712865
4785.0 3.4031053956136494
4786.0 3.4599342914117055
4787.0 3.5139720769627574
4788.0 3.5680087114209917
4789.0 3.641460136868169
4790.0 3.7149099090920723
4791.0 3.7876867195550092
4792.0 3.8604613939239347
4793.0 3.932038859004557
4794.0 4.0036144687871085
4795.0 3.9952576493277543
4796.0 3.9869010419703645
4797.0 4.07557556497741
4798.0 4.16424779015768
4799.0 4.115493722318196
4800.0 4.066740662053716
4801.0 4.072109071207341
4802.0 4.077477087915262
4803.0 4.174762447137739
4804.0 4.272045035442316
4805.0 4.3109300943185955
4806.0 4.3498141434911926
4807.0 4.3420727744681855
4808.0 4.334331602623553
4809.0 4.33486792113147
4810.0 4.335404222775571
4811.0 4.361893551448937
4812.0 4.388382191607393
4813.0 4.377909446579409
4814.0 4.367437469955203
4815.0 4.329960297384075
4816.0 4.292484592586408
4817.0 4.231458729133015
4818.0 4.170434943445728
4819.0 4.064210429333332
4820.0 3.9579884138437538
4821.0 3.8553650639941686
4822.0 3.752744119910392
4823.0 3.6427255021978757
4824.0 3.5327094820985563
4825.0 3.4074451931706258
4826.0 3.2821838969722017
4827.0 3.157686055441519
4828.0 3.033191187089314
4829.0 2.8935799123809023
4830.0 2.75397250227842
4831.0 2.7001942407070385
4832.0 2.646417371269911
4833.0 2.5918505053660725
4834.0 2.5372853020366106
4835.0 2.4792049582600533
4836.0 2.421126368154037
4837.0 2.4111438286688425
4838.0 2.401161547530185
4839.0 2.423243641341519
4840.0 2.4453249134042463
4841.0 2.4611178864174663
4842.0 2.476910450519703
4843.0 2.5367065620392895
4844.0 2.596501125351884
4845.0 2.655209554436135
4846.0 2.7139162138120194
4847.0 2.714148408447434
4848.0 2.7143805974650683
4849.0 2.7517493761054945
4850.0 2.789117437594514
4851.0 2.8137006006078638
4852.0 2.8382831278307874
4853.0 2.8374919291343494
4854.0 2.8367007516864593
4855.0 2.8412431401050173
4856.0 2.8457851620147383
4857.0 2.858798315449566
4858.0 2.8718111330657603
4859.0 2.8798205844679896
4860.0 2.887829829707399
4861.0 2.9123458442944035
4862.0 2.936860975902464
4863.0 2.956739642762764
4864.0 2.976617796634666
4865.0 3.0731266824821093
4866.0 3.1696330728504267
4867.0 3.2686042548516947
4868.0 3.3675726284015677
4869.0 3.319381006826553
4870.0 3.2711906338523913
4871.0 3.138891063576176
4872.0 3.006594917218916
4873.0 2.797034506547782
4874.0 2.5874797671050977
4875.0 2.4650687599924397
4876.0 2.342660919974297
4877.0 2.2353667364025545
4878.0 2.128075078827516
4879.0 2.0557351684990284
4880.0 1.9833972547168888
4881.0 1.9197444749673471
4882.0 1.8560933420448245
4883.0 1.8220229477835035
4884.0 1.7879535604446275
4885.0 1.767830921803913
4886.0 1.7477089295674932
4887.0 1.7177787959443376
4888.0 1.6878494371705652
4889.0 1.7026737191933208
4890.0 1.7174974951316713
4891.0 1.7700347236787146
4892.0 1.822570472405426
4893.0 1.8566727256557243
4894.0 1.8907741003421585
4895.0 1.9282309950898002
4896.0 1.9656869249903648
4897.0 2.0073413684984507
4898.0 2.0489946143357463
4899.0 2.1326711960888187
4900.0 2.216345621072349
4901.0 2.3576019127269885
4902.0 2.498854812552293
4903.0 2.662041679208366
4904.0 2.8252243399494716
4905.0 3.0092091573124238
4906.0 3.193189233894362
4907.0 3.3557723247857947
4908.0 3.5183514779721
4909.0 3.685931237404589
4910.0 3.85350668223856
4911.0 4.092852599830366
4912.0 4.332192105496711
4913.0 4.59526129366831
4914.0 4.858324209962003
4915.0 5.092441271367413
4916.0 5.32655230996458
4917.0 5.599598729473396
4918.0 5.872638625415327
4919.0 6.101762895914425
4920.0 6.330881277165653
4921.0 6.460454021889074
4922.0 6.590022942701757
4923.0 6.798262039112299
4924.0 7.006495788380802
4925.0 7.175241695748062
4926.0 7.3439837733758635
4927.0 7.429237122531025
4928.0 7.514488291758479
4929.0 7.571923507164978
4930.0 7.629357758083019
4931.0 7.624350172142772
4932.0 7.61934272818646
4933.0 7.652693821857457
4934.0 7.6860435731101555
4935.0 7.706073624283998
4936.0 7.726102675826196
4937.0 7.7221723738894195
4938.0 7.718242686212092
4939.0 7.682028584385471
4940.0 7.6458149274951985
4941.0 7.589632704098593
4942.0 7.5334519369050374
4943.0 7.469596042342912
4944.0 7.40574130132701
4945.0 7.310606264206169
4946.0 7.215473681204368
4947.0 7.115031800242322
4948.0 7.014593007500286
4949.0 6.968979121587085
4950.0 6.92336641885755
4951.0 6.802327801190791
4952.0 6.681292797404623
4953.0 6.522263146912769
4954.0 6.363237582737517
4955.0 6.191601238095747
4956.0 6.019969300543291
4957.0 5.723744155504501
4958.0 5.427526603409291
4959.0 5.223655766872295
4960.0 5.0197901570632135
4961.0 4.774284601582927
4962.0 4.528784835759658
4963.0 4.288078637762446
4964.0 4.047378851821099
4965.0 3.8249485239293994
4966.0 3.602523638898972
4967.0 3.3770388952368395
4968.0 3.151560168228269
4969.0 2.9901338230090473
4970.0 2.8287118558289412
4971.0 2.686931836190431
4972.0 2.545155192022919
4973.0 2.4367147542392047
4974.0 2.328276839408451
4975.0 2.1954500076544896
4976.0 2.0626265685148755
4977.0 1.9469895147439744
4978.0 1.8313555381702307
4979.0 1.8302024720128591
4980.0 1.8290493151412686
4981.0 1.829601409832552
4982.0 1.8301533704258621
4983.0 1.8311866710924944
4984.0 1.8322198254793454
4985.0 1.8843577488389762
4986.0 1.9364943503632164
4987.0 1.9550156927195959
4988.0 1.9735365691328366
4989.0 2.066082124049562
4990.0 2.158625331549688
4991.0 2.2760185033484897
4992.0 2.3934084485797382
4993.0 2.4554338050251006
4994.0 2.517457592624072
4995.0 2.666212481609216
4996.0 2.8149636010520096
4997.0 2.9460301186115934
4998.0 3.077093318135768
4999.0 3.1868803848979015
5000.0 3.296664426378548
5001.0 3.4694366858466177
5002.0 3.6422045746353815
5003.0 3.7650463849420928
5004.0 3.8878848436300326
5005.0 4.024012456232419
5006.0 4.160136383049406
5007.0 4.3589393985185785
5008.0 4.557737642822089
5009.0 4.661871449074301
5010.0 4.766002633978151
5011.0 4.952020290471547
5012.0 5.13803275821507
5013.0 5.342967574786866
5014.0 5.547897725286998
5015.0 5.765270394588426
5016.0 5.982638087584489
5017.0 6.193093801770792
5018.0 6.403544220013039
5019.0 6.525526772758594
5020.0 6.647505768130713
5021.0 6.778620449003326
5022.0 6.909731843255803
5023.0 7.055472041908179
5024.0 7.201208587944776
5025.0 7.26981348488621
5026.0 7.338417174529333
5027.0 7.3488267688301985
5028.0 7.359236124526769
5029.0 7.372807336928026
5030.0 7.386378730059189
5031.0 7.403080913862329
5032.0 7.4197827015868745
5033.0 7.3610467715489
5034.0 7.302312342814804
5035.0 7.2390741556786535
5036.0 7.17583708350942
5037.0 7.127409587366627
5038.0 7.0789833315570965
5039.0 6.967085104746328
5040.0 6.855190209166952
5041.0 6.687128205823748
5042.0 6.519070442150609
5043.0 6.412740943102371
5044.0 6.30641413247235
5045.0 6.171664284687188
5046.0 6.0369178354254
5047.0 5.889809863047688
5048.0 5.74270509757649
5049.0 5.60695043124407
5050.0 5.471198684628909
5051.0 5.348321507879989
5052.0 5.225447922660656
5053.0 5.135901748789905
5054.0 5.0463583305773545
5055.0 4.951277457359429
5056.0 4.8561994762337415
5057.0 4.787538022647776
5058.0 4.718878799437271
5059.0 4.655702935856402
5060.0 4.592528167679596
5061.0 4.594744203854773
5062.0 4.596959703223305
5063.0 4.551506810599434
5064.0 4.506054569511227
5065.0 4.509049972993218
5066.0 4.512045318540671
5067.0 4.583078270763072
5068.0 4.654109471471571
5069.0 4.6798827559169
5070.0 4.705655416608672
5071.0 4.679823644143574
5072.0 4.653993029951742
5073.0 4.661369475241337
5074.0 4.6687462531638815
5075.0 4.691998983674948
5076.0 4.715251154635584
5077.0 4.692613878106382
5078.0 4.669977181473155
5079.0 4.616920614181673
5080.0 4.563865878940281
5081.0 4.515106905026707
5082.0 4.466348659107049
5083.0 4.42847291194474
5084.0 4.3905981203510285
5085.0 4.318112509635066
5086.0 4.2456282121283335
5087.0 4.175580215976642
5088.0 4.105533720164405
5089.0 4.03255365830046
5090.0 3.95957541670603
5091.0 3.870082684935382
5092.0 3.780592428672569
5093.0 3.7116991515142956
5094.0 3.6428078392465064
5095.0 3.5772764812339912
5096.0 3.5117467544940713
5097.0 3.4262253741390216
5098.0 3.3407061162628704
5099.0 3.2445815611463136
5100.0 3.1484593876275
5101.0 3.116854909140889
5102.0 3.0852512216320966
5103.0 3.0170647052677575
5104.0 2.9488798790412885
5105.0 2.847064446567423
5106.0 2.745251529223898
5107.0 2.7192682510394106
5108.0 2.6932858716467605
5109.0 2.641057414137408
5110.0 2.588830499050974
5111.0 2.5000298324817063
5112.0 2.4112313551380855
5113.0 2.335787611322069
5114.0 2.260345478065686
5115.0 2.216820553112536
5116.0 2.173296703950855
5117.0 2.08221555155991
5118.0 1.991136513390066
5119.0 1.9219535397009166
5120.0 1.8527721422638823
5121.0 1.8418577452113711
5122.0 1.8309436229621288
5123.0 1.7662823035215898
5124.0 1.701622571286504
5125.0 1.6733295537114925
5126.0 1.6450371096025982
5127.0 1.6648620651284507
5128.0 1.6846864199623126
5129.0 1.648224361137017
5130.0 1.6117630738136524
5131.0 1.5968435367365426
5132.0 1.5819242456464717
5133.0 1.6405167524713553
5134.0 1.6991077162531698
5135.0 1.7424744698708121
5136.0 1.7858401767397136
5137.0 1.7808591308806068
5138.0 1.7758782140844174
5139.0 1.8330650834240971
5140.0 1.8902504480979332
5141.0 1.924205202697567
5142.0 1.9581590178030481
5143.0 1.9819696612559787
5144.0 2.005779736531744
5145.0 2.025522941203893
5146.0 2.0452656769169506
5147.0 2.0974015572890328
5148.0 2.149536060945226
5149.0 2.2005786798201594
5150.0 2.2516198254929773
5151.0 2.293739767585006
5152.0 2.3358587024447477
5153.0 2.3400477211194404
5154.0 2.3442366495631517
5155.0 2.3469484363851416
5156.0 2.349660168777471
5157.0 2.3906747128028307
5158.0 2.4316882792731245
5159.0 2.4796838622572595
5160.0 2.527678300782462
5161.0 2.5767309643490934
5162.0 2.6257827083082224
5163.0 2.648525389177162
5164.0 2.6712677845430686
5165.0 2.7586992002759705
5166.0 2.8461282793478535
5167.0 2.9115126845708446
5168.0 2.9768955338473613
5169.0 3.0095370945374595
5170.0 3.0421778866337
5171.0 3.104258952882097
5172.0 3.166338546005927
5173.0 3.2521901849446637
5174.0 3.3380397834444544
5175.0 3.3637451115133956
5176.0 3.3894500896368145
5177.0 3.408146859627237
5178.0 3.4268429504374205
5179.0 3.4451736221018763
5180.0 3.463503872756213
5181.0 3.4849744745708042
5182.0 3.506444829844198
5183.0 3.5037213226423107
5184.0 3.500997648947834
5185.0 3.511755794624312
5186.0 3.5225137013758925
5187.0 3.5177763611388206
5188.0 3.51303915122544
5189.0 3.478580026978499
5190.0 3.444121988634414
5191.0 3.419676297521241
5192.0 3.3952309558377323
5193.0 3.385466426950414
5194.0 3.3757021469958706
5195.0 3.3432088746309985
5196.0 3.310716390119671
5197.0 3.3048136900648704
5198.0 3.2989111466972942
5199.0 3.250035608939694
5200.0 3.201161245336182
5201.0 3.183836306605402
5202.0 3.1665117941071093
5203.0 3.215840782208757
5204.0 3.2651683717690454
5205.0 3.296144788373201
5206.0 3.327120490192488
5207.0 3.3334707583092107
5208.0 3.3398208937412117
5209.0 3.3809658263394673
5210.0 3.422109806244475
5211.0 3.492450578830462
5212.0 3.562789463725844
5213.0 3.590875423847547
5214.0 3.618960492906738
5215.0 3.70643890066966
5216.0 3.793915270682517
5217.0 3.8436462764729398
5218.0 3.89337588532757
5219.0 3.957029037279079
5220.0 4.020680715920216
5221.0 4.112033677108921
5222.0 4.203384268982643
5223.0 4.222755658915071
5224.0 4.242126617313921
5225.0 4.228481979479587
5226.0 4.214837683455392
5227.0 4.176287593678862
5228.0 4.1377389249493675
5229.0 4.072090519976201
5230.0 4.006443670529679
5231.0 3.9637735984555933
5232.0 3.921104543593161
5233.0 3.8896265982515046
5234.0 3.8581491592086183
5235.0 3.8121927000022056
5236.0 3.7662373320032208
5237.0 3.7187761109339554
5238.0 3.671316014635912
5239.0 3.629316073715104
5240.0 3.5873171290914008
5241.0 3.5130087902570812
5242.0 3.4387019481694643
5243.0 3.4115088592553238
5244.0 3.384316171428958
5245.0 3.4060961166484836
5246.0 3.42787557544541
5247.0 3.4422668825249714
5248.0 3.456657875072875
5249.0 3.469083162082378
5250.0 3.481508180579437
5251.0 3.504901678452575
5252.0 3.5282946547610554
5253.0 3.5374030102945504
5254.0 3.5465111749659757
5255.0 3.6264332089087166
5256.0 3.7063534187587557
5257.0 3.7936794981299298
5258.0 3.8810035855257716
5259.0 3.9037543961914243
5260.0 3.9265047046344224
5261.0 3.9753078756532716
5262.0 4.024109697501018
5263.0 4.0819073566189115
5264.0 4.139703710168129
5265.0 4.22852836946789
5266.0 4.317351013010693
5267.0 4.362138210200209
5268.0 4.406923907507149
5269.0 4.375574062127782
5270.0 4.344224959748753
5271.0 4.286003335470494
5272.0 4.227782571096685
5273.0 4.087448837403479
5274.0 3.94711808749392
5275.0 3.87368485700059
5276.0 3.8002533260621805
5277.0 3.7123922317485163
5278.0 3.6245331636886102
5279.0 3.510842092169792
5280.0 3.3971536326442378
5281.0 3.3819703827284897
5282.0 3.3667874979342947
5283.0 3.3109614010918964
5284.0 3.2551365933499596
5285.0 3.216650877447311
5286.0 3.1781660547217143
5287.0 3.2071820294119093
5288.0 3.2361973637512986
5289.0 3.2530705311145742
5290.0 3.2699430860529546
5291.0 3.287925465322445
5292.0 3.305907207682834
5293.0 3.324529862361991
5294.0 3.34315186632587
5295.0 3.3814227564554926
5296.0 3.4196930493609217
5297.0 3.4895174728931817
5298.0 3.559340339637175
5299.0 3.6424536324164407
5300.0 3.7255648227230793
5301.0 3.804125587494379
5302.0 3.882684852270132
5303.0 3.883667443847598
5304.0 3.8846500360449836
5305.0 3.965961959618831
5306.0 4.047271829248459
5307.0 4.075605067235083
5308.0 4.103937692628047
5309.0 4.271289298072518
5310.0 4.43863717282897
5311.0 3.0071458011088477
5312.0 1.5756865395085384
5313.0 1.975006751574114
5314.0 2.3743180326791444
5315.0 3.6944305049064243
5316.0 5.014513467487514
5317.0 4.936222996761886
5318.0 4.857934304865444
5319.0 4.9125249579774355
5320.0 4.967114918558072
5321.0 5.048140008966323
5322.0 5.129162826048223
5323.0 5.222847583305264
5324.0 5.316530285121831
5325.0 5.289613737946829
5326.0 5.262698318070829
5327.0 5.207374394242412
5328.0 5.152051731201557
5329.0 5.1427854836371765
5330.0 5.1335194727046645
5331.0 5.145176873860626
5332.0 5.156833550785296
5333.0 5.111254795054229
5334.0 5.065676583060403
5335.0 4.998969538912122
5336.0 4.932264000951686
5337.0 4.880038626665984
5338.0 4.827814436193189
5339.0 4.864025023245793
5340.0 4.900235337096938
5341.0 4.953146506470794
5342.0 5.006056539181767
5343.0 4.999850725862969
5344.0 4.9936455763551155
5345.0 4.9937674331714375
5346.0 4.993889814429815
5347.0 5.063242384460794
5348.0 5.132593461279754
5349.0 5.163240721638987
5350.0 5.19388734084946
5351.0 5.229589888539263
5352.0 5.2652916854614285
5353.0 5.335141951369036
5354.0 5.404990720201262
5355.0 5.420022160662897
5356.0 5.435053305653153
5357.0 5.489657577206979
5358.0 5.544261185993381
5359.0 5.582857038298287
5360.0 5.621452082674493
5361.0 5.60694722491179
5362.0 5.592442221517669
5363.0 5.680328356610269
5364.0 5.768212613084171
5365.0 5.802138695137214
5366.0 5.836064075292615
5367.0 5.877798701918353
5368.0 5.919532458390162
5369.0 6.039595498408733
5370.0 6.159655970652237
5371.0 6.1643060426468335
5372.0 6.1689560523161795
5373.0 6.086204722361473
5374.0 6.003455221962481
5375.0 5.937824990064666
5376.0 5.872196711003242
5377.0 5.75364037180571
5378.0 5.6350871257816735
5379.0 5.618737234811382
5380.0 5.602387731837856
5381.0 5.631833257052848
5382.0 5.66127867966998
5383.0 5.590129674614939
5384.0 5.518982732452587
5385.0 5.426374477236292
5386.0 5.333768743382005
5387.0 5.3396144511670585
5388.0 5.345460067180436
5389.0 5.311094580242035
5390.0 5.276729863859514
5391.0 5.236640402711824
5392.0 5.196551833411854
5393.0 5.122386804026344
5394.0 5.0482233937500816
5395.0 4.983321110507692
5396.0 4.918420245703426
5397.0 4.969765514117927
5398.0 5.021109718401917
5399.0 5.089737631340716
