4010.0 5.386889667033921e-14
4012.5 5.317059055040993e-14
4015.0 5.247238527038557e-14
4017.5 5.167409725848722e-14
4020.0 5.087592863500103e-14
4022.5 5.087153126691229e-14
4025.0 5.0867139791178565e-14
4027.5 5.082423346965976e-14
4030.0 5.078133478122105e-14
4032.5 5.1108963905065594e-14
4035.0 5.143654600018563e-14
4037.5 5.167620295448102e-14
4040.0 5.191582587468741e-14
4042.5 5.2300565473568424e-14
4045.0 5.2685245784160795e-14
4047.5 5.2776212660612554e-14
4050.0 5.286716741718329e-14
4052.5 5.321763004629807e-14
4055.0 5.356804241153598e-14
4057.5 5.385623851769724e-14
4060.0 5.4144389624404985e-14
4062.5 5.4439894449024814e-14
4065.0 5.473536105566313e-14
4067.5 5.4904861742154016e-14
4070.0 5.507433879742697e-14
4072.5 5.5224271654856704e-14
4075.0 5.53741876666151e-14
4077.5 5.551755223669033e-14
4080.0 5.5660900924283794e-14
4082.5 5.572079872312735e-14
4085.0 5.578068893942426e-14
4087.5 5.5919890906776436e-14
4090.0 5.605907368592027e-14
4092.5 5.6038698744161895e-14
4095.0 5.60183318389126e-14
4097.5 5.603691907652884e-14
4100.0 5.6055508639205633e-14
4102.5 5.6039242201454506e-14
4105.0 5.602298315629817e-14
4107.5 5.600118390486804e-14
4110.0 5.597938892150814e-14
4112.5 5.5765278607626874e-14
4115.0 5.555119660898891e-14
4117.5 5.555205604005565e-14
4120.0 5.555291235842925e-14
4122.5 5.548306957509956e-14
4125.0 5.5413237777526557e-14
4127.5 5.493246643797126e-14
4130.0 5.445176965666594e-14
4132.5 5.439114057800257e-14
4135.0 5.4330517023541095e-14
4137.5 5.4279418088638034e-14
4140.0 5.422832319606194e-14
4142.5 5.384560254679634e-14
4145.0 5.346294182990896e-14
4147.5 5.3208380602130255e-14
4150.0 5.295386058226077e-14
4152.5 5.258384692037125e-14
4155.0 5.221389112703649e-14
4157.5 5.208255185283397e-14
4160.0 5.1951231801115116e-14
4162.5 5.186169576761007e-14
4165.0 5.1772168900733995e-14
4167.5 5.130714604307397e-14
4170.0 5.084219065230331e-14
4172.5 5.059658641820202e-14
4175.0 5.0351017733245575e-14
4177.5 5.0040999608513586e-14
4180.0 4.9731026299435044e-14
4182.5 4.958735412601594e-14
4185.0 4.9443706465178986e-14
4187.5 4.963979476281164e-14
4190.0 4.983585431453841e-14
4192.5 4.9783378207495675e-14
4195.0 4.973090933823607e-14
4197.5 4.904132638508294e-14
4200.0 4.8351843034808405e-14
4202.5 4.8153866691167986e-14
4205.0 4.795591857423462e-14
4207.5 4.779291839336546e-14
4210.0 4.762994130595182e-14
4212.5 4.709869553774361e-14
4215.0 4.6567526260711355e-14
4217.5 4.6179520746055656e-14
4220.0 4.5791566998647004e-14
4222.5 4.53587621260407e-14
4225.0 4.4926019390391316e-14
4227.5 4.425416949732742e-14
4230.0 4.358241254907964e-14
4232.5 4.3115226274058904e-14
4235.0 4.264810709701244e-14
4237.5 4.240768762055588e-14
4240.0 4.216730226285701e-14
4242.5 4.205929932245606e-14
4245.0 4.1951311213003486e-14
4247.5 4.2032381661349806e-14
4250.0 4.2113439388437655e-14
4252.5 4.2407513048146364e-14
4255.0 4.2701542916965016e-14
4257.5 4.3408087375569506e-14
4260.0 4.411452787697168e-14
4262.5 4.509907538785265e-14
4265.0 4.608348217502689e-14
4267.5 4.6878981849582115e-14
4270.0 4.7674364289993136e-14
4272.5 4.856310977659352e-14
4275.0 4.945172036573195e-14
4277.5 5.04925646855668e-14
4280.0 5.153325560370746e-14
4282.5 5.253332886469709e-14
4285.0 5.3533250573039854e-14
4287.5 5.416037143332779e-14
4290.0 5.4787402827180026e-14
4292.5 5.551057405062484e-14
4295.0 5.623363381360595e-14
4297.5 5.691241095634884e-14
4300.0 5.759108684221229e-14
4302.5 5.78889655945376e-14
4305.0 5.81867987238803e-14
4307.5 5.867215625896287e-14
4310.0 5.915743667539141e-14
4312.5 5.931057943063854e-14
4315.0 5.946370144926774e-14
4317.5 5.95434022382267e-14
4320.0 5.962308521973937e-14
4322.5 5.993323820389781e-14
4325.0 6.024334330806556e-14
4327.5 6.035906882537136e-14
4330.0 6.04747710700011e-14
4332.5 6.02678169152206e-14
4335.0 6.006089082364505e-14
4337.5 5.97749075210579e-14
4340.0 5.948896392533694e-14
4342.5 5.93095230407533e-14
4345.0 5.913010614967321e-14
4347.5 5.890327996797835e-14
4350.0 5.867648088803083e-14
4352.5 5.842742811130185e-14
4355.0 5.817840960833632e-14
4357.5 5.791482469004938e-14
4360.0 5.765127232690508e-14
4362.5 5.705813315016129e-14
4365.0 5.646507538788923e-14
4367.5 5.569248854482121e-14
4370.0 5.492001372380731e-14
4372.5 5.4380196048210906e-14
4375.0 5.384045597507546e-14
4377.5 5.319999528417042e-14
4380.0 5.25596233814303e-14
4382.5 5.17651074454332e-14
4385.0 5.097070336229403e-14
4387.5 5.03742988576087e-14
4390.0 4.9777976854955e-14
4392.5 4.913156433383605e-14
4395.0 4.8485245781305424e-14
4397.5 4.80208283657483e-14
4400.0 4.7556473997049066e-14
4402.5 4.7283113666460777e-14
4405.0 4.700979177687919e-14
4407.5 4.659410952867169e-14
4410.0 4.617848320756181e-14
4412.5 4.6026124236874064e-14
4415.0 4.5873785669501976e-14
4417.5 4.556069748542069e-14
4420.0 4.5247653852032864e-14
4422.5 4.4928766950589153e-14
4425.0 4.4609925535249684e-14
4427.5 4.4670238115783654e-14
4430.0 4.473054303706745e-14
4432.5 4.4816665415168236e-14
4435.0 4.490277232278331e-14
4437.5 4.484859114635259e-14
4440.0 4.4794415621531944e-14
4442.5 4.4839249013207523e-14
4445.0 4.488407307959189e-14
4447.5 4.515959859262478e-14
4450.0 4.543508369238028e-14
4452.5 4.5390291172662077e-14
4455.0 4.534550667060445e-14
4457.5 4.5304723491028107e-14
4460.0 4.526393996925814e-14
4462.5 4.517115032535298e-14
4465.0 4.5078372099831753e-14
4467.5 4.5372989789123064e-14
4470.0 4.566755993709049e-14
4472.5 4.578931124357733e-14
4475.0 4.591104123212942e-14
4477.5 4.604638925627822e-14
4480.0 4.618170995335145e-14
4482.5 4.632488717547833e-14
4485.0 4.646803580271574e-14
4487.5 4.672725809896145e-14
4490.0 4.698644169262975e-14
4492.5 4.7056543329399594e-14
4495.0 4.712662741259109e-14
4497.5 4.714092145345876e-14
4500.0 4.7155210325870534e-14
4502.5 4.737717793413604e-14
4505.0 4.7599108410545736e-14
4507.5 4.78870843816661e-14
4510.0 4.817501295215858e-14
4512.5 4.839762121176186e-14
4515.0 4.8620192025601675e-14
4517.5 4.85581290944345e-14
4520.0 4.8496076450268736e-14
4522.5 4.8712592864936494e-14
4525.0 4.892907260502939e-14
4527.5 4.901907695904228e-14
4530.0 4.910906413960387e-14
4532.5 4.89843579759249e-14
4535.0 4.885967176558112e-14
4537.5 4.8957217788434936e-14
4540.0 4.9054741524190374e-14
4542.5 4.909056593767475e-14
4545.0 4.9126381474994005e-14
4547.5 4.913907007895694e-14
4550.0 4.9151753380264155e-14
4552.5 4.9157540634225585e-14
4555.0 4.9163323638558634e-14
4557.5 4.9017842404163797e-14
4560.0 4.887238441765825e-14
4562.5 4.8820632046249173e-14
4565.0 4.876888441796026e-14
4567.5 4.8777412931743873e-14
4570.0 4.8785932874589266e-14
4572.5 4.868468569183747e-14
4575.0 4.858345488275217e-14
4577.5 4.8419991015177335e-14
4580.0 4.825655333797469e-14
4582.5 4.8075900407976534e-14
4585.0 4.789527642593488e-14
4587.5 4.7756304133185854e-14
4590.0 4.7617354259754535e-14
4592.5 4.740438476879813e-14
4595.0 4.719144173679984e-14
4597.5 4.709287056526084e-14
4600.0 4.699430779502226e-14
4602.5 4.684846474007095e-14
4605.0 4.670264146686672e-14
4607.5 4.65261991988893e-14
4610.0 4.634978162210029e-14
4612.5 4.620277114072361e-14
4615.0 4.605578072108849e-14
4617.5 4.5832898102370966e-14
4620.0 4.5610047694739385e-14
4622.5 4.5240372179534147e-14
4625.0 4.487075240879927e-14
4627.5 4.469039660509318e-14
4630.0 4.451006638486234e-14
4632.5 4.4324308532663945e-14
4635.0 4.413857719233441e-14
4637.5 4.3841920361971396e-14
4640.0 4.354530407020243e-14
4642.5 4.324203422715697e-14
4645.0 4.293880994627505e-14
4647.5 4.2743258800324124e-14
4650.0 4.254773597604733e-14
4652.5 4.209331942684849e-14
4655.0 4.163896920589658e-14
4657.5 4.1251882825924345e-14
4660.0 4.0864852070858313e-14
4662.5 4.0304664470817396e-14
4665.0 3.974456068324239e-14
4667.5 3.947686937803265e-14
4670.0 3.9209218509613485e-14
4672.5 3.886531893750773e-14
4675.0 3.8521472343034855e-14
4677.5 3.803210771255037e-14
4680.0 3.754281612883716e-14
4682.5 3.7169556153580274e-14
4685.0 3.679635442758216e-14
4687.5 3.667560040804566e-14
4690.0 3.655486748932803e-14
4692.5 3.624086641186235e-14
4695.0 3.592691047750266e-14
4697.5 3.5678062913698094e-14
4700.0 3.542925770354462e-14
4702.5 3.5022509777444814e-14
4705.0 3.461582641487089e-14
4707.5 3.4222410333156654e-14
4710.0 3.3829053000089766e-14
4712.5 3.356582062113133e-14
4715.0 3.330262579946894e-14
4717.5 3.288967057918218e-14
4720.0 3.2476781537716916e-14
4722.5 3.196928173901867e-14
4725.0 3.146186004131959e-14
4727.5 3.111412712997785e-14
4730.0 3.076645002551414e-14
4732.5 3.033833180726454e-14
4735.0 2.9910282816394387e-14
4737.5 2.962685546697803e-14
4740.0 2.9343475534377435e-14
4742.5 2.9318357802092e-14
4745.0 2.929324491609033e-14
4747.5 2.921087376336676e-14
4750.0 2.912851699579259e-14
4752.5 2.9273418307438956e-14
4755.0 2.941829262247719e-14
4757.5 2.982462620083104e-14
4760.0 3.0230893336727105e-14
4762.5 3.087031142899514e-14
4765.0 3.150962442727342e-14
4767.5 3.244471530094271e-14
4770.0 3.337965390746265e-14
4772.5 3.4389456019374735e-14
4775.0 3.539908955595007e-14
4777.5 3.627532419040183e-14
4780.0 3.7151416185711465e-14
4782.5 3.81584712933936e-14
4785.0 3.916536198684124e-14
4787.5 4.011478809178101e-14
4790.0 4.106405165912412e-14
4792.5 4.191875424353296e-14
4795.0 4.277331384488534e-14
4797.5 4.3443473955334325e-14
4800.0 4.4113517946428284e-14
4802.5 4.4757360768786666e-14
4805.0 4.540109187688735e-14
4807.5 4.59574196467008e-14
4810.0 4.6513654128217804e-14
4812.5 4.686992984096131e-14
4815.0 4.722614560973963e-14
4817.5 4.759065937916387e-14
4820.0 4.7955111900960667e-14
4822.5 4.836284616369336e-14
4825.0 4.877051205561869e-14
4827.5 4.9100011246805545e-14
4830.0 4.942945516553204e-14
4832.5 4.976826426665613e-14
4835.0 5.010702044882852e-14
4837.5 5.0371424269867113e-14
4840.0 5.06357838190697e-14
4842.5 5.076964091237344e-14
4845.0 5.090347555120067e-14
4847.5 5.1004860165012125e-14
4850.0 5.11062316377438e-14
4852.5 5.110068379579205e-14
4855.0 5.109513305381826e-14
4857.5 5.101618892100064e-14
4860.0 5.0937254184636427e-14
4862.5 5.086194203670995e-14
4865.0 5.0786642580813706e-14
4867.5 5.061160588390929e-14
4870.0 5.04366023591636e-14
4872.5 5.00424408052986e-14
4875.0 4.964834510249669e-14
4877.5 4.9171952794648414e-14
4880.0 4.869563623644635e-14
4882.5 4.82596213381434e-14
4885.0 4.7823675520411204e-14
4887.5 4.74818001057685e-14
4890.0 4.713998199128458e-14
4892.5 4.683166486777004e-14
4895.0 4.6523403328088815e-14
4897.5 4.622887020098448e-14
4900.0 4.593439040733571e-14
4902.5 4.565746409234729e-14
4905.0 4.53805844109804e-14
4907.5 4.516155174391434e-14
4910.0 4.4942556149203324e-14
4912.5 4.4778742168688115e-14
4915.0 4.461495615200868e-14
4917.5 4.440804900388661e-14
4920.0 4.4201173180082847e-14
4922.5 4.417270957629522e-14
4925.0 4.414425162817191e-14
4927.5 4.4196901091487903e-14
4930.0 4.4249542862436063e-14
4932.5 4.4358188129807685e-14
4935.0 4.4466812717408205e-14
4937.5 4.44932787645709e-14
4940.0 4.4519741583520694e-14
4942.5 4.4568969297881876e-14
4945.0 4.4618190096273034e-14
4947.5 4.4764189582120146e-14
4950.0 4.4910166278603164e-14
4952.5 4.496176489728041e-14
4955.0 4.501335635391572e-14
4957.5 4.4918572724976883e-14
4960.0 4.482380988356834e-14
4962.5 4.47015334329592e-14
4965.0 4.4579278517222107e-14
4967.5 4.452203136814606e-14
4970.0 4.446479891561406e-14
4972.5 4.4386289258616833e-14
4975.0 4.4307797826879124e-14
4977.5 4.4185294303491773e-14
4980.0 4.4062816247542004e-14
4982.5 4.380269820585049e-14
4985.0 4.354262817264743e-14
4987.5 4.331044129684134e-14
4990.0 4.3078294047216943e-14
4992.5 4.277855702992032e-14
4995.0 4.247887446124359e-14
4997.5 4.215286516236528e-14
5000.0 4.182691456592515e-14
5002.5 4.1572492588325173e-14
5005.0 4.131811761164163e-14
5007.5 4.0975822799664564e-14
5010.0 4.0633589259569793e-14
5012.5 4.026718459817385e-14
5015.0 3.9900841272787097e-14
5017.5 3.959310112725134e-14
5020.0 3.928541273477932e-14
5022.5 3.885297206219707e-14
5025.0 3.8420599503704117e-14
5027.5 3.796890259556579e-14
5030.0 3.7517284424224224e-14
5032.5 3.715014997217341e-14
5035.0 3.678307668938514e-14
5037.5 3.653615984778776e-14
5040.0 3.628928469355751e-14
5042.5 3.604133112304459e-14
5045.0 3.579341936451266e-14
5047.5 3.5574397139051133e-14
5050.0 3.5355415819946896e-14
5052.5 3.5238137947797903e-14
5055.0 3.5120880797495895e-14
5057.5 3.500481702956608e-14
5060.0 3.488877757870694e-14
5062.5 3.478401291403127e-14
5065.0 3.4679263161614196e-14
5067.5 3.474669563173577e-14
5070.0 3.481411925929787e-14
5072.5 3.4927602643126545e-14
5075.0 3.504106988835636e-14
5077.5 3.526819684847591e-14
5080.0 3.549528583250566e-14
5082.5 3.56804276935756e-14
5085.0 3.5865542174483036e-14
5087.5 3.606998821624706e-14
5090.0 3.627440391460113e-14
5092.5 3.652494228319607e-14
5095.0 3.6775443108404315e-14
5097.5 3.6980321778449976e-14
5100.0 3.718517026995228e-14
5102.5 3.7324890971314104e-14
5105.0 3.7464591912576894e-14
5107.5 3.756513280573166e-14
5110.0 3.7665660213254274e-14
5112.5 3.7697967839740994e-14
5115.0 3.7730272806092116e-14
5117.5 3.779784715159614e-14
5120.0 3.7865409549544785e-14
5122.5 3.798120147463771e-14
5125.0 3.8096973944616126e-14
5127.5 3.819954580491041e-14
5130.0 3.830210415033989e-14
5132.5 3.818764194592939e-14
5135.0 3.807320024657424e-14
5137.5 3.8199380834505806e-14
5140.0 3.832554434570799e-14
5142.5 3.8392931227828454e-14
5145.0 3.846031406465399e-14
5147.5 3.8360258838285544e-14
5150.0 3.8260225662964375e-14
5152.5 3.8297848937255027e-14
5155.0 3.8335465315784876e-14
5157.5 3.829397455093755e-14
5160.0 3.825248919083596e-14
5162.5 3.8212408760801026e-14
5165.0 3.8172341093399394e-14
5167.5 3.8170116568761374e-14
5170.0 3.816789897821128e-14
5172.5 3.815586446476857e-14
5175.0 3.814383086073212e-14
5177.5 3.8135711242076753e-14
5180.0 3.8127595735519836e-14
5182.5 3.808824134629564e-14
5185.0 3.804889588088097e-14
5187.5 3.8025346643973355e-14
5190.0 3.800180392253519e-14
5192.5 3.793788909474312e-14
5195.0 3.787399073723976e-14
5197.5 3.790188300829306e-14
5200.0 3.792977398680736e-14
5202.5 3.7961955330699495e-14
5205.0 3.799413854832752e-14
5207.5 3.79579209643975e-14
5210.0 3.7921711887970536e-14
5212.5 3.792235306910781e-14
5215.0 3.792299341403391e-14
5217.5 3.790118382487708e-14
5220.0 3.787937681394681e-14
5222.5 3.77892120337731e-14
5225.0 3.769906768860134e-14
5227.5 3.7736897236672404e-14
5230.0 3.7774727971514454e-14
5232.5 3.780219533315915e-14
5235.0 3.7829661703658474e-14
5237.5 3.7796424507440836e-14
5240.0 3.77631916603551e-14
5242.5 3.77584817642873e-14
5245.0 3.775377196948913e-14
5247.5 3.7705860672090955e-14
5250.0 3.765796347001843e-14
5252.5 3.760834893078633e-14
5255.0 3.7558744964724026e-14
5257.5 3.7435737047198924e-14
5260.0 3.73127505653323e-14
5262.5 3.727359727485707e-14
5265.0 3.7234449220571116e-14
5267.5 3.722691829253165e-14
5270.0 3.721939171333356e-14
5272.5 3.7058206448569134e-14
5275.0 3.689704812950306e-14
5277.5 3.675872154889489e-14
5280.0 3.662042226504582e-14
5282.5 3.6594993123622944e-14
5285.0 3.6569570948247586e-14
5287.5 3.647547864331185e-14
5290.0 3.6381403323133695e-14
5292.5 3.628450785954023e-14
5295.0 3.6187629755615157e-14
5297.5 3.6057357748343036e-14
5300.0 3.592710790733674e-14
5302.5 3.5821894510522504e-14
5305.0 3.5716699599935824e-14
5307.5 3.5652984183401215e-14
5310.0 3.558928122409609e-14
5312.5 3.5419228696507466e-14
5315.0 3.524920391031307e-14
5317.5 3.5119545232670024e-14
5320.0 3.49899084195516e-14
5322.5 3.495434894220667e-14
5325.0 3.49187940400666e-14
5327.5 3.482125914029125e-14
5330.0 3.472374142208084e-14
5332.5 3.456398287760381e-14
5335.0 3.4404250331153586e-14
5337.5 3.4366377890775933e-14
5340.0 3.432851407115194e-14
5342.5 3.4288217112814106e-14
5345.0 3.4247925350067244e-14
5347.5 3.415518420443341e-14
5350.0 3.406245564869283e-14
5352.5 3.395509326858894e-14
5355.0 3.3847749258044774e-14
5357.5 3.361155420918393e-14
5360.0 3.3375395560283776e-14
5362.5 3.327450563923798e-14
5365.0 3.317363305884586e-14
5367.5 3.303233104951229e-14
5370.0 3.2891048213354595e-14
5372.5 3.282596024756174e-14
5375.0 3.276088454098379e-14
5377.5 3.268755206398149e-14
5380.0 3.261423672234015e-14
5382.5 3.259245859671982e-14
5385.0 3.2570682929678765e-14
5387.5 3.25260672523378e-14
5390.0 3.2481464697339976e-14
5392.5 3.2321265982182403e-14
5395.0 3.21610925056008e-14
5397.5 3.210627466811993e-14
5400.0 3.205146754155738e-14
5402.5 3.192694371047822e-14
5405.0 3.1802436336636935e-14
5407.5 3.164331177595041e-14
5410.0 3.148421395372496e-14
5412.5 3.136742071699643e-14
5415.0 3.125064650593283e-14
5417.5 3.12200481706933e-14
5420.0 3.118945713200388e-14
5422.5 3.115787857128644e-14
5425.0 3.112630555454092e-14
5427.5 3.1050259011894244e-14
5430.0 3.097422773956123e-14
5432.5 3.094844378668048e-14
5435.0 3.092266457419699e-14
5437.5 3.088116712265057e-14
5440.0 3.0839676506305387e-14
5442.5 3.077920384895405e-14
5445.0 3.0718742415123776e-14
5447.5 3.065181522510175e-14
5450.0 3.0584900087473935e-14
5452.5 3.0515450054063696e-14
5455.0 3.044601237423586e-14
5457.5 3.036584933123494e-14
5460.0 3.028570002061014e-14
5462.5 3.0286969663987896e-14
5465.0 3.028824416333646e-14
5467.5 3.026091282194289e-14
5470.0 3.0233588220609375e-14
5472.5 3.0164444325872914e-14
5475.0 3.009531260403433e-14
5477.5 3.005672860605431e-14
5480.0 3.0018152724475194e-14
5482.5 2.997626790505227e-14
5485.0 2.993438969949366e-14
5487.5 2.993250646291856e-14
5490.0 2.993062460694025e-14
5492.5 2.988340444791176e-14
5495.0 2.98361914828802e-14
5497.5 2.979208411649345e-14
5500.0 2.974798535685146e-14
5502.5 2.974099108653864e-14
5505.0 2.973400060943913e-14
5507.5 2.958384819723933e-14
5510.0 2.943371782909345e-14
5512.5 2.932677613615661e-14
5515.0 2.9219848993304915e-14
5517.5 2.920776854480645e-14
5520.0 2.919569238452168e-14
5522.5 2.915356012954692e-14
5525.0 2.911143780111017e-14
5527.5 2.903672681327011e-14
5530.0 2.8962027936741394e-14
5532.5 2.891910457840473e-14
5535.0 2.887618926172107e-14
5537.5 2.889696741745979e-14
5540.0 2.89177437023556e-14
5542.5 2.885888336981988e-14
5545.0 2.88000348491106e-14
5547.5 2.8715792788351456e-14
5550.0 2.863156377211418e-14
5552.5 2.858925692217683e-14
5555.0 2.8546955960408076e-14
5557.5 2.8525144287923334e-14
5560.0 2.8503337784040136e-14
5562.5 2.8434341171350345e-14
5565.0 2.8365355519496574e-14
5567.5 2.8336671798065696e-14
5570.0 2.8307992137171394e-14
5572.5 2.8345212782258323e-14
5575.0 2.8382429348944603e-14
5577.5 2.8286166071479962e-14
5580.0 2.818991880266336e-14
5582.5 2.8117627762005795e-14
5585.0 2.804534972596187e-14
5587.5 2.7979039557786416e-14
5590.0 2.7912739734415853e-14
5592.5 2.7905526590048635e-14
5595.0 2.7898314682765895e-14
5597.5 2.7815327406147757e-14
5600.0 2.773235425742485e-14
5602.5 2.7663066295707204e-14
5605.0 2.759379074114491e-14
5607.5 2.7475232007673815e-14
5610.0 2.735668969383872e-14
5612.5 2.731722104008226e-14
5615.0 2.7277761086596673e-14
5617.5 2.7303190892213048e-14
5620.0 2.732861970759106e-14
5622.5 2.7268833379802828e-14
5625.0 2.7209056239735348e-14
5627.5 2.71321466348536e-14
5630.0 2.7055250076419875e-14
5632.5 2.6949324462508145e-14
5635.0 2.684341155482129e-14
5637.5 2.6776910870072408e-14
5640.0 2.6710418143826907e-14
5642.5 2.661782315735874e-14
5645.0 2.6525241032794728e-14
5647.5 2.637956726035185e-14
5650.0 2.6233912553693778e-14
5652.5 2.6162029879133332e-14
5655.0 2.60901556297294e-14
5657.5 2.6045555084765388e-14
5660.0 2.600095970829115e-14
5662.5 2.5982694986690598e-14
5665.0 2.5964432307801132e-14
5667.5 2.597810928272277e-14
5670.0 2.5991786403557944e-14
5672.5 2.5987461676189112e-14
5675.0 2.598313917936503e-14
5677.5 2.5912815580358103e-14
5680.0 2.5842503733614736e-14
5682.5 2.5814252550712877e-14
5685.0 2.578600632310189e-14
5687.5 2.5840040716933123e-14
5690.0 2.5894070506003175e-14
5692.5 2.5894168884954117e-14
5695.0 2.5894268892361105e-14
5697.5 2.5871921630678692e-14
5700.0 2.58495785652968e-14
5702.5 2.5819041804809293e-14
5705.0 2.5788510154526268e-14
5707.5 2.5765136812397806e-14
5710.0 2.574176586399043e-14
5712.5 2.576438096180472e-14
5715.0 2.5786996887213885e-14
5717.5 2.5761212862349097e-14
5720.0 2.5735435183836847e-14
5722.5 2.5709879961822705e-14
5725.0 2.5684331031767666e-14
5727.5 2.5699473012934095e-14
5730.0 2.571461662888902e-14
5732.5 2.5708316342410022e-14
5735.0 2.5702020111505315e-14
5737.5 2.5660269426850456e-14
5740.0 2.5618523067686288e-14
5742.5 2.556832058430134e-14
5745.0 2.5518123349351367e-14
5747.5 2.552162844935191e-14
5750.0 2.5525136429112197e-14
5752.5 2.544621437768042e-14
5755.0 2.5367302605693433e-14
5757.5 2.5347248515152592e-14
5760.0 2.5327199908984037e-14
5762.5 2.5284517671938338e-14
5765.0 2.524184343197381e-14
5767.5 2.5214830315150628e-14
5770.0 2.5187821550017788e-14
5772.5 2.518020735585207e-14
5775.0 2.5172595321815697e-14
5777.5 2.5179209681964526e-14
5780.0 2.5185824597626424e-14
5782.5 2.52095187888606e-14
5785.0 2.52332116216288e-14
5787.5 2.5296165472355107e-14
5790.0 2.5359111737209693e-14
5792.5 2.539015327406736e-14
5795.0 2.5421194484727946e-14
5797.5 2.5493349053727262e-14
5800.0 2.5565498742936987e-14
5802.5 2.5653725294856937e-14
5805.0 2.57419433387343e-14
5807.5 2.5847439726183838e-14
5810.0 2.595292757258541e-14
5812.5 2.6015763507344054e-14
5815.0 2.607859374865279e-14
5817.5 2.6133899729086194e-14
5820.0 2.6189200845115954e-14
5822.5 2.6210644940507162e-14
5825.0 2.623208788247007e-14
5827.5 2.625945360949774e-14
5830.0 2.628681752560216e-14
5832.5 2.634292443006196e-14
5835.0 2.6399026376866883e-14
5837.5 2.638414821560818e-14
5840.0 2.636927283535223e-14
5842.5 2.6388677978893127e-14
5845.0 2.6408080294682273e-14
5847.5 2.6420739052802312e-14
5850.0 2.6433395706268562e-14
5852.5 2.6394400499902037e-14
5855.0 2.6355412495425563e-14
5857.5 2.6305353134255494e-14
5860.0 2.6255300290150132e-14
5862.5 2.6290226700768475e-14
5865.0 2.6325148555206865e-14
5867.5 2.6367249376195326e-14
5870.0 2.6409344860987877e-14
5872.5 2.6412964214196133e-14
5875.0 2.641658237444026e-14
5877.5 2.6293554802177813e-14
5880.0 2.6170541507165846e-14
5882.5 2.602052569259908e-14
5885.0 2.587052886656347e-14
5887.5 2.5743451161102616e-14
5890.0 2.5616388076812342e-14
5892.5 2.550676159470037e-14
5895.0 2.5397147820508932e-14
5897.5 2.5065693293790267e-14
5900.0 2.4734275158338052e-14
5902.5 2.4220608290252107e-14
5905.0 2.370699903608314e-14
5907.5 2.3384361772086694e-14
5910.0 2.306175976698479e-14
5912.5 2.327804248584374e-14
5915.0 2.3494302998366548e-14
5917.5 2.4052487883392265e-14
5920.0 2.4610612392214604e-14
5922.5 2.5007552881469412e-14
5925.0 2.5404450224581314e-14
5927.5 2.5486039276151524e-14
5930.0 2.55676205440599e-14
5932.5 2.5532547852164947e-14
5935.0 2.549747973295295e-14
5937.5 2.5438114369836697e-14
5940.0 2.5378757982158542e-14
5942.5 2.5315739248496584e-14
5945.0 2.5252729851010328e-14
5947.5 2.5196185404678552e-14
5950.0 2.5139645878588603e-14
5952.5 2.5119008336129823e-14
5955.0 2.5098371909155272e-14
5957.5 2.5130642315235748e-14
5960.0 2.5162910109828405e-14
5962.5 2.5139871248261114e-14
5965.0 2.5116833726022486e-14
5967.5 2.5030133864315132e-14
5970.0 2.4943442004416395e-14
5972.5 2.4924632612137163e-14
5975.0 2.4905827786181254e-14
5977.5 2.4869633134694133e-14
5980.0 2.4833444853661933e-14
5982.5 2.4800595828741594e-14
5985.0 2.47677509537976e-14
5987.5 2.4764706785736803e-14
5990.0 2.4761665491256726e-14
5992.5 2.4695972823952632e-14
5995.0 2.463028955097117e-14
5997.5 2.4655081277961017e-14
6000.0 2.46798692484039e-14
6002.5 2.4629665890210162e-14
6005.0 2.4579470280525124e-14
6007.5 2.447167503367458e-14
6010.0 2.4363893511896366e-14
6012.5 2.4413612600147867e-14
6015.0 2.4463329046736362e-14
6017.5 2.4406764116916335e-14
6020.0 2.4350205722361625e-14
6022.5 2.4295619721988457e-14
6025.0 2.424104189401189e-14
6027.5 2.4279448718109896e-14
6030.0 2.4317850385912733e-14
6032.5 2.4315555272843747e-14
6035.0 2.4313262917480992e-14
6037.5 2.425525965472698e-14
6040.0 2.419726304800032e-14
6042.5 2.4183016769015453e-14
6045.0 2.4168774477064825e-14
6047.5 2.4136021815518918e-14
6050.0 2.4103273194293986e-14
6052.5 2.4085324510850883e-14
6055.0 2.4067380190448264e-14
6057.5 2.3968363406505123e-14
6060.0 2.386935745935759e-14
6062.5 2.3831610848618465e-14
6065.0 2.3793870622257927e-14
6067.5 2.377365595602591e-14
6070.0 2.375344402249162e-14
6072.5 2.3719643267163687e-14
6075.0 2.368584848120213e-14
6077.5 2.3753290654141957e-14
6080.0 2.3820724744554247e-14
6082.5 2.3768979988056482e-14
6085.0 2.371723933024345e-14
6087.5 2.3671996982847155e-14
6090.0 2.3626761759852434e-14
6092.5 2.3561890331620836e-14
6095.0 2.349702801948389e-14
6097.5 2.3518743028785127e-14
6100.0 2.354045648675712e-14
6102.5 2.3552460539573062e-14
6105.0 2.3564462184336726e-14
6107.5 2.353239707342018e-14
6110.0 2.3500334029709376e-14
6112.5 2.342137697612983e-14
6115.0 2.334242858543266e-14
6117.5 2.3308092971250346e-14
6120.0 2.327376148911015e-14
6122.5 2.3306552452762643e-14
6125.0 2.3339340755450112e-14
6127.5 2.331449984655135e-14
6130.0 2.3289663950550287e-14
6132.5 2.332315748409854e-14
6135.0 2.3356650142362375e-14
6137.5 2.3364738027031742e-14
6140.0 2.3372827602336352e-14
6142.5 2.3322816712821028e-14
6145.0 2.3272813361847925e-14
6147.5 2.3218347461065712e-14
6150.0 2.3163885845367416e-14
6152.5 2.3141579967662335e-14
6155.0 2.3119278830058914e-14
6157.5 2.3093655923586225e-14
6160.0 2.306803439425348e-14
6162.5 2.298412499139318e-14
6165.0 2.2900224643723732e-14
6167.5 2.284509577135176e-14
6170.0 2.278997306130713e-14
6172.5 2.273093491881293e-14
6175.0 2.2671903319663214e-14
6177.5 2.2569525494515573e-14
6180.0 2.2467158526096757e-14
6182.5 2.2346613550855065e-14
6185.0 2.2226081224436092e-14
6187.5 2.2075340198778e-14
6190.0 2.1924616650326904e-14
6192.5 2.1855358564279763e-14
6195.0 2.1786109829938342e-14
6197.5 2.1625569648175045e-14
6200.0 2.1465046022540117e-14
6202.5 2.1364581814331878e-14
6205.0 2.1264128177591362e-14
6207.5 2.1091238761704065e-14
6210.0 2.0918365226808802e-14
6212.5 2.0785568164862272e-14
6215.0 2.065278483217326e-14
6217.5 2.0571167878303954e-14
6220.0 2.0489561418642742e-14
6222.5 2.0363724041684047e-14
6225.0 2.023789966295399e-14
6227.5 2.0142394430866222e-14
6230.0 2.0046899186135053e-14
6232.5 2.0014086564701536e-14
6235.0 1.9981277744764058e-14
6237.5 1.993693874365412e-14
6240.0 1.9892606514112253e-14
6242.5 1.991539934236156e-14
6245.0 1.9938190502407707e-14
6247.5 1.9948742521716566e-14
6250.0 1.995929407713554e-14
6252.5 1.9942763588652623e-14
6255.0 1.992623528988292e-14
6257.5 2.004983684217172e-14
6260.0 2.0173426879559398e-14
6262.5 2.0313426559855152e-14
6265.0 2.045341314656184e-14
6267.5 2.0487101707505773e-14
6270.0 2.0520785727098455e-14
6272.5 2.0488093553367723e-14
6275.0 2.0455405152387296e-14
6277.5 2.0396683471939225e-14
6280.0 2.0337968090705532e-14
6282.5 2.027540115074425e-14
6285.0 2.021284087312885e-14
6287.5 2.018484988095951e-14
6290.0 2.0156862184949572e-14
6292.5 2.0145941091532405e-14
6295.0 2.0135021635143674e-14
6297.5 2.0076398186915602e-14
6300.0 2.001777914992445e-14
6302.5 1.9892724743362125e-14
6305.0 1.97676811589658e-14
6307.5 1.9642269228090454e-14
6310.0 1.9516871812450948e-14
6312.5 1.9355419145749108e-14
6315.0 1.919398260591012e-14
6317.5 1.9048583045632073e-14
6320.0 1.8903199877408316e-14
6322.5 1.8829897976539147e-14
6325.0 1.8756601828195523e-14
6327.5 1.8625538105219988e-14
6330.0 1.8494485669125034e-14
6332.5 1.837826864383327e-14
6335.0 1.826206513703748e-14
6337.5 1.8153038161637075e-14
6340.0 1.804402399478184e-14
6342.5 1.795342325144378e-14
6345.0 1.7862831694728277e-14
6347.5 1.771932406768314e-14
6350.0 1.757583066569852e-14
6352.5 1.7412431693638155e-14
6355.0 1.724905065749284e-14
6357.5 1.7116130712110643e-14
6360.0 1.6983223929652976e-14
6362.5 1.6857655377834425e-14
6365.0 1.6732101103737546e-14
6367.5 1.6664942907497995e-14
6370.0 1.6597791576036046e-14
6372.5 1.6569712288055725e-14
6375.0 1.654163798146012e-14
6377.5 1.6558050690843277e-14
6380.0 1.6574462320647958e-14
6382.5 1.6610400842031798e-14
6385.0 1.664633827612143e-14
6387.5 1.671129090209936e-14
6390.0 1.6776237866249657e-14
6392.5 1.692876921133777e-14
6395.0 1.7081286636839164e-14
6397.5 1.7331244306051788e-14
6400.0 1.7581177058739166e-14
6402.5 1.791437768140828e-14
6405.0 1.8247547430764415e-14
6407.5 1.8648517917164152e-14
6410.0 1.904944937988316e-14
6412.5 1.9552919115843376e-14
6415.0 2.005634211032707e-14
6417.5 2.0745171435708254e-14
6420.0 2.1433936723494586e-14
6422.5 2.2175868371635574e-14
6425.0 2.291773113256398e-14
6427.5 2.3703805466933985e-14
6430.0 2.4489806918891106e-14
6432.5 2.5356162881092202e-14
6435.0 2.6222436766460585e-14
6437.5 2.7085703870884225e-14
6440.0 2.794889301587054e-14
6442.5 2.880105524538446e-14
6445.0 2.965314070661161e-14
6447.5 3.054491407860371e-14
6450.0 3.143660715033982e-14
6452.5 3.2296955706901694e-14
6455.0 3.315722888057992e-14
6457.5 3.39543680389161e-14
6460.0 3.475143416602248e-14
6462.5 3.5453207565637635e-14
6465.0 3.615491324759316e-14
6467.5 3.674065617843535e-14
6470.0 3.732634225942982e-14
6472.5 3.793212535405528e-14
6475.0 3.853784985251806e-14
6477.5 3.90369548960855e-14
6480.0 3.9536014970886065e-14
6482.5 3.994249824488876e-14
6485.0 4.0348941510742264e-14
6487.5 4.0729418459339396e-14
6490.0 4.1109861536382894e-14
6492.5 4.1488157831367986e-14
6495.0 4.1866420523883666e-14
6497.5 4.2218071502962973e-14
6500.0 4.256969506223334e-14
6502.5 4.282169284499333e-14
6505.0 4.3073672409280666e-14
6507.5 4.326539467203059e-14
6510.0 4.345710061402436e-14
6512.5 4.3577951794098524e-14
6515.0 4.3698793169276836e-14
6517.5 4.378965004026986e-14
6520.0 4.388049620084123e-14
6522.5 4.409340100365223e-14
6525.0 4.4306283980540824e-14
6527.5 4.439986207247397e-14
6530.0 4.449342924587546e-14
6532.5 4.450427793502585e-14
6535.0 4.451512691326273e-14
6537.5 4.4518891165815735e-14
6540.0 4.4522656352571534e-14
6542.5 4.451852814475603e-14
6545.0 4.451439792260466e-14
6547.5 4.43476000911928e-14
6550.0 4.418081498158177e-14
6552.5 4.4003665285377095e-14
6555.0 4.38265292173969e-14
6557.5 4.370467403397179e-14
6560.0 4.3582831114784264e-14
6562.5 4.33854159778808e-14
6565.0 4.318801990034828e-14
6567.5 4.296507299123487e-14
6570.0 4.2742147406052786e-14
6572.5 4.2509942828127464e-14
6575.0 4.227776402943394e-14
6577.5 4.201879675576278e-14
6580.0 4.175985029871878e-14
6582.5 4.149990650901355e-14
6585.0 4.123998357692703e-14
6587.5 4.100553962037187e-14
6590.0 4.0771121513144445e-14
6592.5 4.057276363079135e-14
6595.0 4.037442466400153e-14
6597.5 4.0157790606598925e-14
6600.0 3.9941173400881853e-14
6602.5 3.964019050626109e-14
6605.0 3.9339235613118926e-14
6607.5 3.907547190546301e-14
6610.0 3.881173648822824e-14
6612.5 3.8477801803986444e-14
6615.0 3.8143897947413895e-14
6617.5 3.7816126151060483e-14
6620.0 3.748838823424067e-14
6622.5 3.718039165977599e-14
6625.0 3.687242349063633e-14
6627.5 3.6577445211053733e-14
6630.0 3.628249412734736e-14
6632.5 3.599361496622672e-14
6635.0 3.570476606682553e-14
6637.5 3.5392238834245375e-14
6640.0 3.507974024280622e-14
6642.5 3.4693198514951196e-14
6645.0 3.430669190550398e-14
6647.5 3.397987273954634e-14
6650.0 3.3653083357933715e-14
6652.5 3.336281355101541e-14
6655.0 3.3072570252262006e-14
6657.5 3.281668215554319e-14
6660.0 3.2560817492342764e-14
6662.5 3.2235352033143815e-14
6665.0 3.190991972646582e-14
6667.5 3.1560663598748223e-14
6670.0 3.121143533725199e-14
6672.5 3.09741559878368e-14
6675.0 3.073689829560603e-14
6677.5 3.049059497000185e-14
6680.0 3.024431587587899e-14
6682.5 3.000534158765948e-14
6685.0 2.97663908467096e-14
6687.5 2.9439798833807224e-14
6690.0 2.9113234308607246e-14
6692.5 2.8823435645059555e-14
6695.0 2.8533661207678844e-14
6697.5 2.837363182942621e-14
6700.0 2.82136153432712e-14
6702.5 2.803716619905958e-14
6705.0 2.786073134389738e-14
6707.5 2.763313669852173e-14
6710.0 2.740556257209329e-14
6712.5 2.718172864258901e-14
6715.0 2.6957916692611174e-14
6717.5 2.6784535600613104e-14
6720.0 2.6611172085792022e-14
6722.5 2.6412647605613772e-14
6725.0 2.6214139189137902e-14
6727.5 2.5982819294139348e-14
6730.0 2.5751520081566698e-14
6732.5 2.5565196730610598e-14
6735.0 2.5378890146621846e-14
6737.5 2.521383691700087e-14
6740.0 2.504879859225226e-14
6742.5 2.4878870468086583e-14
6745.0 2.4708957637848017e-14
6747.5 2.4561425077604022e-14
6750.0 2.4413905860724046e-14
6752.5 2.4316028145436987e-14
6755.0 2.421815949560643e-14
6757.5 2.4076170882150604e-14
6760.0 2.3934195088079688e-14
6762.5 2.3823858875048726e-14
6765.0 2.3713530928150715e-14
6767.5 2.3619160167746978e-14
6770.0 2.3524798117723014e-14
6772.5 2.3402864120973756e-14
6775.0 2.3280942989468013e-14
6777.5 2.3154667660252044e-14
6780.0 2.302840554344503e-14
6782.5 2.2864453184817848e-14
6785.0 2.2700515390213716e-14
6787.5 2.2557918270300305e-14
6790.0 2.2415335699192548e-14
6792.5 2.232817294335385e-14
6795.0 2.2241020017279166e-14
6797.5 2.2199803870921934e-14
6800.0 2.2158591829516646e-14
6802.5 2.2067312685661344e-14
6805.0 2.1976041865988033e-14
6807.5 2.188779443369088e-14
6810.0 2.1799555053610543e-14
6812.5 2.1724674272199035e-14
6815.0 2.1649800401798485e-14
6817.5 2.155227222814507e-14
6820.0 2.145475285612373e-14
6822.5 2.1448308017664118e-14
6825.0 2.1441864316301094e-14
6827.5 2.1398771682447383e-14
6830.0 2.1355683256649778e-14
6832.5 2.1273479732578866e-14
6835.0 2.119128185989698e-14
6837.5 2.1080520126917377e-14
6840.0 2.0969766418343517e-14
6842.5 2.0902927785436767e-14
6845.0 2.0836095313346964e-14
6847.5 2.0793639518824446e-14
6850.0 2.075118784034685e-14
6852.5 2.0676895374823195e-14
6855.0 2.0602607845422115e-14
6857.5 2.055420071720501e-14
6860.0 2.0505798182441832e-14
6862.5 2.0493274458891793e-14
6865.0 2.0480752341096758e-14
6867.5 2.029425100248249e-14
6870.0 2.010776568949651e-14
6872.5 1.999986368101088e-14
6875.0 1.9891971159005224e-14
6877.5 1.9949007300737852e-14
6880.0 2.0006039275415274e-14
6882.5 2.0094305908878223e-14
6885.0 2.0182565806642166e-14
6887.5 2.0078616259660892e-14
6890.0 1.9974674014703083e-14
6892.5 1.9913320163056554e-14
6895.0 1.9851970089056982e-14
6897.5 1.9821266616727865e-14
6900.0 1.9790566213024042e-14
6902.5 1.972912293804776e-14
6905.0 1.966768524912698e-14
6907.5 1.964941191878764e-14
6910.0 1.9631140625117754e-14
6912.5 1.9575573700088282e-14
6915.0 1.9520011860560274e-14
6917.5 1.947751477061328e-14
6920.0 1.9435021687983948e-14
6922.5 1.9327998753653278e-14
6925.0 1.9220985085278156e-14
6927.5 1.9173350324848028e-14
6930.0 1.9125719971506133e-14
6932.5 1.918602607697943e-14
6935.0 1.9246325976097188e-14
6937.5 1.91637818648466e-14
6940.0 1.9081246806469942e-14
6942.5 1.9046200919788728e-14
6945.0 1.9011160216694716e-14
6947.5 1.9009261091752715e-14
6950.0 1.900736263798185e-14
6952.5 1.8980706915873756e-14
6955.0 1.8954053867515875e-14
6957.5 1.8924343113532082e-14
6960.0 1.889463345576769e-14
6962.5 1.8827501072813492e-14
6965.0 1.8760374619627685e-14
6967.5 1.8803968356478693e-14
6970.0 1.8847559089259136e-14
6972.5 1.889393905798998e-14
6975.0 1.8940315805363168e-14
6977.5 1.8867402225178638e-14
6980.0 1.879449501596006e-14
6982.5 1.8750957955238237e-14
6985.0 1.8707424895737128e-14
6987.5 1.8671301205815568e-14
6990.0 1.8635182733889587e-14
6992.5 1.8615921168636196e-14
6995.0 1.8596659828855926e-14
6997.5 1.8555182514178353e-14
7000.0 1.8513710832710132e-14
7002.5 1.8523220866021136e-14
7005.0 1.8532730639293337e-14
7007.5 1.8593055823481598e-14
7010.0 1.8653376700722337e-14
7012.5 1.8634713568513408e-14
7015.0 1.8616052422352176e-14
7017.5 1.8499106371014104e-14
7020.0 1.83821701091397e-14
7022.5 1.8334606619706916e-14
7025.0 1.828704921374685e-14
7027.5 1.8314056919868618e-14
7030.0 1.834106297695059e-14
7032.5 1.8341999960831043e-14
7035.0 1.8342937361729854e-14
7037.5 1.8280319954125266e-14
7040.0 1.8217707982761237e-14
7042.5 1.8209964485882768e-14
7045.0 1.8202220269631132e-14
7047.5 1.822113070400578e-14
7050.0 1.824003831827167e-14
7052.5 1.8216638697213664e-14
7055.0 1.8193243219486946e-14
7057.5 1.8131191235618598e-14
7060.0 1.8069144609360073e-14
7062.5 1.8038358927935496e-14
7065.0 1.8007576141568008e-14
7067.5 1.8020165954292017e-14
7070.0 1.803275344381047e-14
7072.5 1.8067426771441568e-14
7075.0 1.8102097866970297e-14
7077.5 1.8045540790354138e-14
7080.0 1.798898679407445e-14
7082.5 1.791400289399215e-14
7085.0 1.783902350122966e-14
7087.5 1.7854780968040485e-14
7090.0 1.7870537680503307e-14
7092.5 1.7834474733939255e-14
7095.0 1.7798416879311282e-14
7097.5 1.7765040092454485e-14
7100.0 1.773166636705497e-14
7102.5 1.7648198497786493e-14
7105.0 1.756473938225556e-14
7107.5 1.75322354638496e-14
7110.0 1.749973452474592e-14
7112.5 1.756832478085028e-14
7115.0 1.7636910196249748e-14
7117.5 1.7642441429654963e-14
7120.0 1.7647974515138567e-14
7122.5 1.762656583062644e-14
7125.0 1.7605159260147767e-14
7127.5 1.7635491207825376e-14
7130.0 1.766582128344525e-14
7132.5 1.763809725557924e-14
7135.0 1.7610375821828178e-14
7137.5 1.7541638536139124e-14
7140.0 1.7472905172686197e-14
7142.5 1.743298693945096e-14
7145.0 1.7393072222602245e-14
7147.5 1.743791548094142e-14
7150.0 1.748275757671829e-14
7152.5 1.7507946545049442e-14
7155.0 1.7533135859258688e-14
7157.5 1.7513302117946e-14
7160.0 1.74934685337575e-14
7162.5 1.7552379697437012e-14
7165.0 1.761128682872171e-14
7167.5 1.75852999410243e-14
7170.0 1.755931367553144e-14
7172.5 1.74585086606499e-14
7175.0 1.7357711760587206e-14
7177.5 1.732269409779588e-14
7180.0 1.7287681355574246e-14
7182.5 1.7311908931124076e-14
7185.0 1.7336136933123285e-14
7187.5 1.7404400124975194e-14
7190.0 1.7472658602788773e-14
7192.5 1.7535829242525368e-14
7195.0 1.7598995563372405e-14
7197.5 1.7629949928402804e-14
7200.0 1.7660904226636073e-14
7202.5 1.7615728147783085e-14
7205.0 1.7570557740082428e-14
7207.5 1.745413834691493e-14
7210.0 1.7337728162457097e-14
7212.5 1.7262619690760093e-14
7215.0 1.71875191185384e-14
7217.5 1.71791183118943e-14
7220.0 1.7170720389872712e-14
7222.5 1.7179436025684992e-14
7225.0 1.7188151450566958e-14
7227.5 1.714905892783351e-14
7230.0 1.7109967957873946e-14
7232.5 1.713526360427537e-14
7235.0 1.7160557801189293e-14
7237.5 1.7148582534710856e-14
7240.0 1.7136608600948272e-14
7242.5 1.70735221918946e-14
7245.0 1.7010442729520804e-14
7247.5 1.7026863587863306e-14
7250.0 1.7043283660598415e-14
7252.5 1.707504549634011e-14
7255.0 1.7106805409827872e-14
7257.5 1.6998518487889854e-14
7260.0 1.6890238217960046e-14
7262.5 1.6871706361166398e-14
7265.0 1.6853178117365152e-14
7267.5 1.6844697894267026e-14
7270.0 1.683621872699269e-14
7272.5 1.684863730983826e-14
7275.0 1.6861055404336333e-14
7277.5 1.6846485474551288e-14
7280.0 1.6831918857194868e-14
7282.5 1.6887457148274897e-14
7285.0 1.6942991779549894e-14
7287.5 1.688177983170555e-14
7290.0 1.6820574621208442e-14
7292.5 1.6704665401348656e-14
7295.0 1.6588765111804628e-14
7297.5 1.6572877098979607e-14
7300.0 1.655699247951685e-14
7302.5 1.659682386973342e-14
7305.0 1.663665276399558e-14
7307.5 1.659651859304384e-14
7310.0 1.655638777364308e-14
7312.5 1.6541201821419984e-14
7315.0 1.6526019203584436e-14
7317.5 1.655185118682002e-14
7320.0 1.6577683513643224e-14
7322.5 1.6555987107131054e-14
7325.0 1.653429269535502e-14
7327.5 1.6467104564995883e-14
7330.0 1.6399921729543727e-14
7332.5 1.638549634529036e-14
7335.0 1.6371074227405993e-14
7337.5 1.6422216348410147e-14
7340.0 1.6473355175741855e-14
7342.5 1.643693589659406e-14
7345.0 1.640052147181591e-14
7347.5 1.6354927490911534e-14
7350.0 1.6309337211987336e-14
7352.5 1.6302236269788125e-14
7355.0 1.629513624654127e-14
7357.5 1.629102643535593e-14
7360.0 1.628691732617546e-14
7362.5 1.627544381368301e-14
7365.0 1.6263971531469504e-14
7367.5 1.6257198039545592e-14
7370.0 1.6250423630147704e-14
7372.5 1.6299094712306902e-14
7375.0 1.6347762709029532e-14
7377.5 1.637124196572285e-14
7380.0 1.639472175503117e-14
7382.5 1.6334269750487893e-14
7385.0 1.6273822472899582e-14
7387.5 1.6207033337345365e-14
7390.0 1.6140247563692854e-14
7392.5 1.6141484926352043e-14
7395.0 1.614272440708135e-14
7397.5 1.6205414765819544e-14
7400.0 1.6268102868965663e-14
7402.5 1.6273925688227122e-14
7405.0 1.627974668752977e-14
7407.5 1.6215325203981146e-14
7410.0 1.6150908692342372e-14
7412.5 1.6134550286326038e-14
7415.0 1.6118191629549186e-14
7417.5 1.609149027379838e-14
7420.0 1.6064791202984465e-14
7422.5 1.606096940734517e-14
7425.0 1.6057150082383476e-14
7427.5 1.6085590090986494e-14
7430.0 1.6114028486659075e-14
7432.5 1.6054757357365748e-14
7435.0 1.5995490797422913e-14
7437.5 1.595115825608833e-14
7440.0 1.5906827417588618e-14
7442.5 1.5904509138864075e-14
7445.0 1.590219141115656e-14
7447.5 1.584795448597655e-14
7450.0 1.579371994616554e-14
7452.5 1.5777548523312853e-14
7455.0 1.5761380423323125e-14
7457.5 1.575134105269236e-14
7460.0 1.574130276729114e-14
7462.5 1.570179451656891e-14
7465.0 1.5662289406793065e-14
7467.5 1.5618735696343375e-14
7470.0 1.5575187208006752e-14
7472.5 1.5502332269073087e-14
7475.0 1.5429484585141854e-14
7477.5 1.5415413250389343e-14
7480.0 1.5401343267115753e-14
7482.5 1.54861640632708e-14
7485.0 1.5570979343241594e-14
7487.5 1.554321497523508e-14
7490.0 1.5515452907496256e-14
7492.5 1.5438148787254974e-14
7495.0 1.536085039166102e-14
7497.5 1.5403573842725195e-14
7500.0 1.5446294710569485e-14
7502.5 1.5444377092627633e-14
7505.0 1.5442458173625677e-14
7507.5 1.538823744097771e-14
7510.0 1.533402081559777e-14
7512.5 1.5251422305669156e-14
7515.0 1.5168829847256838e-14
7517.5 1.5168095404108936e-14
7520.0 1.516736137459386e-14
7522.5 1.5137018808058662e-14
7525.0 1.510668049022934e-14
7527.5 1.5128260007552446e-14
7530.0 1.5149838407148624e-14
7532.5 1.5179776172536985e-14
7535.0 1.5209710447206217e-14
7537.5 1.5136519137370377e-14
7540.0 1.506333138590132e-14
7542.5 1.5052169896445087e-14
7545.0 1.5041009526652044e-14
7547.5 1.4984123685148443e-14
7550.0 1.4927241173854695e-14
7552.5 1.4895168773317992e-14
7555.0 1.4863098006574493e-14
7557.5 1.485737673669536e-14
7560.0 1.4851656207531772e-14
7562.5 1.4823955958714035e-14
7565.0 1.479625793981076e-14
7567.5 1.4709436475213553e-14
7570.0 1.4622621239443547e-14
7572.5 1.453884574724176e-14
7575.0 1.4455076264754896e-14
7577.5 1.4446073900891218e-14
7580.0 1.4437072485543808e-14
7582.5 1.4577265973735967e-14
7585.0 1.4717451251388054e-14
7587.5 1.491870468814929e-14
7590.0 1.511994492241507e-14
7592.5 1.4915626063664312e-14
7595.0 1.4711320393361127e-14
7597.5 1.3996446869969228e-14
7600.0 1.3281621676378044e-14
7602.5 1.2869673376223769e-14
7605.0 1.2457752998054799e-14
7607.5 1.2643446853006442e-14
7610.0 1.2829127670213855e-14
7612.5 1.3242167406224326e-14
7615.0 1.3655179838589285e-14
7617.5 1.3977808093473182e-14
7620.0 1.430041423635437e-14
7622.5 1.4180391510732091e-14
7625.0 1.4060376214901869e-14
7627.5 1.3931330340324729e-14
7630.0 1.3802292478238981e-14
7632.5 1.378045842829299e-14
7635.0 1.375862705030829e-14
7637.5 1.3707553272021945e-14
7640.0 1.3656484101893049e-14
7642.5 1.375794873042226e-14
7645.0 1.3859406953787449e-14
7647.5 1.3895044703166114e-14
7650.0 1.3930680415799517e-14
7652.5 1.4080124690935035e-14
7655.0 1.422956031743859e-14
7657.5 1.4430279825624908e-14
7660.0 1.463098642375859e-14
7662.5 1.4669569463022764e-14
7665.0 1.470815119876881e-14
7667.5 1.45884581313198e-14
7670.0 1.4468772373170078e-14
7672.5 1.4402346142157873e-14
7675.0 1.43359237052424e-14
7677.5 1.436409604996953e-14
7680.0 1.4392266876422978e-14
7682.5 1.442681211284965e-14
7685.0 1.4461356317441656e-14
7687.5 1.45607734252435e-14
7690.0 1.4660185264447265e-14
7692.5 1.4764797762631396e-14
7695.0 1.4869402866552248e-14
7697.5 1.4929482248637816e-14
7700.0 1.498955805373928e-14
7702.5 1.503757111656801e-14
7705.0 1.5085581395825783e-14
7707.5 1.5093695438204435e-14
7710.0 1.5101810196404863e-14
7712.5 1.49578532215719e-14
7715.0 1.4813905932808964e-14
7717.5 1.4867972782280634e-14
7720.0 1.4922035564451994e-14
7722.5 1.4993090597879507e-14
7725.0 1.506414137155166e-14
7727.5 1.5042358802868323e-14
7730.0 1.5020577982657602e-14
7732.5 1.5185560581652942e-14
7735.0 1.5350531975803905e-14
7737.5 1.5411259136753135e-14
7740.0 1.5471984530784686e-14
7742.5 1.5535041392534314e-14
7745.0 1.5598094546479334e-14
7747.5 1.5587877713000466e-14
7750.0 1.5577661886955765e-14
7752.5 1.549227345609541e-14
7755.0 1.5406890852550296e-14
7757.5 1.5381340823067064e-14
7760.0 1.5355792775923035e-14
7762.5 1.545992449000786e-14
7765.0 1.5564051686911073e-14
7767.5 1.5715888660458956e-14
7770.0 1.5867718084079194e-14
7772.5 1.5896402816555128e-14
7775.0 1.5925086074570484e-14
7777.5 1.5842901859011343e-14
7780.0 1.5760721434004143e-14
7782.5 1.5599318478763957e-14
7785.0 1.5437924339266583e-14
7787.5 1.5386385870573348e-14
7790.0 1.5334849219840433e-14
7792.5 1.549084107846182e-14
7795.0 1.5646825186464903e-14
7797.5 1.576321661239535e-14
7800.0 1.5879601017737468e-14
7802.5 1.582652171768212e-14
7805.0 1.5773444327324713e-14
7807.5 1.5641325804443992e-14
7810.0 1.550921596980849e-14
7812.5 1.5435945364822016e-14
7815.0 1.5362677923334276e-14
7817.5 1.5357050493129758e-14
7820.0 1.5351421959057152e-14
7822.5 1.547775981233026e-14
7825.0 1.5604091861886583e-14
7827.5 1.5699337180629238e-14
7830.0 1.5794575069391782e-14
7832.5 1.5678144629340197e-14
7835.0 1.556172362853294e-14
7837.5 1.539100629695924e-14
7840.0 1.522029819127164e-14
7842.5 1.5143938518762706e-14
7845.0 1.5067585746985725e-14
7847.5 1.4990706294244383e-14
7850.0 1.4913831967252678e-14
7852.5 1.488940172771588e-14
7855.0 1.486497333597138e-14
7857.5 1.489112508946731e-14
7860.0 1.4917276438953367e-14
7862.5 1.4881876453642345e-14
7865.0 1.4846478094058764e-14
7867.5 1.4936243793655402e-14
7870.0 1.502600335133672e-14
7872.5 1.5092699813958135e-14
7875.0 1.5159391574920245e-14
7877.5 1.5124098586163402e-14
7880.0 1.5088808108827665e-14
7882.5 1.510222683453629e-14
7885.0 1.5115646854455874e-14
7887.5 1.5086403285833298e-14
7890.0 1.5057160051781282e-14
7892.5 1.5014724350922122e-14
7895.0 1.4972291588040637e-14
7897.5 1.495434346702597e-14
7900.0 1.4936396772501043e-14
7902.5 1.4854812491176142e-14
7905.0 1.4773232642142595e-14
7907.5 1.4702944655223816e-14
7910.0 1.463266129452548e-14
7912.5 1.4656108755141075e-14
7915.0 1.4679554197579537e-14
7917.5 1.471560838585569e-14
7920.0 1.475165978820076e-14
7922.5 1.4799417364850647e-14
7925.0 1.484717234315052e-14
7927.5 1.4831833742348956e-14
7930.0 1.4816497291289505e-14
7932.5 1.4718953637889048e-14
7935.0 1.462141623635948e-14
7937.5 1.4490939632607157e-14
7940.0 1.436047126837413e-14
7942.5 1.4249343662423656e-14
7945.0 1.4138222207288149e-14
7947.5 1.4202721947983008e-14
7950.0 1.4267218082034357e-14
7952.5 1.4254871625760795e-14
7955.0 1.4242525322359932e-14
7957.5 1.4224196657789852e-14
7960.0 1.4205869402475083e-14
7962.5 1.4279252839438112e-14
7965.0 1.4352632151205453e-14
7967.5 1.4329168521559627e-14
7970.0 1.4305705711724244e-14
7972.5 1.4148085307954289e-14
7975.0 1.3990474685428196e-14
7977.5 1.3937537650357854e-14
7980.0 1.3884603192453963e-14
7982.5 1.3933736213974412e-14
7985.0 1.3982866581773286e-14
7987.5 1.3987052419096921e-14
7990.0 1.3991239196578281e-14
7992.5 1.3984521424457732e-14
7995.0 1.3977805244456278e-14
7997.5 1.3915991724850622e-14
8000.0 1.385418129201549e-14
8002.5 1.3833868489186819e-14
8005.0 1.381355718735728e-14
8007.5 1.379779814597175e-14
8010.0 1.3782041227977533e-14
8012.5 1.3709397235330491e-14
8015.0 1.3636758744713478e-14
8017.5 1.3657678666527466e-14
8020.0 1.3678597631022905e-14
8022.5 1.3770523900766238e-14
8025.0 1.3862444110971928e-14
8027.5 1.3927112171438151e-14
8030.0 1.3991775796876576e-14
8032.5 1.4087492162305321e-14
8035.0 1.418320226593894e-14
8037.5 1.4182149007087285e-14
8040.0 1.4181096104362575e-14
8042.5 1.4079269325208283e-14
8045.0 1.3977448839043368e-14
8047.5 1.3823320289719547e-14
8050.0 1.3669201097009881e-14
8052.5 1.3543653671047752e-14
8055.0 1.3418113902620689e-14
8057.5 1.3384822698283355e-14
8060.0 1.3351533723321834e-14
8062.5 1.3303702241926125e-14
8065.0 1.3255874732884088e-14
8067.5 1.3226505635222476e-14
8070.0 1.3197139423551703e-14
8072.5 1.3214468955214508e-14
8075.0 1.3231797745525907e-14
8077.5 1.3251822109883394e-14
8080.0 1.3271846473283755e-14
8082.5 1.3310163502492522e-14
8085.0 1.3348479467586432e-14
8087.5 1.3508028400189698e-14
8090.0 1.3667567432382659e-14
8092.5 1.3711421596891155e-14
8095.0 1.375527349386843e-14
8097.5 1.3675575574571846e-14
8100.0 1.3595883451682009e-14
8102.5 1.3577939106146633e-14
8105.0 1.3559996075951004e-14
8107.5 1.3471064810580309e-14
8110.0 1.3382138066099495e-14
8112.5 1.3415949491473882e-14
8115.0 1.3449759236451533e-14
8117.5 1.3510893099582867e-14
8120.0 1.357202281593567e-14
8122.5 1.3568884225649605e-14
8125.0 1.356574519509022e-14
8127.5 1.3595953520063263e-14
8130.0 1.3626160382764277e-14
8132.5 1.3729396566230135e-14
8135.0 1.3832627099887257e-14
8137.5 1.3885970761324476e-14
8140.0 1.3939310749242434e-14
8142.5 1.3962477289392058e-14
8145.0 1.3985642784091803e-14
8147.5 1.4034749700643052e-14
8150.0 1.4083853197019787e-14
8152.5 1.411958897948996e-14
8155.0 1.4155322110349367e-14
8157.5 1.4101402713153e-14
8160.0 1.4047486670944152e-14
8162.5 1.3904192309864168e-14
8165.0 1.3760906380938404e-14
8167.5 1.373526596001536e-14
8170.0 1.370962727006619e-14
8172.5 1.3530019115390179e-14
8175.0 1.3350422316039083e-14
8177.5 1.3323054549636663e-14
8180.0 1.3295688598812644e-14
8182.5 1.3245086278319437e-14
8185.0 1.3194486189010925e-14
8187.5 1.3217667826202628e-14
8190.0 1.3240847521290669e-14
8192.5 1.3260065756946396e-14
8195.0 1.3279283171063456e-14
8197.5 1.3229588700759652e-14
8200.0 1.3179897291188728e-14
8202.5 1.3224038781537559e-14
8205.0 1.3268178050199492e-14
8207.5 1.3358408959525919e-14
8210.0 1.3448635064514802e-14
8212.5 1.3443980777413139e-14
8215.0 1.3439327910325806e-14
8217.5 1.3512334022488121e-14
8220.0 1.3585336311908703e-14
8222.5 1.3537234545831944e-14
8225.0 1.3489134840882596e-14
8227.5 1.3363070858907016e-14
8230.0 1.3237015071952442e-14
8232.5 1.3185550263297691e-14
8235.0 1.3134089476217673e-14
8237.5 1.3187718956559999e-14
8240.0 1.3241345708799271e-14
8242.5 1.3203293732045793e-14
8245.0 1.3165244128250461e-14
8247.5 1.3144613062633195e-14
8250.0 1.312398250427437e-14
8252.5 1.3119238906306698e-14
8255.0 1.3114494932451966e-14
8257.5 1.304605899339237e-14
8260.0 1.2977627095582764e-14
8262.5 1.2837647484027333e-14
8265.0 1.2697674964039559e-14
8267.5 1.2604671819959177e-14
8270.0 1.2511673158781904e-14
8272.5 1.2473497919091421e-14
8275.0 1.2435325918083034e-14
8277.5 1.2474552070801388e-14
8280.0 1.251377719953028e-14
8282.5 1.2587922954530307e-14
8285.0 1.2662065771716866e-14
8287.5 1.2762263862101199e-14
8290.0 1.2862457594125139e-14
8292.5 1.2944130478123083e-14
8295.0 1.3025799136209053e-14
8297.5 1.303071738779057e-14
8300.0 1.3035635620332015e-14
8302.5 1.2995193785265636e-14
8305.0 1.2954755301912265e-14
8307.5 1.2814797258340613e-14
8310.0 1.2674846200965034e-14
8312.5 1.2566018868115365e-14
8315.0 1.2457198596394274e-14
8317.5 1.236378165293004e-14
8320.0 1.227037091952967e-14
8322.5 1.2145062441667513e-14
8325.0 1.2019761000655153e-14
8327.5 1.1920250804732494e-14
8330.0 1.1820747125295546e-14
8332.5 1.1778298183018512e-14
8335.0 1.1735851763079198e-14
8337.5 1.1698311379611703e-14
8340.0 1.1660774141006707e-14
8342.5 1.166936901747629e-14
8345.0 1.1677963650748712e-14
8347.5 1.1843551876371121e-14
8350.0 1.2009131397904629e-14
8352.5 1.2098265287123966e-14
8355.0 1.2187394605861409e-14
8357.5 1.21380976568827e-14
8360.0 1.2088802693851454e-14
8362.5 1.2104080297970003e-14
8365.0 1.2119357309692198e-14
8367.5 1.1989426683720931e-14
8370.0 1.1859503247705098e-14
8372.5 1.1797470220560079e-14
8375.0 1.1735439842237137e-14
8377.5 1.184110723561545e-14
8380.0 1.194677009585528e-14
8382.5 1.1840316801576038e-14
8385.0 1.1733870302836559e-14
8387.5 1.1672061678363303e-14
8390.0 1.1610257458426287e-14
8392.5 1.164493566645661e-14
8395.0 1.1679613138816356e-14
8397.5 1.1835843888898777e-14
8400.0 1.199206655759307e-14
8402.5 1.2207816964836547e-14
8405.0 1.2423556151204019e-14
8407.5 1.201697988885773e-14
8410.0 1.1610425391246982e-14
8412.5 1.1555804155236129e-14
8415.0 1.1501185130732126e-14
8417.5 1.1515472995047661e-14
8420.0 1.1529761209993512e-14
8422.5 1.1501591199372364e-14
8425.0 1.1473422887276538e-14
8427.5 1.1425926056139067e-14
8430.0 1.137843104541789e-14
8432.5 1.1289751660962947e-14
8435.0 1.1201076256691111e-14
8437.5 1.1132208563249218e-14
8440.0 1.1063345583873194e-14
8442.5 1.1100921009399618e-14
8445.0 1.1138495560197177e-14
8447.5 1.1166957049447365e-14
8450.0 1.1195417252882451e-14
8452.5 1.1269267912634147e-14
8455.0 1.1343115808737806e-14
8457.5 1.141443202877838e-14
8460.0 1.1485745625413611e-14
8462.5 1.1553790144366018e-14
8465.0 1.162183132612766e-14
8467.5 1.1650434677879937e-14
8470.0 1.1679035860709846e-14
8472.5 1.164172029628598e-14
8475.0 1.1604406883782449e-14
8477.5 1.1586258764856858e-14
8480.0 1.1568111798600434e-14
8482.5 1.1553756142335458e-14
8485.0 1.1539401439856204e-14
8487.5 1.1456458291666853e-14
8490.0 1.1373519644598376e-14
8492.5 1.1303059620435618e-14
8495.0 1.1232604334499362e-14
8497.5 1.1206522964467013e-14
8500.0 1.1180444034632251e-14
8502.5 1.109720771989794e-14
8505.0 1.1013975895318547e-14
8507.5 1.0978694607930342e-14
8510.0 1.0943414442417009e-14
8512.5 1.0966341337030935e-14
8515.0 1.0989267250487371e-14
8517.5 1.1010508178086585e-14
8520.0 1.1031748213245568e-14
8522.5 1.1067511497081078e-14
8525.0 1.1103272255193662e-14
8527.5 1.1235427939336474e-14
8530.0 1.136757795360913e-14
8532.5 1.1515557907551123e-14
8535.0 1.166353139753297e-14
8537.5 1.1637663307896527e-14
8540.0 1.1611797636905897e-14
8542.5 1.1601452865885763e-14
8545.0 1.1591108828499096e-14
8547.5 1.1538259415106396e-14
8550.0 1.1485412004297247e-14
8552.5 1.1397901301525286e-14
8555.0 1.1310395246592191e-14
8557.5 1.1293591434606364e-14
8560.0 1.1276788675200874e-14
8562.5 1.128202582873418e-14
8565.0 1.1287262916674144e-14
8567.5 1.1266569300609587e-14
8570.0 1.124587782131361e-14
8572.5 1.1251589134255422e-14
8575.0 1.1257301248231397e-14
8577.5 1.1266220641979168e-14
8580.0 1.1275139784379629e-14
8582.5 1.1257028149075196e-14
8585.0 1.1238917623886223e-14
8587.5 1.1197565137808114e-14
8590.0 1.1156214927890557e-14
8592.5 1.1199053077842117e-14
8595.0 1.1241889273095549e-14
8597.5 1.1301655021113157e-14
8600.0 1.1361417970258458e-14
8602.5 1.1458981729475104e-14
8605.0 1.1556540804080899e-14
8607.5 1.1623759060907656e-14
8610.0 1.1690974159931677e-14
8612.5 1.1685214682101117e-14
8615.0 1.1679455695465694e-14
8617.5 1.1649041529039108e-14
8620.0 1.1618629081544692e-14
8622.5 1.1459426608291706e-14
8625.0 1.1300233149817456e-14
8627.5 1.1182153715689077e-14
8630.0 1.1064079454629066e-14
8632.5 1.1079942308711368e-14
8635.0 1.109580367690891e-14
8637.5 1.111318881796422e-14
8640.0 1.1130572399142775e-14
8642.5 1.119089636380864e-14
8645.0 1.1251216645742775e-14
8647.5 1.136219653623618e-14
8650.0 1.1473172028076497e-14
8652.5 1.1534427807421307e-14
8655.0 1.1595679872068929e-14
8657.5 1.152650127299507e-14
8660.0 1.1457327171318116e-14
8662.5 1.136697924875042e-14
8665.0 1.1276635967117316e-14
8667.5 1.1162022368240105e-14
8670.0 1.1047414592416533e-14
8672.5 1.103652997901906e-14
8675.0 1.1025646088506099e-14
8677.5 1.109551543435723e-14
8680.0 1.1165382436482084e-14
8682.5 1.12186440167784e-14
8685.0 1.1271903182597172e-14
8687.5 1.1265585776773161e-14
8690.0 1.1259269761365769e-14
8692.5 1.1248803658535101e-14
8695.0 1.1238339147439885e-14
8697.5 1.1265800103405012e-14
8700.0 1.1293260802757039e-14
8702.5 1.1197597668594034e-14
8705.0 1.1101939377604109e-14
8707.5 1.1003555158466731e-14
8710.0 1.0905175904389435e-14
8712.5 1.0944407205283444e-14
8715.0 1.0983636788267541e-14
8717.5 1.0979956908498781e-14
8720.0 1.0976277392206476e-14
8722.5 1.1011092971070395e-14
8725.0 1.1045907051614092e-14
8727.5 1.1132288109295227e-14
8730.0 1.1218665182534484e-14
8732.5 1.1214403053105674e-14
8735.0 1.1210142207093153e-14
8737.5 1.1166815289130493e-14
8740.0 1.112349064480588e-14
8742.5 1.1095184627854327e-14
8745.0 1.1066880157758856e-14
8747.5 1.1068766823648131e-14
8750.0 1.1070653583961921e-14
8752.5 1.1115172228834637e-14
8755.0 1.1159688035281156e-14
8757.5 1.1182310270464543e-14
8760.0 1.1204931608868413e-14
8762.5 1.11512751960157e-14
8765.0 1.1097621533969266e-14
8767.5 1.0990426416239967e-14
8770.0 1.0883237487890098e-14
8772.5 1.0786709540949436e-14
8775.0 1.0690186374585477e-14
8777.5 1.074457175301841e-14
8780.0 1.0798955609624886e-14
8782.5 1.0802058055614578e-14
8785.0 1.0805160532733429e-14
8787.5 1.0731216603403385e-14
8790.0 1.0657277250179647e-14
8792.5 1.0607062712815136e-14
8795.0 1.0556850730370637e-14
8797.5 1.0581107602949013e-14
8800.0 1.0605364390581887e-14
8802.5 1.0621958971793936e-14
8805.0 1.0638552054286727e-14
8807.5 1.062707185088688e-14
8810.0 1.0615591474718387e-14
8812.5 1.063795655005901e-14
8815.0 1.0660320745667956e-14
8817.5 1.0701677109537441e-14
8820.0 1.0743032591086632e-14
8822.5 1.0755057255745482e-14
8825.0 1.0767081530977067e-14
8827.5 1.07001994255554e-14
8830.0 1.063332152170217e-14
8832.5 1.0645872680456407e-14
8835.0 1.0658423424411307e-14
8837.5 1.076010203747713e-14
8840.0 1.086177517931102e-14
8842.5 1.0915656788212396e-14
8845.0 1.0969535168173831e-14
8847.5 1.1084205998208969e-14
8850.0 1.1198871657879277e-14
8852.5 1.1224626053755586e-14
8855.0 1.125038031991706e-14
8857.5 1.122630703056116e-14
8860.0 1.1202234153954728e-14
8862.5 1.1143810358510327e-14
8865.0 1.1085390345292195e-14
8867.5 1.0975734252488368e-14
8870.0 1.0866083423128837e-14
8872.5 1.0800909293374285e-14
8875.0 1.0735737467842761e-14
8877.5 1.079810138746741e-14
8880.0 1.086046348412011e-14
8882.5 1.082450226842877e-14
8885.0 1.0788543775517498e-14
8887.5 1.0727156686865199e-14
8890.0 1.0665771712938377e-14
8892.5 1.0633070820179929e-14
8895.0 1.060037160339147e-14
8897.5 1.0551786947331291e-14
8900.0 1.0503205582195796e-14
8902.5 1.0486832802160853e-14
8905.0 1.0470460052932536e-14
8907.5 1.0515656566358446e-14
8910.0 1.0560851174351353e-14
8912.5 1.0667656470053593e-14
8915.0 1.0774456156133411e-14
8917.5 1.0846339987709202e-14
8920.0 1.0918219816146573e-14
8922.5 1.0865867648010679e-14
8925.0 1.0813518042371287e-14
8927.5 1.0758654548174979e-14
8930.0 1.0703793725599741e-14
8932.5 1.073777528897522e-14
8935.0 1.0771756362433906e-14
8937.5 1.0771773316679453e-14
8940.0 1.0771790439852816e-14
8942.5 1.074088734312173e-14
8945.0 1.070998493057357e-14
8947.5 1.0633125089298558e-14
8950.0 1.0556268899567353e-14
8952.5 1.0564571768902674e-14
8955.0 1.0572873540281576e-14
8957.5 1.075504236535282e-14
8960.0 1.0937203123512653e-14
8962.5 1.0972377644003083e-14
8965.0 1.1007550748147705e-14
8967.5 1.0891297661965925e-14
8970.0 1.0775049098588217e-14
8972.5 1.0742741519859773e-14
8975.0 1.071043556280349e-14
8977.5 1.0777570257932977e-14
8980.0 1.0844702103098581e-14
8982.5 1.0940540194244054e-14
8985.0 1.1036375041144262e-14
8987.5 1.108233273871461e-14
8990.0 1.1128288548306834e-14
8992.5 1.1117667165485361e-14
8995.0 1.1107046430202956e-14
8997.5 1.1152894406225537e-14
9000.0 1.1198740505604865e-14
9002.5 1.1161877627008483e-14
9005.0 1.1125015678545112e-14
9007.5 1.0998485867303005e-14
9010.0 1.0871960977142371e-14
9012.5 1.079739861865456e-14
9015.0 1.0722839744485397e-14
9017.5 1.0642418872767756e-14
9020.0 1.0562001738337072e-14
9022.5 1.0471276519812522e-14
9025.0 1.0380554600680549e-14
9027.5 1.0343567184575843e-14
9030.0 1.0306582453004884e-14
9032.5 1.0332301484254989e-14
9035.0 1.035801953548284e-14
9037.5 1.0314847418678111e-14
9040.0 1.027167736694529e-14
9042.5 1.0228964426321568e-14
9045.0 1.018625352623522e-14
9047.5 1.0245000875667566e-14
9050.0 1.0303745792652659e-14
9052.5 1.0200486744390624e-14
9055.0 1.0097232394214723e-14
9057.5 1.0126119105839914e-14
9060.0 1.0155005588894297e-14
9062.5 1.0318403678546619e-14
9065.0 1.0481794755984747e-14
9067.5 1.0495123062510479e-14
9070.0 1.0508451830700119e-14
9072.5 1.0479467405511163e-14
9075.0 1.0450484406557009e-14
9077.5 1.0480056554287452e-14
9080.0 1.050962668145442e-14
9082.5 1.060345733420819e-14
9085.0 1.0697284940188404e-14
9087.5 1.0716260096364776e-14
9090.0 1.073523547372096e-14
9092.5 1.0688682677508724e-14
9095.0 1.0642132066672956e-14
9097.5 1.066550409487615e-14
9100.0 1.0688876154282739e-14
9102.5 1.0709420093538497e-14
9105.0 1.0729964188476841e-14
9107.5 1.0811473313316054e-14
9110.0 1.0892979955758334e-14
9112.5 1.092764723736375e-14
9115.0 1.096231406900567e-14
9117.5 1.0882854060635685e-14
9120.0 1.0803397646183945e-14
9122.5 1.0812322144308673e-14
9125.0 1.0821245531883921e-14
9127.5 1.0795373984596027e-14
9130.0 1.076950459812453e-14
9132.5 1.0750594241097617e-14
9135.0 1.0731685742977948e-14
9137.5 1.0776814299465001e-14
9140.0 1.0821941963654927e-14
9142.5 1.087224716790787e-14
9145.0 1.0922549489255513e-14
9147.5 1.0908871512494524e-14
9150.0 1.089519339617618e-14
9152.5 1.0820678445765047e-14
9155.0 1.0746166841149305e-14
9157.5 1.0694674513549368e-14
9160.0 1.0643184542016311e-14
9162.5 1.075395265086856e-14
9165.0 1.0864715308245599e-14
9167.5 1.0951257918398809e-14
9170.0 1.1037796117994798e-14
9172.5 1.0966848668962768e-14
9175.0 1.0895904397131831e-14
9177.5 1.0845725766192663e-14
9180.0 1.079555031029267e-14
9182.5 1.0797517657722428e-14
9185.0 1.0799485965209858e-14
9187.5 1.0895167222730713e-14
9190.0 1.099084458785776e-14
9192.5 1.1018327956000872e-14
9195.0 1.1045809436542531e-14
9197.5 1.0992291561632494e-14
9200.0 1.0938776105845723e-14
9202.5 1.100730556108176e-14
9205.0 1.1075832286716227e-14
9207.5 1.11054026536475e-14
9210.0 1.1134971936419878e-14
9212.5 1.1195648941095994e-14
9215.0 1.1256324442408144e-14
9217.5 1.132504855538525e-14
9220.0 1.1393769946681804e-14
9222.5 1.1304288271764424e-14
9225.0 1.121481139656072e-14
9227.5 1.1238989687013725e-14
9230.0 1.1263168012587762e-14
9232.5 1.1220693549881694e-14
9235.0 1.117822102388586e-14
9237.5 1.0917194905659382e-14
9240.0 1.0656178954662576e-14
9242.5 1.0549255099006553e-14
9245.0 1.044233585147591e-14
9247.5 1.0345153476404851e-14
9250.0 1.0247976179961886e-14
9252.5 1.0164804525424781e-14
9255.0 1.0081636473149311e-14
9257.5 1.0256917504199889e-14
9260.0 1.0432190520439812e-14
9262.5 1.0464267958718521e-14
9265.0 1.049634333093793e-14
9267.5 1.045558768546613e-14
9270.0 1.041483387542888e-14
9272.5 1.038608026960765e-14
9275.0 1.0357327999545551e-14
9277.5 1.0402718142824428e-14
9280.0 1.0448106559979519e-14
9282.5 1.052669518193647e-14
9285.0 1.0605281598840361e-14
9287.5 1.0731774577521856e-14
9290.0 1.085826161639644e-14
9292.5 1.0931658705147811e-14
9295.0 1.100505293139512e-14
9297.5 1.0906809902011181e-14
9300.0 1.08085719432259e-14
9302.5 1.0758664091593608e-14
9305.0 1.0708759321568918e-14
9307.5 1.0817311252143074e-14
9310.0 1.0925858891905774e-14
9312.5 1.089079038573007e-14
9315.0 1.085572346526208e-14
9317.5 1.0737964304342478e-14
9320.0 1.0620209214408781e-14
9322.5 1.0609962945817422e-14
9325.0 1.059971812783326e-14
9327.5 1.0593129369153841e-14
9330.0 1.0586541026270966e-14
9332.5 1.053712335018466e-14
9335.0 1.048770694414081e-14
9337.5 1.0402383984603666e-14
9340.0 1.0317064632072002e-14
9342.5 1.0315216007566992e-14
9345.0 1.0313366716322176e-14
9347.5 1.0482888345626108e-14
9350.0 1.0652404144963895e-14
9352.5 1.0713029728637689e-14
9355.0 1.0773653895338923e-14
9357.5 1.0733903716675456e-14
9360.0 1.0694156174910154e-14
9362.5 1.0643808827833427e-14
9365.0 1.0593464540904722e-14
9367.5 1.0499728921641606e-14
9370.0 1.0405997218725547e-14
9372.5 1.0187567873287789e-14
9375.0 9.969146560285997e-15
9377.5 9.930334722613832e-15
9380.0 9.891523694041812e-15
9382.5 9.907182771209732e-15
9385.0 9.922840472184695e-15
9387.5 9.948313473497933e-15
9390.0 9.973785591649807e-15
9392.5 1.008549755144668e-14
9395.0 1.0197206069774302e-14
9397.5 1.0174821068521457e-14
9400.0 1.015243621480971e-14
9402.5 1.0090288960196e-14
9405.0 1.0028145203515944e-14
9407.5 1.0024479080898881e-14
9410.0 1.0020814124724934e-14
9412.5 1.0076159796159118e-14
9415.0 1.0131504289604338e-14
9417.5 1.0188323426325791e-14
9420.0 1.0245139562483864e-14
9422.5 1.0531127965912425e-14
9425.0 1.081710429652344e-14
9427.5 1.0900763866662513e-14
9430.0 1.0984421158211768e-14
9432.5 1.0746526414941496e-14
9435.0 1.0508641215745717e-14
9437.5 1.049710922570508e-14
9440.0 1.0485576947906703e-14
9442.5 1.045797801991254e-14
9445.0 1.0430379435826944e-14
9447.5 1.020569687325884e-14
9450.0 9.981022403463268e-15
9452.5 9.79104276656597e-15
9455.0 9.601071608865523e-15
9457.5 9.582066037241226e-15
9460.0 9.563062223446235e-15
9462.5 9.552705981248194e-15
9465.0 9.542349388495552e-15
9467.5 9.491253256474932e-15
9470.0 9.440160133998012e-15
9472.5 9.446544587727602e-15
9475.0 9.45292891784129e-15
9477.5 9.523558285520677e-15
9480.0 9.594185024331313e-15
9482.5 9.48995428841031e-15
9485.0 9.385727739209251e-15
9487.5 9.405499680360909e-15
9490.0 9.425270976975501e-15
9492.5 9.530510969502351e-15
9495.0 9.635746999601767e-15
9497.5 9.699768673400552e-15
9500.0 9.76378887530313e-15
9502.5 9.958524531675364e-15
9505.0 1.0153253658791764e-14
9507.5 1.0388795556193765e-14
9510.0 1.0624328478045483e-14
9512.5 1.0627409273563836e-14
9515.0 1.0630490089835913e-14
9517.5 1.0604989469530285e-14
9520.0 1.057948908872182e-14
9522.5 1.0440284226736453e-14
9525.0 1.0301083980960118e-14
9527.5 1.0428721122059127e-14
9530.0 1.0556354372833325e-14
9532.5 1.0546138394653146e-14
9535.0 1.0535922946776721e-14
9537.5 1.0506883107244588e-14
9540.0 1.0477844518886147e-14
9542.5 1.0269923837643584e-14
9545.0 1.0062012138974867e-14
9547.5 9.895088399316163e-15
9550.0 9.728171174249696e-15
9552.5 9.76794688143418e-15
9555.0 9.807721195940634e-15
9557.5 9.762667299741145e-15
9560.0 9.717615248918613e-15
9562.5 9.578867372741396e-15
9565.0 9.440124906340714e-15
9567.5 9.37559362197412e-15
9570.0 9.311064913763546e-15
9572.5 9.332043915788793e-15
9575.0 9.353022241269305e-15
9577.5 9.481643392478085e-15
9580.0 9.610258903254744e-15
9582.5 9.71434269279608e-15
9585.0 9.818422664226259e-15
9587.5 9.765394576553388e-15
9590.0 9.712368620430852e-15
9592.5 9.684620504569389e-15
9595.0 9.656873561194299e-15
9597.5 9.733757140613458e-15
9600.0 9.810638827209182e-15
9602.5 9.82419857526732e-15
9605.0 9.83775793809629e-15
9607.5 9.786609478351751e-15
9610.0 9.73546218482423e-15
9612.5 9.741492376940386e-15
9615.0 9.747521583766425e-15
9617.5 9.760727699237565e-15
9620.0 9.773933443481148e-15
9622.5 9.682168925722602e-15
9625.0 9.59040796878835e-15
9627.5 9.544327862398169e-15
9630.0 9.49824960099369e-15
9632.5 9.418503548984378e-15
9635.0 9.338761478279957e-15
9637.5 9.107213787495305e-15
9640.0 8.875674850246254e-15
9642.5 8.791893358147934e-15
9645.0 8.708115098346502e-15
9647.5 8.778800552965891e-15
9650.0 8.849482605842876e-15
9652.5 8.717649261599488e-15
9655.0 8.585820042247075e-15
9657.5 8.509640116822795e-15
9660.0 8.433463124598835e-15
9662.5 8.506683027504431e-15
9665.0 8.579900324471682e-15
9667.5 8.618033222954397e-15
9670.0 8.656164818603053e-15
9672.5 8.75623624132984e-15
9675.0 8.856304076405638e-15
9677.5 8.957493509687383e-15
9680.0 9.058679321550748e-15
9682.5 9.015135795724087e-15
9685.0 8.971593986560362e-15
9687.5 8.87087503329001e-15
9690.0 8.770159896050787e-15
9692.5 8.78841702687362e-15
9695.0 8.80667359615503e-15
9697.5 8.86328516398444e-15
9700.0 8.919895647111699e-15
9702.5 8.882580650739251e-15
9705.0 8.845267131586212e-15
9707.5 8.676011361766892e-15
9710.0 8.506761009646441e-15
9712.5 8.337955438478129e-15
9715.0 8.16915525565352e-15
9717.5 8.091050856717069e-15
9720.0 8.012949407282683e-15
9722.5 7.931907869955965e-15
9725.0 7.850869383077935e-15
9727.5 7.759763945517588e-15
9730.0 7.668661036058876e-15
9732.5 7.631659670553484e-15
9735.0 7.594659743144864e-15
9737.5 7.603503538064718e-15
9740.0 7.612347987367892e-15
9742.5 7.54000678805989e-15
9745.0 7.467667420144842e-15
9747.5 7.565709098958666e-15
9750.0 7.663748204728509e-15
9752.5 7.8015396893491e-15
9755.0 7.939326290246767e-15
9757.5 7.992489909432319e-15
9760.0 8.04565258959344e-15
9762.5 8.278095125488958e-15
9765.0 8.51053026827324e-15
9767.5 8.691297970804192e-15
9770.0 8.872060156090943e-15
9772.5 9.10137432034472e-15
9775.0 9.330680354808835e-15
9777.5 9.303673667485743e-15
9780.0 9.27666718002618e-15
9782.5 9.16939568354514e-15
9785.0 9.062128141860292e-15
9787.5 9.011168636852914e-15
9790.0 8.960211064131113e-15
9792.5 8.830742722779708e-15
9795.0 8.701279996123656e-15
9797.5 8.447713566402204e-15
9800.0 8.194156287004655e-15
9802.5 8.011989376381126e-15
9805.0 7.829828172071272e-15
9807.5 7.70217541074916e-15
9810.0 7.574527284575072e-15
9812.5 7.386956530528437e-15
9815.0 7.19939253080223e-15
9817.5 7.117311018088795e-15
9820.0 7.035232944215954e-15
9822.5 7.089238880437574e-15
9825.0 7.14324298728648e-15
9827.5 7.321618585337128e-15
9830.0 7.499988398493429e-15
9832.5 7.671821338415392e-15
9835.0 7.84364829665853e-15
9837.5 7.859514814293025e-15
9840.0 7.875381746752112e-15
9842.5 7.814808328195914e-15
9845.0 7.75423713719433e-15
9847.5 7.87283164129017e-15
9850.0 7.991422945948237e-15
9852.5 8.134628992734893e-15
9855.0 8.27783098372837e-15
9857.5 8.274605331854219e-15
9860.0 8.271379890858172e-15
9862.5 8.346004490619195e-15
9865.0 8.42062569179186e-15
9867.5 8.472916863643087e-15
9870.0 8.525206304877386e-15
9872.5 8.385491156834202e-15
9875.0 8.24578187213876e-15
9877.5 8.126593472418235e-15
9880.0 8.007408447163008e-15
9882.5 7.855364239849584e-15
9885.0 7.70332542443556e-15
9887.5 7.693157439163949e-15
9890.0 7.682990778939275e-15
9892.5 7.914601668525134e-15
9895.0 8.146204599310983e-15
9897.5 8.128701824259074e-15
9900.0 8.111199751541395e-15
9902.5 7.979901193441978e-15
9905.0 7.848607279813423e-15
9907.5 7.796849137761885e-15
9910.0 7.745091997055115e-15
9912.5 7.687741407872096e-15
9915.0 7.630392009526294e-15
9917.5 7.572447373061161e-15
9920.0 7.514504824739348e-15
9922.5 7.44074506085564e-15
9925.0 7.36698792594078e-15
9927.5 7.369913467386434e-15
9930.0 7.372838993209444e-15
9932.5 7.46223305146712e-15
9935.0 7.551625003182375e-15
9937.5 7.466635557236004e-15
9940.0 7.381649996084559e-15
9942.5 7.228168542334138e-15
9945.0 7.074692874404995e-15
9947.5 7.217766984116684e-15
9950.0 7.360835837487116e-15
9952.5 7.313735678033302e-15
9955.0 7.266636772458034e-15
9957.5 7.27148314097643e-15
9960.0 7.276328986827883e-15
9962.5 7.408951231166911e-15
9965.0 7.541569037903476e-15
9967.5 7.682568274938138e-15
9970.0 7.823562798315398e-15
9972.5 7.931073708685999e-15
9975.0 8.038581934088735e-15
9977.5 8.062206369479899e-15
9980.0 8.085830974882001e-15
9982.5 8.056911636129e-15
9985.0 8.027993369525912e-15
9987.5 8.074675178852745e-15
9990.0 8.121355498794412e-15
9992.5 8.253314004809549e-15
9995.0 8.385268141532799e-15
9997.5 8.380303096695752e-15
10000.0 8.375338314211433e-15
10002.5 8.484197079336876e-15
10005.0 8.593051388315256e-15
10007.5 8.476915125296321e-15
10010.0 8.36078286919888e-15
10012.5 8.07590111607218e-15
10015.0 7.791029035394405e-15
10017.5 7.683665473442114e-15
10020.0 7.576305603844175e-15
10022.5 7.569807364578823e-15
10025.0 7.563309428125556e-15
10027.5 7.496033198970444e-15
10030.0 7.428759307176166e-15
10032.5 7.465654132803022e-15
10035.0 7.502547807723103e-15
10037.5 7.665566781125836e-15
10040.0 7.828580394543097e-15
10042.5 7.74707530715379e-15
10045.0 7.665573024942899e-15
10047.5 7.609386580832397e-15
10050.0 7.553202973274135e-15
10052.5 7.715764332773892e-15
10055.0 7.878319489822307e-15
10057.5 7.972762448488384e-15
10060.0 8.067201477855118e-15
10062.5 7.971619400037517e-15
10065.0 7.876040581528254e-15
10067.5 7.85224088371278e-15
10070.0 7.828442061193472e-15
10072.5 7.809502057477671e-15
10075.0 7.790561886539418e-15
10077.5 7.78832457962881e-15
10080.0 7.78608655243543e-15
10082.5 7.81694916426252e-15
10085.0 7.847810843761206e-15
10087.5 7.716085610035075e-15
10090.0 7.584363921491778e-15
10092.5 7.474712185562622e-15
10095.0 7.365064579702009e-15
10097.5 7.401593403661757e-15
10100.0 7.438120668363336e-15
10102.5 7.492690686713069e-15
10105.0 7.54725899623145e-15
10107.5 7.535439314939619e-15
10110.0 7.523619223398237e-15
10112.5 7.29715917121959e-15
10115.0 7.0707061698206375e-15
10117.5 6.917846408586122e-15
10120.0 6.76499171831432e-15
10122.5 6.791387973447984e-15
10125.0 6.817783000997029e-15
10127.5 6.675412326324869e-15
10130.0 6.533046364274629e-15
10132.5 6.535157332211912e-15
10135.0 6.5372683022241e-15
10137.5 6.658760755371331e-15
10140.0 6.780249331576988e-15
10142.5 6.8333995076445365e-15
10145.0 6.886548472094676e-15
10147.5 6.831085650372398e-15
10150.0 6.775624700131044e-15
10152.5 6.857594145872116e-15
10155.0 6.939560572196436e-15
10157.5 7.006971442845125e-15
10160.0 7.074380209608363e-15
10162.5 6.989077226448888e-15
10165.0 6.903776632354393e-15
10167.5 6.9767342140711535e-15
10170.0 7.0496890786998166e-15
10172.5 7.028435740407576e-15
10175.0 7.007182721817214e-15
10177.5 6.964609278167675e-15
10180.0 6.922037717422019e-15
10182.5 6.9612191151976815e-15
10185.0 7.000399329182393e-15
10187.5 7.07485166786354e-15
10190.0 7.149301694629799e-15
10192.5 7.145262981237621e-15
10195.0 7.141224473126005e-15
10197.5 7.211112433745207e-15
10200.0 7.280998675767659e-15
10202.5 7.282340731869103e-15
10205.0 7.283683261942432e-15
10207.5 7.270357496312317e-15
10210.0 7.2570322325718e-15
10212.5 7.12639710266807e-15
10215.0 6.99576664799054e-15
10217.5 6.967561173040067e-15
10220.0 6.939357108231543e-15
10222.5 7.036853784365752e-15
10225.0 7.134347438078089e-15
10227.5 7.23983024922254e-15
10230.0 7.345309790868115e-15
10232.5 7.270898997051752e-15
10235.0 7.196491076051219e-15
10237.5 6.834990288102171e-15
10240.0 6.4735014461008725e-15
10242.5 6.5278604526629785e-15
10245.0 6.582217810436283e-15
10247.5 6.6022169156736036e-15
10250.0 6.622215019497339e-15
10252.5 6.3520471541127035e-15
10255.0 6.081887866055173e-15
10257.5 6.110745513697537e-15
10260.0 6.139602317137416e-15
10262.5 6.100887203976108e-15
10265.0 6.0621729311222555e-15
10267.5 6.044100047993476e-15
10270.0 6.026027355201469e-15
10272.5 6.211855090861565e-15
10275.0 6.397677068501268e-15
10277.5 6.3989884588509e-15
10280.0 6.4002994349758194e-15
10282.5 6.6930180043113485e-15
10285.0 6.985727935499644e-15
10287.5 7.135717205229295e-15
10290.0 7.285702307558763e-15
10292.5 7.0863159308699056e-15
10295.0 6.886936280116426e-15
10297.5 6.910525275765156e-15
10300.0 6.934114047797342e-15
10302.5 6.7516669066598526e-15
10305.0 6.5692255051392194e-15
10307.5 6.426352368079155e-15
10310.0 6.28348373127133e-15
10312.5 6.52211746127191e-15
10315.0 6.760744300993e-15
10317.5 6.71926946626547e-15
10320.0 6.677795984019532e-15
10322.5 6.350880558808327e-15
10325.0 6.02397530377829e-15
10327.5 6.054254299676912e-15
10330.0 6.084532861907773e-15
10332.5 6.364263188709286e-15
10335.0 6.643985396138897e-15
10337.5 6.781275492484108e-15
10340.0 6.918561431122513e-15
10342.5 6.566380982637444e-15
10345.0 6.2142109891308625e-15
10347.5 5.847121857577377e-15
10350.0 5.480044056005228e-15
10352.5 5.573354446888522e-15
10355.0 5.6666624723465725e-15
10357.5 5.651739697205436e-15
10360.0 5.636817436085551e-15
10362.5 5.925578547425145e-15
10365.0 6.2143308885227996e-15
10367.5 6.3200922227280665e-15
10370.0 6.425850830065075e-15
10372.5 6.057005782211929e-15
10375.0 5.688172043730019e-15
10377.5 5.837048154986443e-15
10380.0 5.985919351581993e-15
10382.5 6.3292722467848924e-15
10385.0 6.672614762571654e-15
10387.5 6.486069635884478e-15
10390.0 6.299530679248561e-15
10392.5 6.3734068795603096e-15
10395.0 6.447280463571992e-15
10397.5 6.549489579971827e-15
10400.0 6.651695665631964e-15
10402.5 6.118536693069239e-15
10405.0 5.5853939099322344e-15
10407.5 5.5497836992079215e-15
10410.0 5.51417461946307e-15
10412.5 5.5573502243361824e-15
10415.0 5.60052458180904e-15
10417.5 5.332512341351107e-15
10420.0 5.064508228652409e-15
10422.5 5.454957140451283e-15
10425.0 5.845394797364852e-15
10427.5 6.101680951677777e-15
10430.0 6.357959026418673e-15
10432.5 6.00936605698341e-15
10435.0 5.660784046249995e-15
10437.5 5.2922625699945774e-15
10440.0 4.923752628406585e-15
10442.5 4.556668253063381e-15
10445.0 4.189595347205878e-15
10447.5 4.305029493320517e-15
10450.0 4.420460670779279e-15
10452.5 4.898668668077143e-15
10455.0 5.376862440622209e-15
10457.5 5.211639399652683e-15
10460.0 5.046421334410884e-15
10462.5 5.084352685940527e-15
10465.0 5.122283397054242e-15
10467.5 5.658260316750439e-15
10470.0 6.194221797986911e-15
10472.5 5.914759885628569e-15
10475.0 5.635306327152336e-15
10477.5 5.740170197246733e-15
10480.0 5.845030575438962e-15
10482.5 6.157237058166362e-15
10485.0 6.469433918385644e-15
10487.5 6.203221717185146e-15
10490.0 5.9370174472958196e-15
10492.5 5.788733299306962e-15
10495.0 5.640453146979107e-15
10497.5 5.9122216420599345e-15
10500.0 6.183982619309158e-15
10502.5 6.779032419301475e-15
10505.0 7.374064322686472e-15
10507.5 7.329737202926207e-15
10510.0 7.285411457454432e-15
10512.5 6.8517648079757536e-15
10515.0 6.418131399256997e-15
10517.5 6.170063480103828e-15
10520.0 5.9220028961277475e-15
10522.5 6.1318997057703615e-15
10525.0 6.341790426211303e-15
10527.5 6.9475725518846926e-15
10530.0 7.553337462803158e-15
10532.5 7.330481351815119e-15
10535.0 7.107632259915303e-15
10537.5 6.33105485867156e-15
10540.0 5.554500612054613e-15
10542.5 5.5773714703239945e-15
10545.0 5.600241715469324e-15
10547.5 5.9469705326888186e-15
10550.0 6.293689318347369e-15
10552.5 6.27287478253081e-15
10555.0 6.252060472448401e-15
10557.5 6.249659923416891e-15
10560.0 6.247259503385246e-15
10562.5 6.4281359660933355e-15
10565.0 6.6090076868500974e-15
10567.5 6.316558147487695e-15
10570.0 6.024117570108946e-15
10572.5 5.57538583804961e-15
10575.0 5.1266666889993204e-15
10577.5 5.125277139788282e-15
10580.0 5.1238876790503686e-15
10582.5 5.395324185398885e-15
10585.0 5.666752479990985e-15
10587.5 5.882716960871853e-15
10590.0 6.098675280395663e-15
10592.5 5.753415868048777e-15
10595.0 5.408166435032184e-15
10597.5 5.496646068090299e-15
10600.0 5.5851227739412286e-15
10602.5 5.572279096314595e-15
10605.0 5.5594354005171286e-15
10607.5 5.678234733630356e-15
10610.0 5.7970307183267615e-15
10612.5 5.873573181467555e-15
10615.0 5.950113510772381e-15
10617.5 5.716027318814103e-15
10620.0 5.48194830327368e-15
10622.5 5.808183387494181e-15
10625.0 6.134408783659393e-15
10627.5 5.8152764659851105e-15
10630.0 5.496152852711097e-15
10632.5 5.567876336518801e-15
10635.0 5.639597832027053e-15
10637.5 6.624544653989479e-15
10640.0 7.609463560750968e-15
10642.5 7.586313506354024e-15
10645.0 7.563164178814187e-15
10647.5 7.098271812221626e-15
10650.0 6.633393119386926e-15
10652.5 6.468410396988895e-15
10655.0 6.303432401738392e-15
10657.5 6.613084234930635e-15
10660.0 6.9227269419189256e-15
10662.5 7.52246520189622e-15
10665.0 8.122185732200187e-15
10667.5 8.17452639080725e-15
10670.0 8.226864772740947e-15
10672.5 6.996017605270944e-15
10675.0 5.765204700208858e-15
10677.5 5.5355290919523325e-15
10680.0 5.3058599889536894e-15
10682.5 6.298025444772375e-15
10685.0 7.290163112273398e-15
10687.5 7.770961588783802e-15
10690.0 8.251746221782184e-15
10692.5 7.992462227672572e-15
10695.0 7.73318644077035e-15
10697.5 7.308438731319354e-15
10700.0 6.883703400093191e-15
10702.5 7.069729849577163e-15
10705.0 7.255751169990376e-15
10707.5 8.062110254456934e-15
10710.0 8.868446492578322e-15
10712.5 8.588210555955952e-15
10715.0 8.30798162299909e-15
10717.5 7.709385202880079e-15
10720.0 7.110805058605289e-15
10722.5 7.581629418946562e-15
10725.0 8.052440335150893e-15
10727.5 8.45411951658335e-15
10730.0 8.855787634816714e-15
10732.5 8.192845191579757e-15
10735.0 7.529921182435242e-15
10737.5 6.8889795651310955e-15
10740.0 6.248055737229832e-15
10742.5 6.636936586013411e-15
10745.0 7.025806752724234e-15
10747.5 7.35850466350512e-15
10750.0 7.69119346264563e-15
10752.5 7.648911693970201e-15
10755.0 7.60663115851072e-15
10757.5 7.526880141421083e-15
10760.0 7.44713138567023e-15
10762.5 7.439253580796068e-15
10765.0 7.431376058700986e-15
10767.5 8.674408621361513e-15
10770.0 9.917406276888242e-15
10772.5 9.114866838763296e-15
10775.0 8.31234859730723e-15
10777.5 7.920357275296475e-15
10780.0 7.52837762742203e-15
10782.5 7.737282215070142e-15
10785.0 7.946181161818432e-15
10787.5 6.6712107410214136e-15
10790.0 5.39627517872495e-15
10792.5 6.810412954022706e-15
10795.0 8.22451224260327e-15
10797.5 7.799731149271913e-15
10800.0 7.374962564434126e-15
10802.5 7.467709327692775e-15
10805.0 7.56045363529724e-15
10807.5 8.117479438589823e-15
10810.0 8.674491066070346e-15
10812.5 7.644603813165234e-15
10815.0 6.6147441140281296e-15
10817.5 7.756625177864896e-15
10820.0 8.89847582733445e-15
10822.5 8.14497452266908e-15
10825.0 7.391494542150832e-15
10827.5 9.33402977721725e-15
10830.0 1.1276512631793305e-14
10832.5 1.218352914909727e-14
10835.0 1.3090521309274974e-14
10837.5 1.1957578322360306e-14
10840.0 1.0824665956306281e-14
10842.5 1.0457829991919e-14
10845.0 1.00910048624935e-14
10847.5 1.017915342822133e-14
10850.0 1.0267299714300578e-14
10852.5 8.346459083947105e-15
10855.0 6.425670060689635e-15
10857.5 7.95960015631272e-15
10860.0 9.493490096926425e-15
10862.5 8.353255759695321e-15
10865.0 7.213052881598801e-15
10867.5 6.131900862703899e-15
10870.0 5.05077735068781e-15
10872.5 5.25489045912049e-15
10875.0 5.458997727552885e-15
10877.5 6.1120458478050935e-15
10880.0 6.765076177167613e-15
10882.5 6.187649438882393e-15
10885.0 5.610238561477263e-15
10887.5 6.124515661054707e-15
10890.0 6.638779580247569e-15
10892.5 7.077173826439976e-15
10895.0 7.515556932835522e-15
10897.5 8.989737065920412e-15
10900.0 1.0463879067203577e-14
10902.5 1.1265370279732086e-14
10905.0 1.2066841242524756e-14
10907.5 1.0291060644385788e-14
10910.0 8.515327090891298e-15
10912.5 7.245307235124305e-15
10915.0 5.975321417779639e-15
10917.5 8.466984589387728e-15
10920.0 1.0958582557195422e-14
10922.5 1.1084767419618311e-14
10925.0 1.121094817698279e-14
10927.5 1.028811959008965e-14
10930.0 9.365315364587848e-15
10932.5 9.571069690818278e-15
10935.0 9.776819568605037e-15
10937.5 1.0816328723050031e-14
10940.0 1.1855811572996071e-14
10942.5 1.1610364105139476e-14
10945.0 1.1364924041671205e-14
10947.5 1.007586518514347e-14
10950.0 8.78684014315146e-15
10952.5 7.413030085245283e-15
10955.0 6.039255989732312e-15
10957.5 7.0669387734550765e-15
10960.0 8.094594796701386e-15
10962.5 9.87171621736533e-15
10965.0 1.1648791403477017e-14
10967.5 1.257422853694849e-14
10970.0 1.3499641687605008e-14
10972.5 9.783802872571264e-15
10975.0 6.068061169469949e-15
10977.5 6.435697542676897e-15
10980.0 6.803324425540306e-15
10982.5 9.85677395170014e-15
10985.0 1.2910144832099433e-14
10987.5 1.3601293168205083e-14
10990.0 1.4292424597248605e-14
10992.5 1.561551912192982e-14
10995.0 1.6938579562949376e-14
10997.5 1.325564748563746e-14
