3750.0 2.1303872764256253e-14
3751.5 2.2488921267398265e-14
3753.0 2.3673855942561146e-14
3754.5 2.1974462407546178e-14
3756.0 2.0275228334274038e-14
3757.5 1.883334518986283e-14
3759.0 1.7391598880718717e-14
3760.5 1.8250304223469972e-14
3762.0 1.9108930773660354e-14
3763.5 2.0758718023923736e-14
3765.0 2.24083499419935e-14
3766.5 2.2794626839875647e-14
3768.0 2.3180869760853686e-14
3769.5 2.2851228462371235e-14
3771.0 2.2521618709694227e-14
3772.5 2.2248222701363023e-14
3774.0 2.197485092167608e-14
3775.5 2.1422085612599638e-14
3777.0 2.0869372734823523e-14
3778.5 2.0826614211553867e-14
3780.0 2.0783860133154145e-14
3781.5 2.111777643810012e-14
3783.0 2.1451661828175985e-14
3784.5 1.9993125494384712e-14
3786.0 1.8534728316591703e-14
3787.5 1.8285708729122633e-14
3789.0 1.8036712837138975e-14
3790.5 2.088794077330501e-14
3792.0 2.3738902243440816e-14
3793.5 2.2941121373572987e-14
3795.0 2.214341358360416e-14
3796.5 2.2474900382171345e-14
3798.0 2.280635862005093e-14
3799.5 2.205180108289297e-14
3801.0 2.1297316373923422e-14
3802.5 2.119868165977471e-14
3804.0 2.1100054575148637e-14
3805.5 1.975293647064366e-14
3807.0 1.840594425190743e-14
3808.5 1.991898492427208e-14
3810.0 2.1431885123762505e-14
3811.5 2.236308786895846e-14
3813.0 2.329420442239776e-14
3814.5 2.4430691371588075e-14
3816.0 2.5567071192519717e-14
3817.5 2.495330238521992e-14
3819.0 2.4339589042500378e-14
3820.5 2.4317801350592325e-14
3822.0 2.4296018089276694e-14
3823.5 2.2600156236186135e-14
3825.0 2.0904451957372403e-14
3826.5 2.0610310116351302e-14
3828.0 2.0316195877087708e-14
3829.5 2.2596960375469797e-14
3831.0 2.487751228112189e-14
3832.5 2.4911439911661343e-14
3834.0 2.4945362867288383e-14
3835.5 2.3974137261517495e-14
3837.0 2.300300374532159e-14
3838.5 2.2807631204827034e-14
3840.0 2.261227708315736e-14
3841.5 2.2802037747175804e-14
3843.0 2.2991781297709542e-14
3844.5 2.3264835450890983e-14
3846.0 2.3537862864692397e-14
3847.5 2.202545878878747e-14
3849.0 2.051319431048674e-14
3850.5 1.9400129550891058e-14
3852.0 1.828716749618188e-14
3853.5 1.8910205170076e-14
3855.0 1.953318785558092e-14
3856.5 1.9616342039422685e-14
3858.0 1.9699490871361908e-14
3859.5 1.9788559826082967e-14
3861.0 1.9877620922573468e-14
3862.5 1.9620761949822604e-14
3864.0 1.9363928808529418e-14
3865.5 1.9498674291427418e-14
3867.0 1.963340576451126e-14
3868.5 1.9445290569099502e-14
3870.0 1.9257190928831704e-14
3871.5 1.8616447808326764e-14
3873.0 1.7975761622298695e-14
3874.5 1.8277152071170145e-14
3876.0 1.8578515246526802e-14
3877.5 1.8805787038913397e-14
3879.0 1.9033036386146136e-14
3880.5 1.874720484899636e-14
3882.0 1.8461397713232187e-14
3883.5 1.9023171772426624e-14
3885.0 1.9584894873642942e-14
3886.5 1.9568438239723324e-14
3888.0 1.955198339191459e-14
3889.5 1.8918199632056652e-14
3891.0 1.8284473868419876e-14
3892.5 1.9092990645743045e-14
3894.0 1.9901434114314758e-14
3895.5 2.0045035471991422e-14
3897.0 2.0188624054843673e-14
3898.5 2.046972839251995e-14
3900.0 2.0750807471763484e-14
3901.5 2.068154265922873e-14
3903.0 2.061228442529614e-14
3904.5 2.1245346855156608e-14
3906.0 2.1878352127144237e-14
3907.5 2.2704970745374158e-14
3909.0 2.3531514709642512e-14
3910.5 2.3973987347325614e-14
3912.0 2.4416418244317738e-14
3913.5 2.506277423302536e-14
3915.0 2.5709072021768546e-14
3916.5 2.502412731480808e-14
3918.0 2.4339242963175532e-14
3919.5 2.425396055049216e-14
3921.0 2.4168686169882417e-14
3922.5 2.4834139693855344e-14
3924.0 2.5499533397621632e-14
3925.5 2.5466187880925014e-14
3927.0 2.5432845704582462e-14
3928.5 2.578381994259857e-14
3930.0 2.6134760865898375e-14
3931.5 2.6703674359348142e-14
3933.0 2.7272538838686077e-14
3934.5 2.7112474789317312e-14
3936.0 2.6952425508373068e-14
3937.5 2.6793607074127955e-14
3939.0 2.663480524406962e-14
3940.5 2.6087786985763692e-14
3942.0 2.5540818294778727e-14
3943.5 2.5500130797142042e-14
3945.0 2.5459447270510112e-14
3946.5 2.6008197031057723e-14
3948.0 2.655689776473594e-14
3949.5 2.666740084285589e-14
3951.0 2.6777894309631712e-14
3952.5 2.7538327412687408e-14
3954.0 2.829869255244443e-14
3955.5 2.76093976360571e-14
3957.0 2.692016686856339e-14
3958.5 2.6992436359435656e-14
3960.0 2.706470164430496e-14
3961.5 2.7703063967112722e-14
3963.0 2.8341371349017114e-14
3964.5 2.8160146358603472e-14
3966.0 2.797893792312977e-14
3967.5 2.7665543056532162e-14
3969.0 2.7352176559900194e-14
3970.5 2.773252151507634e-14
3972.0 2.811283274635187e-14
3973.5 2.826924164334056e-14
3975.0 2.8425634902626596e-14
3976.5 2.7745923030528466e-14
3978.0 2.706627024817318e-14
3979.5 2.6653770216762605e-14
3981.0 2.624130731935126e-14
3982.5 2.611992260538236e-14
3984.0 2.5998547045455326e-14
3985.5 2.5901328243341447e-14
3987.0 2.5804118389800427e-14
3988.5 2.582832543971857e-14
3990.0 2.585253256365966e-14
3991.5 2.5966063512706158e-14
3993.0 2.607958265215757e-14
3994.5 2.560716936066384e-14
3996.0 2.5134798411600805e-14
3997.5 2.480213830238889e-14
3999.0 2.4469506099383457e-14
4000.5 2.4439248787202307e-14
4002.0 2.440899245280516e-14
4003.5 2.46499226619346e-14
4005.0 2.4890831691974104e-14
4006.5 2.492079833200797e-14
4008.0 2.4950764515436028e-14
4009.5 2.4138510244534958e-14
4011.0 2.33263283641288e-14
4012.5 2.2943099952824075e-14
4014.0 2.2559907748971675e-14
4015.5 2.2849082716861154e-14
4017.0 2.3138232242846932e-14
4018.5 2.3035514413864314e-14
4020.0 2.2932805913942356e-14
4021.5 2.3183913521708794e-14
4023.0 2.3434999087426015e-14
4024.5 2.4130465788515392e-14
4026.0 2.4825869135048884e-14
4027.5 2.47775240300897e-14
4029.0 2.472918147542165e-14
4030.5 2.4222585336549193e-14
4032.0 2.3716032299586612e-14
4033.5 2.3382926996811614e-14
4035.0 2.3049851374416473e-14
4036.5 2.357332321333916e-14
4038.0 2.409674897510477e-14
4039.5 2.4169274438917308e-14
4041.0 2.4241795665203934e-14
4042.5 2.3567190201910825e-14
4044.0 2.2892646496851928e-14
4045.5 2.3449974145641547e-14
4047.0 2.4007252788103623e-14
4048.5 2.4070228142782197e-14
4050.0 2.4133198146197615e-14
4051.5 2.3881504889695948e-14
4053.0 2.3629832080357336e-14
4054.5 2.3866107346651098e-14
4056.0 2.4102363938928102e-14
4057.5 2.4521525320691502e-14
4059.0 2.494064996639099e-14
4060.5 2.506133753072771e-14
4062.0 2.5182014670381324e-14
4063.5 2.5190553300264842e-14
4065.0 2.5199091383703717e-14
4066.5 2.5207454738232738e-14
4068.0 2.5215819517136114e-14
4069.5 2.5146382271833065e-14
4071.0 2.5076951335555793e-14
4072.5 2.517189204056087e-14
4074.0 2.5266824596627793e-14
4075.5 2.538652324061012e-14
4077.0 2.5506211563076567e-14
4078.5 2.5357268667380458e-14
4080.0 2.520833905260711e-14
4081.5 2.5751009475075336e-14
4083.0 2.6293630486264165e-14
4084.5 2.6467753605613484e-14
4086.0 2.6641861642429568e-14
4087.5 2.623117153867599e-14
4089.0 2.582051766372537e-14
4090.5 2.590977882740944e-14
4092.0 2.599903235560962e-14
4093.5 2.632036112068413e-14
4095.0 2.664166191154307e-14
4096.5 2.650360035821113e-14
4098.0 2.6365551095134055e-14
4099.5 2.6097960040227793e-14
4101.0 2.583039456577493e-14
4102.5 2.5928569818515422e-14
4104.0 2.6026736660765174e-14
4105.5 2.6044866780303948e-14
4107.0 2.606299745166271e-14
4108.5 2.582993470288289e-14
4110.0 2.5596892522370108e-14
4111.5 2.5550371604415338e-14
4113.0 2.5503856881201197e-14
4114.5 2.564643008002135e-14
4116.0 2.5788989025276705e-14
4117.5 2.579674397366207e-14
4119.0 2.5804498398333098e-14
4120.5 2.5627355877175266e-14
4122.0 2.5450228971812095e-14
4123.5 2.5347623499011635e-14
4125.0 2.5245027117224408e-14
4126.5 2.5157836697106198e-14
4128.0 2.5070652055497583e-14
4129.5 2.5226213156752408e-14
4131.0 2.538175884192333e-14
4132.5 2.5318156774389568e-14
4134.0 2.525456035856489e-14
4135.5 2.5268562747360605e-14
4137.0 2.5282564008550614e-14
4138.5 2.507873556067726e-14
4140.0 2.4874923016278763e-14
4141.5 2.485522249082974e-14
4143.0 2.4835521804028252e-14
4144.5 2.467641356570131e-14
4146.0 2.4517317306511027e-14
4147.5 2.4217281657342135e-14
4149.0 2.3917270254982283e-14
4150.5 2.3964054024045025e-14
4152.0 2.401083376300944e-14
4153.5 2.385295511634221e-14
4155.0 2.3695090259270865e-14
4156.5 2.3535337968251204e-14
4158.0 2.3375597667405313e-14
4159.5 2.320913369536061e-14
4161.0 2.3042682287885733e-14
4162.5 2.2808393135087474e-14
4164.0 2.2574122442856227e-14
4165.5 2.2675257571140435e-14
4167.0 2.2776385850078246e-14
4168.5 2.2912347529843924e-14
4170.0 2.3048297370223357e-14
4171.5 2.2854205632072262e-14
4173.0 2.266013077859642e-14
4174.5 2.2286359220628736e-14
4176.0 2.1912622130185895e-14
4177.5 2.1884146875554988e-14
4179.0 2.185567407478285e-14
4180.5 2.2054783228829125e-14
4182.0 2.2253876971476972e-14
4183.5 2.1929902107655557e-14
4185.0 2.1605953452354163e-14
4186.5 2.1856155231612224e-14
4188.0 2.2106335188602503e-14
4189.5 2.2045054592582153e-14
4191.0 2.198377732742419e-14
4192.5 2.20530356039518e-14
4194.0 2.212228584260754e-14
4195.5 2.195196294509732e-14
4197.0 2.1781654807028743e-14
4198.5 2.1715799041166082e-14
4200.0 2.1649948935870118e-14
4201.5 2.1521218120955848e-14
4203.0 2.1392496485468197e-14
4204.5 2.1168054354523544e-14
4206.0 2.09436336303666e-14
4207.5 2.0922529347636558e-14
4209.0 2.090142681416114e-14
4210.5 2.0802788575474415e-14
4212.0 2.07041568836218e-14
4213.5 2.0426656711556017e-14
4215.0 2.0149182558285963e-14
4216.5 2.0078830626320483e-14
4218.0 2.0008484720031134e-14
4219.5 1.9824568559329584e-14
4221.0 1.9640670262752444e-14
4222.5 1.94581087817191e-14
4224.0 1.927556309757431e-14
4225.5 1.9235510637098345e-14
4227.0 1.91954615527154e-14
4228.5 1.9034625038785908e-14
4230.0 1.8873804373540857e-14
4231.5 1.9185766551379704e-14
4233.0 1.9497701406479867e-14
4234.5 1.9116723917774192e-14
4236.0 1.8735781469155876e-14
4237.5 1.8474825106631516e-14
4239.0 1.8213891375162183e-14
4240.5 1.7993612785395225e-14
4242.0 1.7773353281879292e-14
4243.5 1.7988824296424647e-14
4245.0 1.8204278318271022e-14
4246.5 1.832696821320046e-14
4248.0 1.8449647254848476e-14
4249.5 1.8638908289977002e-14
4251.0 1.8828152648983143e-14
4252.5 1.9140556999077072e-14
4254.0 1.945293195761905e-14
4255.5 1.9645391228968837e-14
4257.0 1.983783157045403e-14
4258.5 2.0040881141941902e-14
4260.0 2.0243914736680902e-14
4261.5 2.0356121148346946e-14
4263.0 2.046831951099541e-14
4264.5 2.0611577319323545e-14
4266.0 2.0754822406490176e-14
4267.5 2.1201956902688127e-14
4269.0 2.1649050133749267e-14
4270.5 2.2019734859405692e-14
4272.0 2.2390386928523743e-14
4273.5 2.2912986247611813e-14
4275.0 2.3435539584616105e-14
4276.5 2.3291158120902524e-14
4278.0 2.3146787115610114e-14
4279.5 2.358102971446419e-14
4281.0 2.4015232074133445e-14
4282.5 2.381683376213815e-14
4284.0 2.36184525813617e-14
4285.5 2.3756946648066972e-14
4287.0 2.389543025320893e-14
4288.5 2.4478338134902412e-14
4290.0 2.506119460788106e-14
4291.5 2.52665701795916e-14
4293.0 2.5471927437147966e-14
4294.5 2.561627062810298e-14
4296.0 2.5760600845535602e-14
4297.5 2.583681273259303e-14
4299.0 2.5913017616406587e-14
4300.5 2.578290943743606e-14
4302.0 2.565281237776617e-14
4303.5 2.5826651023841323e-14
4305.0 2.6000474065980278e-14
4306.5 2.6272597562727617e-14
4308.0 2.6544698735139307e-14
4309.5 2.654072083503259e-14
4311.0 2.6536741001059358e-14
4312.5 2.66025018411584e-14
4314.0 2.6668256543977405e-14
4315.5 2.6587084829844865e-14
4317.0 2.6505919913718873e-14
4318.5 2.629327821047301e-14
4320.0 2.6080656837561798e-14
4321.5 2.6097567457418478e-14
4323.0 2.611447622903339e-14
4324.5 2.6164521160949684e-14
4326.0 2.621455937167997e-14
4327.5 2.6054151978190694e-14
4329.0 2.589375837847473e-14
4330.5 2.6062225955178332e-14
4332.0 2.6230680220916754e-14
4333.5 2.6193640299553073e-14
4335.0 2.6156605214106485e-14
4336.5 2.614175172315204e-14
4338.0 2.6126899161814252e-14
4339.5 2.626597025857876e-14
4341.0 2.640502671792008e-14
4342.5 2.6281407499291425e-14
4344.0 2.615779882889353e-14
4345.5 2.5916746139571456e-14
4347.0 2.5675712467316372e-14
4348.5 2.543206573354953e-14
4350.0 2.5188440203434515e-14
4351.5 2.481875157418536e-14
4353.0 2.4449095345749175e-14
4354.5 2.4402415278938492e-14
4356.0 2.435573896873208e-14
4357.5 2.4602258109089206e-14
4359.0 2.4848753023145034e-14
4360.5 2.482216423072894e-14
4362.0 2.479557739912007e-14
4363.5 2.4662364740060716e-14
4365.0 2.4529165462389226e-14
4366.5 2.4242577409879144e-14
4368.0 2.3956014455642857e-14
4369.5 2.402772000935441e-14
4371.0 2.4099416837149878e-14
4372.5 2.371213839564944e-14
4374.0 2.3324894057591726e-14
4375.5 2.3188472568556955e-14
4377.0 2.3052060906734438e-14
4378.5 2.302865278491818e-14
4380.0 2.3005246354368453e-14
4381.5 2.2841616571407045e-14
4383.0 2.267800293801646e-14
4384.5 2.2615640324950896e-14
4386.0 2.2553282885670245e-14
4387.5 2.261739600532306e-14
4389.0 2.268150299188438e-14
4390.5 2.2473642668259075e-14
4392.0 2.2265800538166294e-14
4393.5 2.2022217585662294e-14
4395.0 2.1778656042668908e-14
4396.5 2.168128505978778e-14
4398.0 2.1583920467129295e-14
4399.5 2.1568196146745862e-14
4401.0 2.1552470901499003e-14
4402.5 2.1637415547002215e-14
4404.0 2.1722352169676424e-14
4405.5 2.1781144007564045e-14
4407.0 2.1839930159189015e-14
4408.5 2.1747277144046894e-14
4410.0 2.1654632044367153e-14
4411.5 2.1858716185434547e-14
4413.0 2.2062781558834973e-14
4414.5 2.2139149422914862e-14
4416.0 2.2215511927462232e-14
4417.5 2.2228175887397566e-14
4419.0 2.2240838277643558e-14
4420.5 2.1984927562346506e-14
4422.0 2.1729037548044263e-14
4423.5 2.1577492273936757e-14
4425.0 2.1425960246464997e-14
4426.5 2.148077975316826e-14
4428.0 2.1535591950655328e-14
4429.5 2.1439004620699282e-14
4431.0 2.1342425590370687e-14
4432.5 2.1377005832066778e-14
4434.0 2.1411582519105094e-14
4435.5 2.1372501222771908e-14
4437.0 2.1333421095829468e-14
4438.5 2.136136732908728e-14
4440.0 2.138930866207155e-14
4441.5 2.1564246590399636e-14
4443.0 2.1739168222887104e-14
4444.5 2.1763831793508673e-14
4446.0 2.178849461462481e-14
4447.5 2.164875806823269e-14
4449.0 2.150903569416469e-14
4450.5 2.135904408356099e-14
4452.0 2.120906372034485e-14
4453.5 2.11597270743859e-14
4455.0 2.1110394470937524e-14
4456.5 2.1207027463115585e-14
4458.0 2.130365121360384e-14
4459.5 2.128383792706647e-14
4461.0 2.126402599341741e-14
4462.5 2.1385811403239124e-14
4464.0 2.1507585254486936e-14
4465.5 2.1361539522648273e-14
4467.0 2.1215506656861313e-14
4468.5 2.1276245583105366e-14
4470.0 2.1336980437430088e-14
4471.5 2.1382866436917293e-14
4473.0 2.1428749712109448e-14
4474.5 2.1381311628720494e-14
4476.0 2.133387741760732e-14
4477.5 2.1313097438108943e-14
4479.0 2.129232082649555e-14
4480.5 2.118817399684188e-14
4482.0 2.1084036242497495e-14
4483.5 2.086984202102112e-14
4485.0 2.0655668913505975e-14
4486.5 2.0778982417026876e-14
4488.0 2.0902284137850667e-14
4489.5 2.0965160656194133e-14
4491.0 2.1028030927833992e-14
4492.5 2.0895810186843004e-14
4494.0 2.0763599200669535e-14
4495.5 2.0764868201721158e-14
4497.0 2.0766136615783375e-14
4498.5 2.0810748416609396e-14
4500.0 2.0855357566592273e-14
4501.5 2.0882053062932185e-14
4503.0 2.0908747552586027e-14
4504.5 2.0877847123581827e-14
4506.0 2.0846949066682716e-14
4507.5 2.104320484162674e-14
4509.0 2.12394439350083e-14
4510.5 2.1243022857820956e-14
4512.0 2.1246600957396422e-14
4513.5 2.1262948866302214e-14
4515.0 2.127929283608319e-14
4516.5 2.1358166869982554e-14
4518.0 2.1437031167935546e-14
4519.5 2.1482829581839784e-14
4521.0 2.152862517647212e-14
4522.5 2.1580513786422107e-14
4524.0 2.1632395141839784e-14
4525.5 2.1304470234464283e-14
4527.0 2.09765752794549e-14
4528.5 2.092220951343142e-14
4530.0 2.0867850234455443e-14
4531.5 2.091228736259338e-14
4533.0 2.0956721786900368e-14
4534.5 2.0807512252389677e-14
4536.0 2.0658318046289434e-14
4537.5 2.0720414147036693e-14
4539.0 2.078250203047448e-14
4540.5 2.085164868643447e-14
4542.0 2.0920788386568915e-14
4543.5 2.0923001279628342e-14
4545.0 2.092521152925435e-14
4546.5 2.0942571165987162e-14
4548.0 2.0959928670236392e-14
4549.5 2.0839425606445645e-14
4551.0 2.0718935239360428e-14
4552.5 2.071312500641302e-14
4554.0 2.0707314810088217e-14
4555.5 2.061707600415071e-14
4557.0 2.0526845151636357e-14
4558.5 2.0688976001795362e-14
4560.0 2.0851091126085008e-14
4561.5 2.0771049012664395e-14
4563.0 2.069101390376385e-14
4564.5 2.044120609867377e-14
4566.0 2.019142127426435e-14
4567.5 2.0249886584806975e-14
4569.0 2.0308343959930232e-14
4570.5 2.047047789503544e-14
4572.0 2.063259411601988e-14
4573.5 2.0618250094972653e-14
4575.0 2.0603906909342384e-14
4576.5 2.0408699319643147e-14
4578.0 2.0213507714657338e-14
4579.5 2.0205101434559486e-14
4581.0 2.0196693511344325e-14
4582.5 2.038658196340743e-14
4584.0 2.0576451940646242e-14
4585.5 2.0562795954709543e-14
4587.0 2.0549138812409503e-14
4588.5 2.0329034496005288e-14
4590.0 2.0108952445849863e-14
4591.5 2.0102937427453545e-14
4593.0 2.0096922466188288e-14
4594.5 2.0191781789139075e-14
4596.0 2.0286629661934794e-14
4597.5 2.0217778709643064e-14
4599.0 2.014893570799054e-14
4600.5 2.019595877060235e-14
4602.0 2.0242978765733732e-14
4603.5 2.0053288141344776e-14
4605.0 1.9863615063010135e-14
4606.5 1.966168052469266e-14
4608.0 1.9459766651945128e-14
4609.5 1.977830702920816e-14
4611.0 2.0096814573435134e-14
4612.5 1.9820290304324285e-14
4614.0 1.954379193076195e-14
4615.5 1.9466655820602473e-14
4617.0 1.938952850253157e-14
4618.5 1.9292635531609875e-14
4620.0 1.919574940404272e-14
4621.5 1.9254313365740298e-14
4623.0 1.931287121241663e-14
4624.5 1.930796897386392e-14
4626.0 1.9303066698068894e-14
4627.5 1.9212620987308874e-14
4629.0 1.9122181527945196e-14
4630.5 1.905100716390199e-14
4632.0 1.8979837211552744e-14
4633.5 1.8925654305801016e-14
4635.0 1.8871476110772532e-14
4636.5 1.8871021913004374e-14
4638.0 1.8870567258603522e-14
4639.5 1.875950583018308e-14
4641.0 1.86484526832129e-14
4642.5 1.8495908005831795e-14
4644.0 1.8343377552347704e-14
4645.5 1.835168790288564e-14
4647.0 1.8359998884513572e-14
4648.5 1.8283388270109272e-14
4650.0 1.8206784572593543e-14
4651.5 1.8147897125807364e-14
4653.0 1.8089014891052663e-14
4654.5 1.7940126887813007e-14
4656.0 1.7791254747501676e-14
4657.5 1.7839705138170454e-14
4659.0 1.7888152273754302e-14
4660.5 1.797375782020283e-14
4662.0 1.805935649582668e-14
4663.5 1.7707565427700116e-14
4665.0 1.7355808060832496e-14
4666.5 1.7279625118950583e-14
4668.0 1.7203449118980655e-14
4669.5 1.720198918150567e-14
4671.0 1.7200526998452875e-14
4672.5 1.706458312049303e-14
4674.0 1.6928652035902966e-14
4675.5 1.6694844153105982e-14
4677.0 1.646105864216196e-14
4678.5 1.6388519105438677e-14
4680.0 1.6315986232453514e-14
4681.5 1.63824379330639e-14
4683.0 1.6448884649646665e-14
4684.5 1.6548887973223534e-14
4686.0 1.6648881108101728e-14
4687.5 1.6718534612191384e-14
4689.0 1.6788180895044164e-14
4690.5 1.6658736958974994e-14
4692.0 1.652930531691012e-14
4693.5 1.6330564431794358e-14
4695.0 1.6131844584646548e-14
4696.5 1.6067915609720023e-14
4698.0 1.6003994469553827e-14
4699.5 1.591208304469452e-14
4701.0 1.5820180300154905e-14
4702.5 1.5675758919214928e-14
4704.0 1.5531351401499474e-14
4705.5 1.5500615633552545e-14
4707.0 1.546988160550579e-14
4708.5 1.526766196606154e-14
4710.0 1.5065461926481195e-14
4711.5 1.5026312839999228e-14
4713.0 1.4987167311552783e-14
4714.5 1.4941454340218386e-14
4716.0 1.4895746545425593e-14
4717.5 1.470924464788742e-14
4719.0 1.4522760874339745e-14
4720.5 1.4251178737223602e-14
4722.0 1.3979624111894573e-14
4723.5 1.386188862594913e-14
4725.0 1.374416548237811e-14
4726.5 1.3669315301012076e-14
4728.0 1.3594471321127711e-14
4729.5 1.3514256001994316e-14
4731.0 1.3434049346825146e-14
4732.5 1.3397438074902695e-14
4734.0 1.336083020492595e-14
4735.5 1.34228281477675e-14
4737.0 1.3484819734676842e-14
4738.5 1.3559651828236819e-14
4740.0 1.3634477253697143e-14
4741.5 1.3634480215469684e-14
4743.0 1.3634482970298379e-14
4744.5 1.3645689666858428e-14
4746.0 1.3656896009844191e-14
4747.5 1.3665554289406021e-14
4749.0 1.3674210556707029e-14
4750.5 1.387459901010074e-14
4752.0 1.4074966418373704e-14
4753.5 1.4478396449232263e-14
4755.0 1.4881786214716846e-14
4756.5 1.4838172182590225e-14
4758.0 1.4794562293312152e-14
4759.5 1.4968251036160523e-14
4761.0 1.5141922326027895e-14
4762.5 1.537965025447982e-14
4764.0 1.561735339810175e-14
4765.5 1.5858596235430926e-14
4767.0 1.6099813930717465e-14
4768.5 1.65574468709378e-14
4770.0 1.7015034081588233e-14
4771.5 1.7377314374618777e-14
4773.0 1.7739556498784936e-14
4774.5 1.7881523939673593e-14
4776.0 1.8023477058728174e-14
4777.5 1.8193112166736867e-14
4779.0 1.8362730196959803e-14
4780.5 1.8718899733818458e-14
4782.0 1.9075031688152563e-14
4783.5 1.9431242858017478e-14
4785.0 1.9787416433355073e-14
4786.5 1.9979176040342003e-14
4788.0 2.0170916357830544e-14
4789.5 2.032082616232819e-14
4791.0 2.04707208517944e-14
4792.5 2.0721049532132866e-14
4794.0 2.0971354997199856e-14
4795.5 2.1127632912952368e-14
4797.0 2.1283896996790826e-14
4798.5 2.1295205746167267e-14
4800.0 2.1306511306304188e-14
4801.5 2.142778149482148e-14
4803.0 2.15490394410772e-14
4804.5 2.171817541079593e-14
4806.0 2.1887294365469785e-14
4807.5 2.189009714368465e-14
4809.0 2.1892901430405877e-14
4810.5 2.2079262349967882e-14
4812.0 2.226560454576203e-14
4813.5 2.2257943417811712e-14
4815.0 2.2250282945570355e-14
4816.5 2.2225520423523538e-14
4818.0 2.2200758361358054e-14
4819.5 2.2363340897991907e-14
4821.0 2.2525907105385018e-14
4822.5 2.2656736669737502e-14
4824.0 2.2787554994917538e-14
4825.5 2.269600933469243e-14
4827.0 2.2604474653668775e-14
4828.5 2.2618242983542074e-14
4830.0 2.2632007959109984e-14
4831.5 2.2790328309006637e-14
4833.0 2.2948632786234456e-14
4834.5 2.2882381629535596e-14
4836.0 2.2816137039293927e-14
4837.5 2.2923081017200325e-14
4839.0 2.3030016182303222e-14
4840.5 2.3274738527019827e-14
4842.0 2.3519434484167007e-14
4843.5 2.334240480547061e-14
4845.0 2.316539278122507e-14
4846.5 2.3113877143359432e-14
4848.0 2.3062364722331846e-14
4849.5 2.3039616590962117e-14
4851.0 2.3016870722404736e-14
4852.5 2.3059586691490804e-14
4854.0 2.3102300305198423e-14
4855.5 2.3088912513806978e-14
4857.0 2.3075526066838596e-14
4858.5 2.304111427910057e-14
4860.0 2.3006707852417896e-14
4861.5 2.2868589425150958e-14
4863.0 2.2730484807855423e-14
4864.5 2.2613246541812143e-14
4866.0 2.24960219170322e-14
4867.5 2.2594364965062507e-14
4869.0 2.269270014898224e-14
4870.5 2.258602605487057e-14
4872.0 2.2479362650294105e-14
4873.5 2.2199000324509308e-14
4875.0 2.1918667926545377e-14
4876.5 2.189458901657841e-14
4878.0 2.1870512568695732e-14
4879.5 2.1868914506917407e-14
4881.0 2.186731858115395e-14
4882.5 2.176624784324614e-14
4884.0 2.166518725524589e-14
4885.5 2.1556589726966343e-14
4887.0 2.1448005010840882e-14
4888.5 2.1415455558244538e-14
4890.0 2.138290943676688e-14
4891.5 2.124968504536429e-14
4893.0 2.111647401803805e-14
4894.5 2.1034962773480092e-14
4896.0 2.095345974583544e-14
4897.5 2.0928433984967246e-14
4899.0 2.0903410822046797e-14
4900.5 2.0851424986330154e-14
4902.0 2.079944443702604e-14
4903.5 2.072653111673276e-14
4905.0 2.065362326203705e-14
4906.5 2.057717974032025e-14
4908.0 2.0500742038710272e-14
4909.5 2.024310107162696e-14
4911.0 1.998548775326375e-14
4912.5 1.9905659488849148e-14
4914.0 1.9825837384341248e-14
4915.5 2.0092901428068186e-14
4917.0 2.0359937176104545e-14
4918.5 2.048922507561688e-14
4920.0 2.06184983804203e-14
4921.5 2.0449555702600545e-14
4923.0 2.028063185606277e-14
4924.5 2.0097547872983253e-14
4926.0 1.9914484120642064e-14
4927.5 1.9824576096273214e-14
4929.0 1.97346771520061e-14
4930.5 1.9719863730284748e-14
4932.0 1.970505385060113e-14
4933.5 1.9761938583352385e-14
4935.0 1.9818819758916644e-14
4936.5 1.9899984471584658e-14
4938.0 1.998114132685674e-14
4939.5 1.9917410826321724e-14
4941.0 1.9853684917866094e-14
4942.5 1.9754720106462633e-14
4944.0 1.9655765279499124e-14
4945.5 1.9780757513590415e-14
4947.0 1.990573948801791e-14
4948.5 1.9856139596528363e-14
4950.0 1.9806544812339034e-14
4951.5 1.981674886859453e-14
4953.0 1.982695212627888e-14
4954.5 1.977540004473717e-14
4956.0 1.9723853268549192e-14
4957.5 1.9650510613518457e-14
4959.0 1.957717541583049e-14
4960.5 1.959238959251333e-14
4962.0 1.960760249228917e-14
4963.5 1.9575457476271614e-14
4965.0 1.9543317761443423e-14
4966.5 1.9544825118030098e-14
4968.0 1.9546334463223917e-14
4969.5 1.9551550844088415e-14
4971.0 1.9556765047970382e-14
4972.5 1.940130775591975e-14
4974.0 1.9245866004992334e-14
4975.5 1.9109981147558168e-14
4977.0 1.8974109898491917e-14
4978.5 1.8932133244258497e-14
4980.0 1.889015906071175e-14
4981.5 1.8925724906614338e-14
4983.0 1.8961285609234902e-14
4984.5 1.905932617752416e-14
4986.0 1.9157357381200267e-14
4987.5 1.9024618954803734e-14
4989.0 1.8891893813008246e-14
4990.5 1.8675665633586375e-14
4992.0 1.845946081613612e-14
4993.5 1.843678099313624e-14
4995.0 1.8414103656921723e-14
4996.5 1.8205406696997206e-14
4998.0 1.7996730433956048e-14
4999.5 1.8159521852502586e-14
5001.0 1.8322299516926056e-14
5002.5 1.840163304533071e-14
5004.0 1.8480959096849307e-14
5005.5 1.8333190137248456e-14
5007.0 1.818543399425328e-14
5008.5 1.8055643031771155e-14
5010.0 1.7925865021238798e-14
5011.5 1.7800026060846068e-14
5013.0 1.7674199657904214e-14
5014.5 1.767675840798942e-14
5016.0 1.767931909389607e-14
5017.5 1.7677335088707302e-14
5019.0 1.7675353466107387e-14
5020.5 1.754687322228595e-14
5022.0 1.7418407673349924e-14
5023.5 1.7426923708634906e-14
5025.0 1.7435439209584537e-14
5026.5 1.7373204736714738e-14
5028.0 1.7310976607914867e-14
5029.5 1.7180872493138434e-14
5031.0 1.7050781307612617e-14
5032.5 1.698297469697923e-14
5034.0 1.6915174962498073e-14
5035.5 1.694232144972223e-14
5037.0 1.6969465607307033e-14
5038.5 1.691568574254204e-14
5040.0 1.686191328982459e-14
5041.5 1.674342664936467e-14
5043.0 1.6624949881635518e-14
5044.5 1.6531140148806303e-14
5046.0 1.643733789315732e-14
5047.5 1.6475592082865964e-14
5049.0 1.6513842885687318e-14
5050.5 1.6509908483395722e-14
5052.0 1.650597477357925e-14
5053.5 1.6570657229218263e-14
5055.0 1.6635333765257127e-14
5056.5 1.6616106738054868e-14
5058.0 1.659687998787994e-14
5059.5 1.655900780457819e-14
5061.0 1.652114148862867e-14
5062.5 1.657679089706498e-14
5064.0 1.663243338543501e-14
5065.5 1.660134428509069e-14
5067.0 1.6570256607493926e-14
5068.5 1.6520306189602915e-14
5070.0 1.6470360900982848e-14
5071.5 1.6549342882746553e-14
5073.0 1.662831762916759e-14
5074.5 1.676236286994107e-14
5076.0 1.6896395615154852e-14
5077.5 1.6830551171047376e-14
5079.0 1.676471148452627e-14
5080.5 1.6668493091351336e-14
5082.0 1.65722823542535e-14
5083.5 1.663696123074949e-14
5085.0 1.6701636179085394e-14
5086.5 1.679198527356386e-14
5088.0 1.688232800284275e-14
5089.5 1.6907930349925856e-14
5091.0 1.6933530623382413e-14
5092.5 1.7022287294136796e-14
5094.0 1.7111035884887125e-14
5095.5 1.7047740118964655e-14
5097.0 1.698445075222804e-14
5098.5 1.6980232319586867e-14
5100.0 1.697601277191671e-14
5101.5 1.6887961707467748e-14
5103.0 1.6799919383330394e-14
5104.5 1.68124875102604e-14
5106.0 1.682505482701021e-14
5107.5 1.6766329468267097e-14
5109.0 1.670761005757724e-14
5110.5 1.6649902475058855e-14
5112.0 1.6592200738884418e-14
5113.5 1.6639885312076527e-14
5115.0 1.6687565764596793e-14
5116.5 1.68056766098505e-14
5118.0 1.6923776695273184e-14
5119.5 1.7101616748921872e-14
5121.0 1.7279442324098362e-14
5122.5 1.7145051246490838e-14
5124.0 1.7010675135582634e-14
5125.5 1.701546179359801e-14
5127.0 1.7020250303501105e-14
5128.5 1.7076669512596984e-14
5130.0 1.7133083830698278e-14
5131.5 1.7149377237134434e-14
5133.0 1.7165667638987227e-14
5134.5 1.7074859029968345e-14
5136.0 1.6984059359659864e-14
5137.5 1.687080967820333e-14
5139.0 1.6757572919133488e-14
5140.5 1.6736511824738205e-14
5142.0 1.671545311914056e-14
5143.5 1.6728690143445427e-14
5145.0 1.6741928242904368e-14
5146.5 1.6863731410372512e-14
5148.0 1.698552363102813e-14
5149.5 1.6940280496508172e-14
5151.0 1.6895042013242077e-14
5152.5 1.6793023012167105e-14
5154.0 1.669101205369887e-14
5155.5 1.670637111394718e-14
5157.0 1.6721729176540215e-14
5158.5 1.681563364605579e-14
5160.0 1.6909529826006283e-14
5161.5 1.6953960173630065e-14
5163.0 1.6998386840855144e-14
5164.5 1.6978677942233352e-14
5166.0 1.695896942672047e-14
5167.5 1.6959914267052446e-14
5169.0 1.696085946926731e-14
5170.5 1.6958344913666368e-14
5172.0 1.6955831042721315e-14
5173.5 1.6960125914774232e-14
5175.0 1.6964420845095067e-14
5176.5 1.6855002850418954e-14
5178.0 1.6745597294087448e-14
5179.5 1.661734511206668e-14
5181.0 1.6489105196676038e-14
5182.5 1.6461735934358366e-14
5184.0 1.6434369639803127e-14
5185.5 1.6475951944617045e-14
5187.0 1.651753088087751e-14
5188.5 1.6562396476656285e-14
5190.0 1.6607258412471023e-14
5191.5 1.6634660953664858e-14
5193.0 1.6662061445389144e-14
5194.5 1.6707528083098184e-14
5196.0 1.6752991025744393e-14
5197.5 1.681986072382428e-14
5199.0 1.6886724781496284e-14
5200.5 1.684174071138374e-14
5202.0 1.6796761223571076e-14
5203.5 1.6673458755829244e-14
5205.0 1.655016611428233e-14
5206.5 1.6541608315643947e-14
5208.0 1.653305176825538e-14
5209.5 1.6651748969338934e-14
5211.0 1.677043585540235e-14
5212.5 1.676649796761132e-14
5214.0 1.6762560920832367e-14
5215.5 1.6622755013119516e-14
5217.0 1.6482964152708608e-14
5218.5 1.6369431659240654e-14
5220.0 1.625590992342872e-14
5221.5 1.630008443746472e-14
5223.0 1.6344255433871122e-14
5224.5 1.629543450026312e-14
5226.0 1.6246620342223193e-14
5227.5 1.6301206307295027e-14
5229.0 1.635578971902688e-14
5230.5 1.6391650180760058e-14
5232.0 1.6427507899878247e-14
5233.5 1.6358148171266816e-14
5235.0 1.628879516774713e-14
5236.5 1.6277035990359566e-14
5238.0 1.6265278356679603e-14
5239.5 1.624065793523193e-14
5241.0 1.6216040210359027e-14
5242.5 1.6218989134828012e-14
5244.0 1.622193828568523e-14
5245.5 1.6261802325194708e-14
5247.0 1.6301665180736765e-14
5248.5 1.6272599112634505e-14
5250.0 1.62435342497508e-14
5251.5 1.615825029025934e-14
5253.0 1.6072972542877493e-14
5254.5 1.6034126189395896e-14
5256.0 1.5995283787348967e-14
5257.5 1.599679974770979e-14
5259.0 1.5998314181848574e-14
5260.5 1.595152262821339e-14
5262.0 1.5904735722562214e-14
5263.5 1.5843872743654185e-14
5265.0 1.5783017537688056e-14
5266.5 1.588386908282674e-14
5268.0 1.5984714085450223e-14
5269.5 1.611837661419691e-14
5271.0 1.6252027838843307e-14
5272.5 1.614477192685375e-14
5274.0 1.6037524101671175e-14
5275.5 1.587727037653604e-14
5277.0 1.5717033155594208e-14
5278.5 1.5650037154043483e-14
5280.0 1.5583046600197192e-14
5281.5 1.5643599984021258e-14
5283.0 1.57041485488824e-14
5284.5 1.5644118103583514e-14
5286.0 1.558409342293335e-14
5287.5 1.549916233166429e-14
5289.0 1.5414238232102156e-14
5290.5 1.5561140208079178e-14
5292.0 1.570803078660312e-14
5293.5 1.57248032934958e-14
5295.0 1.574157484548481e-14
5296.5 1.5682291125403817e-14
5298.0 1.5623013080659545e-14
5299.5 1.560904705956141e-14
5301.0 1.5595082762322113e-14
5302.5 1.5549713878518568e-14
5304.0 1.550434944424023e-14
5305.5 1.546593737587032e-14
5307.0 1.5427529146406264e-14
5308.5 1.542780622396473e-14
5310.0 1.542808284415963e-14
5311.5 1.5505271850334126e-14
5313.0 1.5582453754754562e-14
5314.5 1.556088808256207e-14
5316.0 1.5539324787520266e-14
5317.5 1.5352911580699317e-14
5319.0 1.5166514947103995e-14
5320.5 1.5108415894107786e-14
5322.0 1.5050323284410094e-14
5323.5 1.510161749933928e-14
5325.0 1.515290875545838e-14
5326.5 1.52649647905236e-14
5328.0 1.537701173014348e-14
5329.5 1.5289928749493298e-14
5331.0 1.5202853738308734e-14
5332.5 1.5185486803575204e-14
5334.0 1.516812186609899e-14
5335.5 1.518896643932505e-14
5337.0 1.5209808808203518e-14
5338.5 1.5149356396254968e-14
5340.0 1.5088909648213316e-14
5341.5 1.4985715938285965e-14
5343.0 1.4882530573266445e-14
5344.5 1.4963290249991767e-14
5346.0 1.5044042642475445e-14
5347.5 1.5150103751053583e-14
5349.0 1.5256156391309063e-14
5350.5 1.5141771031843174e-14
5352.0 1.502739586981981e-14
5353.5 1.4965761500558858e-14
5355.0 1.490413191234825e-14
5356.5 1.4932475061226463e-14
5358.0 1.4960815396791054e-14
5359.5 1.4910406445291186e-14
5361.0 1.486000131325969e-14
5362.5 1.4861374405181738e-14
5364.0 1.4862747898492102e-14
5365.5 1.487638470792144e-14
5367.0 1.4890020892295956e-14
5368.5 1.4825648825572857e-14
5370.0 1.4761282666525e-14
5371.5 1.48600249363808e-14
5373.0 1.49587594745799e-14
5374.5 1.4879141659380768e-14
5376.0 1.479953194911733e-14
5377.5 1.4608162380186035e-14
5379.0 1.4416808323684315e-14
5380.5 1.436723492374562e-14
5382.0 1.4317666152396996e-14
5383.5 1.4421444184276338e-14
5385.0 1.4525215054240674e-14
5386.5 1.455677631853788e-14
5388.0 1.458833548508024e-14
5389.5 1.4594996053864755e-14
5391.0 1.4601656591171893e-14
5392.5 1.4557696008918617e-14
5394.0 1.4513739574244936e-14
5395.5 1.4447055973038348e-14
5397.0 1.438037932136706e-14
5398.5 1.435062910172633e-14
5400.0 1.432088090381295e-14
5401.5 1.428126917671385e-14
5403.0 1.4241661214156492e-14
5404.5 1.4236976084729817e-14
5406.0 1.4232291851666808e-14
5407.5 1.4231764961215585e-14
5409.0 1.4231238627299804e-14
5410.5 1.421104011160255e-14
5412.0 1.419084281988188e-14
5413.5 1.4071736288201956e-14
5415.0 1.3952639971697324e-14
5416.5 1.40310845893865e-14
5418.0 1.4109523336553629e-14
5419.5 1.4184078012303047e-14
5421.0 1.425862715190028e-14
5422.5 1.4210295325518269e-14
5424.0 1.4161966995146026e-14
5425.5 1.4132589006079124e-14
5427.0 1.4103212971069662e-14
5428.5 1.4093449498088379e-14
5430.0 1.4083686391050869e-14
5431.5 1.4126375152300167e-14
5433.0 1.4169060992534561e-14
5434.5 1.4044158802086416e-14
5436.0 1.3919268110319973e-14
5437.5 1.387534909572169e-14
5439.0 1.3831434117369155e-14
5440.5 1.3969754360931734e-14
5442.0 1.4108064039603696e-14
5443.5 1.4104398813386128e-14
5445.0 1.4100735339830901e-14
5446.5 1.4013140023745132e-14
5448.0 1.3925553154879183e-14
5449.5 1.3923835422017721e-14
5451.0 1.3922119280706708e-14
5452.5 1.3916030125199848e-14
5454.0 1.3909941971345526e-14
5455.5 1.3904076110374478e-14
5457.0 1.3898211232901667e-14
5458.5 1.3864231477434008e-14
5460.0 1.3830254930040006e-14
5461.5 1.3726827674595666e-14
5463.0 1.3623409105703297e-14
5464.5 1.3698407859532572e-14
5466.0 1.3773400274197583e-14
5467.5 1.3756257877447104e-14
5469.0 1.3739117346279943e-14
5470.5 1.3764526743846669e-14
5472.0 1.37899346620631e-14
5473.5 1.38321597371603e-14
5475.0 1.3874382017872815e-14
5476.5 1.3829416672799601e-14
5478.0 1.3784455358638792e-14
5479.5 1.3811353799849048e-14
5481.0 1.3838250649252015e-14
5482.5 1.3883784962938586e-14
5484.0 1.3929317172879625e-14
5485.5 1.3874684687611584e-14
5487.0 1.3820056956476244e-14
5488.5 1.3759185069626228e-14
5490.0 1.3698317468816817e-14
5491.5 1.3716035250438886e-14
5493.0 1.37337521515957e-14
5494.5 1.3826004987814743e-14
5496.0 1.3918250246104788e-14
5497.5 1.3957964390749224e-14
5499.0 1.3997675028017903e-14
5500.5 1.3913931003514626e-14
5502.0 1.383019298400976e-14
5503.5 1.3869906360278132e-14
5505.0 1.3909616231600235e-14
5506.5 1.3816327574008483e-14
5508.0 1.3723045619972962e-14
5509.5 1.3698641597904302e-14
5511.0 1.3674239918332517e-14
5512.5 1.3746284955476042e-14
5514.0 1.3818324955683325e-14
5515.5 1.3750098547870674e-14
5517.0 1.3681877815631614e-14
5518.5 1.3586584707913002e-14
5520.0 1.349129931934618e-14
5521.5 1.3407736621632808e-14
5523.0 1.332417979268428e-14
5524.5 1.3333675137266996e-14
5526.0 1.3343169270940526e-14
5527.5 1.3416253247228726e-14
5529.0 1.3489333068411423e-14
5530.5 1.351937216842468e-14
5532.0 1.3549410378813351e-14
5533.5 1.3542048782548914e-14
5535.0 1.3534688185811841e-14
5536.5 1.3509432918113416e-14
5538.0 1.348417999315718e-14
5539.5 1.3450036981813364e-14
5541.0 1.3415896973421777e-14
5542.5 1.3417933246218789e-14
5544.0 1.3419969797354233e-14
5545.5 1.3425707504315922e-14
5547.0 1.3431444274439734e-14
5548.5 1.3420947412332783e-14
5550.0 1.3410450825715744e-14
5551.5 1.3393385406321185e-14
5553.0 1.3376322618607255e-14
5554.5 1.3348604709574484e-14
5556.0 1.3320889284543602e-14
5557.5 1.3276063484535144e-14
5559.0 1.3231240497769147e-14
5560.5 1.3320838540758367e-14
5562.0 1.3410430339416426e-14
5563.5 1.3368755175040022e-14
5565.0 1.332708351128436e-14
5566.5 1.3245289780109473e-14
5568.0 1.3163501572655765e-14
5569.5 1.2976252384622815e-14
5571.0 1.2789017427363024e-14
5572.5 1.2822760364450951e-14
5574.0 1.2856502132612405e-14
5575.5 1.3213054176004576e-14
5577.0 1.3569580354142065e-14
5578.5 1.370537109868382e-14
5580.0 1.3841151331136007e-14
5581.5 1.3581657847869123e-14
5583.0 1.3322183812112254e-14
5584.5 1.317571694929976e-14
5586.0 1.3029260270531911e-14
5587.5 1.296021339032507e-14
5589.0 1.2891171003714675e-14
5590.5 1.2781590065836857e-14
5592.0 1.2672018434851563e-14
5593.5 1.2746735638914655e-14
5595.0 1.2821447760672446e-14
5596.5 1.3015010822234095e-14
5598.0 1.3208561098505689e-14
5599.5 1.3130374999219634e-14
5601.0 1.3052194953832748e-14
5602.5 1.3043284464498452e-14
5604.0 1.3034374054185283e-14
5605.5 1.2987417417819814e-14
5607.0 1.2940464545647231e-14
5608.5 1.2902888778285134e-14
5610.0 1.2865316086371119e-14
5611.5 1.2861929853901966e-14
5613.0 1.2858543286226175e-14
5614.5 1.2805651528007291e-14
5616.0 1.2752763933233664e-14
5617.5 1.2687862610151686e-14
5619.0 1.2622967237152184e-14
5620.5 1.2646932236968204e-14
5622.0 1.2670895855753256e-14
5623.5 1.2739117782745604e-14
5625.0 1.2807335155965085e-14
5626.5 1.2786153573192897e-14
5628.0 1.2764973848172353e-14
5629.5 1.2641787630037676e-14
5631.0 1.2518610557538477e-14
5632.5 1.2420570405143658e-14
5634.0 1.2322538514243892e-14
5635.5 1.2329317439437254e-14
5637.0 1.2336096202613806e-14
5638.5 1.2410259414000552e-14
5640.0 1.248441766616417e-14
5641.5 1.2565126666793699e-14
5643.0 1.2645831185923686e-14
5644.5 1.2671054364558817e-14
5646.0 1.2696276076206908e-14
5647.5 1.2623387513124574e-14
5649.0 1.2550504436287554e-14
5650.5 1.246154247060599e-14
5652.0 1.2372588047784888e-14
5653.5 1.231861427762476e-14
5655.0 1.2264644629587757e-14
5656.5 1.2286627039861995e-14
5658.0 1.2308608204026474e-14
5659.5 1.2317536394490886e-14
5661.0 1.2326464259535866e-14
5662.5 1.2290512500162586e-14
5664.0 1.2254563571035516e-14
5665.5 1.220430083200079e-14
5667.0 1.21540428534705e-14
5668.5 1.2135391656450005e-14
5670.0 1.2116742060721995e-14
5671.5 1.2207763995661061e-14
5673.0 1.2298779847106407e-14
5674.5 1.23415105119351e-14
5676.0 1.2384237548893142e-14
5677.5 1.2368005776849344e-14
5679.0 1.235177636332346e-14
5680.5 1.2314411030492743e-14
5682.0 1.2277048592811483e-14
5683.5 1.2205344656807536e-14
5685.0 1.2133645067063959e-14
5686.5 1.2159144928077774e-14
5688.0 1.218464329667558e-14
5689.5 1.2276234184705138e-14
5691.0 1.2367818060713298e-14
5692.5 1.2293816664224478e-14
5694.0 1.2219819748653438e-14
5695.5 1.2245972946197727e-14
5697.0 1.2272125541539939e-14
5698.5 1.2243915458000741e-14
5700.0 1.2215707600922045e-14
5701.5 1.2165275106235545e-14
5703.0 1.2114846366652412e-14
5704.5 1.2215762916410635e-14
5706.0 1.2316671843363224e-14
5707.5 1.2225921814839123e-14
5709.0 1.2135179238745657e-14
5710.5 1.200533336899147e-14
5712.0 1.187549762613607e-14
5713.5 1.1874924606397166e-14
5715.0 1.1874350951663982e-14
5716.5 1.187377852443995e-14
5718.0 1.1873206391967857e-14
5719.5 1.1913825035489086e-14
5721.0 1.1954441150140404e-14
5722.5 1.2012926976497829e-14
5724.0 1.2071409055157326e-14
5725.5 1.2068301547415473e-14
5727.0 1.2065195437552944e-14
5728.5 1.2034267494202696e-14
5730.0 1.2003342844737926e-14
5731.5 1.2062750704422116e-14
5733.0 1.2122154764568038e-14
5734.5 1.2172375014625862e-14
5736.0 1.2222591164961453e-14
5737.5 1.2132187306580099e-14
5739.0 1.2041788911860651e-14
5740.5 1.1965798729624134e-14
5742.0 1.1889814881640142e-14
5743.5 1.1847308670153044e-14
5745.0 1.1804805580104739e-14
5746.5 1.1831995919069911e-14
5748.0 1.1859184652689378e-14
5749.5 1.1792670959340034e-14
5751.0 1.1726161068851685e-14
5752.5 1.1789180424776813e-14
5754.0 1.185219575459756e-14
5755.5 1.1863555464920414e-14
5757.0 1.187491370960297e-14
5758.5 1.1830336904937213e-14
5760.0 1.1785763334415222e-14
5761.5 1.1763279738175729e-14
5763.0 1.1740798812762172e-14
5764.5 1.1760181100568836e-14
5766.0 1.17795632404201e-14
5767.5 1.1847230803556365e-14
5769.0 1.191489497730875e-14
5770.5 1.1941247084075601e-14
5772.0 1.1967596717296462e-14
5773.5 1.1970656205839272e-14
5775.0 1.197371571294899e-14
5776.5 1.2004621435214246e-14
5778.0 1.2035524381270772e-14
5779.5 1.2032211784152683e-14
5781.0 1.2028898699418518e-14
5782.5 1.1965672824282134e-14
5784.0 1.1902452319196063e-14
5785.5 1.1896948225357855e-14
5787.0 1.1891444714067284e-14
5788.5 1.1982911422575958e-14
5790.0 1.2074371323460278e-14
5791.5 1.2104552157917072e-14
5793.0 1.2134730270035312e-14
5794.5 1.2082938822148785e-14
5796.0 1.203115196026072e-14
5797.5 1.208081934204851e-14
5799.0 1.2130483638762919e-14
5800.5 1.2137437178776139e-14
5802.0 1.2144390469186087e-14
5803.5 1.2299108311563884e-14
5805.0 1.2453817048244378e-14
5806.5 1.2527996073353144e-14
5808.0 1.2602170405349943e-14
5809.5 1.2501427234164202e-14
5811.0 1.2400690934090311e-14
5812.5 1.244363606801755e-14
5814.0 1.248657950653445e-14
5815.5 1.2541372256787558e-14
5817.0 1.2596162533306251e-14
5818.5 1.2484630745624165e-14
5820.0 1.2373106512877087e-14
5821.5 1.2394263076831189e-14
5823.0 1.2415418452964808e-14
5824.5 1.2562103613793454e-14
5826.0 1.2708779337605333e-14
5827.5 1.2699694439458561e-14
5829.0 1.2690609414681678e-14
5830.5 1.2631768821248099e-14
5832.0 1.2572933220360813e-14
5833.5 1.251097468556502e-14
5835.0 1.2449020410753307e-14
5836.5 1.2274516236063353e-14
5838.0 1.2100023679222001e-14
5839.5 1.216851591175529e-14
5841.0 1.2237003856594274e-14
5842.5 1.2514387258286609e-14
5844.0 1.2791752734429386e-14
5845.5 1.2775924524661372e-14
5847.0 1.2760098474482226e-14
5848.5 1.2710549393183615e-14
5850.0 1.266100280833166e-14
5851.5 1.2658726081525282e-14
5853.0 1.265644969566122e-14
5854.5 1.2564747220637655e-14
5856.0 1.2473050901891255e-14
5857.5 1.2425768721241601e-14
5859.0 1.2378490728756808e-14
5860.5 1.2388998441646345e-14
5862.0 1.239950565618287e-14
5863.5 1.2392360323530687e-14
5865.0 1.2385215636941961e-14
5866.5 1.2381854727814089e-14
5868.0 1.2378493288802657e-14
5869.5 1.2442222323001618e-14
5871.0 1.2505947411129318e-14
5872.5 1.2440430122497133e-14
5874.0 1.237491817910757e-14
5875.5 1.2317850948131534e-14
5877.0 1.2260786652216215e-14
5878.5 1.2295956365609745e-14
5880.0 1.233112398205269e-14
5881.5 1.2035204383207034e-14
5883.0 1.1739303112497461e-14
5884.5 1.156062580526731e-14
5886.0 1.1381960173217368e-14
5887.5 1.1507173279629398e-14
5889.0 1.1632377554733681e-14
5890.5 1.1768039462998649e-14
5892.0 1.1903691877516842e-14
5893.5 1.2138548637988623e-14
5895.0 1.2373390469531988e-14
5896.5 1.226704928745315e-14
5898.0 1.216071509810754e-14
5899.5 1.1687277779662408e-14
5901.0 1.1213870060200583e-14
5902.5 1.087751285365657e-14
5904.0 1.0541177349006109e-14
5905.5 1.0492292157666663e-14
5907.0 1.0443410234122242e-14
5908.5 1.048557430244098e-14
5910.0 1.0527735809165244e-14
5911.5 1.0699325779440643e-14
5913.0 1.0870903990862406e-14
5914.5 1.109015530062997e-14
5916.0 1.1309393676029638e-14
5917.5 1.1433655305549273e-14
5919.0 1.1557909149947712e-14
5920.5 1.1695843705275309e-14
5922.0 1.1833769612486175e-14
5923.5 1.1900458949695728e-14
5925.0 1.1967144186250593e-14
5926.5 1.1860887087607516e-14
5928.0 1.1754636898579192e-14
5929.5 1.1821703844174216e-14
5931.0 1.1888767595987818e-14
5932.5 1.2034594371532433e-14
5934.0 1.2180412025870586e-14
5935.5 1.21331173440672e-14
5937.0 1.2085826737937153e-14
5938.5 1.1891805276118442e-14
5940.0 1.169779719206157e-14
5941.5 1.1578996345694806e-14
5943.0 1.1460203166690432e-14
5944.5 1.1584610203424367e-14
5946.0 1.1709010422430908e-14
5947.5 1.1849654139909037e-14
5949.0 1.1990289093144525e-14
5950.5 1.1875879395640173e-14
5952.0 1.1761477996478073e-14
5953.5 1.1770516953927033e-14
5955.0 1.1779555473938734e-14
5956.5 1.182606969735093e-14
5958.0 1.1872582043748604e-14
5959.5 1.1791405500591884e-14
5961.0 1.1710234210594618e-14
5962.5 1.1661343534082914e-14
5964.0 1.1612456068734786e-14
5965.5 1.1618434990645701e-14
5967.0 1.1624414589781606e-14
5968.5 1.1639582011606185e-14
5970.0 1.1654748604976054e-14
5971.5 1.1791661641462054e-14
5973.0 1.1928565266233327e-14
5974.5 1.2016568522002479e-14
5976.0 1.2104565447928447e-14
5977.5 1.196905637339536e-14
5979.0 1.1833555936217534e-14
5980.5 1.1779267717853673e-14
5982.0 1.1724983029861481e-14
5983.5 1.1684863137196605e-14
5985.0 1.1644746807977467e-14
5986.5 1.1505396527967257e-14
5988.0 1.1366055099242588e-14
5989.5 1.1528020180846258e-14
5991.0 1.1689976162401434e-14
5992.5 1.165691899669381e-14
5994.0 1.1623863090986766e-14
5995.5 1.1773118727798838e-14
5997.0 1.1922365147761093e-14
5998.5 1.191302783567668e-14
6000.0 1.190369122472112e-14
6001.5 1.1857023716001945e-14
6003.0 1.1810359238269151e-14
6004.5 1.1755827691113127e-14
6006.0 1.170129873695515e-14
6007.5 1.1639450861219454e-14
6009.0 1.1577606957231346e-14
6010.5 1.153352715748316e-14
6012.0 1.148945021853002e-14
6013.5 1.1515322678167055e-14
6015.0 1.1541192714410195e-14
6016.5 1.1682245226858699e-14
6018.0 1.1823290001881141e-14
6019.5 1.1864993828531114e-14
6021.0 1.1906694253225113e-14
6022.5 1.1734717403042913e-14
6024.0 1.1562750431456097e-14
6025.5 1.1574300524554312e-14
6027.0 1.1585850940373289e-14
6028.5 1.156964886621272e-14
6030.0 1.1553447912200047e-14
6031.5 1.1502016249503467e-14
6033.0 1.1450586965190526e-14
6034.5 1.1553739108046082e-14
6036.0 1.1656884972781875e-14
6037.5 1.1637571823245203e-14
6039.0 1.1618259985373026e-14
6040.5 1.1521123173385733e-14
6042.0 1.1423993412617761e-14
6043.5 1.1478469825130193e-14
6045.0 1.153294205770065e-14
6046.5 1.1515220771106041e-14
6048.0 1.1497499769271899e-14
6049.5 1.1345454212362077e-14
6051.0 1.1193418158263298e-14
6052.5 1.1270496813041784e-14
6054.0 1.1347570823482321e-14
6055.5 1.1463840989940765e-14
6057.0 1.1580104100548763e-14
6058.5 1.1550594677417944e-14
6060.0 1.1521086263330089e-14
6061.5 1.1439391245119654e-14
6063.0 1.135770137212955e-14
6064.5 1.1366740798250377e-14
6066.0 1.1375779781791246e-14
6067.5 1.1415221210303796e-14
6069.0 1.1454661252326903e-14
6070.5 1.1395362017640985e-14
6072.0 1.1336066541027266e-14
6073.5 1.1319454196291674e-14
6075.0 1.1302842985111097e-14
6076.5 1.135597867665432e-14
6078.0 1.140911122157232e-14
6079.5 1.1279265350759815e-14
6081.0 1.1149427555092885e-14
6082.5 1.1150613944868028e-14
6084.0 1.115180037394192e-14
6085.5 1.1222664326424715e-14
6087.0 1.1293524976986852e-14
6088.5 1.1357724644403473e-14
6090.0 1.1421920497890677e-14
6091.5 1.1466853296748412e-14
6093.0 1.151178438790746e-14
6094.5 1.1465770749786608e-14
6096.0 1.1419760038495837e-14
6097.5 1.1388427336785274e-14
6099.0 1.1357095738740005e-14
6100.5 1.1382877222775794e-14
6102.0 1.1408657248643725e-14
6103.5 1.1380164958646e-14
6105.0 1.1351674520538566e-14
6106.5 1.1294333602146542e-14
6108.0 1.1236996291118602e-14
6109.5 1.1245652949638244e-14
6111.0 1.1254309194753246e-14
6112.5 1.1306482610540419e-14
6114.0 1.1358652966683269e-14
6115.5 1.1394352856670767e-14
6117.0 1.1430050691697798e-14
6118.5 1.1415744054343654e-14
6120.0 1.1401438401576684e-14
6121.5 1.125785820574213e-14
6123.0 1.1114285915803739e-14
6124.5 1.1151841105865548e-14
6126.0 1.1189393207310617e-14
6127.5 1.1216585400998257e-14
6129.0 1.1243776060173032e-14
6130.5 1.1224573799845764e-14
6132.0 1.1205372816418201e-14
6133.5 1.1236813249227714e-14
6135.0 1.126825189313442e-14
6136.5 1.1280829351737473e-14
6138.0 1.1293406164179168e-14
6139.5 1.127845762218707e-14
6141.0 1.1263510098194513e-14
6142.5 1.1337891155847794e-14
6144.0 1.1412266913457086e-14
6145.5 1.1404674241388187e-14
6147.0 1.1397082143485202e-14
6148.5 1.134333392161758e-14
6150.0 1.128958905634698e-14
6151.5 1.1265491545289937e-14
6153.0 1.1241394677901473e-14
6154.5 1.1076175558968755e-14
6156.0 1.0910967424470915e-14
6157.5 1.0799566637488066e-14
6159.0 1.0688172663549595e-14
6160.5 1.0788930760778905e-14
6162.0 1.088968198688577e-14
6163.5 1.088855463894225e-14
6165.0 1.0887426546903043e-14
6166.5 1.0889349534937624e-14
6168.0 1.0891272518616929e-14
6169.5 1.0947634115024397e-14
6171.0 1.1003992441887807e-14
6172.5 1.0962648251578897e-14
6174.0 1.0921305729025046e-14
6175.5 1.0869019219280491e-14
6177.0 1.0816735952731315e-14
6178.5 1.0718054781920369e-14
6180.0 1.0619378705050589e-14
6181.5 1.0553531522643039e-14
6183.0 1.0487688386779393e-14
6184.5 1.0538610880879682e-14
6186.0 1.058953136159336e-14
6187.5 1.0534692680744719e-14
6189.0 1.0479857382983644e-14
6190.5 1.0416220275860345e-14
6192.0 1.0352587995685028e-14
6193.5 1.048106936911809e-14
6195.0 1.06095441099649e-14
6196.5 1.0743280319305679e-14
6198.0 1.087700959130461e-14
6199.5 1.0773621764450367e-14
6201.0 1.0670240204530944e-14
6202.5 1.0511559248527791e-14
6204.0 1.0352886920183854e-14
6205.5 1.0342525186530236e-14
6207.0 1.0332164175043595e-14
6208.5 1.034768536456124e-14
6210.0 1.0363205738061691e-14
6211.5 1.0372503562213526e-14
6213.0 1.0381801862794691e-14
6214.5 1.0437369965328354e-14
6216.0 1.0492934878437729e-14
6217.5 1.0381863712213742e-14
6219.0 1.0270799236960585e-14
6220.5 1.0084031955479816e-14
6222.0 9.897275840915999e-15
6223.5 9.946074791660449e-15
6225.0 9.99487003438076e-15
6226.5 1.01466169842777e-14
6228.0 1.029835598486998e-14
6229.5 1.0226887460786237e-14
6231.0 1.0155423265800505e-14
6232.5 1.0045854019850376e-14
6234.0 9.936291348107674e-15
6235.5 1.0056625825443275e-14
6237.0 1.0176952383436928e-14
6238.5 1.0166621511866615e-14
6240.0 1.0156291354125504e-14
6241.5 1.0077300687617889e-14
6243.0 9.99831477926143e-15
6244.5 9.999450406208068e-15
6246.0 1.0000586990649647e-14
6247.5 1.0125056572296829e-14
6249.0 1.024951985650863e-14
6250.5 1.032296887067688e-14
6252.0 1.0396413673178326e-14
6253.5 1.0315451005349969e-14
6255.0 1.023449227874897e-14
6256.5 1.0134794848575008e-14
6258.0 1.003510337513131e-14
6259.5 9.93200226264894e-15
6261.0 9.828908221135742e-15
6262.5 9.7930615447613e-15
6264.0 9.757216149331572e-15
6265.5 9.97091866224154e-15
6267.0 1.018460784128993e-14
6268.5 1.0253048915978517e-14
6270.0 1.0321486091198095e-14
6271.5 1.0157381973664785e-14
6273.0 9.993286636330082e-15
6274.5 1.0034578418552024e-14
6276.0 1.0075868812446758e-14
6277.5 1.005451733521713e-14
6279.0 1.003316720845805e-14
6280.5 1.0131784802798185e-14
6282.0 1.0230396748171015e-14
6283.5 1.0260577682983838e-14
6285.0 1.0290756043616186e-14
6286.5 1.0221051608189283e-14
6288.0 1.01513504182325e-14
6289.5 1.0022387715564584e-14
6291.0 9.893431702599589e-15
6292.5 9.852220887049084e-15
6294.0 9.811012570297499e-15
6295.5 9.883108784194484e-15
6297.0 9.955201830567153e-15
6298.5 9.935846650287786e-15
6300.0 9.916493617187757e-15
6301.5 9.855219919857092e-15
6303.0 9.793949880118241e-15
6304.5 9.840061843413155e-15
6306.0 9.886170314375858e-15
6307.5 9.817158073228692e-15
6309.0 9.74815085245761e-15
6310.5 9.567213806369166e-15
6312.0 9.386288254867672e-15
6313.5 9.45772693116672e-15
6315.0 9.5291606524059e-15
6316.5 9.592579752600098e-15
6318.0 9.655995286066951e-15
6319.5 9.436690110394525e-15
6321.0 9.217396779657763e-15
6322.5 9.404255636835089e-15
6324.0 9.591102886549753e-15
6325.5 9.594986336038014e-15
6327.0 9.598868740955014e-15
6328.5 9.41494304313212e-15
6330.0 9.231028041857272e-15
6331.5 9.141869958915992e-15
6333.0 9.052717104552739e-15
6334.5 9.121336168906493e-15
6336.0 9.189951379553458e-15
6337.5 9.16550503991314e-15
6339.0 9.141060200685122e-15
6340.5 9.00836924878699e-15
6342.0 8.875686013023732e-15
6343.5 8.826166704983997e-15
6345.0 8.776650330942165e-15
6346.5 8.802752268677144e-15
6348.0 8.828853720004112e-15
6349.5 8.813326174758044e-15
6351.0 8.797799610765417e-15
6352.5 8.7278725397851e-15
6354.0 8.657949563895661e-15
6355.5 8.643926813610878e-15
6357.0 8.629905874746555e-15
6358.5 8.587088930751942e-15
6360.0 8.544274524000217e-15
6361.5 8.37066131636439e-15
6363.0 8.197058114852099e-15
6364.5 8.205126993157718e-15
6366.0 8.21319457659609e-15
6367.5 8.39578950452845e-15
6369.0 8.578373184064544e-15
6370.5 8.542616416126451e-15
6372.0 8.506861774895934e-15
6373.5 8.534186635200854e-15
6375.0 8.561510027649677e-15
6376.5 8.503422982690512e-15
6378.0 8.445338412647522e-15
6379.5 8.433060967731318e-15
6381.0 8.420783389421386e-15
6382.5 8.484614215621531e-15
6384.0 8.54844150278354e-15
6385.5 8.561103041205729e-15
6387.0 8.573763949490288e-15
6388.5 8.628563098319785e-15
6390.0 8.683359227702588e-15
6391.5 8.869904642808672e-15
6393.0 9.056439574999449e-15
6394.5 9.152757014589552e-15
6396.0 9.249069093336046e-15
6397.5 9.21149142853817e-15
6399.0 9.173915986078592e-15
6400.5 9.236039337531443e-15
6402.0 9.29816019004303e-15
6403.5 9.413612393241315e-15
6405.0 9.529058169916446e-15
6406.5 9.61944783084861e-15
6408.0 9.709831569171052e-15
6409.5 9.913201735210333e-15
6411.0 1.0116560529890168e-14
6412.5 1.0363480746840824e-14
6414.0 1.061038806944928e-14
6415.5 1.0793982370396592e-14
6417.0 1.0977566441255936e-14
6418.5 1.1221741533010581e-14
6420.0 1.1465902079138793e-14
6421.5 1.1676766571185051e-14
6423.0 1.1887619324962782e-14
6424.5 1.1950053125059478e-14
6426.0 1.2012482622236167e-14
6427.5 1.2099244310615546e-14
6429.0 1.2186002170708788e-14
6430.5 1.2384129459708391e-14
6432.0 1.258224667873996e-14
6433.5 1.2887981494977774e-14
6435.0 1.3193699304400003e-14
6436.5 1.3473984444706779e-14
6438.0 1.3754254023546229e-14
6439.5 1.3941088076740223e-14
6441.0 1.4127912734556509e-14
6442.5 1.435330575061399e-14
6444.0 1.457868630936169e-14
6445.5 1.485574462670583e-14
6447.0 1.5132786696837754e-14
6448.5 1.526943668813607e-14
6450.0 1.5406079207099256e-14
6451.5 1.5468817860246214e-14
6453.0 1.5531553173118087e-14
6454.5 1.5774843414070083e-14
6456.0 1.6018120254782554e-14
6457.5 1.6322001414861233e-14
6459.0 1.662586398059788e-14
6460.5 1.6770566886106127e-14
6462.0 1.6915263746073373e-14
6463.5 1.7078043528243262e-14
6465.0 1.724081259881818e-14
6466.5 1.732807388242689e-14
6468.0 1.7415330496122122e-14
6469.5 1.734259998286432e-14
6471.0 1.726987552266664e-14
6472.5 1.7520186792391874e-14
6474.0 1.7770484355287844e-14
6475.5 1.7967861911837803e-14
6477.0 1.8165228711918332e-14
6478.5 1.826029682891908e-14
6480.0 1.835536170323013e-14
6481.5 1.8335578221189222e-14
6483.0 1.8315794189467367e-14
6484.5 1.8308953320305648e-14
6486.0 1.8302113018959347e-14
6487.5 1.8288451430466986e-14
6489.0 1.8274790786173483e-14
6490.5 1.833448535893348e-14
6492.0 1.839417865940073e-14
6493.5 1.8679874924725343e-14
6495.0 1.8965557454752837e-14
6496.5 1.918718773821409e-14
6498.0 1.9408804168088633e-14
6499.5 1.9476038351705878e-14
6501.0 1.9543267199361073e-14
6502.5 1.958700315671459e-14
6504.0 1.963073874317639e-14
6505.5 1.9589769008343222e-14
6507.0 1.9548801729179972e-14
6508.5 1.9579709211162255e-14
6510.0 1.961061336359652e-14
6511.5 1.950703856295803e-14
6513.0 1.940346781738178e-14
6514.5 1.929590060916929e-14
6516.0 1.9188339501709254e-14
6517.5 1.9228936562424623e-14
6519.0 1.9269531596392544e-14
6520.5 1.9524064484847663e-14
6522.0 1.9778583633410498e-14
6523.5 1.974043960163555e-14
6525.0 1.9702297861345264e-14
6526.5 1.95449739726349e-14
6528.0 1.938765888897172e-14
6529.5 1.9472388943963452e-14
6531.0 1.955711273747591e-14
6532.5 1.9697984035141993e-14
6534.0 1.9838846012383595e-14
6535.5 1.9953954537800253e-14
6537.0 2.0069056989802808e-14
6538.5 2.014142230543356e-14
6540.0 2.0213783884467603e-14
6541.5 2.0095107598450997e-14
6543.0 1.9976439815740344e-14
6544.5 1.9809102436561425e-14
6546.0 1.9641776200439945e-14
6547.5 1.9555092121984355e-14
6549.0 1.9468412958651893e-14
6550.5 1.9508009495310035e-14
6552.0 1.9547604081827698e-14
6553.5 1.9725140388717468e-14
6555.0 1.99026672611545e-14
6556.5 1.9705414593084865e-14
6558.0 1.9508172827563072e-14
6559.5 1.9498614540219012e-14
6561.0 1.948905697185844e-14
6562.5 1.9308814995013586e-14
6564.0 1.912858297792733e-14
6565.5 1.920094210469667e-14
6567.0 1.9273297513916853e-14
6568.5 1.9431279258551827e-14
6570.0 1.9589254493483586e-14
6571.5 1.9457419877507326e-14
6573.0 1.9325594415258576e-14
6574.5 1.919988406207234e-14
6576.0 1.9074178860687618e-14
6577.5 1.922527777673942e-14
6579.0 1.9376368741374703e-14
6580.5 1.9499022003851183e-14
6582.0 1.9621670688432142e-14
6583.5 1.952850749426454e-14
6585.0 1.9435351348458786e-14
6586.5 1.9361871139809992e-14
6588.0 1.9288395083612848e-14
6589.5 1.9253345212859935e-14
6591.0 1.9218297424251493e-14
6592.5 1.9080582422567662e-14
6594.0 1.894287501413432e-14
6595.5 1.8866718907172784e-14
6597.0 1.879056891202157e-14
6598.5 1.8851226447935108e-14
6600.0 1.8911882755339388e-14
6601.5 1.889560042814331e-14
6603.0 1.8879317336975416e-14
6604.5 1.873753685724046e-14
6606.0 1.8595764160465955e-14
6607.5 1.8354868052993605e-14
6609.0 1.8113985020304494e-14
6610.5 1.7999196740946316e-14
6612.0 1.7884414781694393e-14
6613.5 1.7810583117111246e-14
6615.0 1.7736755578298597e-14
6616.5 1.7624905633295735e-14
6618.0 1.7513063667585614e-14
6619.5 1.749606859085004e-14
6621.0 1.747907642957738e-14
6622.5 1.7495244083577288e-14
6624.0 1.7511412885428802e-14
6625.5 1.7408553705474862e-14
6627.0 1.7305700179153024e-14
6628.5 1.7134430478658346e-14
6630.0 1.6963171892539065e-14
6631.5 1.69603444639423e-14
6633.0 1.6957519188844415e-14
6634.5 1.7080125795011573e-14
6636.0 1.7202726065834068e-14
6637.5 1.7121226936975826e-14
6639.0 1.703973047800982e-14
6640.5 1.6786062356839507e-14
6642.0 1.653240968393047e-14
6643.5 1.6440463824697634e-14
6645.0 1.634852117468718e-14
6646.5 1.638857684646272e-14
6648.0 1.6428630565968906e-14
6649.5 1.6412810741926356e-14
6651.0 1.63969937511875e-14
6652.5 1.63284383391845e-14
6654.0 1.6259886716306077e-14
6655.5 1.604781775326923e-14
6657.0 1.5835758321170302e-14
6658.5 1.5762747167961583e-14
6660.0 1.5689740027043515e-14
6661.5 1.5701307396859226e-14
6663.0 1.571287431735839e-14
6664.5 1.5655093303704017e-14
6666.0 1.5597315492722378e-14
6667.5 1.554741945073869e-14
6669.0 1.5497526192865265e-14
6670.5 1.548886210262213e-14
6672.0 1.5480198625913102e-14
6673.5 1.5442613542337188e-14
6675.0 1.5405032418801344e-14
6676.5 1.5308423751399573e-14
6678.0 1.521182031082134e-14
6679.5 1.505096373986908e-14
6681.0 1.4890115758272308e-14
6682.5 1.474573128125069e-14
6684.0 1.4601354520279302e-14
6685.5 1.4538770478159042e-14
6687.0 1.4476189860829983e-14
6688.5 1.4409242571000567e-14
6690.0 1.4342299843968208e-14
6691.5 1.4291704356882564e-14
6693.0 1.4241112573680955e-14
6694.5 1.416673545816439e-14
6696.0 1.4092363284997557e-14
6697.5 1.406497314963017e-14
6699.0 1.4037584586624237e-14
6700.5 1.3888847259219603e-14
6702.0 1.374011691451212e-14
6703.5 1.3800053608638117e-14
6705.0 1.3859987320542165e-14
6706.5 1.3905573973940285e-14
6708.0 1.3951157482146337e-14
6709.5 1.3762541683477977e-14
6711.0 1.3573934920933845e-14
6712.5 1.3446109341490785e-14
6714.0 1.3318290541196272e-14
6715.5 1.3455979328895904e-14
6717.0 1.3593661103938881e-14
6718.5 1.3642372843304863e-14
6720.0 1.3691082193924435e-14
6721.5 1.3431885763111165e-14
6723.0 1.3172702904361355e-14
6724.5 1.2998658890224921e-14
6726.0 1.2824624935446627e-14
6727.5 1.2901274141529505e-14
6729.0 1.2977920424975509e-14
6730.5 1.3049817896904628e-14
6732.0 1.312171269661343e-14
6733.5 1.3180181505709128e-14
6735.0 1.3238647427558164e-14
6736.5 1.3194215523237387e-14
6738.0 1.3149786046071261e-14
6739.5 1.2964902553886205e-14
6741.0 1.2780027815656068e-14
6742.5 1.2629656245555554e-14
6744.0 1.2479292552482658e-14
6745.5 1.2549731281286027e-14
6747.0 1.2620165597064604e-14
6748.5 1.2706440980170656e-14
6750.0 1.2792711140102206e-14
6751.5 1.2611540222999345e-14
6753.0 1.2430378746395e-14
6754.5 1.2290554713347203e-14
6756.0 1.2150738898849268e-14
6757.5 1.2180007347028172e-14
6759.0 1.2209274416131595e-14
6760.5 1.2210900872892973e-14
6762.0 1.2212527369468166e-14
6763.5 1.2250250454532082e-14
6765.0 1.2287971730489605e-14
6766.5 1.2314862788570936e-14
6768.0 1.2341752594258422e-14
6769.5 1.2185537678202024e-14
6771.0 1.2029331787448305e-14
6772.5 1.1917681532040719e-14
6774.0 1.1806036189961184e-14
6775.5 1.1790060786378178e-14
6777.0 1.177408540476808e-14
6778.5 1.1768183471634222e-14
6780.0 1.1762281958057665e-14
6781.5 1.1839754294159171e-14
6783.0 1.1917222800188253e-14
6784.5 1.1862470805849927e-14
6786.0 1.1807721719476139e-14
6787.5 1.1791803394328737e-14
6789.0 1.177588691008535e-14
6790.5 1.18046667290023e-14
6792.0 1.18334442909253e-14
6793.5 1.1861145006596949e-14
6795.0 1.188884352189086e-14
6796.5 1.1766582816112307e-14
6798.0 1.164432843461078e-14
6799.5 1.1538017902643179e-14
6801.0 1.1431712878409473e-14
6802.5 1.1497107293441718e-14
6804.0 1.1562498509860032e-14
6805.5 1.1462930255050597e-14
6807.0 1.1363368068666249e-14
6808.5 1.1214605815940307e-14
6810.0 1.1065852113571491e-14
6811.5 1.1145834816837063e-14
6813.0 1.1225813588773731e-14
6814.5 1.1379317967445668e-14
6816.0 1.1532815619099656e-14
6817.5 1.1558145624277445e-14
6819.0 1.1583474466905615e-14
6820.5 1.1476289281933015e-14
6822.0 1.1369110527866446e-14
6823.5 1.131360367917812e-14
6825.0 1.1258100651666232e-14
6826.5 1.1287470568536309e-14
6828.0 1.131683911987668e-14
6829.5 1.1229321123453358e-14
6831.0 1.1141806729102243e-14
6832.5 1.1000484103220618e-14
6834.0 1.0859169600293193e-14
6835.5 1.0871111071672757e-14
6837.0 1.0883052963547647e-14
6838.5 1.1002823250715458e-14
6840.0 1.112258763931577e-14
6841.5 1.1170086765281266e-14
6843.0 1.1217583621828163e-14
6844.5 1.1255932882461356e-14
6846.0 1.1294279423313054e-14
6847.5 1.1376847451821823e-14
6849.0 1.145941055073772e-14
6850.5 1.133302608881437e-14
6852.0 1.1206647147135316e-14
6853.5 1.1216426987328884e-14
6855.0 1.122620553934351e-14
6856.5 1.1304944507606965e-14
6858.0 1.1383678747132768e-14
6859.5 1.1351176407360014e-14
6861.0 1.1318674890133478e-14
6862.5 1.11851127955923e-14
6864.0 1.1051556556054742e-14
6865.5 1.088310862475895e-14
6867.0 1.0714668276597385e-14
6868.5 1.0584764659081636e-14
6870.0 1.0454868519429065e-14
6871.5 1.053971659000845e-14
6873.0 1.0624560548212185e-14
6874.5 1.090106410849604e-14
6876.0 1.1177554957222335e-14
6877.5 1.1250084936337134e-14
6879.0 1.1322611428341569e-14
6880.5 1.1145752125416194e-14
6882.0 1.0968901700536869e-14
6883.5 1.0916744668646755e-14
6885.0 1.086459123913209e-14
6886.5 1.0850827028880203e-14
6888.0 1.0837064518008233e-14
6889.5 1.0819269977278154e-14
6891.0 1.0801476423497648e-14
6892.5 1.0752929219636775e-14
6894.0 1.0704383609938086e-14
6895.5 1.0908935838242975e-14
6897.0 1.111347807692194e-14
6898.5 1.1188727036080876e-14
6900.0 1.1263973304965324e-14
6901.5 1.1071375185334182e-14
6903.0 1.087878666622364e-14
6904.5 1.075965466447272e-14
6906.0 1.064052863472124e-14
6907.5 1.0686096069111841e-14
6909.0 1.0731660456716131e-14
6910.5 1.072566269622137e-14
6912.0 1.0719664425871116e-14
6913.5 1.0563957588531932e-14
6915.0 1.0408258502411798e-14
6916.5 1.0348316879382155e-14
6918.0 1.0288378299637744e-14
6919.5 1.036917416849821e-14
6921.0 1.0449967088399616e-14
6922.5 1.035465253191799e-14
6924.0 1.0259343656718896e-14
6925.5 1.0178809629245614e-14
6927.0 1.0098279643619447e-14
6928.5 1.0366275760808276e-14
6930.0 1.0634258873942823e-14
6931.5 1.0723503657850144e-14
6933.0 1.0812745096543879e-14
6934.5 1.0830692764774643e-14
6936.0 1.0848639663134619e-14
6937.5 1.0596007710494637e-14
6939.0 1.0343388184829932e-14
6940.5 1.0264102183245724e-14
6942.0 1.018482105644917e-14
6943.5 1.0357553554579779e-14
6945.0 1.0530277742985745e-14
6946.5 1.0670358049602085e-14
6948.0 1.081043255521657e-14
6949.5 1.0740455264085826e-14
6951.0 1.0670482389708647e-14
6952.5 1.042456624781475e-14
6954.0 1.0178662152242345e-14
6955.5 1.0153894009711576e-14
6957.0 1.0129127168474437e-14
6958.5 1.0371378814353211e-14
6960.0 1.0613618815403019e-14
6961.5 1.051913653537366e-14
6963.0 1.0424659845094443e-14
6964.5 1.0338794850240581e-14
6966.0 1.0252935022244285e-14
6967.5 1.0452881035745897e-14
6969.0 1.065281839076593e-14
6970.5 1.0568685653734651e-14
6972.0 1.0484557085261712e-14
6973.5 1.0389963329132812e-14
6975.0 1.0295375150837061e-14
6976.5 1.0443356787046053e-14
6978.0 1.0591332295907035e-14
6979.5 1.0755286572402641e-14
6981.0 1.0919233960745854e-14
6982.5 1.0956547351703068e-14
6984.0 1.0993858143046349e-14
6985.5 1.066604811741635e-14
6987.0 1.0338253968321134e-14
6988.5 1.018682420493605e-14
6990.0 1.003540182048198e-14
6991.5 1.0263252340219695e-14
6993.0 1.0491092015282442e-14
6994.5 1.046281951184642e-14
6996.0 1.043454846686879e-14
6997.5 1.028370794067726e-14
6999.0 1.0132874747236696e-14
7000.5 1.0070171215183893e-14
7002.0 1.0007470784925068e-14
7003.5 1.0288109740209708e-14
7005.0 1.0568735361393903e-14
7006.5 1.0824320300071472e-14
7008.0 1.1079893119584025e-14
7009.5 1.0938779359165105e-14
7011.0 1.0797671539061194e-14
7012.5 1.0463956861004265e-14
7014.0 1.0130258217641995e-14
7015.5 9.987645888942155e-15
7017.0 9.845040460119233e-15
7018.5 1.0028361641768559e-14
7020.0 1.0211674182582585e-14
7021.5 1.0332709990416389e-14
7023.0 1.0453740134005827e-14
7024.5 1.040345734486293e-14
7026.0 1.0353177048718278e-14
7027.5 1.0286018776330432e-14
7029.0 1.0218862887269054e-14
7030.5 1.0161226908221748e-14
7032.0 1.0103592856228593e-14
7033.5 1.0121911074119762e-14
7035.0 1.0140229428812843e-14
7036.5 1.0210946602308576e-14
7038.0 1.0281660520851969e-14
7039.5 1.0368240865705582e-14
7041.0 1.0454817208383074e-14
7042.5 1.0321934649580153e-14
7044.0 1.0189058480359911e-14
7045.5 1.0047120388235594e-14
7047.0 9.905189105876749e-15
7048.5 9.989080444713998e-15
7050.0 1.0072967006797333e-14
7051.5 1.0192149357718975e-14
7053.0 1.0311326179325491e-14
7054.5 1.0269383867061986e-14
7056.0 1.0227442723653869e-14
7057.5 1.0213164856631936e-14
7059.0 1.0198887760549211e-14
7060.5 1.0266453087542188e-14
7062.0 1.0334015331086484e-14
7063.5 1.0295558354599315e-14
7065.0 1.0257102378068793e-14
7066.5 1.0160799935761258e-14
7068.0 1.0064502118129775e-14
7069.5 1.0041033166285124e-14
7071.0 1.0017564504799259e-14
7072.5 9.97724487534401e-15
7074.0 9.936927233554012e-15
7075.5 9.957732545442352e-15
7077.0 9.978536976926295e-15
7078.5 1.0043141336076843e-14
7080.0 1.0107742764421417e-14
7081.5 1.0254728940793939e-14
7083.0 1.0401709242574105e-14
7084.5 1.027870914808404e-14
7086.0 1.015571581220703e-14
7087.5 1.0131545249326394e-14
7089.0 1.0107375004667373e-14
7090.5 1.0068287682218956e-14
7092.0 1.0029201372845837e-14
7093.5 1.0031352142536731e-14
7095.0 1.003350290742005e-14
7096.5 1.0221373887960985e-14
7098.0 1.0409236209404633e-14
7099.5 1.0491155059945658e-14
7101.0 1.0573070195451144e-14
7102.5 1.0516872579978472e-14
7104.0 1.0460676771592631e-14
7105.5 1.0459710200458695e-14
7107.0 1.045874377361301e-14
7108.5 1.0302746901799881e-14
7110.0 1.0146756465931866e-14
7111.5 1.0030132043390178e-14
7113.0 9.913514035768797e-15
7114.5 1.0098872716154845e-14
7116.0 1.0284222897671205e-14
7117.5 1.0182776264466716e-14
7119.0 1.008133533493014e-14
7120.5 9.922504990246857e-15
7122.0 9.763682091362701e-15
7123.5 9.950203158795582e-15
7125.0 1.0136714786932784e-14
7126.5 1.0208249552686289e-14
7128.0 1.0279781109542164e-14
7129.5 1.0094939878914833e-14
7131.0 9.910108184603462e-15
7132.5 9.959491782911366e-15
7134.0 1.0008873197341803e-14
7135.5 1.0320124080638701e-14
7137.0 1.0631360716522793e-14
7138.5 1.0709854012853362e-14
7140.0 1.0788343795765749e-14
7141.5 1.047386872613363e-14
7143.0 1.0159409130681409e-14
7144.5 1.0025455436327111e-14
7146.0 9.891507086974861e-15
7147.5 9.999289625170245e-15
7149.0 1.0107066400223813e-14
7150.5 1.01238005250172e-14
7152.0 1.0140534884121058e-14
7153.5 1.0049862791766701e-14
7155.0 9.959195858044455e-15
7156.5 9.9551396584785e-15
7158.0 9.951083738266835e-15
7159.5 1.0030586284063021e-14
7161.0 1.0110085285256875e-14
7162.5 1.0151890598511415e-14
7164.0 1.0193694095282059e-14
7165.5 1.0201537839447969e-14
7167.0 1.0209382227660037e-14
7168.5 1.0191565701817055e-14
7170.0 1.0173750991542082e-14
7171.5 1.0084630127603392e-14
7173.0 9.99551342301851e-15
7174.5 9.82647931694987e-15
7176.0 9.657453912641066e-15
7177.5 9.805406261785192e-15
7179.0 9.95335287265731e-15
7180.5 9.852341955605903e-15
7182.0 9.751336632450456e-15
7183.5 9.843926446280444e-15
7185.0 9.93651214356411e-15
7186.5 9.916733494634113e-15
7188.0 9.896956742968879e-15
7189.5 9.959924271231316e-15
7191.0 1.002288903529688e-14
7192.5 1.0104149578693455e-14
7194.0 1.0185406532340366e-14
7195.5 1.0136686139255128e-14
7197.0 1.0087968953776931e-14
7198.5 1.0027489066456183e-14
7200.0 9.967011103290646e-15
7201.5 9.834219057208228e-15
7203.0 9.701433107095766e-15
7204.5 9.609174988658772e-15
7206.0 9.516922033812914e-15
7207.5 9.746918714775733e-15
7209.0 9.976904198384576e-15
7210.5 1.0139637722944566e-14
7212.0 1.030236400246249e-14
7213.5 1.0145968375269174e-14
7215.0 9.989579889454138e-15
7216.5 1.006251271649567e-14
7218.0 1.013544235332547e-14
7219.5 1.0190424708952992e-14
7221.0 1.024540468579212e-14
7222.5 1.0295724550821055e-14
7224.0 1.0346041343690067e-14
7225.5 1.0184503340387955e-14
7227.0 1.0022971779089282e-14
7228.5 9.816292156096225e-15
7230.0 9.609622802442532e-15
7231.5 9.591060670343211e-15
7233.0 9.572499458944724e-15
7234.5 9.43264511431082e-15
7236.0 9.292797120441526e-15
7237.5 9.024245674001367e-15
7239.0 8.755707233769406e-15
7240.5 8.812570347548662e-15
7242.0 8.869431000302452e-15
7243.5 9.042857260760247e-15
7245.0 9.216274951870521e-15
7246.5 9.399341272661886e-15
7248.0 9.582398603859504e-15
7249.5 9.801762827556523e-15
7251.0 1.0021117359445415e-14
7252.5 1.0044431322612036e-14
7254.0 1.0067744339434728e-14
7255.5 9.978614907849742e-15
7257.0 9.889489535579062e-15
7258.5 9.861383418623717e-15
7260.0 9.833278642298222e-15
7261.5 9.822065872619543e-15
7263.0 9.810852785907873e-15
7264.5 9.673713798667276e-15
7266.0 9.536580988979567e-15
7267.5 9.475881138380957e-15
7269.0 9.415183161926643e-15
7270.5 9.601970195292556e-15
7272.0 9.788748132557454e-15
7273.5 9.88121255092089e-15
7275.0 9.973672965114044e-15
7276.5 1.0149011450873729e-14
7278.0 1.0324342271689339e-14
7279.5 1.0343217106384049e-14
7281.0 1.03620912012349e-14
7282.5 1.0373408929018666e-14
7284.0 1.0384727156844302e-14
7285.5 1.023459231656315e-14
7287.0 1.0084465100133757e-14
7288.5 9.932757033229965e-15
7290.0 9.781056650912648e-15
7291.5 9.793636152385004e-15
7293.0 9.806216094017124e-15
7294.5 9.82198490096598e-15
7296.0 9.837752198316896e-15
7297.5 9.829944771353556e-15
7299.0 9.822137777193348e-15
7300.5 9.87022283568954e-15
7302.0 9.918306776168994e-15
7303.5 9.905584048446517e-15
7305.0 9.892861969265949e-15
7306.5 9.91330048263077e-15
7308.0 9.933738189585999e-15
7309.5 1.0095518970625559e-14
7311.0 1.0257291848866497e-14
7312.5 1.0006069568886828e-14
7314.0 9.754857474430289e-15
7315.5 9.96689554791379e-15
7317.0 1.0178923531187157e-14
7318.5 1.0079901774350295e-14
7320.0 9.980885341518116e-15
7321.5 9.727240086872438e-15
7323.0 9.473605996863687e-15
7324.5 9.291940418471033e-15
7326.0 9.110281945851885e-15
7327.5 9.270987293200952e-15
7329.0 9.431685718620552e-15
7330.5 9.65328549084765e-15
7332.0 9.874875698363375e-15
7333.5 9.774259463154367e-15
7335.0 9.673648599210987e-15
7336.5 9.61310148799814e-15
7338.0 9.552556191573432e-15
7339.5 9.535349747488738e-15
7341.0 9.518144136802696e-15
7342.5 9.754311114911539e-15
7344.0 9.990467025966952e-15
7345.5 1.022095420561843e-14
7347.0 1.0451432386326802e-14
7348.5 1.009506478790436e-14
7350.0 9.738712720912937e-15
7351.5 9.628439139555049e-15
7353.0 9.518170418460759e-15
7354.5 9.707623810909504e-15
7356.0 9.897069096228169e-15
7357.5 9.951804498167268e-15
7359.0 1.0006537624030735e-14
7360.5 9.869949266919122e-15
7362.0 9.733367799884004e-15
7363.5 9.740618643591959e-15
7365.0 9.747869261771116e-15
7366.5 9.955099770255684e-15
7368.0 1.0162321435942852e-14
7369.5 1.0204432747785524e-14
7371.0 1.0246541433418808e-14
7372.5 1.0167914550710354e-14
7374.0 1.0089291141904366e-14
7375.5 1.0066603372881666e-14
7377.0 1.004391757304451e-14
7378.5 1.0026690767040489e-14
7380.0 1.0009465694355211e-14
7381.5 9.84674298906676e-15
7383.0 9.684028258465808e-15
7384.5 9.714146661548359e-15
7386.0 9.744264763693556e-15
7387.5 9.983508783581108e-15
7389.0 1.0222743547343854e-14
7390.5 1.0295421408031923e-14
7392.0 1.0368096249665265e-14
7393.5 1.0290708081217012e-14
7395.0 1.0213322409965337e-14
7396.5 1.013558859895133e-14
7398.0 1.0057858199279402e-14
7399.5 1.0070232345803377e-14
7401.0 1.0082606053515897e-14
7402.5 1.0257731320675178e-14
7404.0 1.0432849209503975e-14
7405.5 1.0480802243203907e-14
7407.0 1.052875332635811e-14
7408.5 1.0273706368869435e-14
7410.0 1.001867036152661e-14
7411.5 9.645421658692114e-15
7413.0 9.27218801565467e-15
7414.5 9.590160257709895e-15
7416.0 9.908118166556624e-15
7417.5 9.900068695625117e-15
7419.0 9.892019654040438e-15
7420.5 9.82226589646899e-15
7422.0 9.752516088561944e-15
7423.5 9.958813702237544e-15
7425.0 1.0165102658657086e-14
7426.5 1.0110541303354126e-14
7428.0 1.005598234812324e-14
7429.5 1.0005248451508367e-14
7431.0 9.954517693238369e-15
7432.5 9.997649028962136e-15
7434.0 1.0040778629155847e-14
7435.5 9.819803063826346e-15
7437.0 9.598836919556327e-15
7438.5 9.48989738927493e-15
7440.0 9.380961637197254e-15
7441.5 9.674731066313137e-15
7443.0 9.968488192508713e-15
7444.5 1.0102413274442876e-14
7446.0 1.0236332802555532e-14
7447.5 1.0062557209114717e-14
