3720.0 4.0050871191870093e-16
3721.5 3.814462696809345e-16
3723.0 2.1669719244026335e-16
3724.5 2.7006469557741964e-16
3726.0 4.2193667359967744e-16
3727.5 4.407343451178494e-16
3729.0 5.047875061472875e-16
3730.5 4.2086285292647125e-16
3732.0 3.1440561026175205e-16
3733.5 2.464061164023115e-16
3735.0 2.4096741862226135e-16
3736.5 2.674232519885494e-16
3738.0 3.304759575535752e-16
3739.5 4.859320908697859e-16
3741.0 2.714010900521548e-16
3742.5 3.391508656301362e-16
3744.0 4.243450310793827e-16
3745.5 5.555408120614622e-16
3747.0 4.845289331176818e-16
3748.5 2.9844808054312994e-16
3750.0 3.0991310041075586e-16
3751.5 3.511724050916491e-16
3753.0 7.118563954312936e-16
3754.5 6.621243982429771e-16
3756.0 1.0236505653386303e-15
3757.5 1.5353782264183445e-15
3759.0 1.861375437772764e-15
3760.5 1.8849924700477527e-15
3762.0 1.4965669763205795e-15
3763.5 1.100693129893727e-15
3765.0 6.773841359882472e-16
3766.5 5.639043898082112e-16
3768.0 5.667967118223378e-16
3769.5 6.2247351456365815e-16
3771.0 5.36566868545886e-16
3772.5 5.114597861018298e-16
3774.0 4.644345638491924e-16
3775.5 3.8834524467381756e-16
3777.0 3.3725635216028454e-16
3778.5 3.2983295621353124e-16
3780.0 4.769100409264519e-16
3781.5 5.082553388939407e-16
3783.0 3.461690030552665e-16
3784.5 2.695105695115003e-16
3786.0 3.3603011252870166e-16
3787.5 3.8765893626476355e-16
3789.0 4.313431214691526e-16
3790.5 3.377887494792543e-16
3792.0 2.700804272539833e-16
3793.5 3.995300000520906e-16
3795.0 4.4304624873551997e-16
3796.5 3.42288993394406e-16
3798.0 3.571453305965479e-16
3799.5 4.839597195017355e-16
3801.0 5.328100653657453e-16
3802.5 4.3398266822847194e-16
3804.0 3.40590001197031e-16
3805.5 3.2071738548389407e-16
3807.0 2.756883967314248e-16
3808.5 3.0963998608325777e-16
3810.0 3.951990055294386e-16
3811.5 4.032088157479344e-16
3813.0 4.708810405432427e-16
3814.5 5.371990774484876e-16
3816.0 3.790901586845275e-16
3817.5 4.083035893554422e-16
3819.0 5.656976656392649e-16
3820.5 5.126975369577704e-16
3822.0 5.774912752909169e-16
3823.5 4.3494866535625115e-16
3825.0 3.1192928403456994e-16
3826.5 4.96794365169946e-16
3828.0 4.97570748397262e-16
3829.5 4.2000296558146773e-16
3831.0 3.7028618084175146e-16
3832.5 3.814963212810579e-16
3834.0 4.2016777905239986e-16
3835.5 5.613299791575255e-16
3837.0 6.034404519362211e-16
3838.5 6.034864595894485e-16
3840.0 4.2723681886293165e-16
3841.5 3.6700661375372223e-16
3843.0 3.7113797362785236e-16
3844.5 4.67894949055517e-16
3846.0 5.200282604697084e-16
3847.5 4.0854865122082067e-16
3849.0 2.3831674243138526e-16
3850.5 2.398903980586342e-16
3852.0 3.271611498269714e-16
3853.5 3.815864186383308e-16
3855.0 3.310502897461617e-16
3856.5 3.474898761093986e-16
3858.0 3.577828248259697e-16
3859.5 3.4107237962867085e-16
3861.0 3.5170121330735575e-16
3862.5 4.147176368842247e-16
3864.0 3.7438183576139513e-16
3865.5 2.5860267420228e-16
3867.0 2.7084055614114383e-16
3868.5 3.320960343472144e-16
3870.0 3.4051736081842514e-16
3871.5 2.9162144409273914e-16
3873.0 2.792020870767993e-16
3874.5 2.6842716766099105e-16
3876.0 2.937930261041271e-16
3877.5 3.3788200850349326e-16
3879.0 2.944474877634735e-16
3880.5 2.6183072088890254e-16
3882.0 2.601900199103592e-16
3883.5 3.7890430733066057e-16
3885.0 3.6465194761908586e-16
3886.5 2.2082206002486976e-16
3888.0 8.806534714718501e-17
3889.5 3.0144613332202773e-16
3891.0 4.632521352834084e-16
3892.5 3.0427580118851934e-16
3894.0 4.2563460923427386e-16
3895.5 3.652715353955163e-16
3897.0 2.692246066933594e-16
3898.5 3.890189044983262e-16
3900.0 3.663072894386836e-16
3901.5 4.2434758667123696e-16
3903.0 4.300550111591008e-16
3904.5 3.240788009392235e-16
3906.0 1.7951636365234535e-16
3907.5 2.773113116271978e-16
3909.0 3.6056051074634973e-16
3910.5 3.562445505023589e-16
3912.0 4.356281640761374e-16
3913.5 3.984402292459072e-16
3915.0 2.3903797295918337e-16
3916.5 2.3296861665813013e-16
3918.0 3.3100365288024154e-16
3919.5 3.972835521965194e-16
3921.0 3.7199766172159526e-16
3922.5 4.626905580009674e-16
3924.0 6.076858859749978e-16
3925.5 5.04640583435464e-16
3927.0 3.818173955225091e-16
3928.5 3.69609658254819e-16
3930.0 3.432282849982154e-16
3931.5 3.971965595232749e-16
3933.0 3.97805433260019e-16
3934.5 4.0103324399988263e-16
3936.0 4.513356173729357e-16
3937.5 5.090164770354583e-16
3939.0 5.14292954897319e-16
3940.5 4.498206280855548e-16
3942.0 4.589445598952796e-16
3943.5 6.069439979516316e-16
3945.0 5.678099642819989e-16
3946.5 5.687205640465701e-16
3948.0 6.116478523118981e-16
3949.5 6.03481582290761e-16
3951.0 7.026656200997249e-16
3952.5 7.266028780465534e-16
3954.0 6.476863416724051e-16
3955.5 7.286302374285031e-16
3957.0 6.150404967291819e-16
3958.5 7.80195256045092e-16
3960.0 8.028489955390015e-16
3961.5 8.21465979276687e-16
3963.0 8.495206169380347e-16
3964.5 7.734890397128847e-16
3966.0 7.118262267493789e-16
3967.5 7.65031796218125e-16
3969.0 8.216833990863431e-16
3970.5 8.377189148360366e-16
3972.0 8.896803364636384e-16
3973.5 8.520054244733482e-16
3975.0 9.719891562700227e-16
3976.5 9.717600726084094e-16
3978.0 9.080066278397077e-16
3979.5 9.3614471622003e-16
3981.0 1.0162586753508492e-15
3982.5 1.0206944524598557e-15
3984.0 1.0257694752384685e-15
3985.5 1.0669749780312126e-15
3987.0 1.0251561716982256e-15
3988.5 9.779921678375445e-16
3990.0 9.675249636056076e-16
3991.5 9.066589583261383e-16
3993.0 8.998365046915308e-16
3994.5 8.994613157309853e-16
3996.0 9.5825366811368e-16
3997.5 9.945349811539092e-16
3999.0 9.67886032346032e-16
4000.5 9.315184793116878e-16
4002.0 1.0239641735967567e-15
4003.5 1.1125521302038591e-15
4005.0 1.0716295169244937e-15
4006.5 9.627131586708475e-16
4008.0 9.417610760928251e-16
4009.5 9.605290031108752e-16
4011.0 9.426759307354001e-16
4012.5 9.866007320234304e-16
4014.0 9.870270465273025e-16
4015.5 1.005723286958373e-15
4017.0 9.974215598841815e-16
4018.5 1.0597803483411706e-15
4020.0 9.800790909122051e-16
4021.5 9.093853460544694e-16
4023.0 1.016702915157876e-15
4024.5 9.667882750291585e-16
4026.0 9.700726242517977e-16
4027.5 9.962134619206927e-16
4029.0 1.003667087367193e-15
4030.5 1.0779571052176944e-15
4032.0 9.589243210339344e-16
4033.5 1.007147523963004e-15
4035.0 9.416428564572323e-16
4036.5 9.891043255996156e-16
4038.0 1.0200495006179626e-15
4039.5 1.0823885113509755e-15
4041.0 1.0277174153057463e-15
4042.5 8.740455219299893e-16
4044.0 9.21896592348828e-16
4045.5 9.824742367878933e-16
4047.0 1.0230214849860825e-15
4048.5 1.0002849433117738e-15
4050.0 9.501413404700616e-16
4051.5 9.16780200988887e-16
4053.0 1.0820386707368529e-15
4054.5 1.1050690642543584e-15
4056.0 1.1055411444731677e-15
4057.5 1.0680080444515544e-15
4059.0 9.755034903185412e-16
4060.5 9.076283736836262e-16
4062.0 8.930878144505316e-16
4063.5 9.259769601185089e-16
4065.0 9.027587714231334e-16
4066.5 8.552840573847343e-16
4068.0 7.93439624817658e-16
4069.5 7.402049111646123e-16
4071.0 8.171174131908606e-16
4072.5 9.050566168339343e-16
4074.0 9.067628502019167e-16
4075.5 8.955485497489e-16
4077.0 9.600141663265596e-16
4078.5 9.513560700142437e-16
4080.0 9.356976183124197e-16
4081.5 9.577967982660562e-16
4083.0 9.59630862157093e-16
4084.5 9.024459717123234e-16
4086.0 9.09737238018672e-16
4087.5 1.0251596898649229e-15
4089.0 1.069182705688881e-15
4090.5 1.0994957965103286e-15
4092.0 1.0467413319018654e-15
4093.5 1.0967864572438145e-15
4095.0 1.0714295378278906e-15
4096.5 1.0455694210588545e-15
4098.0 1.1614374671716128e-15
4099.5 1.0615917171648201e-15
4101.0 1.0923084007140718e-15
4102.5 1.1591088934971411e-15
4104.0 1.1940635603049037e-15
4105.5 1.1003672244616966e-15
4107.0 1.1427246828805797e-15
4108.5 1.1581535132622702e-15
4110.0 1.0849243131058516e-15
4111.5 1.0474895588874672e-15
4113.0 9.421772028875263e-16
4114.5 1.0206156731721618e-15
4116.0 1.0485289641075996e-15
4117.5 1.083655635262716e-15
4119.0 1.0101493710960338e-15
4120.5 1.086070793108334e-15
4122.0 1.1387599517533503e-15
4123.5 1.0436222430182317e-15
4125.0 9.408810117210673e-16
4126.5 1.0100087784732252e-15
4128.0 1.0925570301792877e-15
4129.5 1.0261672438204137e-15
4131.0 9.578411798908956e-16
4132.5 9.90168645969778e-16
4134.0 1.0541446370403134e-15
4135.5 9.979621499839261e-16
4137.0 9.933168229578646e-16
4138.5 9.962001360904754e-16
4140.0 9.058167265146396e-16
4141.5 8.615295098577589e-16
4143.0 7.962418119007148e-16
4144.5 8.083522638037535e-16
4146.0 9.10630651262166e-16
4147.5 9.424579214582221e-16
4149.0 8.831669128655852e-16
4150.5 8.399146620343996e-16
4152.0 9.43463640441413e-16
4153.5 8.935654166491016e-16
4155.0 8.005333720114295e-16
4156.5 9.35628841534257e-16
4158.0 1.0506715147567412e-15
4159.5 1.0401876669234715e-15
4161.0 9.880527213467116e-16
4162.5 8.647397577071424e-16
4164.0 8.88443359198379e-16
4165.5 1.011276689569406e-15
4167.0 9.72578113308032e-16
4168.5 9.234161623670316e-16
4170.0 8.476547642337375e-16
4171.5 8.425979280756592e-16
4173.0 9.081392822322063e-16
4174.5 9.965962155589793e-16
4176.0 9.628932344648493e-16
4177.5 9.139138308654828e-16
4179.0 8.776555206539868e-16
4180.5 8.320041980148347e-16
4182.0 9.374583352979602e-16
4183.5 9.582676214469185e-16
4185.0 7.609664039548066e-16
4186.5 7.435119741686329e-16
4188.0 7.683033059972295e-16
4189.5 8.478961212443675e-16
4191.0 7.918965180550251e-16
4192.5 7.526861326813195e-16
4194.0 8.189413462208427e-16
4195.5 8.657776068287777e-16
4197.0 8.258693119825785e-16
4198.5 7.885473867991892e-16
4200.0 7.414448675920844e-16
4201.5 7.618718228694016e-16
4203.0 7.545167974967343e-16
4204.5 7.373576103230613e-16
4206.0 7.685988615284303e-16
4207.5 7.89144593673068e-16
4209.0 7.517130221956966e-16
4210.5 7.144179131368405e-16
4212.0 7.089913547436825e-16
4213.5 7.0166392740477515e-16
4215.0 6.712763312255814e-16
4216.5 6.278694114195154e-16
4218.0 6.692500802003759e-16
4219.5 7.152182664442895e-16
4221.0 6.855625198638043e-16
4222.5 6.461306021772975e-16
4224.0 6.743832284838084e-16
4225.5 6.787957611534835e-16
4227.0 5.987382921633634e-16
4228.5 6.148146738260099e-16
4230.0 6.522797105854449e-16
4231.5 6.693562612986213e-16
4233.0 6.316771507491309e-16
4234.5 6.152456961188593e-16
4236.0 6.031951488340545e-16
4237.5 5.712781030181496e-16
4239.0 6.220266680959464e-16
4240.5 5.81715720109211e-16
4242.0 5.9338860085541e-16
4243.5 6.1692939630944615e-16
4245.0 6.388595216829052e-16
4246.5 5.340959376377278e-16
4248.0 5.222353392227385e-16
4249.5 5.527204546688993e-16
4251.0 5.975576306279063e-16
4252.5 6.321394239585435e-16
4254.0 6.057956011118912e-16
4255.5 5.523518413379048e-16
4257.0 5.3218988419585e-16
4258.5 5.588175561692974e-16
4260.0 6.216216799128725e-16
4261.5 5.348706377780822e-16
4263.0 5.16628066639551e-16
4264.5 5.2903752563492285e-16
4266.0 4.874616278116725e-16
4267.5 4.763444113801413e-16
4269.0 5.462852694020306e-16
4270.5 5.289022262514713e-16
4272.0 5.279889628540297e-16
4273.5 5.802784992056678e-16
4275.0 5.806409110214222e-16
4276.5 4.670891618437838e-16
4278.0 4.775643464487455e-16
4279.5 4.523370976197859e-16
4281.0 4.768332466615743e-16
4282.5 5.068818222558067e-16
4284.0 5.274269302127582e-16
4285.5 5.195894816597022e-16
4287.0 4.945626992921352e-16
4288.5 4.77061641253378e-16
4290.0 4.8929111307639365e-16
4291.5 5.222249430564175e-16
4293.0 5.121075045276695e-16
4294.5 5.002177542495064e-16
4296.0 5.087090914927219e-16
4297.5 5.43281744501374e-16
4299.0 5.316023082647363e-16
4300.5 5.480224892359568e-16
4302.0 5.707618570130306e-16
4303.5 5.336568547824892e-16
4305.0 5.528092295511892e-16
4306.5 6.307725898088376e-16
4308.0 6.877857828142768e-16
4309.5 5.935789031925397e-16
4311.0 5.252229242647326e-16
4312.5 5.455202555913473e-16
4314.0 5.951949200470928e-16
4315.5 5.874311719529056e-16
4317.0 5.8570784164624e-16
4318.5 5.964055361723212e-16
4320.0 6.131001454886095e-16
4321.5 5.201211216280167e-16
4323.0 6.077527196701458e-16
4324.5 7.540165979415316e-16
4326.0 6.781078242799098e-16
4327.5 6.678904565613689e-16
4329.0 6.290099817345348e-16
4330.5 6.594381490991862e-16
4332.0 6.87338246331569e-16
4333.5 6.438026585870228e-16
4335.0 6.847450399385061e-16
4336.5 7.305451595091538e-16
4338.0 6.917784153375297e-16
4339.5 6.223433688124107e-16
4341.0 6.740123245335522e-16
4342.5 6.724725846210455e-16
4344.0 6.587393747040731e-16
4345.5 6.442446565924671e-16
4347.0 6.486084491645294e-16
4348.5 6.668751674435198e-16
4350.0 7.194562263664021e-16
4351.5 6.987376863343701e-16
4353.0 6.995964710373644e-16
4354.5 7.06096215430064e-16
4356.0 6.955940027194673e-16
4357.5 7.221071723403678e-16
4359.0 7.136443851126368e-16
4360.5 6.529049922017166e-16
4362.0 6.572392327209073e-16
4363.5 6.580350357367397e-16
4365.0 6.872201331586584e-16
4366.5 6.889144923577571e-16
4368.0 6.663594788499886e-16
4369.5 6.7103909446144675e-16
4371.0 6.645825099208378e-16
4372.5 7.059230246404824e-16
4374.0 7.879980166293889e-16
4375.5 8.611379433821085e-16
4377.0 8.965683378538126e-16
4378.5 8.270631140187206e-16
4380.0 7.509632066098003e-16
4381.5 6.769046860688676e-16
4383.0 6.465222077968246e-16
4384.5 6.752886815651216e-16
4386.0 6.866583888386995e-16
4387.5 6.4427864586394e-16
4389.0 6.630972510338966e-16
4390.5 7.275568156233143e-16
4392.0 6.920293638838293e-16
4393.5 7.669640775099571e-16
4395.0 8.309031064879414e-16
4396.5 7.647508088914518e-16
4398.0 7.157772485729269e-16
4399.5 7.442790633987841e-16
4401.0 7.159994077628294e-16
4402.5 7.107218437757077e-16
4404.0 6.968534770552984e-16
4405.5 7.150454889126248e-16
4407.0 7.048711579109202e-16
4408.5 6.922855958500612e-16
4410.0 6.903207897656678e-16
4411.5 7.542898363957868e-16
4413.0 7.522986194664398e-16
4414.5 7.35041490588552e-16
4416.0 7.023455526417419e-16
4417.5 6.97012344684189e-16
4419.0 7.451619164359277e-16
4420.5 8.076477798011848e-16
4422.0 7.856955542327098e-16
4423.5 7.161491117061354e-16
4425.0 6.523604292666421e-16
4426.5 6.807789613048283e-16
4428.0 7.645998819805704e-16
4429.5 8.12615504898923e-16
4431.0 8.0398653686228e-16
4432.5 7.631275762628103e-16
4434.0 7.281396303013854e-16
4435.5 6.496478609225785e-16
4437.0 6.522617800319364e-16
4438.5 7.492953431180696e-16
4440.0 7.522458818538982e-16
4441.5 7.018473006786162e-16
4443.0 7.12751819866622e-16
4444.5 7.407684095777475e-16
4446.0 7.570579802439845e-16
4447.5 7.627800421203748e-16
4449.0 7.756033097791952e-16
4450.5 8.395801014658329e-16
4452.0 8.107091236209338e-16
4453.5 7.54589989772058e-16
4455.0 7.343353325105848e-16
4456.5 7.07446900862156e-16
4458.0 7.630447594925808e-16
4459.5 7.772670310521636e-16
4461.0 8.217146356437976e-16
4462.5 7.010520091061149e-16
4464.0 7.388231618168335e-16
4465.5 7.468828900295015e-16
4467.0 6.259282664816259e-16
4468.5 6.981122642822899e-16
4470.0 7.101761254281662e-16
4471.5 6.580529826519446e-16
4473.0 7.507739521323464e-16
4474.5 7.076498739607188e-16
4476.0 6.281106626640653e-16
4477.5 6.819219333050455e-16
4479.0 6.829568771030613e-16
4480.5 7.11283465530005e-16
4482.0 7.519433146494359e-16
4483.5 6.945971567599408e-16
4485.0 6.394757125399666e-16
4486.5 6.287145867155845e-16
4488.0 6.81295327035964e-16
4489.5 6.507012724953036e-16
4491.0 6.273487011233001e-16
4492.5 5.638574467700305e-16
4494.0 5.53067355277646e-16
4495.5 5.855860286448146e-16
4497.0 6.615449554285617e-16
4498.5 6.466995736821301e-16
4500.0 6.641731647134573e-16
4501.5 6.33008417114714e-16
4503.0 6.289975864413681e-16
4504.5 6.007732249382232e-16
4506.0 6.323948212418484e-16
4507.5 6.398195456170031e-16
4509.0 6.5618711764048e-16
4510.5 6.809052188100157e-16
4512.0 6.388977026176252e-16
4513.5 6.017242619868934e-16
4515.0 6.125674387649531e-16
4516.5 6.413113917357469e-16
4518.0 6.555972849955723e-16
4519.5 6.126591810804119e-16
4521.0 6.113765349016156e-16
4522.5 6.474265302812645e-16
4524.0 6.554367642624466e-16
4525.5 6.457445169448063e-16
4527.0 6.583864079911467e-16
4528.5 6.33288973057776e-16
4530.0 6.614047639760506e-16
4531.5 6.441744713981157e-16
4533.0 6.661860304007848e-16
4534.5 7.47761895677028e-16
4536.0 6.911494054705209e-16
4537.5 7.127402838652552e-16
4539.0 7.435737486333169e-16
4540.5 7.5427414130844e-16
4542.0 8.448639499631099e-16
4543.5 8.048295907970154e-16
4545.0 8.262536328227426e-16
4546.5 7.65661209318052e-16
4548.0 7.963878025835811e-16
4549.5 8.652954561301734e-16
4551.0 8.663020505910655e-16
4552.5 8.858746453118189e-16
4554.0 8.805529259789233e-16
4555.5 9.438405229712644e-16
4557.0 1.0155920021343762e-15
4558.5 1.0126325348012832e-15
4560.0 1.0052283662677303e-15
4561.5 1.0602244207035845e-15
4563.0 1.0929243145063106e-15
4564.5 1.1080903625473748e-15
4566.0 1.1246144314831137e-15
4567.5 1.2440420590709702e-15
4569.0 1.2649074395062748e-15
4570.5 1.2255981637237552e-15
4572.0 1.2876126429149753e-15
4573.5 1.3282729838775332e-15
4575.0 1.357393376693671e-15
4576.5 1.3514687184411798e-15
4578.0 1.3289072835308896e-15
4579.5 1.3265525399641701e-15
4581.0 1.3537613353565281e-15
4582.5 1.3629852275106494e-15
4584.0 1.3737610708869688e-15
4585.5 1.3736476818408327e-15
4587.0 1.3986420923817795e-15
4588.5 1.4033898594996164e-15
4590.0 1.315775021395237e-15
4591.5 1.3125263013159237e-15
4593.0 1.3515542344339299e-15
4594.5 1.3415462194025266e-15
4596.0 1.3685636521070814e-15
4597.5 1.3854909630344513e-15
4599.0 1.3622364647837195e-15
4600.5 1.392732255947121e-15
4602.0 1.4066397204345718e-15
4603.5 1.4191130210555242e-15
4605.0 1.4106891441109078e-15
4606.5 1.3564003827195915e-15
4608.0 1.3119857378084123e-15
4609.5 1.396142349707025e-15
4611.0 1.4573204021978017e-15
4612.5 1.3251838275555945e-15
4614.0 1.3355125746976647e-15
4615.5 1.4176549583573415e-15
4617.0 1.4220437464016116e-15
4618.5 1.5123998279274375e-15
4620.0 1.5473944089094772e-15
4621.5 1.435650233778029e-15
4623.0 1.3592703326041537e-15
4624.5 1.3365335638305423e-15
4626.0 1.3680387009296551e-15
4627.5 1.3004357890965788e-15
4629.0 1.3571792070263295e-15
4630.5 1.383661392920034e-15
4632.0 1.4168742706073346e-15
4633.5 1.503338139686371e-15
4635.0 1.4437112783838748e-15
4636.5 1.4819387158293246e-15
4638.0 1.4710406212989035e-15
4639.5 1.494434805830264e-15
4641.0 1.5055178858470416e-15
4642.5 1.5059816945908657e-15
4644.0 1.5356189297834e-15
4645.5 1.5556917872359244e-15
4647.0 1.5801462648379383e-15
4648.5 1.5391826251342135e-15
4650.0 1.4732613266735739e-15
4651.5 1.5141580797116194e-15
4653.0 1.5870743685578765e-15
4654.5 1.612461118952707e-15
4656.0 1.6344010781702664e-15
4657.5 1.6951201983781528e-15
4659.0 1.6671881642901342e-15
4660.5 1.6088013789827189e-15
4662.0 1.6288441428125434e-15
4663.5 1.6201858830118648e-15
4665.0 1.5735497515742413e-15
4666.5 1.5725040239295849e-15
4668.0 1.54843365606855e-15
4669.5 1.5478945571140768e-15
4671.0 1.6058664650105331e-15
4672.5 1.6222456362309229e-15
4674.0 1.6203482763041341e-15
4675.5 1.5817394481670466e-15
4677.0 1.5944371000646137e-15
4678.5 1.6391834864181046e-15
4680.0 1.6333900026797387e-15
4681.5 1.5969266398331215e-15
4683.0 1.600313916182649e-15
4684.5 1.5481319220431174e-15
4686.0 1.5475927536294702e-15
4687.5 1.5953993560939722e-15
4689.0 1.6596981842692498e-15
4690.5 1.621368005778412e-15
4692.0 1.5409925819163342e-15
4693.5 1.5783037906537477e-15
4695.0 1.605262972552064e-15
4696.5 1.5651420008474258e-15
4698.0 1.537771639461744e-15
4699.5 1.4883171082038533e-15
4701.0 1.4441042808026241e-15
4702.5 1.432240755425385e-15
4704.0 1.4721721404379945e-15
4705.5 1.4006849310212203e-15
4707.0 1.3928787229777376e-15
4708.5 1.440455213677953e-15
4710.0 1.3950789069672724e-15
4711.5 1.4213140369463826e-15
4713.0 1.4471712182169677e-15
4714.5 1.420135330518403e-15
4716.0 1.3447600409124543e-15
4717.5 1.3451622609873923e-15
4719.0 1.331261940651175e-15
4720.5 1.2923713841946305e-15
4722.0 1.268795529385255e-15
4723.5 1.2188658276440474e-15
4725.0 1.1733367733203495e-15
4726.5 1.1466589611618229e-15
4728.0 1.0754482963370027e-15
4729.5 1.0371373012504503e-15
4731.0 1.0223329600846908e-15
4732.5 1.0517847640104231e-15
4734.0 1.1104035520681314e-15
4735.5 1.0883762633003247e-15
4737.0 1.062755424081554e-15
4738.5 1.058305498623576e-15
4740.0 1.0467687295495881e-15
4741.5 1.005168438543596e-15
4743.0 9.933436383274514e-16
4744.5 9.83659537698551e-16
4746.0 9.615392760599884e-16
4747.5 9.380037186358007e-16
4749.0 9.30408137522632e-16
4750.5 9.162797409060101e-16
4752.0 9.295159901963046e-16
4753.5 9.452855187135537e-16
4755.0 9.316060194690857e-16
4756.5 8.92171302418813e-16
4758.0 9.901729506653333e-16
4759.5 9.804078594288955e-16
4761.0 8.562589227827718e-16
4762.5 7.902011512979061e-16
4764.0 8.06457125690078e-16
4765.5 8.408063353036318e-16
4767.0 7.772849145465241e-16
4768.5 7.711686379551103e-16
4770.0 8.216865175849067e-16
4771.5 8.394324550865193e-16
4773.0 8.372520438364682e-16
4774.5 8.304472138329169e-16
4776.0 8.068004822942314e-16
4777.5 8.18718511991691e-16
4779.0 8.051821418956465e-16
4780.5 8.23955502247273e-16
4782.0 8.486952970715768e-16
4783.5 8.506586693013221e-16
4785.0 8.05401058416776e-16
4786.5 7.964174588262298e-16
4788.0 7.872528816012655e-16
4789.5 7.419065477751998e-16
4791.0 7.62836405272372e-16
4792.5 7.263108025241164e-16
4794.0 6.889508167897841e-16
4795.5 6.611379068186457e-16
4797.0 6.561342868869773e-16
4798.5 6.692404154444648e-16
4800.0 6.35226692942409e-16
4801.5 6.443697714423515e-16
4803.0 6.968795351312387e-16
4804.5 7.161486323289698e-16
4806.0 6.911211262532366e-16
4807.5 6.442249537792614e-16
4809.0 6.198375852232205e-16
4810.5 6.776251311166518e-16
4812.0 7.234436238477975e-16
4813.5 7.074490919787438e-16
4815.0 7.027120468766241e-16
4816.5 6.860406897212709e-16
4818.0 6.787586274862561e-16
4819.5 7.039482486403465e-16
4821.0 7.739319979756562e-16
4822.5 7.706693845469056e-16
4824.0 7.992937114501784e-16
4825.5 8.417870027415038e-16
4827.0 8.918197877369997e-16
4828.5 9.190172952354379e-16
4830.0 9.26770273891867e-16
4831.5 1.0001369314375918e-15
4833.0 1.0030070583469787e-15
4834.5 9.1845096999653e-16
4836.0 9.929047858385851e-16
4837.5 9.777660253983075e-16
4839.0 1.0732143619718986e-15
4840.5 1.1591827940766605e-15
4842.0 1.1352466121781718e-15
4843.5 1.1230910369907775e-15
4845.0 1.2485386791567738e-15
4846.5 1.2159450911237884e-15
4848.0 1.3034737055453884e-15
4849.5 1.2774451143655152e-15
4851.0 1.3339248760653272e-15
4852.5 1.325155057918841e-15
4854.0 1.410299919143288e-15
4855.5 1.4407940078681824e-15
4857.0 1.4444736509725851e-15
4858.5 1.467875907422856e-15
4860.0 1.4669859374488506e-15
4861.5 1.4241968390584591e-15
4863.0 1.36499206643227e-15
4864.5 1.4027098002369368e-15
4866.0 1.3999667254289598e-15
4867.5 1.4359763112866041e-15
4869.0 1.4327713618620464e-15
4870.5 1.4521369562565453e-15
4872.0 1.4591390215909915e-15
4873.5 1.452063175686463e-15
4875.0 1.4317147466154188e-15
4876.5 1.4736029738179544e-15
4878.0 1.4585832958398343e-15
4879.5 1.4161846253195686e-15
4881.0 1.4254913494163727e-15
4882.5 1.4434269459166513e-15
4884.0 1.4299963856308422e-15
4885.5 1.4307909098946718e-15
4887.0 1.420716499172795e-15
4888.5 1.3723561329292691e-15
4890.0 1.3627448970405112e-15
4891.5 1.4206033719320598e-15
4893.0 1.42867531431276e-15
4894.5 1.4096213765498434e-15
4896.0 1.438923478117254e-15
4897.5 1.5542678637703772e-15
4899.0 1.7502567215020355e-15
4900.5 1.9534139449794675e-15
4902.0 1.980468012659242e-15
4903.5 1.853979471337842e-15
4905.0 1.7557861276790564e-15
4906.5 1.694939510205056e-15
4908.0 1.6995404310602885e-15
4909.5 1.7102374506148102e-15
4911.0 1.6216271657960885e-15
4912.5 1.705874298358802e-15
4914.0 1.741660612659797e-15
4915.5 1.7655963710750693e-15
4917.0 1.6655001546932093e-15
4918.5 1.7072941521247269e-15
4920.0 1.7430441749323755e-15
4921.5 1.726476295376522e-15
4923.0 1.8279593811799868e-15
4924.5 1.8474970004411447e-15
4926.0 1.778187835682582e-15
4927.5 1.7498394102933481e-15
4929.0 1.7388537540717187e-15
4930.5 1.7869441076651558e-15
4932.0 1.7693288466608604e-15
4933.5 1.7650047318000609e-15
4935.0 1.840012340708263e-15
4936.5 1.7790059322422145e-15
4938.0 1.7355753337076989e-15
4939.5 1.6870716799007338e-15
4941.0 1.6529726317530288e-15
4942.5 1.6384378812755574e-15
4944.0 1.6967118226362753e-15
4945.5 1.70317256105128e-15
4947.0 1.6763359778455671e-15
4948.5 1.6407326500107455e-15
4950.0 1.5726713986884774e-15
4951.5 1.5420725981251992e-15
4953.0 1.5646268078811669e-15
4954.5 1.553191750094415e-15
4956.0 1.5178433593062643e-15
4957.5 1.449656349059238e-15
4959.0 1.417406436982073e-15
4960.5 1.467394477487901e-15
4962.0 1.452025090566628e-15
4963.5 1.3760667630931375e-15
4965.0 1.3537548425820487e-15
4966.5 1.326093009158955e-15
4968.0 1.2435523859778387e-15
4969.5 1.2123530333938967e-15
4971.0 1.175130543787761e-15
4972.5 1.2006191280157318e-15
4974.0 1.3041156373495971e-15
4975.5 1.2296985740404826e-15
4977.0 1.1498072562863325e-15
4978.5 1.1318518653120954e-15
4980.0 1.1692146911851989e-15
4981.5 1.1533461637048511e-15
4983.0 1.133798087226531e-15
4984.5 1.2507776100259993e-15
4986.0 1.2688970268188956e-15
4987.5 1.2659508274301316e-15
4989.0 1.2236903569942265e-15
4990.5 1.1752919475880634e-15
4992.0 1.1859876376016266e-15
4993.5 1.2319503803909797e-15
4995.0 1.3101393231253771e-15
4996.5 1.3651235772227199e-15
4998.0 1.4196019929180563e-15
4999.5 1.488045857352361e-15
5001.0 1.4309436307525491e-15
5002.5 1.4918539711447055e-15
5004.0 1.438519474139853e-15
5005.5 1.4054754041157713e-15
5007.0 1.385736748205783e-15
5008.5 1.4396263286788956e-15
5010.0 1.5184822635127345e-15
5011.5 1.5388310480461836e-15
5013.0 1.570652202241953e-15
5014.5 1.5727674510610934e-15
5016.0 1.5088895924997003e-15
5017.5 1.5462901629259422e-15
5019.0 1.6211630786357319e-15
5020.5 1.583504672814773e-15
5022.0 1.5373169184384688e-15
5023.5 1.581543920813293e-15
5025.0 1.662714797751145e-15
5026.5 1.6813006782339093e-15
5028.0 1.6139815368765297e-15
5029.5 1.5838873825699697e-15
5031.0 1.6095609667220618e-15
5032.5 1.6375846916166655e-15
5034.0 1.6229269355035123e-15
5035.5 1.5864871053657483e-15
5037.0 1.558150916927064e-15
5038.5 1.6129993161661164e-15
5040.0 1.6440222523385362e-15
5041.5 1.6094135223442948e-15
5043.0 1.6017590550440606e-15
5044.5 1.7253895565390084e-15
5046.0 1.8478803604600024e-15
5047.5 1.9003070734656313e-15
5049.0 1.897550069394207e-15
5050.5 1.885187098339695e-15
5052.0 1.879706027372587e-15
5053.5 1.6789291549162894e-15
5055.0 1.6107577992175166e-15
5056.5 1.6231488927625985e-15
5058.0 1.6140220072481899e-15
5059.5 1.5584435178357574e-15
5061.0 1.5472464466235656e-15
5062.5 1.4908610834933436e-15
5064.0 1.4939172480688288e-15
5065.5 1.4532503383698432e-15
5067.0 1.5055944743597239e-15
5068.5 1.5116195554632757e-15
5070.0 1.4864330687926488e-15
5071.5 1.4940926049992627e-15
5073.0 1.4790976054120573e-15
5074.5 1.4079877386051328e-15
5076.0 1.4310498343947487e-15
5077.5 1.4299845961494948e-15
5079.0 1.3244081155785061e-15
5080.5 1.3116520281306359e-15
5082.0 1.2399801770718665e-15
5083.5 1.225347721982079e-15
5085.0 1.2589721777785746e-15
5086.5 1.2582537214252405e-15
5088.0 1.2055019546367335e-15
5089.5 1.1980261410210749e-15
5091.0 1.2135710134907183e-15
5092.5 1.1766162225138239e-15
5094.0 1.135488908763291e-15
5095.5 1.079117982736635e-15
5097.0 1.032361903696563e-15
5098.5 1.0461221611937492e-15
5100.0 1.0729218180304101e-15
5101.5 1.0942638970980531e-15
5103.0 1.0434625711474963e-15
5104.5 9.928359333451003e-16
5106.0 9.780640107495693e-16
5107.5 9.69306674596251e-16
5109.0 9.422560984660534e-16
5110.5 9.373875339393295e-16
5112.0 9.584667685558741e-16
5113.5 9.47198602306015e-16
5115.0 9.29463493164559e-16
5116.5 8.799537389123207e-16
5118.0 8.716629885336467e-16
5119.5 8.85403341498718e-16
5121.0 8.672941718952961e-16
5122.5 8.628300816420202e-16
5124.0 8.388909564128294e-16
5125.5 8.315244692814809e-16
5127.0 8.421131825015407e-16
5128.5 8.178949482784786e-16
5130.0 8.28478143939054e-16
5131.5 8.205750643268433e-16
5133.0 8.289277988447925e-16
5134.5 8.164802720398761e-16
5136.0 7.886367040050755e-16
5137.5 8.7612086876131105e-16
5139.0 8.644604004828606e-16
5140.5 7.892654555058122e-16
5142.0 8.206804586196808e-16
5143.5 8.483197709295204e-16
5145.0 7.826472404442628e-16
5146.5 7.595704273674385e-16
5148.0 8.102651119159854e-16
5149.5 8.782026627787295e-16
5151.0 8.841034984918441e-16
5152.5 8.831931852474372e-16
5154.0 8.965014875871875e-16
5155.5 8.786756477716843e-16
5157.0 8.906929852025524e-16
5158.5 9.18626939481719e-16
5160.0 9.273005279909367e-16
5161.5 9.663540725376778e-16
5163.0 9.693008316366218e-16
5164.5 9.840758659675312e-16
5166.0 9.867725108377598e-16
5167.5 1.0012829446555984e-15
5169.0 1.02015767196533e-15
5170.5 1.0148376261585714e-15
5172.0 1.0416612964129296e-15
5173.5 1.0668267819934663e-15
5175.0 1.078450463615775e-15
5176.5 1.0555724514288721e-15
5178.0 1.089106104677611e-15
5179.5 1.1294572281641697e-15
5181.0 1.082395860286593e-15
5182.5 1.0946359004619005e-15
5184.0 1.1299312065811778e-15
5185.5 1.1600124165723702e-15
5187.0 1.1732407009840694e-15
5188.5 1.164533373252941e-15
5190.0 1.1516485622724773e-15
5191.5 1.126763778664892e-15
5193.0 1.1239520553084526e-15
5194.5 1.175279224835292e-15
5196.0 1.2026042340728657e-15
5197.5 1.1865019142815687e-15
5199.0 1.200675238470008e-15
5200.5 1.2025933212917624e-15
5202.0 1.2083687251933859e-15
5203.5 1.2458120638032622e-15
5205.0 1.246226465831075e-15
5206.5 1.2160824445177616e-15
5208.0 1.1534539373307542e-15
5209.5 1.2006968803392078e-15
5211.0 1.28168956209257e-15
5212.5 1.2370373698746584e-15
5214.0 1.3232663858720326e-15
5215.5 1.3627656407810733e-15
5217.0 1.288723335191926e-15
5218.5 1.2345202966307003e-15
5220.0 1.325075884382884e-15
5221.5 1.4095230392298445e-15
5223.0 1.3099549082693731e-15
5224.5 1.2414520501415521e-15
5226.0 1.2588874899032165e-15
5227.5 1.2824357179393604e-15
5229.0 1.3262510826250544e-15
5230.5 1.288439063382658e-15
5232.0 1.2456554204661472e-15
5233.5 1.30055491145227e-15
5235.0 1.2983376396408188e-15
5236.5 1.2945337556975413e-15
5238.0 1.2913690379384504e-15
5239.5 1.2848075474968634e-15
5241.0 1.3176671853711438e-15
5242.5 1.3491621565941493e-15
5244.0 1.3232737163614219e-15
5245.5 1.3055427666630482e-15
5247.0 1.3061795175220423e-15
5248.5 1.2992568073067278e-15
5250.0 1.2826245651961667e-15
5251.5 1.3056622983769725e-15
5253.0 1.309130987011938e-15
5254.5 1.311726546834425e-15
5256.0 1.3251806420524852e-15
5257.5 1.288866560216778e-15
5259.0 1.2827866946215449e-15
5260.5 1.320063860525317e-15
5262.0 1.3296737321892055e-15
5263.5 1.3102666252960484e-15
5265.0 1.3413134753638097e-15
5266.5 1.3230885822807204e-15
5268.0 1.248645537602725e-15
5269.5 1.2228673136807287e-15
5271.0 1.2375337647691881e-15
5272.5 1.2321060551413616e-15
5274.0 1.2425465143194137e-15
5275.5 1.2411523797874353e-15
5277.0 1.2255088561335622e-15
5278.5 1.2263606576968937e-15
5280.0 1.2613817789108873e-15
5281.5 1.2446536223550347e-15
5283.0 1.2195414008498774e-15
5284.5 1.2298740661129457e-15
5286.0 1.2093920632134035e-15
5287.5 1.1918264843149304e-15
5289.0 1.2098090841624502e-15
5290.5 1.2380152865585206e-15
5292.0 1.19817198313358e-15
5293.5 1.2124720584877574e-15
5295.0 1.180195541727254e-15
5296.5 1.162165442595037e-15
5298.0 1.207241380837638e-15
5299.5 1.203030073554801e-15
5301.0 1.216381584287981e-15
5302.5 1.224562727585204e-15
5304.0 1.203108791618648e-15
5305.5 1.2362968639165037e-15
5307.0 1.2743015997546859e-15
5308.5 1.2838207078717612e-15
5310.0 1.2909143690745424e-15
5311.5 1.2599852177582816e-15
5313.0 1.2276218732597416e-15
5314.5 1.2934330024926794e-15
5316.0 1.3715241017292256e-15
5317.5 1.3839958929103589e-15
5319.0 1.3846417201168686e-15
5320.5 1.3454736453397564e-15
5322.0 1.3121242443985736e-15
5323.5 1.3091458763655586e-15
5325.0 1.3276893902722002e-15
5326.5 1.3553338403643802e-15
5328.0 1.3558315946536211e-15
5329.5 1.4057064806362703e-15
5331.0 1.38857483392352e-15
5332.5 1.3204852471326866e-15
5334.0 1.3666256514517542e-15
5335.5 1.3866743375173771e-15
5337.0 1.3536620726246783e-15
5338.5 1.3842665911790541e-15
5340.0 1.4419776575561056e-15
5341.5 1.4162377168601588e-15
5343.0 1.330938761574868e-15
5344.5 1.3932709101508159e-15
5346.0 1.4561208485409336e-15
5347.5 1.439779514901222e-15
5349.0 1.432027270647387e-15
5350.5 1.400350094110867e-15
5352.0 1.3936195999482342e-15
5353.5 1.4394354772472906e-15
5355.0 1.4507613423604013e-15
5356.5 1.4646585869464096e-15
5358.0 1.5240619366718856e-15
5359.5 1.4779662530037365e-15
5361.0 1.4457835173770282e-15
5362.5 1.501623112876829e-15
5364.0 1.4407501251735058e-15
5365.5 1.4234154906150875e-15
5367.0 1.4972518837552744e-15
5368.5 1.4135703297354164e-15
5370.0 1.4135677017326516e-15
5371.5 1.4768376543616528e-15
5373.0 1.4737098365995323e-15
5374.5 1.445858767166645e-15
5376.0 1.4853355104459206e-15
5377.5 1.4405932882576366e-15
5379.0 1.428245301367753e-15
5380.5 1.4614836555703263e-15
5382.0 1.443250510074607e-15
5383.5 1.47412863368032e-15
5385.0 1.462354783948946e-15
5386.5 1.4304730754449962e-15
5388.0 1.4397648896937883e-15
5389.5 1.4581487369053703e-15
5391.0 1.4957677469460728e-15
5392.5 1.4813714391669284e-15
5394.0 1.4770554268212012e-15
5395.5 1.4905192066297444e-15
5397.0 1.5197966594509275e-15
5398.5 1.5436987711257714e-15
5400.0 1.5203503440766035e-15
5401.5 1.560850391188193e-15
5403.0 1.5719743692692343e-15
5404.5 1.5635792584957752e-15
5406.0 1.5794494972477212e-15
5407.5 1.5649062954026248e-15
5409.0 1.5320359239137368e-15
5410.5 1.5189493414644967e-15
5412.0 1.5348723547820387e-15
5413.5 1.5749504887512645e-15
5415.0 1.5648050225980136e-15
5416.5 1.5738139512394816e-15
5418.0 1.5579888604424183e-15
5419.5 1.542376892352395e-15
5421.0 1.5705807978499657e-15
5422.5 1.4620860684337393e-15
5424.0 1.5121068816299466e-15
5425.5 1.6178272173378804e-15
5427.0 1.5668337480381593e-15
5428.5 1.5338358912038327e-15
5430.0 1.4974852207121748e-15
5431.5 1.4564232582193553e-15
5433.0 1.5787870815075845e-15
5434.5 1.6638248064456568e-15
5436.0 1.5621867177719096e-15
5437.5 1.545592371172014e-15
5439.0 1.5062961336168156e-15
5440.5 1.4944269237269466e-15
5442.0 1.4903802317310572e-15
5443.5 1.5545219984568065e-15
5445.0 1.4798147514517188e-15
5446.5 1.456220628607674e-15
5448.0 1.4479198361846891e-15
5449.5 1.4795204581138365e-15
5451.0 1.491190832942009e-15
5452.5 1.459311207308983e-15
5454.0 1.4058286305786453e-15
5455.5 1.3984320616842501e-15
5457.0 1.4203002803094257e-15
5458.5 1.4136995681602292e-15
5460.0 1.3922660662144912e-15
5461.5 1.359417221123396e-15
5463.0 1.3783773706707891e-15
5464.5 1.356818942936856e-15
5466.0 1.3691793742455058e-15
5467.5 1.4382020788665982e-15
5469.0 1.4048256714759607e-15
5470.5 1.3706764029577477e-15
5472.0 1.3636117120620702e-15
5473.5 1.337261932157146e-15
5475.0 1.3297846841818836e-15
5476.5 1.3533773786135239e-15
5478.0 1.358830495663096e-15
5479.5 1.3484045861985595e-15
5481.0 1.353168182412454e-15
5482.5 1.347303774889081e-15
5484.0 1.3400184107075155e-15
5485.5 1.3393622323583743e-15
5487.0 1.2920932658580216e-15
5488.5 1.3089163565893487e-15
5490.0 1.3333215749761534e-15
5491.5 1.2940629371053901e-15
5493.0 1.340175717642869e-15
5494.5 1.3058923504300794e-15
5496.0 1.3302319176535754e-15
5497.5 1.3749729044873025e-15
5499.0 1.4667298882363455e-15
5500.5 1.408355208387283e-15
5502.0 1.3601413236724378e-15
5503.5 1.419329960473411e-15
5505.0 1.3713619202716927e-15
5506.5 1.4719409462984464e-15
5508.0 1.490494261784906e-15
5509.5 1.5260104604810717e-15
5511.0 1.5102641204228297e-15
5512.5 1.4711414830842424e-15
5514.0 1.4865022011920625e-15
5515.5 1.5618341344728571e-15
5517.0 1.6487709719066107e-15
5518.5 1.5818109395535333e-15
5520.0 1.5559208279234003e-15
5521.5 1.5676103630714173e-15
5523.0 1.5853839135789598e-15
5524.5 1.5511639834553648e-15
5526.0 1.575583191050629e-15
5527.5 1.6711344263840987e-15
5529.0 1.6926457744628378e-15
5530.5 1.6137518126334377e-15
5532.0 1.5791430375762319e-15
5533.5 1.6229544153461982e-15
5535.0 1.6162947592678683e-15
5536.5 1.5769297722017964e-15
5538.0 1.60077206868568e-15
5539.5 1.596837017769052e-15
5541.0 1.5986035584138306e-15
5542.5 1.6203562653573519e-15
5544.0 1.6335775365902446e-15
5545.5 1.6138637787370284e-15
5547.0 1.5783092227081874e-15
5548.5 1.5929399342950627e-15
5550.0 1.6287196257715717e-15
5551.5 1.6345859707769909e-15
5553.0 1.6035160921972675e-15
5554.5 1.6291324191678958e-15
5556.0 1.6469602906019194e-15
5557.5 1.5793824630771316e-15
5559.0 1.5655540237930413e-15
5560.5 1.6346060028364214e-15
5562.0 1.6605792268645706e-15
5563.5 1.6152754928672395e-15
5565.0 1.5904619378038028e-15
5566.5 1.5511576340026824e-15
5568.0 1.5768339225435748e-15
5569.5 1.5497559886844377e-15
5571.0 1.5605484112558965e-15
5572.5 1.5184306379944355e-15
5574.0 1.5212049417817122e-15
5575.5 1.645661070220623e-15
5577.0 1.6184364253064977e-15
5578.5 1.5933418961641232e-15
5580.0 1.5442059772444174e-15
5581.5 1.4684459639193031e-15
5583.0 1.4703632741405322e-15
5584.5 1.4508766684035854e-15
5586.0 1.432089893961956e-15
5587.5 1.4299836296165546e-15
5589.0 1.416164885741044e-15
5590.5 1.3794939168996525e-15
5592.0 1.4043818659035122e-15
5593.5 1.3738969508936564e-15
5595.0 1.329605107839733e-15
5596.5 1.422388770455716e-15
5598.0 1.3892371356503113e-15
5599.5 1.307369366043059e-15
5601.0 1.3036463651653153e-15
5602.5 1.2949577603283149e-15
5604.0 1.2984772790000469e-15
5605.5 1.3018802071147124e-15
5607.0 1.2864481117185088e-15
5608.5 1.254596050954875e-15
5610.0 1.2361272045517037e-15
5611.5 1.2561629247491842e-15
5613.0 1.265960714205772e-15
5614.5 1.211870166410787e-15
5616.0 1.1701781371046627e-15
5617.5 1.19858700010904e-15
5619.0 1.2390622404192514e-15
5620.5 1.2370038707114376e-15
5622.0 1.2088003432450844e-15
5623.5 1.1926859785962843e-15
5625.0 1.1970219170045428e-15
5626.5 1.1957055899698094e-15
5628.0 1.2230726318407847e-15
5629.5 1.2433260882391427e-15
5631.0 1.2217727089329809e-15
5632.5 1.2125607011034407e-15
5634.0 1.1936441557152681e-15
5635.5 1.2503661100273182e-15
5637.0 1.315827215187181e-15
5638.5 1.2776598312546466e-15
5640.0 1.2504680832988025e-15
5641.5 1.2910145278922213e-15
5643.0 1.2938660827354858e-15
5644.5 1.2883155730738028e-15
5646.0 1.3295677395273818e-15
5647.5 1.3918434280238617e-15
5649.0 1.3414271583135447e-15
5650.5 1.3361089845553194e-15
5652.0 1.3698021941144077e-15
5653.5 1.3550141386207411e-15
5655.0 1.39357254376482e-15
5656.5 1.44264597471288e-15
5658.0 1.40539636016595e-15
5659.5 1.4478023983142103e-15
5661.0 1.5247167872849769e-15
5662.5 1.490303073878361e-15
5664.0 1.4621958709358803e-15
5665.5 1.457352557897809e-15
5667.0 1.5110723373889736e-15
5668.5 1.5070427964870334e-15
5670.0 1.433589235707665e-15
5671.5 1.4434502752967923e-15
5673.0 1.5230284773897976e-15
5674.5 1.5072475361660542e-15
5676.0 1.4796313098002302e-15
5677.5 1.5097351448005727e-15
5679.0 1.505177515990595e-15
5680.5 1.4757227524316367e-15
5682.0 1.476538852003858e-15
5683.5 1.5034569526765348e-15
5685.0 1.5289462251278193e-15
5686.5 1.5293488020106222e-15
5688.0 1.4960365726425343e-15
5689.5 1.4902638539601365e-15
5691.0 1.4899375702988775e-15
5692.5 1.514525770880993e-15
5694.0 1.560040289541278e-15
5695.5 1.5788313119015946e-15
5697.0 1.5884325704096584e-15
5698.5 1.5801421875326907e-15
5700.0 1.5714715025971802e-15
5701.5 1.5361239619922785e-15
5703.0 1.5055147494911226e-15
5704.5 1.5018049784944007e-15
5706.0 1.5058030752706595e-15
5707.5 1.5366558473680864e-15
5709.0 1.5270991138848148e-15
5710.5 1.5189066157155517e-15
5712.0 1.4951734414119223e-15
5713.5 1.4972684235401721e-15
5715.0 1.4705977401173218e-15
5716.5 1.5475710346313778e-15
5718.0 1.5093249005801243e-15
5719.5 1.4857635283153306e-15
5721.0 1.5426261909775046e-15
5722.5 1.4957462901635569e-15
5724.0 1.5158002693148034e-15
5725.5 1.4605511956674617e-15
5727.0 1.494969761719745e-15
5728.5 1.4286778987728935e-15
5730.0 1.4202572090742262e-15
5731.5 1.4446019554400598e-15
5733.0 1.4244601081689754e-15
5734.5 1.422191193138768e-15
5736.0 1.4226279861832564e-15
5737.5 1.4008708406394606e-15
5739.0 1.4297368887766929e-15
5740.5 1.4151879595558962e-15
5742.0 1.4300395606888978e-15
5743.5 1.3903929368331612e-15
5745.0 1.3394935150967153e-15
5746.5 1.37279626543141e-15
5748.0 1.3623183105300054e-15
5749.5 1.3799486592370752e-15
5751.0 1.406063357564869e-15
5752.5 1.4610128928038587e-15
5754.0 1.3940575126238007e-15
5755.5 1.401003647579121e-15
5757.0 1.4362131176522016e-15
5758.5 1.3981592026128956e-15
5760.0 1.3284422560445113e-15
5761.5 1.3222672126325815e-15
5763.0 1.3462026726382335e-15
5764.5 1.367274150223313e-15
5766.0 1.3760159472757905e-15
5767.5 1.384028475276537e-15
5769.0 1.3631160070903965e-15
5770.5 1.3510781023904018e-15
5772.0 1.3095783662431142e-15
5773.5 1.307355547726742e-15
5775.0 1.3241257230462874e-15
5776.5 1.2831148950118877e-15
5778.0 1.3150427244612114e-15
5779.5 1.3631831064353729e-15
5781.0 1.3216458343940371e-15
5782.5 1.3304290589805976e-15
5784.0 1.3398456825032987e-15
5785.5 1.3449315739241942e-15
5787.0 1.3603783071907353e-15
5788.5 1.3681568112962832e-15
5790.0 1.3676655401607898e-15
5791.5 1.336378187790728e-15
5793.0 1.341041289535056e-15
5794.5 1.301148748343387e-15
5796.0 1.3407041653758476e-15
5797.5 1.3698139637019843e-15
5799.0 1.2809562339827835e-15
5800.5 1.3087777874757253e-15
5802.0 1.3533564432176433e-15
5803.5 1.3012299822787037e-15
5805.0 1.3307812868967696e-15
5806.5 1.3102921814950364e-15
5808.0 1.2382450910675959e-15
5809.5 1.2716815161197594e-15
5811.0 1.2213988933631589e-15
5812.5 1.2306138135317924e-15
5814.0 1.2580409772722178e-15
5815.5 1.21705243908249e-15
5817.0 1.1998834687240808e-15
5818.5 1.237856532277908e-15
5820.0 1.2456134167805596e-15
5821.5 1.2076898494639179e-15
5823.0 1.186405272545215e-15
5824.5 1.144282793059385e-15
5826.0 1.1274656282244839e-15
5827.5 1.1979488653064818e-15
5829.0 1.2131476707702957e-15
5830.5 1.1317076257340193e-15
5832.0 1.066505206337264e-15
5833.5 1.1396442163480118e-15
5835.0 1.2217101297367233e-15
5836.5 1.1947082541472764e-15
5838.0 1.152139114583023e-15
5839.5 1.1436523580422594e-15
5841.0 1.1492243720437475e-15
5842.5 1.1353764927638406e-15
5844.0 1.1383099787236599e-15
5845.5 1.1317977320359315e-15
5847.0 1.128546799187582e-15
5848.5 1.1403978824802153e-15
5850.0 1.1447135578766457e-15
5851.5 1.1267411954441962e-15
5853.0 1.1263610022043129e-15
5854.5 1.1692463902290733e-15
5856.0 1.210969399935509e-15
5857.5 1.1878266214129602e-15
5859.0 1.1962562386172344e-15
5860.5 1.240118405955612e-15
5862.0 1.2106032721614306e-15
5863.5 1.2249935381084622e-15
5865.0 1.242063268878319e-15
5866.5 1.2401089553408188e-15
5868.0 1.32499816813689e-15
5869.5 1.3199088621505835e-15
5871.0 1.2416950898281269e-15
5872.5 1.3029787466249797e-15
5874.0 1.3692185927522908e-15
5875.5 1.3653737571363111e-15
5877.0 1.3718782182923976e-15
5878.5 1.3624950745331117e-15
5880.0 1.3439450540911224e-15
5881.5 1.3680769421190665e-15
5883.0 1.4144447786147497e-15
5884.5 1.3887007245403244e-15
5886.0 1.3821451737685148e-15
5887.5 1.4074454244196018e-15
5889.0 1.3747940508679825e-15
5890.5 1.3679543743055287e-15
5892.0 1.3916291707239464e-15
5893.5 1.455889492138589e-15
5895.0 1.4478146914105037e-15
5896.5 1.4237509432890482e-15
5898.0 1.42797464956929e-15
5899.5 1.4284541621169327e-15
5901.0 1.4546774653846739e-15
5902.5 1.4648695494576431e-15
5904.0 1.4402172142057398e-15
5905.5 1.4422045603756479e-15
5907.0 1.4935348277292546e-15
5908.5 1.5042316516469695e-15
5910.0 1.4851799874652363e-15
5911.5 1.4760835593403986e-15
5913.0 1.4661228050528175e-15
5914.5 1.5091703522017413e-15
5916.0 1.5537557962648217e-15
5917.5 1.5408523407981006e-15
5919.0 1.5260514477365263e-15
5920.5 1.5287855522684774e-15
5922.0 1.5201640431140613e-15
5923.5 1.5238154599488593e-15
5925.0 1.5873630681234175e-15
5926.5 1.6437706664636752e-15
5928.0 1.588263529434416e-15
5929.5 1.5276136351902203e-15
5931.0 1.500111581929874e-15
5932.5 1.519323454141204e-15
5934.0 1.5150784609005573e-15
5935.5 1.4186341691949321e-15
5937.0 1.4409774018139232e-15
5938.5 1.5291410108392593e-15
5940.0 1.5299771083902208e-15
5941.5 1.493202466931291e-15
5943.0 1.401995854435665e-15
5944.5 1.3902381139723456e-15
5946.0 1.4404697126779703e-15
5947.5 1.4005268417581517e-15
5949.0 1.4642478040765794e-15
5950.5 1.5056955045892985e-15
5952.0 1.4414384487539337e-15
5953.5 1.4676975495922368e-15
5955.0 1.4205805988671865e-15
5956.5 1.4104579011408826e-15
5958.0 1.473254800739955e-15
5959.5 1.4489252395640077e-15
5961.0 1.442775658062592e-15
5962.5 1.4331275636777314e-15
5964.0 1.3927820386803735e-15
5965.5 1.4431176050400788e-15
5967.0 1.4902478342372223e-15
5968.5 1.4633284472415987e-15
5970.0 1.4869054330310051e-15
5971.5 1.5236636487938397e-15
5973.0 1.4881469308789976e-15
5974.5 1.4548758748641901e-15
5976.0 1.4292451259996978e-15
5977.5 1.405301160303972e-15
5979.0 1.3909460893600999e-15
5980.5 1.381627799341965e-15
5982.0 1.3838782635144081e-15
5983.5 1.4108137863943458e-15
5985.0 1.4587139814007356e-15
5986.5 1.4714245008485088e-15
5988.0 1.4577019569762382e-15
5989.5 1.4006603152246908e-15
5991.0 1.3327805269473274e-15
5992.5 1.3351791387448033e-15
5994.0 1.3933043679913158e-15
5995.5 1.4093330009328781e-15
5997.0 1.3466512866675384e-15
5998.5 1.3598992869237198e-15
6000.0 1.4046738140281744e-15
6001.5 1.4302443533039524e-15
6003.0 1.415482365300718e-15
6004.5 1.4011001114741491e-15
6006.0 1.4338211235187664e-15
6007.5 1.4271910847480304e-15
6009.0 1.402371791670955e-15
6010.5 1.434216844797673e-15
6012.0 1.4087348245382805e-15
6013.5 1.4331326005702837e-15
6015.0 1.3605118194086255e-15
6016.5 1.408036713804456e-15
6018.0 1.4271886212393554e-15
6019.5 1.3804994701600762e-15
6021.0 1.4350350183264729e-15
6022.5 1.3790488205034185e-15
6024.0 1.3487591216412121e-15
6025.5 1.3214400805415136e-15
6027.0 1.3358319029987598e-15
6028.5 1.2907290250211552e-15
6030.0 1.332350842194052e-15
6031.5 1.3951566429753344e-15
6033.0 1.3672075129762287e-15
6034.5 1.3630132383047374e-15
6036.0 1.3946914008260803e-15
6037.5 1.3852113389325825e-15
6039.0 1.3767318460201954e-15
6040.5 1.3682421392148546e-15
6042.0 1.3597632753833085e-15
6043.5 1.351284725746105e-15
6046.5 1.3404030295783384e-15
6048.0 1.3497167408205573e-15
6049.5 1.3673572054164003e-15
6051.0 1.3320247088059762e-15
6052.5 1.3047044665009655e-15
6054.0 1.314660311388275e-15
6055.5 1.3214052158118094e-15
6057.0 1.36812890873049e-15
6058.5 1.3876934717177437e-15
6060.0 1.361016809225832e-15
6061.5 1.320826027208046e-15
6063.0 1.300645823045333e-15
6064.5 1.3372508318667222e-15
6066.0 1.3571720906022676e-15
6067.5 1.3460859557167938e-15
6069.0 1.317044877258095e-15
6070.5 1.3082963447260943e-15
6072.0 1.3404671818701689e-15
6073.5 1.3509989999076978e-15
6075.0 1.3336732368182702e-15
6076.5 1.2919537457240792e-15
6078.0 1.2476679747873089e-15
6079.5 1.2499818743793222e-15
6081.0 1.2891904461238464e-15
6082.5 1.3215996828644396e-15
6084.0 1.3545444391710552e-15
6085.5 1.3289499555584183e-15
6087.0 1.2752821924120265e-15
6088.5 1.283340614256743e-15
6090.0 1.2789510069201163e-15
6091.5 1.2744563439888289e-15
6093.0 1.280146964634397e-15
6094.5 1.2820916913429438e-15
6096.0 1.292411421620452e-15
6097.5 1.2791737108576132e-15
6099.0 1.2801925208070648e-15
6100.5 1.2818109922636638e-15
6102.0 1.248448121874488e-15
6103.5 1.2590831863918086e-15
6105.0 1.2720639106625575e-15
6106.5 1.2295820652933312e-15
6108.0 1.2434465428365448e-15
6109.5 1.2415729827417717e-15
6111.0 1.2218057120909084e-15
6112.5 1.2278642310757763e-15
6114.0 1.2434003367401713e-15
6115.5 1.2052889587932123e-15
6117.0 1.2367819808105388e-15
6118.5 1.2567454700891442e-15
6120.0 1.2467622363587243e-15
6121.5 1.243395350939954e-15
6123.0 1.272708255084902e-15
6124.5 1.2792173437808172e-15
6126.0 1.2517014375060627e-15
6127.5 1.227331250071068e-15
6129.0 1.246167132248279e-15
6130.5 1.2789375751547622e-15
6132.0 1.3380518541800156e-15
6133.5 1.3315709288934203e-15
6135.0 1.3025216401573521e-15
6136.5 1.317800026101476e-15
6138.0 1.3227088899866806e-15
6139.5 1.334831587355295e-15
6141.0 1.343578278520112e-15
6142.5 1.3387804968307704e-15
6144.0 1.3659709733264568e-15
6145.5 1.3478185622635805e-15
6147.0 1.3458390327555789e-15
6148.5 1.3594532102260931e-15
6150.0 1.369397273977924e-15
6151.5 1.3629277807289783e-15
6153.0 1.3699379421434863e-15
6154.5 1.3478340940876355e-15
6156.0 1.3509751398488933e-15
6157.5 1.324393533149013e-15
6159.0 1.2927137575933047e-15
6160.5 1.310174941181113e-15
6162.0 1.3572513743059742e-15
6163.5 1.3390084247082628e-15
6165.0 1.3359887899275911e-15
6166.5 1.3593666778928993e-15
6168.0 1.3728514708759992e-15
6169.5 1.2565714810785122e-15
6171.0 1.2875288199630806e-15
6172.5 1.303936514872991e-15
6174.0 1.3278280371124298e-15
6175.5 1.3174824371489853e-15
6177.0 1.2793870562572323e-15
6178.5 1.2300144565636395e-15
6180.0 1.243562755541142e-15
6181.5 1.234764479205662e-15
6183.0 1.2761130045933377e-15
6184.5 1.3070862285953168e-15
6186.0 1.2728943942256364e-15
6187.5 1.1987126870879484e-15
6189.0 1.1734889386634514e-15
6190.5 1.2443464046248196e-15
6192.0 1.2363900085834734e-15
6193.5 1.2350758413524254e-15
6195.0 1.2129639757451004e-15
6196.5 1.1683320138639841e-15
6198.0 1.1709389246638049e-15
6199.5 1.2042836259814826e-15
6201.0 1.2009630467109507e-15
6202.5 1.168376947048476e-15
6204.0 1.1437571464164065e-15
6205.5 1.123351893190799e-15
6207.0 1.1091994737268275e-15
6208.5 1.1067950273622354e-15
6210.0 1.1290725512639488e-15
6211.5 1.1663641233489642e-15
6213.0 1.1863388174401821e-15
6214.5 1.1831031886949719e-15
6216.0 1.212490893988932e-15
6217.5 1.2872971451903022e-15
6219.0 1.2296372852358675e-15
6220.5 1.1774005873662666e-15
6222.0 1.2135206996069792e-15
6223.5 1.2189312246535444e-15
6225.0 1.2268944269435248e-15
6226.5 1.221547018912971e-15
6228.0 1.211766600205907e-15
6229.5 1.2931072319012442e-15
6231.0 1.2422939583103862e-15
6232.5 1.2800263630741163e-15
6234.0 1.2512640179137445e-15
6235.5 1.206567625346449e-15
6237.0 1.2585003086805266e-15
6238.5 1.2697283932544046e-15
6240.0 1.2727946680315807e-15
6241.5 1.2549692003280718e-15
6243.0 1.2667534708580536e-15
6244.5 1.2849128057854559e-15
6246.0 1.2440023661874631e-15
6247.5 1.2210217392497571e-15
6249.0 1.2569935105464212e-15
6250.5 1.2815373242493484e-15
6252.0 1.2906313762718909e-15
6253.5 1.260951185429529e-15
6255.0 1.2912592747314032e-15
6256.5 1.3398604530997971e-15
6258.0 1.318865800559954e-15
6259.5 1.3491503631238892e-15
6261.0 1.3804630205139875e-15
6262.5 1.342079000902979e-15
6264.0 1.3215163165321857e-15
6265.5 1.3451518444539838e-15
6267.0 1.339227570830272e-15
6268.5 1.2788066682341843e-15
6270.0 1.2793308534502065e-15
6271.5 1.3317145096508881e-15
6273.0 1.298669875485273e-15
6274.5 1.2625604818661549e-15
6276.0 1.2646178610667997e-15
6277.5 1.2563123883440252e-15
6279.0 1.2606061282231854e-15
6280.5 1.2975828766979098e-15
6282.0 1.316479537199041e-15
6283.5 1.330472732846831e-15
6285.0 1.327689038135674e-15
6286.5 1.2530347088227767e-15
6288.0 1.2264639037307781e-15
6289.5 1.2757199953064308e-15
6291.0 1.2293406121347756e-15
6292.5 1.1623037389545884e-15
6294.0 1.1603525180633727e-15
6295.5 1.1907115670314155e-15
6297.0 1.2185083354445642e-15
6298.5 1.1786733894830804e-15
6300.0 1.190210191740444e-15
6301.5 1.1727134891364423e-15
6303.0 1.1696287387627514e-15
6304.5 1.2349680029307015e-15
6306.0 1.1699460366949926e-15
6307.5 1.1241439369612779e-15
6309.0 1.1381364906652687e-15
6310.5 1.186175539407373e-15
6312.0 1.1599595267829214e-15
6313.5 1.156287687145993e-15
6315.0 1.188298409434333e-15
6316.5 1.1593026262599539e-15
6318.0 1.1205899407975811e-15
6319.5 1.1420843769972392e-15
6321.0 1.1446466944157333e-15
6322.5 1.1468836202746904e-15
6324.0 1.17517651328923e-15
6325.5 1.1332243350290081e-15
6327.0 1.138871722605903e-15
6328.5 1.1691990333331483e-15
6330.0 1.1490851636512841e-15
6331.5 1.094408398276193e-15
6333.0 1.1083348373792299e-15
6334.5 1.1011078603839546e-15
6336.0 1.1079199123174995e-15
6337.5 1.1024349013612907e-15
6339.0 1.1405024125182533e-15
6340.5 1.1178104460768575e-15
6342.0 1.1208762670982231e-15
6343.5 1.1381054933333068e-15
6345.0 1.174837488593753e-15
6346.5 1.1954119199587695e-15
6348.0 1.2023159553562761e-15
6349.5 1.2349536509108945e-15
6351.0 1.2707584256206563e-15
6352.5 1.2553057731844633e-15
6354.0 1.1866156042950504e-15
6355.5 1.1418975675686391e-15
6357.0 1.1743972148868285e-15
6358.5 1.1969515218665326e-15
6360.0 1.1679069668104258e-15
6361.5 1.130702650296105e-15
6363.0 1.1315544151610596e-15
6364.5 1.1678276127385805e-15
6366.0 1.187118152886312e-15
6367.5 1.1436962361436216e-15
6369.0 1.15023252677434e-15
6370.5 1.1546499641323732e-15
6372.0 1.1152162753020595e-15
6373.5 1.095511800584795e-15
6375.0 1.121660688485207e-15
6376.5 1.0554860648385447e-15
6378.0 1.0559195085732465e-15
6379.5 1.1252334446762133e-15
6381.0 1.053073934690164e-15
6382.5 1.0174585634061563e-15
6384.0 9.771567948914548e-16
6385.5 9.770158191859634e-16
6387.0 1.0237774561223356e-15
6388.5 9.248941019541372e-16
6390.0 9.234715697070079e-16
6391.5 9.85129104254413e-16
6393.0 9.550817048718943e-16
6394.5 9.22465296140094e-16
6396.0 8.977894989179164e-16
6397.5 8.78276388556783e-16
6399.0 8.843599869726441e-16
6400.5 9.23518924986663e-16
6402.0 8.49772239400912e-16
6403.5 8.430974195379209e-16
6405.0 8.230416617743286e-16
6406.5 7.992185602655859e-16
6408.0 8.154178498209384e-16
6409.5 8.065634213222143e-16
6411.0 7.645547472357805e-16
6412.5 7.721112436509491e-16
6414.0 7.441731226801308e-16
6415.5 6.982332411203487e-16
6417.0 7.225705435011767e-16
6418.5 7.532292205957098e-16
6420.0 7.417037998372371e-16
6421.5 7.041560941969005e-16
6423.0 7.276468481998223e-16
6424.5 7.380163912298611e-16
6426.0 7.075878361441743e-16
6427.5 6.756896920774505e-16
6429.0 6.768211206102823e-16
6430.5 6.713963920085612e-16
6432.0 6.462545321847559e-16
6433.5 6.358813277758522e-16
6435.0 6.614621442027969e-16
6436.5 6.627509447188085e-16
6438.0 6.624162689729842e-16
6439.5 6.766252397522941e-16
6441.0 6.645713805496447e-16
6442.5 6.449240791781436e-16
6444.0 6.203749383064638e-16
6445.5 6.186786401285131e-16
6447.0 6.305670174384296e-16
6448.5 6.526147512950043e-16
6450.0 6.241405487527238e-16
6451.5 6.419185247225067e-16
6453.0 6.483913439772924e-16
6454.5 6.235578571920706e-16
6456.0 6.342829509929111e-16
6457.5 6.105088209831671e-16
6459.0 6.36899694242827e-16
6460.5 5.970761055505913e-16
6462.0 5.897246003707739e-16
6463.5 5.84920455953601e-16
6465.0 6.199445436534201e-16
6466.5 5.916478312164326e-16
6468.0 5.424166032930195e-16
6469.5 5.675619928858089e-16
6471.0 5.999355692358039e-16
6472.5 6.282693568732049e-16
6474.0 6.352669018236006e-16
6475.5 6.263612012842259e-16
6477.0 6.182886450215888e-16
6478.5 6.727651745362754e-16
6480.0 7.123423242542267e-16
6481.5 6.837218961158045e-16
6483.0 6.896441571428208e-16
6484.5 6.878009028327586e-16
6486.0 6.603848123782447e-16
6487.5 6.701850011645621e-16
6489.0 7.038087132699835e-16
6490.5 7.47230343251832e-16
6492.0 7.661864757956368e-16
6493.5 7.735606002102598e-16
6495.0 7.90972872884463e-16
6496.5 8.050591159265125e-16
6498.0 8.481342023270144e-16
6499.5 8.964886976146662e-16
6501.0 9.30112859965195e-16
6502.5 9.486994859409684e-16
6504.0 9.691863875906527e-16
6505.5 9.60941213096485e-16
6507.0 9.79627005903981e-16
6508.5 1.0449047583434166e-15
6510.0 1.097373699757244e-15
6511.5 1.1488167803006964e-15
6513.0 1.1511127172958601e-15
6514.5 1.1728444698264996e-15
6516.0 1.2347032862428114e-15
6517.5 1.2505584623947687e-15
6519.0 1.2729473033466377e-15
6520.5 1.3942468584498184e-15
6522.0 1.4764121125093248e-15
6523.5 1.449007097250268e-15
6525.0 1.488395866491657e-15
6526.5 1.5625666574406272e-15
6528.0 1.6289346337451968e-15
6529.5 1.6381015448496252e-15
6531.0 1.6908446473546197e-15
6532.5 1.7400263093640313e-15
6534.0 1.7469400485637919e-15
6535.5 1.7689611824951657e-15
6537.0 1.888985806300888e-15
6538.5 1.8468379877584287e-15
6540.0 1.9117902153402067e-15
6541.5 1.978802766473681e-15
6543.0 1.9982641474762394e-15
6544.5 1.946193103443846e-15
6546.0 1.9193840114487806e-15
6547.5 2.0307985497970924e-15
6549.0 2.1003267642328077e-15
6550.5 2.0654248402912047e-15
6552.0 2.0702910245612125e-15
6553.5 2.152010084398036e-15
6555.0 2.1927152167626296e-15
6556.5 2.1269252246768547e-15
6558.0 2.1707172837989088e-15
6559.5 2.1761676299258483e-15
6561.0 2.172982741669792e-15
6562.5 2.2346071105486756e-15
6564.0 2.3487082144133788e-15
6565.5 2.3810223557225368e-15
6567.0 2.3492725107497846e-15
6568.5 2.331411974008105e-15
6570.0 2.3283192123985407e-15
6571.5 2.3363096354062113e-15
6573.0 2.3656702440631815e-15
6574.5 2.385025141956458e-15
6576.0 2.399649216440643e-15
6577.5 2.409846174529314e-15
6579.0 2.398234228216769e-15
6580.5 2.453355505532543e-15
6582.0 2.495760758992855e-15
6583.5 2.4542725209684395e-15
6585.0 2.4218893864232835e-15
6586.5 2.4084575090610233e-15
6588.0 2.4331352003153053e-15
6589.5 2.4257515750765473e-15
6591.0 2.410436890381871e-15
6592.5 2.3777431586831345e-15
6594.0 2.384475564351767e-15
6595.5 2.404621304836262e-15
6597.0 2.4518546417339014e-15
6598.5 2.4403596879047023e-15
6600.0 2.485247422174679e-15
6601.5 2.4889122349467436e-15
6603.0 2.6068446011297876e-15
6604.5 2.519812429139605e-15
6606.0 2.5428937290537747e-15
6607.5 2.464946029015897e-15
6609.0 2.414430833207345e-15
6610.5 2.3938680394524362e-15
6612.0 2.480396952383753e-15
6613.5 2.593096636426922e-15
6615.0 3.125157814011966e-15
6616.5 3.6982187937101925e-15
6618.0 3.5492347701188685e-15
6619.5 3.2749298190124785e-15
6621.0 2.914012517054901e-15
6622.5 2.518044413866772e-15
6624.0 2.3815353284921303e-15
6625.5 2.3269614133903254e-15
6627.0 2.3017073216073267e-15
6628.5 2.2836187073737377e-15
6630.0 2.2007253166428563e-15
6631.5 2.2000531951897456e-15
6633.0 2.2753545557927636e-15
6634.5 2.302156430166972e-15
6636.0 2.400640566892087e-15
6637.5 2.4845426401394476e-15
6639.0 2.453181735622606e-15
6640.5 2.439767899415948e-15
6642.0 2.3155527385379937e-15
6643.5 2.198044860168159e-15
6645.0 2.135244360733577e-15
6646.5 2.10264691257132e-15
6648.0 2.119513430881142e-15
6649.5 2.1476940470366906e-15
6651.0 2.1289325130519044e-15
6652.5 2.0935034331024605e-15
6654.0 2.022836588478258e-15
6655.5 2.00082591989886e-15
6657.0 2.009222907797139e-15
6658.5 2.0418674727366313e-15
6660.0 2.0821439213610336e-15
6661.5 2.043414867577885e-15
6663.0 1.9719398504907727e-15
6664.5 1.9466176718645778e-15
6666.0 1.9883987283019256e-15
6667.5 1.9723926738345235e-15
6669.0 1.927897164689138e-15
6670.5 1.94250441331981e-15
6672.0 1.93769682969199e-15
6673.5 1.939925317191416e-15
6675.0 1.836114875936735e-15
6676.5 1.8898005913575996e-15
6678.0 1.9275526728622432e-15
6679.5 1.874929563731615e-15
6681.0 1.840455785166406e-15
6682.5 1.8899463049117767e-15
6684.0 1.83321802107196e-15
6685.5 1.8604103360547316e-15
6687.0 1.862639803440318e-15
6688.5 1.8263291830140797e-15
6690.0 1.811364282568851e-15
6691.5 1.7519657095147043e-15
6693.0 1.7553674162700221e-15
6694.5 1.752403570967719e-15
6696.0 1.7682014441420344e-15
6697.5 1.8256709529506634e-15
6699.0 1.7964720958889297e-15
6700.5 1.7443118029052254e-15
6702.0 1.6979955058771981e-15
6703.5 1.645817414550289e-15
6705.0 1.7002327169789415e-15
6706.5 1.7365138185656213e-15
6708.0 1.7049571438851211e-15
6709.5 1.6819814826110254e-15
6711.0 1.6681507743205002e-15
6712.5 1.6502343860762135e-15
6714.0 1.6267067669122075e-15
6715.5 1.6708546624157032e-15
6717.0 1.6939968652424135e-15
6718.5 1.644303445950155e-15
6720.0 1.5731584770393044e-15
6721.5 1.548682953284468e-15
6723.0 1.5588998581368738e-15
6724.5 1.5663265424584183e-15
6726.0 1.5819241183624144e-15
6727.5 1.5460921039860365e-15
6729.0 1.5176797362466364e-15
6730.5 1.5520742417890963e-15
6732.0 1.602882084456377e-15
6733.5 1.5808749190087212e-15
6735.0 1.5475740954290373e-15
6736.5 1.528995350733472e-15
6738.0 1.5450827267538926e-15
6739.5 1.5357820378555557e-15
6741.0 1.4903022545317321e-15
6742.5 1.4653213598300339e-15
6744.0 1.472486941597123e-15
6745.5 1.4644833603934273e-15
6747.0 1.4285139905779168e-15
6748.5 1.4719818544398494e-15
6750.0 1.4953285226116158e-15
6751.5 1.4456547734233002e-15
6753.0 1.458565443993843e-15
6754.5 1.465249920634462e-15
6756.0 1.4168428290260627e-15
6757.5 1.378715751513835e-15
6759.0 1.3438383836973824e-15
6760.5 1.3479337588056537e-15
6762.0 1.3609596809662956e-15
6763.5 1.3835111183426905e-15
6765.0 1.34484429694686e-15
6766.5 1.3408447635899226e-15
6768.0 1.3653382100528023e-15
6769.5 1.4356297947385175e-15
6771.0 1.4779286142427487e-15
6772.5 1.4987843892348188e-15
6774.0 1.4777070081079963e-15
6775.5 1.4638364965922704e-15
6777.0 1.401956902576506e-15
6778.5 1.3649242564561569e-15
6780.0 1.3610607973356619e-15
6781.5 1.3230586609432145e-15
6783.0 1.341752918705532e-15
6784.5 1.3738761768858265e-15
6786.0 1.4353634407673685e-15
6787.5 1.4725699044855367e-15
6789.0 1.4440193648558221e-15
6790.5 1.390126307974838e-15
6792.0 1.321866516674743e-15
6793.5 1.2658049591156582e-15
6795.0 1.286648920617192e-15
6796.5 1.300976686265003e-15
6798.0 1.2589930806877946e-15
6799.5 1.2532734830412768e-15
6801.0 1.2440458253567422e-15
6802.5 1.2210362929755746e-15
6804.0 1.2725648352825347e-15
6805.5 1.2897627816820045e-15
6807.0 1.2878957582020884e-15
6808.5 1.2445072878258545e-15
6810.0 1.2528933337382654e-15
6811.5 1.273483618802845e-15
6813.0 1.2576692059721615e-15
6814.5 1.2285967283023328e-15
6816.0 1.2135351118635724e-15
6817.5 1.2266605602077195e-15
6819.0 1.2129983009834525e-15
6820.5 1.2505823830557593e-15
6822.0 1.2670680956777428e-15
6823.5 1.2421736403797233e-15
6825.0 1.2704443210206127e-15
6826.5 1.248076695541753e-15
6828.0 1.2395510695415555e-15
6829.5 1.23498180155374e-15
6831.0 1.2420094112804188e-15
6832.5 1.1342610863336116e-15
6834.0 1.254936752432884e-15
6835.5 1.1741414161817455e-15
6837.0 1.154898360024917e-15
6838.5 1.1890950653121233e-15
6840.0 1.2535586260813802e-15
6841.5 1.2559825624118421e-15
6843.0 1.2584168722511487e-15
6846.0 1.2192011902333975e-15
6847.5 1.1787735474820863e-15
6849.0 1.1738617343905511e-15
6850.5 1.195635236622424e-15
6852.0 1.2139538048078905e-15
6853.5 1.2281496980191219e-15
6855.0 1.181327844848659e-15
6856.5 1.2115736349409205e-15
6858.0 1.1837353249509865e-15
6859.5 1.1304150481365773e-15
6861.0 1.2030996635817088e-15
6862.5 1.2527210280278016e-15
6864.0 1.239210687187665e-15
6865.5 1.2282050511758234e-15
6867.0 1.1672082806064303e-15
6868.5 1.1291165783161848e-15
6870.0 1.1415377064029708e-15
6871.5 1.1898201333166713e-15
6873.0 1.1793064389405449e-15
6874.5 1.161030386449944e-15
6876.0 1.166825058305476e-15
6877.5 1.1623009427720257e-15
6879.0 1.1870109116931392e-15
6880.5 1.1488294941139109e-15
6882.0 1.1355630510576153e-15
6883.5 1.1301215910404776e-15
6885.0 1.1391607989103391e-15
6886.5 1.1178099116589726e-15
6888.0 1.1097191497250455e-15
6889.5 1.119405076306921e-15
6891.0 1.1588011733325961e-15
6892.5 1.1144698140021369e-15
6894.0 1.015598445240678e-15
6895.5 1.042767491485795e-15
6897.0 1.0540340795940385e-15
6898.5 1.0943254043331917e-15
6900.0 1.127877062145836e-15
6901.5 1.119902004421776e-15
6903.0 1.0978038298022828e-15
6904.5 1.1021793796897988e-15
6906.0 1.184397908120978e-15
6907.5 1.1998491738613946e-15
6909.0 1.0924630941556485e-15
6910.5 1.0717437034254643e-15
6912.0 1.025424628811532e-15
6913.5 1.0589156345138458e-15
6915.0 1.0858089397996277e-15
6916.5 1.0711921091944044e-15
6918.0 1.0493273111348444e-15
6919.5 1.0607844135436766e-15
6921.0 1.1306751222632557e-15
6922.5 1.111918241240333e-15
6924.0 1.1183994655277743e-15
6925.5 1.134495676810694e-15
6927.0 1.1185552454304302e-15
6928.5 1.1258390961134878e-15
6930.0 1.0931412197038425e-15
6931.5 1.081863396246532e-15
6933.0 1.0868637782863973e-15
6934.5 1.0393063108421473e-15
6936.0 1.0254864741448567e-15
6937.5 1.0626779124051502e-15
6939.0 1.087667363146e-15
6940.5 1.0526585155722406e-15
6942.0 1.0109523888776649e-15
6943.5 9.988825446454635e-16
6945.0 1.015481167683812e-15
6946.5 1.041292196812016e-15
6948.0 1.0431062084266059e-15
6949.5 1.0283059893690827e-15
6951.0 1.0235027163097734e-15
6952.5 1.0492235713394184e-15
6954.0 1.0357938604715774e-15
6955.5 9.734109830846443e-16
6957.0 9.654821803522243e-16
6958.5 9.689954144703653e-16
6960.0 9.862552092613148e-16
6961.5 1.0306217154741145e-15
6963.0 1.004382290887285e-15
6964.5 1.0329986336263694e-15
6966.0 1.0617455243354136e-15
6967.5 1.0342829589941861e-15
6969.0 1.06803269953101e-15
6970.5 1.0683824888383366e-15
6972.0 1.0718803262000842e-15
6973.5 1.0663510038424037e-15
6975.0 1.0356756646417776e-15
6976.5 1.0275765671141161e-15
6978.0 1.0456676018691153e-15
6979.5 1.0290017109328231e-15
6981.0 1.0020757631971598e-15
6982.5 1.032757378200191e-15
6984.0 1.00539542912571e-15
6985.5 1.0302634117051492e-15
6987.0 1.0926477020324815e-15
6988.5 1.0512033349123674e-15
6990.0 1.078421949406923e-15
6991.5 1.143117709514088e-15
6993.0 1.1628513170059947e-15
6994.5 1.131163135221921e-15
6996.0 1.1151500400099493e-15
6997.5 1.0885699730175553e-15
6999.0 1.1002058536593135e-15
7000.5 1.1228149743524183e-15
7002.0 1.103582801244097e-15
7003.5 1.1218144600823612e-15
7005.0 1.1376175706161228e-15
7006.5 1.1142594378105562e-15
7008.0 1.1143689433230933e-15
7009.5 1.1398207702431365e-15
7011.0 1.151110820974884e-15
7012.5 1.1503445420140343e-15
7015.5 1.095692026676617e-15
7017.0 1.0982921129204234e-15
7018.5 1.129524893741968e-15
7020.0 1.1575580734915196e-15
7021.5 1.1362347249266287e-15
7023.0 1.1132345071984849e-15
7024.5 1.1181680372065583e-15
7026.0 1.113057745080108e-15
7027.5 1.1019777303093469e-15
7029.0 1.1084740021157842e-15
7030.5 1.1197000238483382e-15
7032.0 1.13472838019655e-15
7033.5 1.1156893183740714e-15
7035.0 1.1086522122800427e-15
7036.5 1.1088764840090988e-15
7038.0 1.0780041809580593e-15
7039.5 1.1120231524923117e-15
7041.0 1.1310402420326765e-15
7042.5 1.184402259383576e-15
7044.0 1.091153424578819e-15
7045.5 1.0820235868436051e-15
7047.0 1.0828107532842402e-15
7048.5 1.0625355259608893e-15
7050.0 1.1129782304334175e-15
7051.5 1.0501941590232043e-15
7053.0 1.0576168492981254e-15
7054.5 1.1190464707225624e-15
7056.0 1.15314311434313e-15
7057.5 1.1461591238063066e-15
7059.0 1.0805667337533425e-15
7060.5 1.1588344848260947e-15
7062.0 1.17359790543244e-15
7063.5 1.1187354898083992e-15
7065.0 1.0965881987988655e-15
7066.5 1.054413691769853e-15
7068.0 1.0568467018137798e-15
7069.5 1.1024898376451693e-15
7071.0 1.0757928899216369e-15
7072.5 1.0430459611170523e-15
7074.0 1.069837772643623e-15
7075.5 1.0652305493412618e-15
7077.0 1.0646952891452865e-15
7078.5 1.0503410064665248e-15
7080.0 1.0621460989045286e-15
7081.5 1.0937989358001084e-15
7083.0 1.0770081449993469e-15
7084.5 1.094508417036591e-15
7086.0 1.1299811196662579e-15
7087.5 1.1437315623691586e-15
7089.0 1.131345626431705e-15
7090.5 1.1018417014567258e-15
7092.0 1.1025347479227045e-15
7093.5 1.1026863407469383e-15
7095.0 1.0988917171551803e-15
7096.5 1.1281033844128539e-15
7098.0 1.1058482268998762e-15
7099.5 1.074462565538538e-15
7101.0 1.0440252203152194e-15
7102.5 1.04707202370783e-15
7104.0 1.0582500050605896e-15
7105.5 1.0504272556215257e-15
7107.0 1.0525993373896312e-15
7108.5 1.0505757678066006e-15
7110.0 1.0497286763829265e-15
7111.5 1.057959685206535e-15
7113.0 1.0676687669783753e-15
7114.5 1.0412640859035017e-15
7116.0 1.0282903366076353e-15
7117.5 1.0742358531256273e-15
7119.0 1.0387651243324582e-15
7120.5 9.92074649184704e-16
7122.0 1.0696745484842671e-15
7123.5 1.0788933491539108e-15
7125.0 1.0520538613864857e-15
7126.5 1.0560576407222772e-15
7128.0 1.0136524081758366e-15
7129.5 1.0767638074707876e-15
7131.0 1.0800072673676637e-15
7132.5 1.067252527020773e-15
7134.0 1.0265085697364712e-15
7135.5 1.0473333968529625e-15
7137.0 1.006702182922551e-15
7138.5 1.0114295514107064e-15
7140.0 1.0655363533425837e-15
7141.5 1.0526683858939734e-15
7143.0 1.009869303122501e-15
7144.5 1.029331403488009e-15
7146.0 1.069569295884866e-15
7147.5 1.0137085223322836e-15
7149.0 1.0107153846292543e-15
7150.5 1.0169491697473662e-15
7152.0 1.0166930818313929e-15
7153.5 1.0113668568048543e-15
7155.0 1.0092491260577603e-15
7156.5 1.0161018027789822e-15
7158.0 1.0098964844655151e-15
7159.5 1.0268856163811807e-15
7161.0 1.0140818764089288e-15
7162.5 9.615269921082481e-16
7164.0 9.523102942498097e-16
7165.5 9.562860668962322e-16
7167.0 9.757159298291865e-16
7168.5 9.951442400516353e-16
7170.0 1.0145720384683041e-15
7171.5 1.033999325423761e-15
7174.5 1.0181898725668752e-15
7176.0 1.0115184186690013e-15
7177.5 1.0320122368960128e-15
7179.0 1.0158707447988396e-15
7180.5 1.0169174520220523e-15
7182.0 9.8654486155044e-16
7183.5 9.660193712373427e-16
7185.0 9.851818151118907e-16
7186.5 1.00474221696071e-15
7188.0 1.0124098348818449e-15
7189.5 9.642661946620872e-16
7191.0 1.0084162780552025e-15
7192.5 1.0684309876990244e-15
7194.0 9.840445649434687e-16
7195.5 1.0747484761981096e-15
7197.0 1.0506936375674841e-15
7198.5 1.0643279293334698e-15
7200.0 1.115639456502182e-15
7201.5 1.1001669375278997e-15
7203.0 1.0978431532800096e-15
7204.5 1.0636684658629003e-15
7206.0 1.0373553843099707e-15
7207.5 1.0713273328475347e-15
7209.0 1.0739448370714193e-15
7210.5 1.0777792500421828e-15
7212.0 1.108553014402948e-15
7213.5 1.0668088518921776e-15
7215.0 1.047667289873639e-15
7216.5 1.0577528234727725e-15
7218.0 1.059236649638853e-15
7219.5 1.094158524636924e-15
7221.0 1.1347269668907861e-15
7222.5 1.0946082438722363e-15
7224.0 1.0719109781298921e-15
7225.5 1.0601344204403803e-15
7227.0 1.0752524892705606e-15
7228.5 1.0938957105448247e-15
7230.0 1.11949584512743e-15
7231.5 1.1029979059573807e-15
7233.0 1.0776920938989655e-15
7234.5 1.0354610712390998e-15
7236.0 1.004510075947823e-15
7237.5 1.0956505637703968e-15
7239.0 1.1538283923909877e-15
7240.5 1.1071645810362416e-15
7242.0 1.0904187867634908e-15
7243.5 1.1005222898819513e-15
7245.0 1.1009342860615511e-15
7246.5 1.0872567149207315e-15
7248.0 1.0636181587397358e-15
7249.5 1.0327141496583939e-15
7251.0 1.0250645797680602e-15
7252.5 1.0706782687916733e-15
7254.0 1.0889536050404613e-15
7255.5 1.0634034730879949e-15
7257.0 1.0331846031402686e-15
7258.5 1.02733945252167e-15
7260.0 1.0047958609158642e-15
7261.5 1.0043794369414489e-15
7263.0 1.0506401249498867e-15
7264.5 1.0305881456432275e-15
7266.0 1.0593771182712115e-15
7267.5 1.1006055784288545e-15
7269.0 1.0535902222950573e-15
7270.5 1.0372173856530305e-15
7272.0 1.0445081456166362e-15
7273.5 1.0424258925738488e-15
7275.0 1.0477142079541153e-15
7276.5 1.057888280358492e-15
7278.0 1.0268101414234417e-15
7279.5 9.479583755564548e-16
7281.0 9.42130094976079e-16
7282.5 9.898152750283511e-16
7284.0 9.858732785848587e-16
7285.5 9.883168546136185e-16
7287.0 1.0270800348272885e-15
7288.5 1.0734020956246965e-15
7290.0 1.063835931985745e-15
7291.5 1.034672856570773e-15
7293.0 9.983916622900689e-16
7294.5 9.947056381244344e-16
7296.0 1.0407590867290146e-15
7297.5 1.0829646752041737e-15
7299.0 1.0523731091619718e-15
7300.5 1.0155712569372495e-15
7302.0 1.0451540185726835e-15
7303.5 1.0811631216731931e-15
7305.0 1.0910953518198555e-15
7306.5 1.0526590795143796e-15
7308.0 1.0343762849327633e-15
7309.5 1.0405871706547442e-15
7311.0 1.007900052990018e-15
7312.5 1.0085044815651053e-15
7314.0 1.0262778058301647e-15
7315.5 1.0474135455029842e-15
7317.0 1.0831275561034412e-15
7318.5 1.0645332544338337e-15
7320.0 1.006840883985693e-15
7321.5 1.0133799029398134e-15
7323.0 1.0068048441353414e-15
7324.5 9.99550370834971e-16
7326.0 1.0407841317528954e-15
7327.5 1.0823659861668176e-15
7329.0 1.0792349727003005e-15
7330.5 1.0035799686950902e-15
7332.0 9.997902450604482e-16
7333.5 1.0484692858057463e-15
7335.0 1.0322034427735338e-15
7336.5 1.0239072920789124e-15
7338.0 1.0680458142969362e-15
7339.5 1.0855912507402268e-15
7341.0 1.1118844539136291e-15
7342.5 1.107433989496467e-15
7344.0 1.035108846041299e-15
7345.5 1.0889024442546355e-15
7347.0 1.093917079412904e-15
7348.5 1.0433289400430993e-15
7350.0 9.756812619934877e-16
7351.5 1.045743966766675e-15
7353.0 1.1024636854387505e-15
7354.5 1.0609472739032667e-15
7356.0 1.0021174361787833e-15
7357.5 1.0402477028684678e-15
7359.0 1.0343434356021643e-15
7360.5 9.99983235612737e-16
7362.0 1.0309496084932776e-15
7363.5 1.018885717360898e-15
7365.0 9.86206715935116e-16
7366.5 1.0429737803825334e-15
7368.0 1.0536805031938597e-15
7369.5 1.0515378684440246e-15
7371.0 1.0267990374266028e-15
7372.5 9.613768653442222e-16
7374.0 9.603905108562635e-16
7375.5 9.477450236297699e-16
7377.0 9.30908844629235e-16
7378.5 9.701852361895139e-16
7380.0 1.0118702916431667e-15
7381.5 9.754724729340401e-16
7383.0 9.599631193731934e-16
7384.5 1.0141224182141705e-15
7386.0 1.0250606017392908e-15
7387.5 1.0041433699630237e-15
7389.0 1.0316869707190889e-15
7390.5 1.046700842994597e-15
7392.0 1.0320184682487336e-15
7393.5 1.0274111704284641e-15
7395.0 1.0030972391756938e-15
7396.5 9.852558292210962e-16
7398.0 1.0054327111191654e-15
7399.5 1.062085373864664e-15
7401.0 1.0948354907381619e-15
7402.5 1.060532423628044e-15
7404.0 9.858175656570247e-16
7405.5 9.567337349826034e-16
7407.0 1.0192889212534663e-15
7408.5 1.041529024129181e-15
7410.0 9.59781034922549e-16
7411.5 9.3930498103327e-16
7413.0 9.988388014735643e-16
7414.5 9.511291593369595e-16
7416.0 9.04594016494883e-16
7417.5 9.642070568765493e-16
7419.0 1.0176427996661547e-15
7420.5 1.0019364486571656e-15
7422.0 9.3885909194664e-16
7423.5 9.970297423368018e-16
7425.0 1.0099851797460926e-15
7426.5 1.0170358384659726e-15
7428.0 1.043894640797281e-15
7429.5 1.0283293212087854e-15
7431.0 9.968186728647406e-16
7432.5 9.784314971643163e-16
7434.0 9.533610114152794e-16
7435.5 9.69184345913796e-16
7437.0 1.0087861009500428e-15
7438.5 1.010908088134482e-15
7440.0 9.761309648793545e-16
7441.5 1.0161111360515063e-15
7443.0 9.984831559725953e-16
7444.5 9.599361205029713e-16
7446.0 9.789771094111908e-16
7447.5 9.641685832564546e-16
7449.0 9.510648989650778e-16
7450.5 9.425320061774747e-16
7452.0 9.715424908078523e-16
7453.5 9.96619253663747e-16
7455.0 9.789268538051882e-16
7456.5 9.486078246858555e-16
7458.0 9.828305596917411e-16
7459.5 9.937970136313798e-16
7461.0 9.82551175474638e-16
7462.5 9.942065620768616e-16
7464.0 9.868708484731156e-16
7465.5 9.615037571152314e-16
7467.0 9.308741271490247e-16
7468.5 9.558902489763768e-16
7470.0 9.868652102847134e-16
7471.5 9.711026644542075e-16
7473.0 9.703508444891691e-16
7474.5 9.450304683651286e-16
7476.0 9.425479128603166e-16
7477.5 9.633766208688438e-16
7479.0 9.596547870821176e-16
7480.5 9.225486801920886e-16
7482.0 9.361135469038029e-16
7483.5 9.67893811216288e-16
7485.0 9.578149104249627e-16
7486.5 9.483142751702153e-16
7488.0 9.212266356741591e-16
7489.5 9.881536671500842e-16
7491.0 9.577746506882454e-16
7492.5 9.75165972909994e-16
7494.0 9.034575679655825e-16
7495.5 9.97783978420783e-16
7497.0 9.838301394209365e-16
7498.5 9.654625664251658e-16
7500.0 1.0008917422607697e-15
7501.5 9.901912778715584e-16
7503.0 9.302531824973935e-16
7504.5 9.367050301015655e-16
7506.0 9.274842767952583e-16
7507.5 9.806851049743469e-16
7509.0 9.783211683232597e-16
7510.5 9.135498954506134e-16
7512.0 9.228661635557754e-16
7513.5 9.315524466876256e-16
7515.0 9.803438156192219e-16
7516.5 9.48995985859019e-16
7518.0 9.410417217151975e-16
7519.5 9.330243690125547e-16
7521.0 8.980565436837791e-16
7522.5 9.029268603676108e-16
7524.0 9.365283326612824e-16
7525.5 8.940986500073791e-16
7527.0 8.624526453915028e-16
7528.5 8.913758619216794e-16
7530.0 8.564473902775467e-16
7531.5 8.873866122847431e-16
7533.0 9.087130817585257e-16
7534.5 8.830957089000161e-16
7536.0 8.770116457889047e-16
7537.5 8.836399088853563e-16
7539.0 8.800901002913761e-16
