3720.0 4.522522198336851e-17
3721.5 4.178588805428516e-16
3723.0 3.5147054840116163e-16
3724.5 2.63758740606955e-16
3726.0 5.4102047837606e-16
3727.5 4.907861608556668e-16
3729.0 2.9595753702486235e-16
3730.5 1.9247772300650867e-16
3732.0 5.842441101777083e-16
3733.5 3.983342065287891e-16
3735.0 5.486276762520166e-17
3736.5 2.614474947216215e-16
3738.0 2.6907110128285576e-16
3739.5 3.559484318390622e-17
3741.0 -3.5931575406054436e-18
3742.5 2.5787615107676882e-17
3744.0 1.435315667754841e-16
3745.5 4.9221226992690075e-17
3747.0 3.232222217491395e-16
3748.5 1.3369998221272224e-16
3750.0 2.889451068005119e-16
3751.5 7.594994300901e-16
3753.0 4.117399730421099e-16
3754.5 3.205105760182249e-16
3756.0 1.8786172421623143e-16
3757.5 1.351198584088144e-16
3759.0 1.2949829160492612e-16
3760.5 5.180241671022741e-16
3762.0 6.212974880618383e-16
3763.5 1.8885732015279015e-16
3765.0 7.843273127321848e-17
3766.5 -9.468296120164668e-18
3768.0 3.2344099138273593e-19
3769.5 4.167740360609391e-16
3771.0 5.966016251897309e-16
3772.5 4.3070105627007235e-16
3774.0 2.1702823905362763e-16
3775.5 1.7584601188429723e-16
3777.0 1.3467481804434097e-16
3778.5 8.533747597317849e-17
3780.0 3.4050626234710334e-16
3781.5 4.849794223982595e-16
3783.0 3.0642837052407913e-16
3784.5 1.277706073277892e-16
3786.0 -4.298811537897922e-17
3787.5 1.3574629372622328e-16
3789.0 4.498221338502399e-16
3790.5 6.748730380336523e-16
3792.0 6.94578713873154e-16
3793.5 2.735894799772979e-16
3795.0 -1.3801551420298633e-16
3796.5 -9.442599762227869e-17
3798.0 2.8621601125958e-16
3799.5 1.3884617221289775e-16
3801.0 2.758682784987528e-16
3802.5 -8.032123377431013e-18
3804.0 9.633390064960908e-17
3805.5 2.43580830473815e-17
3807.0 4.3560759568102e-17
3808.5 3.1279298539062144e-16
3810.0 3.594575357185808e-16
3811.5 3.611904963347131e-16
3813.0 4.830793507552149e-16
3814.5 8.428245791899536e-17
3816.0 8.508051383039211e-17
3817.5 5.835754469289718e-16
3819.0 1.4812194340993747e-16
3820.5 1.0894151050758202e-16
3822.0 4.72663768248671e-16
3823.5 8.945187871482401e-17
3825.0 -6.842935223123889e-17
3826.5 -4.090702083990675e-17
3828.0 -6.237265868191279e-17
3829.5 -1.6826220176239503e-16
3831.0 6.609366432780658e-17
3832.5 6.114647854649557e-16
3834.0 8.473458418314434e-16
3835.5 1.8965257726646184e-16
3837.0 1.5742155316865664e-16
3838.5 2.828937040439564e-16
3840.0 2.116417977218994e-16
3841.5 3.7740159996680295e-16
3843.0 5.261970246779698e-16
3844.5 4.1581387202059206e-16
3846.0 5.436453769280766e-16
3847.5 7.680192409126996e-16
3849.0 4.883032861330394e-16
3850.5 7.978188284231046e-16
3852.0 5.449830408225287e-16
3853.5 8.443690522682926e-17
3855.0 2.0878643663153873e-16
3856.5 3.315836288914996e-16
3858.0 7.02223305237713e-16
3859.5 4.801741386147481e-16
3861.0 3.7742055073218394e-16
3862.5 3.7748648827716736e-16
3864.0 6.426380169724326e-16
3865.5 9.062609480149058e-16
3867.0 2.9164621993224647e-16
3868.5 3.9253544524892027e-16
3870.0 3.5137115940233257e-16
3871.5 4.451880079307756e-16
3873.0 5.77235504802037e-16
3874.5 3.5284553575064436e-16
3876.0 2.1687963155594368e-16
3877.5 4.500115466494413e-16
3879.0 1.929391966928681e-16
3880.5 2.0391174543348173e-16
3882.0 5.692216409440446e-16
3883.5 6.435430096537073e-16
3885.0 2.7466430489216787e-16
3886.5 4.783528336093333e-16
3888.0 6.347746665595643e-16
3889.5 2.658204122811242e-16
3891.0 7.359696911293358e-16
3892.5 7.947422874566413e-16
3894.0 3.6175603876807824e-16
3895.5 3.313915971506091e-16
3897.0 5.236778164864668e-16
3898.5 7.530702816670473e-16
3900.0 4.873552697238894e-16
3901.5 2.9833345046711267e-16
3903.0 7.801068259991644e-16
3904.5 4.630758819812384e-16
3906.0 5.879933852601703e-17
3907.5 2.5073121336135393e-16
3909.0 6.440045939461787e-16
3910.5 4.3037986677964938e-16
3912.0 4.2028661025081945e-16
3913.5 3.8079688663685785e-16
3915.0 2.313242335178455e-16
3916.5 5.53667072273443e-16
3918.0 6.761106289484642e-16
3919.5 5.218386658244095e-16
3921.0 4.580006791356481e-16
3922.5 6.28845285798572e-16
3924.0 7.5208074808994e-16
3925.5 3.3212696538365426e-16
3927.0 6.857540503492011e-17
3928.5 2.7503366695419353e-16
3930.0 4.901767263218652e-16
3931.5 3.715582026169894e-16
3933.0 6.345515592995758e-16
3934.5 4.883219262941096e-16
3936.0 4.663839414151446e-16
3937.5 4.70796554241589e-16
3939.0 5.587762806833014e-16
3940.5 5.374440952203915e-16
3942.0 5.6034030886531785e-16
3943.5 3.426096359386175e-17
3945.0 4.959768999578006e-16
3946.5 2.687675576829775e-16
3948.0 7.645124935249271e-16
3949.5 4.163094214112019e-16
3951.0 3.4804297902446333e-16
3952.5 2.800819645902966e-16
3954.0 5.388269501545681e-16
3955.5 4.539962782558021e-16
3957.0 3.910470439854745e-16
3958.5 3.4412742072373024e-16
3960.0 4.729519191143508e-16
3961.5 7.378290273878531e-16
3963.0 7.296774207367052e-16
3964.5 7.2437074816281e-16
3966.0 6.132919238113974e-16
3967.5 4.640178060148805e-16
3969.0 6.385638499109872e-16
3970.5 5.453932071719069e-16
3972.0 3.990734395772332e-16
3973.5 6.372556074214068e-16
3975.0 6.487904553809277e-16
3976.5 6.348115976050515e-16
3978.0 8.340878506119526e-16
3979.5 9.195803911444013e-16
3981.0 7.622082997510642e-16
3982.5 6.66802345183238e-16
3984.0 5.268705127295055e-16
3985.5 5.603356879764392e-16
3987.0 9.03498133090819e-16
3988.5 5.093861397994601e-16
3990.0 1.8030970170307227e-16
3991.5 4.144901927812957e-16
3993.0 7.351236802553952e-16
3994.5 1.1100946856078808e-15
3996.0 7.593467209382375e-16
3997.5 5.180510687660087e-16
3999.0 7.538775815996223e-16
4000.5 5.867724083505295e-16
4002.0 4.2097358607435116e-16
4003.5 4.0912205267614145e-16
4005.0 7.387039512329863e-16
4006.5 9.04136119613535e-16
4008.0 8.542410796841445e-16
4009.5 5.057310300333445e-16
4011.0 3.4119701407364833e-16
4012.5 4.458850357742792e-16
4014.0 5.831956939586849e-16
4015.5 8.708863458953211e-16
4017.0 9.11609547699262e-16
4018.5 4.766900401406097e-16
4020.0 7.986895348774631e-16
4021.5 5.644644408081188e-16
4023.0 7.220027602157147e-16
4024.5 1.036023070795946e-15
4026.0 4.390772184205264e-16
4027.5 7.80799499032363e-16
4029.0 3.913920725126462e-16
4030.5 7.83021046407565e-16
4032.0 3.933333008722523e-16
4033.5 3.3364878302252946e-16
4035.0 8.627615115150809e-16
4036.5 9.378734293577317e-16
4038.0 8.843256889162453e-16
4039.5 5.946686045866043e-16
4041.0 5.464892488352323e-16
4042.5 7.088241651259791e-16
4044.0 6.853154635136626e-16
4045.5 6.43471791042178e-16
4047.0 6.183570598166046e-16
4048.5 8.709931236384867e-16
4050.0 7.153677693490517e-16
4051.5 7.226425294513061e-16
4053.0 6.814716224982459e-16
4054.5 7.204818463219054e-16
4056.0 7.737346475106829e-16
4057.5 7.630209450073706e-16
4059.0 7.4953022509748835e-16
4060.5 4.647105315247642e-16
4062.0 4.3696423450711634e-16
4063.5 7.953739653482424e-16
4065.0 7.868232979033533e-16
4066.5 9.372290797353054e-16
4068.0 6.890503336066975e-16
4069.5 5.457605243863101e-16
4071.0 6.017833705970924e-16
4072.5 5.448929462496011e-16
4074.0 6.326423055070426e-16
4075.5 5.141855537413959e-16
4077.0 5.784027384484059e-16
4078.5 1.1217698441186898e-15
4080.0 9.795092829175712e-16
4081.5 8.707076443948083e-16
4083.0 8.07889997267443e-16
4084.5 4.494883658569117e-16
4086.0 5.485512039541923e-16
4087.5 7.962706824932875e-16
4089.0 6.171746579602939e-16
4090.5 5.842846537539006e-16
4092.0 6.698120780167734e-16
4093.5 8.441947675689658e-16
4095.0 8.43862122188247e-16
4096.5 7.803494929351172e-16
4098.0 6.685715273916162e-16
4099.5 3.7539421885946974e-16
4101.0 5.715569934674566e-16
4102.5 7.732224752475586e-16
4104.0 1.0346175304425873e-15
4105.5 6.072382980595437e-16
4107.0 1.9164148522129794e-16
4108.5 3.774323240330852e-16
4110.0 8.101824897872359e-16
4111.5 7.588574955731016e-16
4113.0 3.5288672162058546e-16
4114.5 2.6945841527819627e-16
4116.0 5.886137416097361e-16
4117.5 6.4280949615888e-16
4119.0 3.7010496489734053e-16
4120.5 4.3129085961700393e-16
4122.0 5.181135211367908e-16
4123.5 5.670343559735325e-16
4125.0 7.167190597908093e-16
4126.5 6.709059048274163e-16
4128.0 6.234112292205331e-16
4129.5 5.551264386028018e-16
4131.0 3.9698957905267547e-16
4132.5 5.458664559119151e-16
4134.0 7.286796123005046e-16
4135.5 8.65476117266302e-16
4137.0 6.02707442090636e-16
4138.5 4.031845720744344e-16
4140.0 4.071216645451313e-16
4141.5 5.496163061457783e-16
4143.0 6.943994903475597e-16
4144.5 5.55935285862651e-16
4146.0 2.9590449594165475e-16
4147.5 3.692511231677453e-16
4149.0 6.565200841590463e-16
4150.5 8.882407089500718e-16
4152.0 7.8146685041419135e-16
4153.5 5.643779036802507e-16
4155.0 3.9636494851580287e-16
4156.5 4.1336510039159346e-16
4158.0 5.535044038179382e-16
4159.5 3.898027736750443e-16
4161.0 5.820970173037013e-16
4162.5 4.546063712506739e-16
4164.0 4.219228971775358e-16
4165.5 6.055287839372686e-16
4167.0 3.5695992839359895e-16
4168.5 5.489605395690235e-16
4170.0 7.232862910935398e-16
4171.5 4.205596888988115e-16
4173.0 3.9599746101834995e-16
4174.5 7.405708038217941e-16
4176.0 4.3438692590522095e-16
4177.5 2.1138191563825542e-16
4179.0 4.569270732165316e-16
4180.5 5.226850264109397e-16
4182.0 4.957536215010532e-16
4183.5 3.706193447996717e-16
4185.0 5.45915599951642e-16
4186.5 7.926181539783345e-16
4188.0 5.039645378052193e-16
4189.5 4.0985341862829145e-16
4191.0 5.277082705273922e-16
4192.5 5.528859014534264e-16
4194.0 5.347833247787698e-16
4195.5 7.022671136086792e-16
4197.0 6.543054433472498e-16
4198.5 6.485524668353589e-16
4200.0 5.431190212684924e-16
4201.5 4.43990162001557e-16
4203.0 4.820110060781185e-16
4204.5 5.44137580138971e-16
4206.0 7.790286386529185e-16
4207.5 6.721289565048124e-16
4209.0 4.30305417728005e-16
4210.5 4.523933808196872e-16
4212.0 3.3044239284682917e-16
4213.5 3.2788903328887847e-16
4215.0 4.0677947338221685e-16
4216.5 4.876406882770938e-16
4218.0 4.1115820212939826e-16
4219.5 2.8230307325590167e-16
4221.0 3.0180447657986453e-16
4222.5 5.332211797372525e-16
4224.0 6.771058881798986e-16
4225.5 6.255817376435876e-16
4227.0 5.374576815875928e-16
4228.5 6.795684498049576e-16
4230.0 6.798706721679344e-16
4231.5 5.13305793815993e-16
4233.0 5.892602968187185e-16
4234.5 5.621442134954314e-16
4236.0 3.9104642305878007e-16
4237.5 4.1434121151491904e-16
4239.0 3.5010864192225896e-16
4240.5 5.666856981129872e-16
4242.0 5.511134546692487e-16
4243.5 3.401343855729366e-16
4245.0 4.900393652912203e-16
4246.5 4.3224206235757986e-16
4248.0 4.443857963675036e-16
4249.5 6.180573913840962e-16
4251.0 7.75059462228408e-16
4252.5 5.496432742930619e-16
4254.0 4.733068759297823e-16
4255.5 5.402063253393753e-16
4257.0 4.3256494866959813e-16
4258.5 4.333480533611438e-16
4260.0 4.676858715209078e-16
4261.5 6.868169734570648e-16
4263.0 4.77375135441124e-16
4264.5 4.0368473796567097e-16
4266.0 6.016989195934284e-16
4267.5 5.564916193445501e-16
4269.0 4.785940159232596e-16
4270.5 3.93193661533242e-16
4272.0 5.033058920308393e-16
4273.5 6.453253263661426e-16
4275.0 6.371029015260823e-16
4276.5 5.337787041881264e-16
4278.0 6.724935298595964e-16
4279.5 5.750923692283118e-16
4281.0 3.7319884239855983e-16
4282.5 4.568151639268378e-16
4284.0 5.797853108617871e-16
4285.5 4.5756991155816405e-16
4287.0 5.253560352642242e-16
4288.5 4.623089273664963e-16
4290.0 3.4604008481854605e-16
4291.5 6.311201894015306e-16
4293.0 8.285346036999419e-16
4294.5 5.070689515208713e-16
4296.0 3.0955369280559165e-16
4297.5 4.369491314944066e-16
4299.0 5.116287203356177e-16
4300.5 5.079704362207637e-16
4302.0 3.1601707886192017e-16
4303.5 4.963773567222415e-16
4305.0 4.559197157152421e-16
4306.5 6.483285563985733e-16
4308.0 5.807515885781042e-16
4309.5 3.0517553087581283e-16
4311.0 4.1633947573053664e-16
4312.5 3.399153236281349e-16
4314.0 4.751270206888475e-16
4315.5 6.02851286233669e-16
4317.0 4.885883515956221e-16
4318.5 4.992261777252296e-16
4320.0 4.88382489792302e-16
4321.5 6.332972995779598e-16
4323.0 5.234464602994367e-16
4324.5 6.448431518442505e-16
4326.0 3.7638074792377527e-16
4327.5 2.8460340610782765e-16
4329.0 2.652226131009669e-16
4330.5 2.674277502098728e-16
4332.0 3.93172898931656e-16
4333.5 4.215257854691599e-16
4335.0 5.169708196042554e-16
4336.5 6.144166727818252e-16
4338.0 5.155061485462671e-16
4339.5 4.456330102839233e-16
4341.0 3.8732455368720033e-16
4342.5 3.1648543763155136e-16
4344.0 4.1597555018989585e-16
4345.5 5.571837118285837e-16
4347.0 4.981683737593044e-16
4348.5 2.895542014349171e-16
4350.0 3.0306825892415434e-16
4351.5 4.731406064115995e-16
4353.0 2.8478570504619547e-16
4354.5 2.2904062492499713e-16
4356.0 3.9418986056847617e-16
4357.5 3.6487774506677253e-16
4359.0 3.805446288884192e-16
4360.5 3.4225084696765692e-16
4362.0 2.5434271451754723e-16
4363.5 3.4108682624081413e-16
4365.0 3.921488780730639e-16
4366.5 4.6183114108403495e-16
4368.0 3.0919050563381006e-16
4369.5 3.912471355118726e-16
4371.0 4.623841390537113e-16
4372.5 3.0627248015068234e-16
4374.0 5.31401746505551e-16
4375.5 5.126580754739663e-16
4377.0 2.729982660411657e-16
4378.5 2.760801602689626e-16
4380.0 4.577590870754425e-16
4381.5 3.9981866777544005e-16
4383.0 2.7828835302586216e-16
4384.5 4.4333312374028427e-16
4386.0 5.308417385680083e-16
4387.5 4.1630306088254023e-16
4389.0 2.9578841962605706e-16
4390.5 4.831437651707716e-16
4392.0 5.336492632946619e-16
4393.5 4.3760010716023616e-16
4395.0 5.580187531786671e-16
4396.5 6.33997269455731e-16
4398.0 4.942427516702384e-16
4399.5 5.430998717245777e-16
4401.0 5.518835484765725e-16
4402.5 3.3661389326056654e-16
4404.0 2.2895744619204076e-16
4405.5 2.1100812385641215e-16
4407.0 3.3131529813525385e-16
4408.5 5.831541744622366e-16
4410.0 5.944715004106488e-16
4411.5 2.6185309127857026e-16
4413.0 2.5740478216866094e-16
4414.5 5.568482410564667e-16
4416.0 6.313391373608427e-16
4417.5 5.442682035825969e-16
4419.0 3.5291701901873983e-16
4420.5 4.2845875626171246e-16
4422.0 5.263414199463938e-16
4423.5 3.9985727773850327e-16
4425.0 3.6746909276736463e-16
4426.5 4.4034376103417593e-16
4428.0 5.240089113872687e-16
4429.5 4.804359482190212e-16
4431.0 4.392164240677251e-16
4432.5 2.9946121432519957e-16
4434.0 2.650053388459717e-16
4435.5 3.2956212711195724e-16
4437.0 4.368477410141719e-16
4438.5 6.048983725062191e-16
4440.0 5.699367535326778e-16
4441.5 5.242606206590191e-16
4443.0 4.917864212112768e-16
4444.5 5.762308766439958e-16
4446.0 4.1222821012588127e-16
4447.5 5.02277981807787e-16
4449.0 3.4239627135264504e-16
4450.5 1.997679753050663e-16
4452.0 3.8271534209728925e-16
4453.5 2.407017854584046e-16
4455.0 4.576642431536853e-16
4456.5 2.8974909705600196e-16
4458.0 2.6397273384410196e-16
4459.5 6.58689844299816e-16
4461.0 5.007108482571742e-16
4462.5 2.452335218210357e-16
4464.0 3.0315353981246746e-16
4465.5 4.410162185778009e-16
4467.0 5.587645025428503e-16
4468.5 5.210642128264634e-16
4470.0 4.785597315620666e-16
4471.5 3.0824317488880895e-16
4473.0 4.806966711334651e-16
4474.5 5.659203674518832e-16
4476.0 5.00096736580233e-16
4477.5 3.924984101836244e-16
4479.0 3.188352781244279e-16
4480.5 3.2742857011033254e-16
4482.0 4.640163594646313e-16
4483.5 6.352067559669631e-16
4485.0 5.711019383864598e-16
4486.5 6.201947498587313e-16
4488.0 5.905937049046058e-16
4489.5 2.769879981070198e-16
4491.0 3.7480795060954483e-16
4492.5 3.9843043430243704e-16
4494.0 3.4872524739101745e-16
4495.5 4.644669540933897e-16
4497.0 4.1007286068784165e-16
4498.5 3.0907300644438505e-16
4500.0 3.571874710345298e-16
4501.5 4.85128635022261e-16
4503.0 5.151015947555981e-16
4504.5 4.2465374359694903e-16
4506.0 5.403410893749326e-16
4507.5 7.266274095741512e-16
4509.0 6.178186960415353e-16
4510.5 4.778168661233577e-16
4512.0 4.157465946985481e-16
4513.5 6.068054872354018e-16
4515.0 5.272086859917846e-16
4516.5 3.9259549366600434e-16
4518.0 5.238149987696294e-16
4519.5 5.879074574049573e-16
4521.0 5.16515508872598e-16
4522.5 5.842258780139798e-16
4524.0 6.460786564778882e-16
4525.5 4.4256946083140813e-16
4527.0 6.638659268269034e-16
4528.5 4.975634640968955e-16
4530.0 6.45179001326734e-16
4531.5 6.463714436510006e-16
4533.0 5.98425300148482e-16
4534.5 6.265482598122083e-16
4536.0 4.3896240586655325e-16
4537.5 5.764081993769023e-16
4539.0 6.307522243794901e-16
4540.5 6.685583247189706e-16
4542.0 6.278117320502041e-16
4543.5 5.739081709149028e-16
4545.0 4.526856550802027e-16
4546.5 6.257047749628055e-16
4548.0 7.319026357864318e-16
4549.5 6.3713464470825095e-16
4551.0 4.608543651297042e-16
4552.5 5.842056396439154e-16
4554.0 9.05148077300222e-16
4555.5 8.072130094149425e-16
4557.0 6.274584044602832e-16
4558.5 5.199339861774009e-16
4560.0 5.119396979342893e-16
4561.5 6.375477319320993e-16
4563.0 7.463672523797536e-16
4564.5 6.708530730372932e-16
4566.0 6.423077138695638e-16
4567.5 6.612373444109347e-16
4569.0 6.916235594465503e-16
4570.5 5.995353075597716e-16
4572.0 5.992485608226785e-16
4573.5 6.524620668984589e-16
4575.0 7.862995201910723e-16
4576.5 7.749108037819874e-16
4578.0 7.326906026581093e-16
4579.5 8.270085144430904e-16
4581.0 7.894437941943271e-16
4582.5 7.700964609811485e-16
4584.0 7.606442538676108e-16
4585.5 5.569223622345383e-16
4587.0 6.561812702711601e-16
4588.5 7.195679482329026e-16
4590.0 6.922818216862228e-16
4591.5 7.735990804674801e-16
4593.0 7.887780605930647e-16
4594.5 7.472887520920997e-16
4596.0 6.835757042336068e-16
4597.5 8.680473726974657e-16
4599.0 9.58547602842034e-16
4600.5 8.714081152763108e-16
4602.0 7.876400209992023e-16
4603.5 5.555832651021003e-16
4605.0 5.915443816316546e-16
4606.5 6.91978049832214e-16
4608.0 7.7155826039722e-16
4609.5 7.612389556424965e-16
4611.0 6.409519545191294e-16
4612.5 5.842922533582545e-16
4614.0 7.14358495706703e-16
4615.5 7.921317119059582e-16
4617.0 8.470526012327533e-16
4618.5 8.400722376802164e-16
4620.0 8.24367413554907e-16
4621.5 7.959206946722827e-16
4623.0 7.28340829622815e-16
4624.5 6.861053972004655e-16
4626.0 6.899007709092752e-16
4627.5 7.098005812384411e-16
4629.0 7.821969126405282e-16
4630.5 8.42715063210958e-16
4632.0 8.136819018860684e-16
4633.5 7.399923952024767e-16
4635.0 6.213193193057589e-16
4636.5 6.661662542758898e-16
4638.0 7.876874693703022e-16
4639.5 7.744349664240043e-16
4641.0 7.849305298254672e-16
4642.5 8.175615039133553e-16
4644.0 8.014273204056545e-16
4645.5 6.971410391936963e-16
4647.0 7.058841159298711e-16
4648.5 7.223520005993311e-16
4650.0 7.423988102296025e-16
4651.5 9.208868652797283e-16
4653.0 8.154881755363242e-16
4654.5 6.239810710247395e-16
4656.0 7.465786251946855e-16
4657.5 8.760022967402807e-16
4659.0 6.973950100239497e-16
4660.5 8.239293137342749e-16
4662.0 8.749344041793374e-16
4663.5 7.839364779487552e-16
4665.0 9.199591451422174e-16
4666.5 8.221128346110438e-16
4668.0 7.996323394166102e-16
4669.5 9.00550683807779e-16
4671.0 1.0516319172859924e-15
4672.5 8.538017192218853e-16
4674.0 5.39539541845861e-16
4675.5 7.210605840741166e-16
4677.0 7.52719734641741e-16
4678.5 7.600886791627264e-16
4680.0 7.680104769201443e-16
4681.5 6.871732083253129e-16
4683.0 8.248137525793974e-16
4684.5 7.361240068513295e-16
4686.0 7.257834410918161e-16
4687.5 7.8662717164918e-16
4689.0 6.636668504523251e-16
4690.5 7.803115531645507e-16
4692.0 8.454123268068328e-16
4693.5 7.190736570633513e-16
4695.0 7.841770200052504e-16
4696.5 7.844030123997745e-16
4698.0 7.453841624938837e-16
4699.5 8.115154186143413e-16
4701.0 7.949438647073437e-16
4702.5 7.433524848974506e-16
4704.0 7.788228937859308e-16
4705.5 8.0485548369084495e-16
4707.0 8.450142910472898e-16
4708.5 8.781404377357329e-16
4710.0 8.394388734879633e-16
4711.5 8.09153661763779e-16
4713.0 7.233666311538155e-16
4714.5 8.829905273135719e-16
4716.0 8.551083662201841e-16
4717.5 6.984836819344716e-16
4719.0 6.223962058930054e-16
4720.5 6.699773796733303e-16
4722.0 7.5707876180953795e-16
4723.5 7.091699917309898e-16
4725.0 7.436520158145608e-16
4726.5 8.093371002238844e-16
4728.0 7.893971819061669e-16
4729.5 6.945944765784477e-16
4731.0 5.960039409294289e-16
4732.5 6.210508817940444e-16
4734.0 7.775252821201749e-16
4735.5 7.221315406431336e-16
4737.0 6.284117323080386e-16
4738.5 6.660227186151926e-16
4740.0 7.517655137628541e-16
4741.5 6.732941539078954e-16
4743.0 6.939227320866788e-16
4744.5 6.843093609833229e-16
4746.0 7.568280480568334e-16
4747.5 7.547038651353566e-16
4749.0 5.212462678003602e-16
4750.5 5.191328316004465e-16
4752.0 6.035596211041587e-16
4753.5 4.666917674475876e-16
4755.0 5.507365190742275e-16
4756.5 5.792814201502156e-16
4758.0 7.214700449709957e-16
4759.5 6.129713761633069e-16
4761.0 6.533007315915509e-16
4762.5 6.366698102204996e-16
4764.0 5.804145700600216e-16
4765.5 6.00744021252271e-16
4767.0 7.883757493192141e-16
4768.5 7.2197799813147035e-16
4770.0 6.212437139029791e-16
4771.5 6.582159691709878e-16
4773.0 6.754106034341631e-16
4774.5 6.858980103440348e-16
4776.0 5.54341597465641e-16
4777.5 5.339559003626836e-16
4779.0 5.57772543232319e-16
4780.5 6.013910662882456e-16
4782.0 6.287942732920564e-16
4783.5 6.62016448307858e-16
4785.0 6.287223785941179e-16
4786.5 4.902757807316518e-16
4788.0 4.861196242575851e-16
4789.5 5.866632435630125e-16
4791.0 6.193478663487507e-16
4792.5 5.742763796110956e-16
4794.0 5.72051944061729e-16
4795.5 5.626247104448476e-16
4797.0 4.634490278928318e-16
4798.5 4.024395941351817e-16
4800.0 3.5914965115581547e-16
4801.5 4.265299646604708e-16
4803.0 7.008865701031612e-16
4804.5 5.941509469704808e-16
4806.0 4.236541055122232e-16
4807.5 3.158716771620579e-16
4809.0 4.621113250661965e-16
4810.5 5.272080346247741e-16
4812.0 5.23470585153162e-16
4813.5 4.037494394157511e-16
4815.0 3.7621028301602483e-16
4816.5 3.277987120738577e-16
4818.0 4.020026280756735e-16
4819.5 5.176805931635113e-16
4821.0 5.803301370018056e-16
4822.5 5.176689798577408e-16
4824.0 4.962873550844493e-16
4825.5 4.640116150906999e-16
4827.0 3.362257547014193e-16
4828.5 3.1783386673723207e-16
4830.0 4.711975359272658e-16
4831.5 3.212471888185866e-16
4833.0 3.928388454349203e-16
4834.5 4.352234062044613e-16
4836.0 3.611475301123812e-16
4837.5 3.3223962930365904e-16
4839.0 4.269528895259451e-16
4840.5 4.668572064208294e-16
4842.0 4.374777420452859e-16
4843.5 3.8543029971189314e-16
4845.0 3.4354961637558143e-16
4846.5 3.146263747752236e-16
4848.0 3.3034501283924085e-16
4849.5 4.2432310424041416e-16
4851.0 4.1248940341162347e-16
4852.5 4.1952859665738246e-16
4854.0 4.158633871921197e-16
4855.5 4.0968781108174155e-16
4857.0 3.863852409293637e-16
4858.5 4.221028507904309e-16
4860.0 4.309503549343982e-16
4861.5 4.946552956438477e-16
4863.0 5.48558449072144e-16
4864.5 5.456502825037722e-16
4866.0 4.562207963217062e-16
4867.5 3.544580201967739e-16
4869.0 2.68661379835839e-16
4870.5 2.8600644460881653e-16
4872.0 4.565317182960229e-16
4873.5 3.6987480003720377e-16
4875.0 4.3248126368860246e-16
4876.5 3.755491630135008e-16
4878.0 3.6014549477350494e-16
4879.5 4.245808270888011e-16
4881.0 3.5901080218570676e-16
4882.5 3.0130165466166923e-16
4884.0 3.8926242501286454e-16
4885.5 4.913239702637307e-16
4887.0 3.4083478783129987e-16
4888.5 5.26785778364882e-16
4890.0 4.659902752824024e-16
4891.5 5.202242646720119e-16
4893.0 5.788973146187494e-16
4894.5 5.621774237259411e-16
4896.0 3.1289628948930175e-16
4897.5 2.443521238727334e-16
4899.0 3.718789428466382e-16
4900.5 3.129542405806019e-16
4902.0 3.099708377251661e-16
4903.5 4.520168163283176e-16
4905.0 3.8592325458128557e-16
4906.5 5.3725331871696625e-16
4908.0 5.053780367137406e-16
4909.5 4.80503409404984e-16
4911.0 4.0417019441015325e-16
4912.5 4.241076946093304e-16
4914.0 5.780780662216674e-16
4915.5 5.007716466353926e-16
4917.0 3.3712589594411654e-16
4918.5 3.2619814929079767e-16
4920.0 4.336155092539287e-16
4921.5 5.064021336855991e-16
4923.0 4.453637349865739e-16
4924.5 4.742744379369329e-16
4926.0 5.7513968467474e-16
4927.5 5.359200827728679e-16
4929.0 4.2771232358576027e-16
4930.5 4.848900579231003e-16
4932.0 5.482391789425777e-16
4933.5 4.296974116714032e-16
4935.0 4.492230633899275e-16
4936.5 5.438221838969889e-16
4938.0 5.770777131471472e-16
4939.5 5.670078108185834e-16
4941.0 5.815475175723112e-16
4942.5 6.504492011443597e-16
4944.0 6.183157075816195e-16
4945.5 5.69265078318583e-16
4947.0 6.167622531160591e-16
4948.5 6.416278306216672e-16
4950.0 5.93673199751486e-16
4951.5 6.088987436799886e-16
4953.0 6.873804085711605e-16
4954.5 5.900457210378995e-16
4956.0 5.689662023140036e-16
4957.5 5.860899583281165e-16
4959.0 7.185336158844448e-16
4960.5 8.324984031052343e-16
4962.0 7.508795089016996e-16
4963.5 7.108649204849221e-16
4965.0 8.437549880851109e-16
4966.5 6.974649590799809e-16
4968.0 7.3532089629456e-16
4969.5 7.225123604051572e-16
4971.0 7.444135094053466e-16
4972.5 7.069802038971268e-16
4974.0 7.545876254641133e-16
4975.5 8.367145258007828e-16
4977.0 8.871818200354806e-16
4978.5 6.939038693251886e-16
4980.0 6.620241254267866e-16
4981.5 7.494954303957645e-16
4983.0 8.372648839080391e-16
4984.5 9.498085238754607e-16
4986.0 8.71610260257474e-16
4987.5 8.461663041164293e-16
4989.0 7.914005445609603e-16
4990.5 8.005224711490554e-16
4992.0 8.127156672909552e-16
4993.5 7.34695034877515e-16
4995.0 7.815579880745189e-16
4996.5 7.99126736658275e-16
4998.0 7.858320242490136e-16
4999.5 8.41728455035131e-16
5001.0 8.741493073609776e-16
5002.5 8.226465105431584e-16
5004.0 8.277695081860264e-16
5005.5 7.85918165107147e-16
5007.0 7.248113006251738e-16
5008.5 8.047475973186168e-16
5010.0 7.62487312106844e-16
5011.5 6.370144040947641e-16
5013.0 7.631343950099539e-16
5014.5 8.775457749098336e-16
5016.0 7.635675767755213e-16
5017.5 7.383720120381287e-16
5019.0 8.037184449472281e-16
5020.5 8.88776876196506e-16
5022.0 7.214367377031411e-16
5023.5 6.830566265428509e-16
5025.0 7.094558596069143e-16
5026.5 7.060724595790187e-16
5028.0 7.947781499427841e-16
5029.5 7.818050633432833e-16
5031.0 7.540978904718666e-16
5032.5 8.500965354409159e-16
5034.0 7.862031833768114e-16
5035.5 8.154260577331767e-16
5037.0 8.486714077398836e-16
5038.5 6.882690580880955e-16
5040.0 7.50980088663908e-16
5041.5 7.126158399246181e-16
5043.0 6.495180918595195e-16
5044.5 5.076880909152025e-16
5046.0 5.419876909754592e-16
5047.5 5.801124690003787e-16
5049.0 6.48055375512378e-16
5050.5 5.576303121837569e-16
5052.0 5.180407151966855e-16
5053.5 5.42278491938088e-16
5055.0 5.188535198997873e-16
5056.5 5.65114037862446e-16
5058.0 5.196744913017036e-16
5059.5 5.98512292761868e-16
5061.0 6.178076384462094e-16
5062.5 4.847971487175975e-16
5064.0 5.828018593449823e-16
5065.5 6.024746416500176e-16
5067.0 4.636449096879235e-16
5068.5 4.746966172049324e-16
5070.0 5.381221556975986e-16
5071.5 5.117602946032754e-16
5073.0 4.55161232145878e-16
5074.5 4.941181185841216e-16
5076.0 5.591698694960509e-16
5077.5 5.786517869966012e-16
5079.0 6.132577548106706e-16
5080.5 4.921064257420285e-16
5082.0 4.403991145042472e-16
5083.5 5.083035691977813e-16
5085.0 5.13865116793753e-16
5086.5 5.441945935717893e-16
5088.0 5.639545477346423e-16
5089.5 5.135176361200172e-16
5091.0 4.989536937005655e-16
5092.5 4.3080318311610637e-16
5094.0 5.788795486637807e-16
5095.5 5.322906517686857e-16
5097.0 5.839836111666145e-16
5098.5 5.121589654632143e-16
5100.0 5.85906183761711e-16
5101.5 6.523144319584158e-16
5103.0 5.696658281735386e-16
5104.5 6.025247675088905e-16
5106.0 5.010357130118084e-16
5107.5 5.374776122015906e-16
5109.0 6.099992959126224e-16
5110.5 6.728771115494941e-16
5112.0 7.303451083833678e-16
5113.5 4.99909786238272e-16
5115.0 5.135303028982571e-16
5116.5 5.199314922397611e-16
5118.0 5.838929706673297e-16
5119.5 6.0939172415263245e-16
5121.0 5.861416223384239e-16
5122.5 6.048881683426026e-16
5124.0 5.778322207703114e-16
5125.5 5.839589237454988e-16
5127.0 6.664283632918065e-16
5128.5 5.803985746580493e-16
5130.0 5.367937351722211e-16
5131.5 5.463567066444621e-16
5133.0 6.05200049298058e-16
5134.5 6.156498048128871e-16
5136.0 6.548018611651479e-16
5137.5 6.450110348228754e-16
5139.0 5.449592443169742e-16
5140.5 5.203888057109045e-16
5142.0 6.257582554799646e-16
5143.5 6.717523172194301e-16
5145.0 6.632783365680708e-16
5146.5 6.56728511945791e-16
5148.0 6.37124546025515e-16
5149.5 7.019598800006804e-16
5151.0 6.038490688399682e-16
5152.5 5.570039962833082e-16
5154.0 6.340411677647461e-16
5155.5 7.045269360751788e-16
5157.0 5.896373462860672e-16
5158.5 5.93589375506202e-16
5160.0 6.2535031473068e-16
5161.5 6.290049941390203e-16
5163.0 6.223835676405747e-16
5164.5 6.238199718472169e-16
5166.0 6.844409456731875e-16
5167.5 5.744687623381721e-16
5169.0 5.586914918990589e-16
5170.5 6.440844575456657e-16
5172.0 6.211748813915655e-16
5173.5 6.080384323396002e-16
5175.0 6.270753771970018e-16
5176.5 5.605172452288835e-16
5178.0 6.044266706438132e-16
5179.5 5.740455572557584e-16
5181.0 5.028813439011146e-16
5182.5 5.812912186880219e-16
5184.0 5.449416830440329e-16
5185.5 6.583385573291071e-16
5187.0 6.96896369638949e-16
5188.5 7.157284614293038e-16
5190.0 6.481903869299311e-16
5191.5 5.470401523019511e-16
5193.0 5.233025608875927e-16
5194.5 6.242031634393678e-16
5196.0 6.143710135933554e-16
5197.5 5.763477046287189e-16
5199.0 6.392198138706429e-16
5200.5 5.946385249807341e-16
5202.0 5.253097237720307e-16
5203.5 5.061631405250551e-16
5205.0 5.193861826834055e-16
5206.5 5.706290353346007e-16
5208.0 6.060083155900072e-16
5209.5 5.829864848530103e-16
5211.0 6.112593581011263e-16
5212.5 5.927217696583246e-16
5214.0 6.132164518775648e-16
5215.5 6.552739377040818e-16
5217.0 5.682004216043105e-16
5218.5 5.405918137687446e-16
5220.0 5.905284832292413e-16
5221.5 6.894009229689479e-16
5223.0 7.056886073069111e-16
5224.5 6.382019848473002e-16
5226.0 6.02718266341832e-16
5227.5 6.409080036968399e-16
5229.0 6.55795280480401e-16
5230.5 6.949746483687062e-16
5232.0 6.896414874909526e-16
5233.5 6.641166770470452e-16
5235.0 6.058876504525455e-16
5236.5 6.428664564385031e-16
5238.0 6.813862645230179e-16
5239.5 5.722327237378741e-16
5241.0 5.48829293154426e-16
5242.5 5.683562409249852e-16
5244.0 6.463341132648282e-16
5245.5 7.080976813393476e-16
5247.0 7.075204426514926e-16
5248.5 5.626338513012274e-16
5250.0 5.528859680237369e-16
5251.5 6.613109531451173e-16
5253.0 6.594521521941659e-16
5254.5 7.470286267529531e-16
5256.0 7.537509029368992e-16
5257.5 6.545554586033642e-16
5259.0 6.704024784086165e-16
5260.5 6.657724915286212e-16
5262.0 6.998917466081601e-16
5263.5 7.276149131476592e-16
5265.0 7.113716500325323e-16
5266.5 7.281611193346073e-16
5268.0 6.939258344923822e-16
5269.5 7.229521277742759e-16
5271.0 7.365071188359696e-16
5272.5 6.754804208510613e-16
5274.0 6.373069333157853e-16
5275.5 6.844029957436725e-16
5277.0 8.267177635788684e-16
5278.5 7.811554452982403e-16
5280.0 6.697406805455511e-16
5281.5 6.414618519472979e-16
5283.0 6.610814604189795e-16
5284.5 7.454428150797583e-16
5286.0 7.776374460873351e-16
5287.5 7.654249687562224e-16
5289.0 7.428710379023113e-16
5290.5 7.372455957366712e-16
5292.0 7.31984640656202e-16
5293.5 7.680765141125393e-16
5295.0 7.652030660058689e-16
5296.5 7.755882360506064e-16
5298.0 7.959680465393461e-16
5299.5 8.360108728422905e-16
5301.0 8.463028397515155e-16
5302.5 8.281152299357681e-16
5304.0 8.293867852604737e-16
5305.5 7.679795186352859e-16
5307.0 7.637926452002039e-16
5308.5 8.616542004984074e-16
5310.0 8.367526918404447e-16
5311.5 7.615964216966115e-16
5313.0 8.306986380487015e-16
5314.5 8.5215693452751155e-16
5316.0 8.199563386863822e-16
5317.5 7.276116705878393e-16
5319.0 6.843835324956099e-16
5320.5 6.771956476457329e-16
5322.0 7.6514582185942915e-16
5323.5 7.51243864233278e-16
5325.0 7.501824982023012e-16
5326.5 8.754865203530298e-16
5328.0 8.012039932593916e-16
5329.5 7.528453411711325e-16
5331.0 7.736280763859977e-16
5332.5 7.44241325927502e-16
5334.0 7.228183905836093e-16
5335.5 7.419440392644703e-16
5337.0 7.357717106825413e-16
5338.5 7.733366135373862e-16
5340.0 7.954649860875302e-16
5341.5 8.473346777518115e-16
5343.0 8.7729270884126e-16
5344.5 8.1099632701657345e-16
5346.0 7.677819929637862e-16
5347.5 8.01285698877298e-16
5349.0 6.734747223106937e-16
5350.5 7.12892447610891e-16
5352.0 9.346255880263741e-16
5353.5 8.523922199722787e-16
5355.0 7.96518552232472e-16
5356.5 8.259528643532866e-16
5358.0 8.032796772962416e-16
5359.5 7.961456843868176e-16
5361.0 8.266824307304231e-16
5362.5 8.354439381619568e-16
5364.0 8.024203006084556e-16
5365.5 8.578228159638315e-16
5367.0 8.136616605756642e-16
5368.5 7.64797864708121e-16
5370.0 8.341821014804685e-16
5371.5 8.391044683999179e-16
5373.0 8.179012284055701e-16
5374.5 8.098971156335078e-16
5376.0 7.681130169723545e-16
5377.5 8.04590938108392e-16
5379.0 7.912601164862669e-16
5380.5 7.484703797223816e-16
5382.0 7.599377451262689e-16
5383.5 6.887330253832353e-16
5385.0 8.030726038049442e-16
5386.5 8.090549375836936e-16
5388.0 8.167558713536907e-16
5389.5 9.1119599062198e-16
5391.0 9.374989232791652e-16
5392.5 8.702016621698229e-16
5394.0 8.619909911568868e-16
5395.5 8.824240331974839e-16
5397.0 8.278662270581425e-16
5398.5 8.3981521148444e-16
5400.0 8.105843362471378e-16
5401.5 8.005791720391588e-16
5403.0 7.625257920014406e-16
5404.5 8.216852618362725e-16
5406.0 8.603436495809976e-16
5407.5 7.741526577035455e-16
5409.0 7.386931649162099e-16
5410.5 7.592892427690389e-16
5412.0 7.865888089144289e-16
5413.5 7.866511040903053e-16
5415.0 7.31175924937254e-16
5416.5 7.699319156258637e-16
5418.0 7.480091540600576e-16
5419.5 7.478503260403665e-16
5421.0 7.764018035258985e-16
5422.5 8.1611909736132e-16
5424.0 7.928720578782054e-16
5425.5 7.191128380741621e-16
5427.0 7.319129737176765e-16
5428.5 7.39731664371099e-16
5430.0 7.240735483787951e-16
5431.5 6.262711525039843e-16
5433.0 7.270651335127496e-16
5434.5 7.096202037227815e-16
5436.0 6.555870511500256e-16
5437.5 7.029854405675995e-16
5439.0 6.973719334729522e-16
5440.5 7.736380822905442e-16
5442.0 7.6358183884487e-16
5443.5 7.176085885414928e-16
5445.0 6.5991807882538e-16
5446.5 6.002551767786895e-16
5448.0 7.256476716586484e-16
5449.5 7.462471622644698e-16
5451.0 7.534682472029302e-16
5452.5 6.419376895272304e-16
5454.0 7.095484248926702e-16
5455.5 7.963762180702124e-16
5457.0 8.309690942614933e-16
5458.5 7.477691635778559e-16
5460.0 7.737730524407511e-16
5461.5 8.01995682612531e-16
5463.0 7.66265845392252e-16
5464.5 7.895178693757247e-16
5466.0 7.704683803654875e-16
5467.5 7.053640689191719e-16
5469.0 6.603596575196016e-16
5470.5 7.120953672368822e-16
5472.0 7.653696845075442e-16
5473.5 8.476690127589763e-16
5475.0 8.249770516103516e-16
5476.5 7.364382733807922e-16
5478.0 7.824268802389828e-16
5479.5 7.705681778820908e-16
5481.0 7.700536414253261e-16
5482.5 7.486046311588535e-16
5484.0 8.480288811631256e-16
5485.5 8.483137291072379e-16
5487.0 8.277896071457063e-16
5488.5 8.536230102285376e-16
5490.0 8.543216859855439e-16
5491.5 8.640525510844436e-16
5493.0 9.011325360313885e-16
5494.5 9.185689470762585e-16
5496.0 9.781209246354418e-16
5497.5 9.828755745891787e-16
5499.0 8.778900077812384e-16
5500.5 7.791755496847305e-16
5502.0 8.076698317810216e-16
5503.5 8.42837239443589e-16
5505.0 8.4746193915140735e-16
5506.5 8.962126517892284e-16
5508.0 8.666779369974253e-16
5509.5 8.187230242962086e-16
5511.0 7.087324044148589e-16
5512.5 7.191064462236823e-16
5514.0 7.688652369296198e-16
5515.5 8.733406725753699e-16
5517.0 9.534591976632071e-16
5518.5 8.674563074917991e-16
5520.0 8.119074176015779e-16
5521.5 8.707293253090787e-16
5523.0 8.671442918321704e-16
5524.5 8.644249137102788e-16
5526.0 9.073981462454152e-16
5527.5 8.284746322107404e-16
5529.0 8.724377949037867e-16
5530.5 8.938953771122035e-16
5532.0 7.907699316787766e-16
5533.5 8.778698092289633e-16
5535.0 9.182890711224897e-16
5536.5 8.061280655500699e-16
5538.0 8.918040745313122e-16
5539.5 9.193178072373376e-16
5541.0 8.713579282061069e-16
5542.5 9.387453750634043e-16
5544.0 8.377783078596584e-16
5545.5 7.544245388354417e-16
5547.0 8.022125412835178e-16
5548.5 8.340223482754499e-16
5550.0 8.235809814843244e-16
5551.5 8.268048702161027e-16
5553.0 7.471316153940693e-16
5554.5 7.758210525804592e-16
5556.0 7.554420094330203e-16
5557.5 8.288867272610656e-16
5559.0 8.545821122490044e-16
5560.5 7.5638084566035e-16
5562.0 7.70404000396545e-16
5563.5 8.482802367126867e-16
5565.0 8.348468644285422e-16
5566.5 7.998493745041536e-16
5568.0 7.954857962242709e-16
5569.5 7.714684009567878e-16
5571.0 7.799020057695932e-16
5572.5 8.542842339434033e-16
5574.0 7.997933589059477e-16
5575.5 7.519927672852547e-16
5577.0 8.064570059204142e-16
5578.5 8.134214644203288e-16
5580.0 7.843895514758861e-16
5581.5 7.883610805206689e-16
5583.0 7.112891786168973e-16
5584.5 6.222482067589857e-16
5586.0 6.588030976225209e-16
5587.5 7.315933546538429e-16
5589.0 8.222757230184378e-16
5590.5 7.621153407631269e-16
5592.0 6.959325389646112e-16
5593.5 7.835287047194787e-16
5595.0 8.317794416299303e-16
5596.5 7.349493935139513e-16
5598.0 6.959176793186136e-16
5599.5 7.108597983847605e-16
5601.0 6.715297442335979e-16
5602.5 6.9369276599214e-16
5604.0 7.706103884568762e-16
5605.5 7.103905770377151e-16
5607.0 6.693888377300238e-16
5608.5 7.767801255681182e-16
5610.0 7.487442582643339e-16
5611.5 6.93918632040608e-16
5613.0 7.496494431926215e-16
5614.5 7.234823816224746e-16
5616.0 6.572065705041798e-16
5617.5 6.780683342296035e-16
5619.0 7.025167049884825e-16
5620.5 7.045819066072401e-16
5622.0 6.954706482293658e-16
5623.5 7.014630756356362e-16
5625.0 7.366262181138733e-16
5626.5 7.041532714743547e-16
5628.0 6.745598391038525e-16
5629.5 6.792193577145626e-16
5631.0 6.372768301790629e-16
5632.5 6.275035625133501e-16
5634.0 6.613884981345752e-16
5635.5 7.032697886264682e-16
5637.0 6.669239553044124e-16
5638.5 6.4389420845917e-16
5640.0 6.1844216860613e-16
5641.5 5.096813473919662e-16
5643.0 5.580061201182888e-16
5644.5 6.598330708897523e-16
5646.0 6.537464456775423e-16
5647.5 5.345667812564359e-16
5649.0 4.55578661593162e-16
5650.5 5.428548709804248e-16
5652.0 6.091617984204141e-16
5653.5 5.608803010159224e-16
5655.0 5.137677602333445e-16
5656.5 5.661603650936696e-16
5658.0 5.431404455142392e-16
5659.5 4.855845877207979e-16
5661.0 4.92838614185291e-16
5662.5 4.626224206114694e-16
5664.0 3.9313847697230416e-16
5665.5 4.2773328014312496e-16
5667.0 4.0560081997374693e-16
5668.5 3.4018036188030127e-16
5670.0 3.6651552154218284e-16
5671.5 3.8696212823692234e-16
5673.0 3.8251746934240606e-16
5674.5 3.736681050806306e-16
5676.0 4.48676857643366e-16
5677.5 4.105375334752508e-16
5679.0 3.968091899199801e-16
5680.5 3.97528318899732e-16
5682.0 3.6284385968312955e-16
5683.5 1.9287481729070562e-16
5685.0 3.4586618067045948e-16
5686.5 4.0708806354599803e-16
5688.0 4.1133284911168355e-16
5689.5 3.1308206685578076e-16
5691.0 3.2969844544208953e-16
5692.5 4.1438925768984475e-16
5694.0 3.246544912691263e-16
5695.5 3.0228530932114963e-16
5697.0 2.7249609917082806e-16
5698.5 2.4788513456217363e-16
5700.0 3.433025702700523e-16
5701.5 3.6705296009411917e-16
5703.0 2.936291739092166e-16
5704.5 2.787205106360667e-16
5706.0 3.6099819319574986e-16
5707.5 4.2366407269459376e-16
5709.0 3.984497012276609e-16
5710.5 4.3002285889360366e-16
5712.0 4.4024783265411877e-16
5713.5 3.8752570532711477e-16
5715.0 3.8733017913076027e-16
5716.5 3.201643727706717e-16
5718.0 2.2472833914419735e-16
5719.5 3.0927142077558895e-16
5721.0 3.6382983627228963e-16
5722.5 3.234465391843711e-16
5724.0 2.9444915785099107e-16
5725.5 3.218542013238291e-16
5727.0 4.3486543233652646e-16
5728.5 3.48123203200394e-16
5730.0 1.9884022555550917e-16
5731.5 2.31399296578457e-16
5733.0 2.902459361963494e-16
5734.5 3.09909791251027e-16
5736.0 3.4275768123455533e-16
5737.5 3.1689551861207097e-16
5739.0 3.5180646867878547e-16
5740.5 3.9407946187273733e-16
5742.0 3.7431406389186896e-16
5743.5 3.4327896115247877e-16
5745.0 4.073917847129617e-16
5746.5 4.1877071697080565e-16
5748.0 4.253046131442859e-16
5749.5 3.9174127719008667e-16
5751.0 3.8741098892693395e-16
5752.5 4.341680705559143e-16
5754.0 3.699355391885067e-16
5755.5 3.0885011432699585e-16
5757.0 4.4289969997097126e-16
5758.5 4.368641927546592e-16
5760.0 4.3205743302431037e-16
5761.5 4.803584045802419e-16
5763.0 5.174902526847375e-16
5764.5 5.161198640744711e-16
5766.0 4.0208196450713584e-16
5767.5 5.161829968697777e-16
5769.0 4.970594574594196e-16
5770.5 3.966013503477034e-16
5772.0 4.824151719324482e-16
5773.5 4.970946010902664e-16
5775.0 5.64952216513014e-16
5776.5 5.695874788919733e-16
5778.0 5.057716495030682e-16
5779.5 5.733372004172129e-16
5781.0 5.835560648922385e-16
5782.5 5.491819348575633e-16
5784.0 5.850577773675292e-16
5785.5 6.219608242052105e-16
5787.0 6.175051523086081e-16
5788.5 5.731487834315868e-16
5790.0 6.39501518857455e-16
5791.5 6.464129332853335e-16
5793.0 6.62357986104561e-16
5794.5 7.081313429066889e-16
5796.0 7.008816604540058e-16
5797.5 7.491637342490679e-16
5799.0 7.7209697322872635e-16
5800.5 7.574334516048546e-16
5802.0 7.328937561840621e-16
5803.5 7.499992411970312e-16
5805.0 6.917208221677261e-16
5806.5 6.636191106967983e-16
5808.0 8.042611500838321e-16
5809.5 9.068057069377852e-16
5811.0 8.357472029479515e-16
5812.5 8.509710235456406e-16
5814.0 7.485399185222446e-16
5815.5 7.802822546937076e-16
5817.0 8.526430621098304e-16
5818.5 7.888534077160566e-16
5820.0 8.39852562124053e-16
5821.5 9.133374755334305e-16
5823.0 9.156391357495005e-16
5824.5 9.99267531210678e-16
5826.0 8.977117082918549e-16
5827.5 9.672719306771926e-16
5829.0 8.573259015005632e-16
5830.5 8.559666713713414e-16
5832.0 9.374661742865618e-16
5833.5 8.648270932122825e-16
5835.0 9.56605822993881e-16
5836.5 9.441162229030937e-16
5838.0 9.462643261978205e-16
5839.5 9.701464930488764e-16
5841.0 1.0095997256948667e-15
5842.5 9.652047269216045e-16
5844.0 9.640619088924677e-16
5845.5 9.860321670082866e-16
5847.0 9.608242943509652e-16
5848.5 9.788714202246242e-16
5850.0 9.7337096165507e-16
5851.5 9.569705873229876e-16
5853.0 1.0171739205215495e-15
5854.5 1.0199844020801129e-15
5856.0 9.516865937225598e-16
5857.5 9.183147074498768e-16
5859.0 9.344762011774089e-16
5860.5 9.676956646078096e-16
5862.0 9.998284107685643e-16
5863.5 9.995103485411174e-16
5865.0 9.829905762132654e-16
5866.5 1.0116288796730272e-15
5868.0 9.391497627670104e-16
5869.5 8.992646277189875e-16
5871.0 9.687904626777945e-16
5872.5 9.849310266233707e-16
5874.0 9.480453888667624e-16
5875.5 8.922788163279631e-16
5877.0 9.237321438845571e-16
5878.5 9.160297329817113e-16
5880.0 9.498770200834149e-16
5881.5 9.36627472034763e-16
5883.0 8.951742828327107e-16
5884.5 9.441369501393558e-16
5886.0 9.331845189860732e-16
5887.5 8.403862120566561e-16
5889.0 8.241923870804633e-16
5890.5 8.585102234142506e-16
5892.0 8.467436625855211e-16
5893.5 8.662484602103686e-16
5895.0 8.999390434864035e-16
5896.5 8.142339876955065e-16
5898.0 7.926206825988152e-16
5899.5 8.752564125867292e-16
5901.0 8.878184511967471e-16
5902.5 8.664107082855503e-16
5904.0 8.989243102468175e-16
5905.5 8.352948625207643e-16
5907.0 8.38029818033934e-16
5908.5 9.14021268218301e-16
5910.0 9.322166426093797e-16
5911.5 9.335254633297914e-16
5913.0 9.116268386284255e-16
5914.5 8.902447825340107e-16
5916.0 9.757007139554927e-16
5917.5 1.0118822735810096e-15
5919.0 9.97405268347119e-16
5920.5 9.467455907222249e-16
5922.0 8.928612028981636e-16
5923.5 8.630241067985744e-16
5925.0 8.612575799042528e-16
5926.5 8.518818447808265e-16
5928.0 9.02805818942369e-16
5929.5 9.967142135340138e-16
5931.0 1.0158144027046333e-15
5932.5 9.253047285127858e-16
5934.0 9.257478603032067e-16
5935.5 9.315164493092155e-16
5937.0 9.269434290625264e-16
5938.5 9.52041676491697e-16
5940.0 8.603591755757744e-16
5941.5 8.496440332035648e-16
5943.0 8.803854116403967e-16
5944.5 8.398181092052804e-16
5946.0 8.875964032444189e-16
5947.5 9.162702102299233e-16
5949.0 9.65021563139191e-16
5950.5 8.227926028212833e-16
5952.0 8.246244017609077e-16
5953.5 8.093652660383651e-16
5955.0 8.257596655840313e-16
5956.5 8.411665433362152e-16
5958.0 7.847159967586823e-16
5959.5 8.190870960437672e-16
5961.0 8.844315886146056e-16
5962.5 8.795518347156766e-16
5964.0 8.649490157648886e-16
5965.5 9.581648814927355e-16
5967.0 8.43772143538466e-16
5968.5 9.032736952195837e-16
5970.0 9.121651349434474e-16
5971.5 8.031608730879124e-16
5973.0 8.522667104121431e-16
5974.5 8.450728313664193e-16
5976.0 8.631066698877583e-16
5977.5 8.834724374064402e-16
5979.0 7.782005743809243e-16
5980.5 8.131025845039431e-16
5982.0 8.327654377434313e-16
5983.5 8.480466772108047e-16
5985.0 8.078747445905537e-16
5986.5 9.05343521429855e-16
5988.0 9.790720371922245e-16
5989.5 8.294173610516616e-16
5991.0 8.209684572310759e-16
5992.5 8.340371753269721e-16
5994.0 8.10742357469087e-16
5995.5 7.915062548288233e-16
5997.0 8.425512710491032e-16
5998.5 8.011905790166746e-16
6000.0 7.174767208664269e-16
6001.5 8.16637838636774e-16
6003.0 9.283445917092296e-16
6004.5 8.816600011409102e-16
6006.0 7.924825310625106e-16
6007.5 7.898122955729617e-16
6009.0 7.710646809200868e-16
6010.5 8.373144319639806e-16
6012.0 8.383229697856917e-16
6013.5 7.474238424368347e-16
6015.0 7.740298195480685e-16
6016.5 9.118829742960109e-16
6018.0 8.767806714208986e-16
6019.5 8.096861421823506e-16
6021.0 8.215458463690112e-16
6022.5 7.748632735826909e-16
6024.0 7.667988593132704e-16
6025.5 7.71995785752341e-16
6027.0 8.471812134107092e-16
6028.5 8.503017393129717e-16
6030.0 8.512249075477463e-16
6031.5 8.288530613602213e-16
6033.0 7.675110587713272e-16
6034.5 7.4501845283948975e-16
6036.0 7.08429662593192e-16
6037.5 8.345556263340889e-16
6039.0 7.622081027933536e-16
6040.5 6.368700912689682e-16
6042.0 6.809614547722927e-16
6043.5 6.933957041401349e-16
6045.0 6.851341392415767e-16
6046.5 7.10081996030934e-16
6048.0 7.350263499519077e-16
6049.5 7.444958251447541e-16
6051.0 7.103672693069094e-16
6052.5 7.272274613808567e-16
6054.0 7.580802609571491e-16
6055.5 7.814830540654583e-16
6057.0 7.513573552480891e-16
6058.5 6.706849390715505e-16
6060.0 7.476043956321334e-16
6061.5 8.7043662857893e-16
6063.0 8.425970469542661e-16
6064.5 7.936397106282366e-16
6066.0 7.350308760977033e-16
6067.5 7.610361116870186e-16
6069.0 7.961423786348168e-16
6070.5 6.703473174399156e-16
6072.0 6.70830385014114e-16
6073.5 7.355071403060614e-16
6075.0 7.273723458800445e-16
6076.5 7.473416961574494e-16
6078.0 7.504691543694242e-16
6079.5 7.028866703562957e-16
6081.0 6.57468703449618e-16
6082.5 6.27048069415825e-16
6084.0 6.705520410857757e-16
6085.5 7.674631506974368e-16
6087.0 7.852660846406695e-16
6088.5 7.034388233489574e-16
6090.0 6.963737511751187e-16
6091.5 7.694603663816622e-16
6093.0 6.616588585207039e-16
6094.5 6.337421571129318e-16
6096.0 7.349917062072074e-16
6097.5 7.171906715836866e-16
6099.0 7.084921211274709e-16
6100.5 7.692584326031721e-16
6102.0 7.101987773778014e-16
6103.5 6.716716397511646e-16
6105.0 7.749694962913787e-16
6106.5 7.253008201936783e-16
6108.0 6.275808284889029e-16
6109.5 6.404017882683792e-16
6111.0 6.76769404526114e-16
6112.5 6.759076714457975e-16
6114.0 7.223007535398145e-16
6115.5 7.277829449890056e-16
6117.0 6.713031388652639e-16
6118.5 6.604317458061253e-16
6120.0 7.140225368539791e-16
6121.5 7.25839963315602e-16
6123.0 7.053971300046786e-16
6124.5 6.880930313557416e-16
6126.0 7.317862400326754e-16
6127.5 7.024144165614224e-16
6129.0 6.459447681525431e-16
6130.5 7.011619611288038e-16
6132.0 7.397511256451142e-16
6133.5 6.936190664390405e-16
6135.0 6.906971430665977e-16
6136.5 7.160556026901231e-16
6138.0 6.271221100850629e-16
6139.5 6.107256305144215e-16
6141.0 6.92355385777487e-16
6142.5 6.691507321491959e-16
6144.0 6.661450887703215e-16
6145.5 6.812687592130844e-16
6147.0 6.181410150719861e-16
6148.5 5.939473248373002e-16
6150.0 5.76747480038405e-16
6151.5 5.42391853355752e-16
6153.0 5.855321251938358e-16
6154.5 5.454168783908105e-16
6156.0 5.825561019691593e-16
6157.5 5.576973618723684e-16
6159.0 6.383598175338591e-16
6160.5 6.228456670715569e-16
6162.0 5.75586521503006e-16
6163.5 5.917699105182048e-16
6165.0 5.940909718501676e-16
6166.5 6.181716184782908e-16
6168.0 5.519313478342646e-16
6169.5 5.547279081856235e-16
6171.0 6.391372398457085e-16
6172.5 6.519565454927213e-16
6174.0 6.770931353916669e-16
6175.5 6.886756883685775e-16
6177.0 6.602017642963858e-16
6178.5 6.984209248862178e-16
6180.0 6.496390938300069e-16
6181.5 7.266660986305863e-16
6183.0 7.192060702164599e-16
6184.5 6.953520628127943e-16
6186.0 6.269821471242097e-16
6187.5 6.636237674137766e-16
6189.0 7.267096226571584e-16
6190.5 6.902564114911722e-16
6192.0 6.60864526323958e-16
6193.5 6.58636476157739e-16
6195.0 7.188983598504428e-16
6196.5 7.342972337581173e-16
6198.0 6.448887229425078e-16
6199.5 6.5569710881493e-16
6201.0 6.964855123881522e-16
6202.5 6.832465244408694e-16
6204.0 6.851085649536574e-16
6205.5 6.753667406460034e-16
6207.0 6.756496628873375e-16
6208.5 7.248950848535801e-16
6210.0 6.944746329707355e-16
6211.5 6.419929252691229e-16
6213.0 6.763725620270109e-16
6214.5 6.505058849241157e-16
6216.0 6.619982437977854e-16
6217.5 6.849085592145848e-16
6219.0 7.150072794308142e-16
6220.5 6.795339206729897e-16
6222.0 6.73534079170441e-16
6223.5 6.360903214424964e-16
6225.0 5.996980002624708e-16
6226.5 6.755629344083431e-16
6228.0 6.893873255628348e-16
6229.5 6.166458286811299e-16
6231.0 6.671891668854333e-16
6232.5 6.518638486791789e-16
6234.0 6.490132395959694e-16
6235.5 6.298392044183561e-16
6237.0 5.406621017369456e-16
6238.5 6.346617368200665e-16
6240.0 6.502424207459972e-16
6241.5 5.796479724490777e-16
6243.0 6.6663786650646865e-16
6244.5 6.9255873236273395e-16
6246.0 6.009094385227398e-16
6247.5 6.457321732212255e-16
6249.0 6.525875839074302e-16
6250.5 6.161067390140581e-16
6252.0 7.196806112568758e-16
6253.5 6.541811622577776e-16
6255.0 6.772778396678105e-16
6256.5 7.009949591382939e-16
6258.0 6.376300036513187e-16
6259.5 6.29721281449084e-16
6261.0 6.258186929212894e-16
6262.5 5.779736970776439e-16
6264.0 5.998562715043312e-16
6265.5 5.962866326499419e-16
6267.0 5.120140156787629e-16
6268.5 5.074842902496065e-16
6270.0 6.168523727563204e-16
6271.5 6.557127167697787e-16
6273.0 6.314459252505258e-16
6274.5 6.02711657280662e-16
6276.0 6.156316487969079e-16
6277.5 5.846464732474757e-16
6279.0 5.770160859765207e-16
6280.5 5.984778921111244e-16
6282.0 5.404287839967205e-16
6283.5 5.510073561603219e-16
6285.0 6.060799295040144e-16
6286.5 6.499434890576171e-16
6288.0 6.109244695455752e-16
6289.5 5.890216216224385e-16
6291.0 5.434427298525438e-16
6292.5 4.994499240910319e-16
6294.0 5.782182953578414e-16
6295.5 5.735305395701868e-16
6297.0 5.799588617136507e-16
6298.5 5.863873252860227e-16
6300.0 5.92813334839587e-16
6301.5 5.99239487261986e-16
6303.0 6.056631875781094e-16
6304.5 6.120870322021222e-16
6306.0 6.185084266310639e-16
6307.5 6.182095643296616e-16
6309.0 6.124882385175612e-16
6310.5 5.766315353060598e-16
6312.0 5.840110836660189e-16
6313.5 5.604633456350944e-16
6315.0 6.117638911409095e-16
6316.5 5.955505985673795e-16
6318.0 5.155888743992033e-16
6319.5 4.746474450023253e-16
6321.0 5.355442159632243e-16
6322.5 6.3584993958833055e-16
6324.0 6.005039673150349e-16
6325.5 5.647289681159552e-16
6327.0 5.998821128298278e-16
6328.5 5.584189473611702e-16
6330.0 6.219829849077808e-16
6331.5 7.297533660334948e-16
6333.0 5.900755318207941e-16
6334.5 6.134327754573949e-16
6336.0 6.69931131106243e-16
6337.5 5.642923277095216e-16
6339.0 5.460349891640235e-16
6340.5 5.226380405916781e-16
6342.0 5.121441853051399e-16
6343.5 6.051691115302776e-16
6345.0 6.062097014696553e-16
6346.5 5.750498648089054e-16
6348.0 5.448261904285838e-16
6349.5 5.911160779996486e-16
6351.0 6.679859820927414e-16
6352.5 6.400186465355895e-16
6354.0 5.413713235527114e-16
6355.5 5.68900264749761e-16
6357.0 6.094214880936163e-16
6358.5 5.600974485680923e-16
6360.0 5.679737097787025e-16
6361.5 5.988681880286606e-16
6363.0 5.738599617173109e-16
6364.5 5.293691579759148e-16
6366.0 4.671256277851351e-16
6367.5 5.506982672772183e-16
6369.0 6.347290442371031e-16
6370.5 5.969980619382825e-16
6372.0 5.468918047591871e-16
6373.5 5.181397142493493e-16
6375.0 5.661655421048103e-16
6376.5 5.598448520905904e-16
6378.0 5.182954134884281e-16
6379.5 5.995910287767443e-16
6381.0 5.379730728039177e-16
6382.5 4.606673819136078e-16
6384.0 5.265202829173958e-16
6385.5 5.753277104232161e-16
6387.0 5.901317201768979e-16
6388.5 5.906123846017184e-16
6390.0 5.884232516133324e-16
6391.5 5.943604630085137e-16
6393.0 5.587657447751919e-16
6394.5 5.030681217229268e-16
6396.0 6.766966078192129e-16
6397.5 6.768584354224438e-16
6399.0 5.996097548832745e-16
6400.5 4.670085410346771e-16
6402.0 5.089247975960354e-16
6403.5 6.30985281560859e-16
6405.0 5.539809740737084e-16
6406.5 5.173440803796652e-16
6408.0 5.332079906943939e-16
6409.5 5.414108724747364e-16
6411.0 5.407143899742708e-16
6412.5 5.097734456407316e-16
6414.0 5.765057797049507e-16
6415.5 5.426449517403244e-16
6417.0 5.529366369203527e-16
6418.5 5.942788107926827e-16
6420.0 5.658108446542755e-16
6421.5 5.318882495453185e-16
6423.0 5.106874335233108e-16
6424.5 5.602049299248283e-16
6426.0 5.561182215724781e-16
6427.5 5.1146820028917465e-16
6429.0 5.515237932953123e-16
6430.5 5.605419548085925e-16
6432.0 5.580780267357472e-16
6433.5 5.560407637173063e-16
6435.0 4.953148300471347e-16
6436.5 4.3793919885708453e-16
6438.0 5.331329467022663e-16
6439.5 5.133390273583074e-16
6441.0 5.599486023711723e-16
6442.5 6.0109577276007385e-16
6444.0 5.474088451585781e-16
6445.5 5.233216242917777e-16
6447.0 5.504226465920034e-16
6448.5 5.873686188128043e-16
6450.0 5.434940055209255e-16
6451.5 4.544713109646988e-16
6453.0 5.776681705490999e-16
6454.5 6.055808784023529e-16
6456.0 5.348060583877396e-16
6457.5 5.716582214098787e-16
6459.0 4.714025263357562e-16
6460.5 4.3484040572662304e-16
6462.0 5.354200107994065e-16
6463.5 4.504451458788148e-16
6465.0 3.969812746093958e-16
6466.5 4.675815660065656e-16
6468.0 4.307209516654131e-16
6469.5 5.014820535331371e-16
6471.0 4.1491293630433554e-16
6472.5 3.4990776695100937e-16
6474.0 4.353817993929719e-16
6475.5 5.009220520510624e-16
6477.0 5.072799228614898e-16
6478.5 4.905516319111996e-16
6480.0 5.32549061977837e-16
6481.5 4.4210979364257547e-16
6483.0 3.8324709499723154e-16
6484.5 4.3605545184026134e-16
6486.0 4.346350334043368e-16
6487.5 4.2805857724361666e-16
6489.0 4.450446176655103e-16
6490.5 4.540296008078577e-16
6492.0 4.768609664625494e-16
6493.5 4.868104580769837e-16
6495.0 4.691185041066362e-16
6496.5 4.2589119024194466e-16
6498.0 4.2877281235646207e-16
6499.5 4.194372298216302e-16
6501.0 3.975092381895439e-16
6502.5 3.9581276402128494e-16
6504.0 3.780250725858698e-16
6505.5 3.266266026715311e-16
6507.0 3.7740207399032436e-16
6508.5 4.651538153536496e-16
6510.0 4.098755584465278e-16
6511.5 3.433509681815873e-16
6513.0 3.410040124390691e-16
6514.5 3.4887713597271326e-16
6516.0 4.422130255901575e-16
6517.5 4.870881444900905e-16
6519.0 4.697782666889715e-16
6520.5 5.195848427308661e-16
6522.0 4.3073368717148837e-16
6523.5 3.40935809553228e-16
6525.0 3.5775614393325877e-16
6526.5 4.1958144851924013e-16
6528.0 4.582756141488117e-16
6529.5 4.233689564096959e-16
6531.0 3.758754363483124e-16
6532.5 3.940452927086702e-16
6534.0 4.1059644214044504e-16
6535.5 4.056214384898129e-16
6537.0 4.157893930803618e-16
6538.5 4.53409997014266e-16
6540.0 4.2095885633188766e-16
6541.5 4.551559530411782e-16
6543.0 4.975771951591451e-16
6544.5 4.3437704638205656e-16
6546.0 4.461327081494376e-16
6547.5 4.3626007194907887e-16
6549.0 5.025569559525259e-16
6550.5 4.849701824839446e-16
6552.0 4.819707857822075e-16
6553.5 4.597813746155435e-16
6555.0 4.711402171374835e-16
6556.5 4.967977722850797e-16
6558.0 4.793162087591565e-16
6559.5 4.882787583234944e-16
6561.0 5.101716333977723e-16
6562.5 4.693843637035433e-16
6564.0 5.652426005433595e-16
6565.5 5.594734198899647e-16
6567.0 4.603035977233964e-16
6568.5 4.419425200557527e-16
6570.0 4.959759300894836e-16
6571.5 4.94572089537812e-16
6573.0 5.136382046380085e-16
6574.5 5.826161259695257e-16
6576.0 5.336610971472263e-16
6577.5 5.016797980042276e-16
6579.0 4.769926315956546e-16
6580.5 4.383808262183641e-16
6582.0 4.499694975510338e-16
6583.5 4.87129155741512e-16
6585.0 5.07283446336967e-16
6586.5 5.02786008466541e-16
6588.0 5.378846766130705e-16
6589.5 5.617777405982668e-16
6591.0 5.524865369084635e-16
6592.5 5.541905675908959e-16
6594.0 5.558943261873992e-16
6595.5 5.575978129081642e-16
6597.0 5.593023035985798e-16
6598.5 5.610052470905959e-16
6600.0 5.627079193368016e-16
6601.5 5.644103205469226e-16
6603.0 5.687903837656801e-16
6604.5 5.886851302105838e-16
6606.0 5.752138385390301e-16
6607.5 5.9573580304835315e-16
6609.0 6.43283451040362e-16
6610.5 6.057643541330738e-16
6612.0 6.384749406325476e-16
6613.5 6.16691922694656e-16
6615.0 4.798107098071635e-16
6616.5 5.777521989134271e-16
6618.0 5.2098180126853e-16
6619.5 5.178486743765769e-16
6621.0 7.507040608439048e-16
6622.5 7.6843395872007e-16
6624.0 7.172366128319771e-16
6625.5 6.931794329462611e-16
6627.0 6.908445223309054e-16
6628.5 7.368059379444441e-16
6630.0 7.396233459594774e-16
6631.5 6.809024723814952e-16
6633.0 6.651448880662969e-16
6634.5 6.640761658370098e-16
6636.0 7.390037832622352e-16
6637.5 7.717513054557706e-16
6639.0 7.383436635849386e-16
6640.5 7.611230929754456e-16
6642.0 7.325928245242714e-16
6643.5 7.221853162464418e-16
6645.0 7.211342311075412e-16
6646.5 6.938573212401007e-16
6648.0 7.245162964839195e-16
6649.5 7.401642250208157e-16
6651.0 7.51326471415643e-16
6652.5 7.663960843961554e-16
6654.0 7.380459821397599e-16
6655.5 7.447707435857823e-16
6657.0 7.275708293596672e-16
6658.5 7.02458819436542e-16
6660.0 7.159488164907318e-16
6661.5 7.902926807737049e-16
6663.0 7.784010361678305e-16
6664.5 7.508658778626372e-16
6666.0 7.604221428340769e-16
6667.5 7.441039665906128e-16
6669.0 7.003156070744181e-16
6670.5 7.580232521865725e-16
6672.0 7.670321523972493e-16
6673.5 6.944897983251757e-16
6675.0 7.4993940194723e-16
6676.5 7.293071507243368e-16
6678.0 7.171435532800352e-16
6679.5 7.194844518598565e-16
6681.0 7.309363747857914e-16
6682.5 7.579339395399555e-16
6684.0 6.915443501413179e-16
6685.5 6.657734806508562e-16
6687.0 6.840015769396361e-16
6688.5 6.619504921913581e-16
6690.0 6.835237716794834e-16
6691.5 7.53353848245237e-16
6693.0 7.016363993483566e-16
6694.5 6.37540497419959e-16
6696.0 7.496315506805346e-16
6697.5 7.848246178608482e-16
6699.0 6.956451683458202e-16
6700.5 6.778452912340914e-16
6702.0 7.4828146951694165e-16
6703.5 7.890886892231139e-16
6705.0 7.182638415238285e-16
6706.5 6.920539980111515e-16
6708.0 6.964057227501478e-16
6709.5 7.192605089825945e-16
6711.0 7.533985100179522e-16
6712.5 7.286672946269646e-16
6714.0 7.318892228026588e-16
6715.5 7.095463845177621e-16
6717.0 6.523551053395621e-16
6718.5 6.664961192283116e-16
6720.0 7.290014806707595e-16
6721.5 6.720494176547915e-16
6723.0 5.684643882086012e-16
6724.5 6.40857948499426e-16
6726.0 7.168305473665871e-16
6727.5 6.687318328325426e-16
6729.0 6.543521644401913e-16
6730.5 6.126775652730097e-16
6732.0 5.743689251225018e-16
6733.5 6.314414775884214e-16
6735.0 6.641220966653947e-16
6736.5 6.437649398534824e-16
6738.0 7.178730411815244e-16
6739.5 7.063492304607329e-16
6741.0 6.48350663373889e-16
6742.5 7.478686787518337e-16
6744.0 6.671680026929634e-16
6745.5 6.691587350704869e-16
6747.0 6.713730967009281e-16
6748.5 6.846297795696305e-16
6750.0 6.962335775753141e-16
6751.5 6.460437901489603e-16
6753.0 7.608245001453737e-16
6754.5 8.032135407365593e-16
6756.0 7.497268664799515e-16
6757.5 7.177506765957215e-16
6759.0 6.804656329255712e-16
6760.5 6.932264519635799e-16
6762.0 6.706930535234407e-16
6763.5 5.891429507274651e-16
6765.0 6.467019066945745e-16
6766.5 6.960278711502142e-16
6768.0 6.546504935029781e-16
6769.5 6.391791270182492e-16
6771.0 6.205084817628155e-16
6772.5 5.908503013254136e-16
6774.0 5.568283152862473e-16
6775.5 6.099287824305323e-16
6777.0 6.246382422879731e-16
6778.5 5.967865842259144e-16
6780.0 6.011754499189077e-16
6781.5 6.004088002207729e-16
6783.0 5.867953914473172e-16
6784.5 5.791109026203348e-16
6786.0 6.494309863226042e-16
6787.5 6.987345145185926e-16
6789.0 7.100307185877661e-16
6790.5 6.638640978642286e-16
6792.0 6.154822812286695e-16
6793.5 6.36093609102555e-16
6795.0 6.384998450420221e-16
6796.5 5.917871702152882e-16
6798.0 6.656636944887011e-16
6799.5 6.510819874839848e-16
6801.0 6.535935617808104e-16
6802.5 6.549606553110543e-16
6804.0 6.003052174231436e-16
6805.5 5.939035307303396e-16
6807.0 5.815214363811406e-16
6808.5 5.985594060894164e-16
6810.0 5.956546716902865e-16
6811.5 5.576747095981308e-16
6813.0 6.285503988834061e-16
6814.5 6.766318786924571e-16
6816.0 5.731698723994935e-16
6817.5 5.612199037603302e-16
6819.0 6.24842518018189e-16
6820.5 5.272931596098981e-16
6822.0 6.12284925711401e-16
6823.5 6.143117427490349e-16
6825.0 5.912370542420171e-16
6826.5 4.883116366401539e-16
6828.0 5.701102394434285e-16
6829.5 5.937434216276552e-16
6831.0 5.442657260592638e-16
6832.5 5.318780229906854e-16
6834.0 4.886013111585524e-16
6835.5 5.311721174640274e-16
6837.0 4.810640524405855e-16
6838.5 5.570216696900585e-16
6840.0 5.35128052439272e-16
6841.5 4.842422718835835e-16
6843.0 4.897501051538439e-16
6844.5 5.2440170112436975e-16
6846.0 5.470151397484697e-16
6847.5 5.838527672627998e-16
6849.0 5.726795679712309e-16
6850.5 5.577548526307944e-16
6852.0 5.730036247163579e-16
6853.5 6.275231319690835e-16
6855.0 5.726923875754305e-16
6856.5 4.645885466479242e-16
6858.0 5.320219439772098e-16
6859.5 5.899546925878236e-16
6861.0 5.335307087490804e-16
6862.5 5.319322712667494e-16
6864.0 4.769613326468321e-16
6865.5 4.3794709380900584e-16
6867.0 4.689114930634424e-16
6868.5 5.339545581657014e-16
6870.0 4.732187392454351e-16
6871.5 4.754026700438294e-16
6873.0 4.644456975209725e-16
6874.5 4.965508764071042e-16
6876.0 4.624771678227715e-16
6877.5 4.033764071878346e-16
6879.0 4.1365216619261277e-16
6880.5 5.271143118613345e-16
6882.0 4.3792721108024883e-16
6883.5 5.112523833713094e-16
6885.0 5.607379560458031e-16
6886.5 5.331707506441412e-16
6888.0 5.121152539169217e-16
6889.5 5.834643851160669e-16
6891.0 5.38026224894963e-16
6892.5 4.388065967559252e-16
6894.0 4.116023314820129e-16
6895.5 4.2418605550408534e-16
6897.0 4.1263182716250246e-16
6898.5 4.672515636887213e-16
6900.0 4.4254975294983975e-16
6901.5 4.2571370506092407e-16
6903.0 5.407020088608145e-16
6904.5 5.322562178790119e-16
6906.0 5.426923100268308e-16
6907.5 5.441997187915428e-16
6909.0 5.028624630910344e-16
6910.5 4.428134533645275e-16
6912.0 4.1872087924549484e-16
6913.5 3.9156821201890287e-16
6915.0 4.4128521928448885e-16
6916.5 4.453390350985672e-16
6918.0 4.3624706259290383e-16
6919.5 4.3758883563129387e-16
6921.0 5.207541888445292e-16
6922.5 5.428993440047196e-16
6924.0 5.073010997410616e-16
6925.5 4.898167425965518e-16
6927.0 4.624932821405874e-16
6928.5 4.733752875174305e-16
6930.0 4.188220175975323e-16
6931.5 4.01721999160057e-16
6933.0 5.057119271552397e-16
6934.5 4.476284264286072e-16
6936.0 3.953975777518054e-16
6937.5 4.679030389996113e-16
6939.0 5.563202607434772e-16
6940.5 5.96410528044535e-16
6942.0 5.263065865065159e-16
6943.5 4.614450625766108e-16
6945.0 4.512702784725384e-16
6946.5 4.751954692975674e-16
6948.0 5.563932147663718e-16
6949.5 5.961171894314255e-16
6951.0 6.061831163134932e-16
6952.5 5.276299792373116e-16
6954.0 5.16063181083519e-16
6955.5 6.264954693327229e-16
6957.0 6.42085745684133e-16
6958.5 6.047573216670825e-16
6960.0 5.193442029321957e-16
6961.5 5.549234451331068e-16
6963.0 5.940312488435687e-16
6964.5 6.78887195464425e-16
6966.0 6.511936577001759e-16
6967.5 6.367677318407112e-16
6969.0 6.692469500742745e-16
6970.5 6.415054808947154e-16
6972.0 7.287652231775064e-16
6973.5 7.175886273029896e-16
6975.0 6.532040207904597e-16
6976.5 6.586225141491178e-16
6978.0 6.033809792226157e-16
6979.5 6.118847478838475e-16
6981.0 7.353695005248031e-16
6982.5 7.107517914820751e-16
6984.0 6.397964773398831e-16
6985.5 6.6916976113686495e-16
6987.0 7.358182593798971e-16
6988.5 7.267911571403946e-16
6990.0 6.639000795640614e-16
6991.5 6.632491749752211e-16
6993.0 6.546430836249655e-16
6994.5 6.895737267168987e-16
6996.0 7.137288022320994e-16
6997.5 6.484061326517366e-16
6999.0 6.752803537974303e-16
7000.5 7.673709705536974e-16
7002.0 7.894130229268551e-16
7003.5 7.554381911855986e-16
7005.0 7.31780812021402e-16
7006.5 7.347503108625627e-16
7008.0 7.218032638326368e-16
7009.5 7.770994132016056e-16
7011.0 7.522171203912761e-16
7012.5 6.761955857616186e-16
7014.0 7.126005294837064e-16
7015.5 7.841715646575855e-16
7017.0 7.666394540519534e-16
7018.5 7.004061497527871e-16
7020.0 7.223912233516772e-16
7021.5 6.981248967544451e-16
7023.0 7.187798782015225e-16
7024.5 7.50926313534071e-16
7026.0 6.937510975769851e-16
7027.5 6.903999902277057e-16
7029.0 7.363237607220016e-16
7030.5 7.74757840314135e-16
7032.0 7.584389898641874e-16
7033.5 7.675383377920601e-16
7035.0 7.581864088198288e-16
7036.5 7.519330882185068e-16
7038.0 8.043224119185633e-16
7039.5 8.527835088161058e-16
7041.0 7.892710466362885e-16
7042.5 7.02227636009519e-16
7044.0 7.216338383996667e-16
7045.5 7.384247335565418e-16
7047.0 7.690255693727581e-16
7048.5 6.885739811811244e-16
7050.0 6.351821332934183e-16
7051.5 6.721106637484438e-16
7053.0 7.119839473210534e-16
7054.5 6.722526808441086e-16
7056.0 6.857140924742158e-16
7057.5 6.9952214733753625e-16
7059.0 7.192206226049036e-16
7060.5 7.048936792317511e-16
7062.0 7.17011868339168e-16
7063.5 7.310774773190428e-16
7065.0 6.473849694215904e-16
7066.5 6.428619334800944e-16
7068.0 6.773359353740787e-16
7069.5 6.998481313282007e-16
7071.0 6.673767535984064e-16
7072.5 6.89259352909918e-16
7074.0 7.253930959412284e-16
7075.5 6.950306033847014e-16
7077.0 6.976152245240695e-16
7078.5 6.494235100434579e-16
7080.0 7.153582915204488e-16
7081.5 7.36751517373419e-16
7083.0 6.329618660334568e-16
7084.5 6.357491319060515e-16
7086.0 6.688282738637529e-16
7087.5 6.766538291801904e-16
7089.0 6.005639218266366e-16
7090.5 6.448507039770853e-16
7092.0 6.851199931379391e-16
7093.5 6.392615383066452e-16
7095.0 6.354963663897571e-16
7096.5 6.76690803944298e-16
7098.0 7.158562922764708e-16
7099.5 7.367227203715717e-16
7101.0 6.673808767097427e-16
7102.5 6.108960139395808e-16
7104.0 6.374885402674278e-16
7105.5 6.109794951317751e-16
7107.0 5.804538240770908e-16
7108.5 6.011285970270224e-16
7110.0 5.945289701560889e-16
7111.5 5.947054538494881e-16
7113.0 7.284078951512099e-16
7114.5 6.12003690663804e-16
7116.0 6.087598049701824e-16
7117.5 6.143043853588784e-16
7119.0 6.27391707409006e-16
7120.5 5.649877271383335e-16
7122.0 6.252303283199761e-16
7123.5 6.643091819722481e-16
7125.0 7.18451411823531e-16
7126.5 6.396422387169126e-16
7128.0 6.094770599969774e-16
7129.5 6.098224680710018e-16
7131.0 6.327046666782481e-16
7132.5 6.320125447183204e-16
7134.0 5.742225332332662e-16
7135.5 5.816614524672752e-16
7137.0 5.847051205023194e-16
7138.5 6.185997239847394e-16
7140.0 6.916098186654411e-16
7141.5 6.604786106381677e-16
7143.0 6.484300612646287e-16
7144.5 6.038398146194344e-16
7146.0 5.74885021147091e-16
7147.5 6.259505871769368e-16
7149.0 5.960935490528414e-16
7150.5 6.080298014168708e-16
7152.0 6.231432861167827e-16
7153.5 5.990592337089215e-16
7155.0 5.090298857305948e-16
7156.5 4.853874979705637e-16
7158.0 6.166575439545316e-16
7159.5 6.615012672071228e-16
7161.0 6.495066129395776e-16
7162.5 6.062098097333829e-16
7164.0 5.911304749251538e-16
7165.5 6.491042362384202e-16
7167.0 6.212257621494356e-16
7168.5 5.995233487825636e-16
7170.0 5.416934173686416e-16
7171.5 5.509547161379271e-16
7173.0 5.641060719704691e-16
7174.5 5.772555604639712e-16
7176.0 5.906346758318705e-16
7177.5 6.026886416862374e-16
7179.0 6.04080138503598e-16
7180.5 6.162539815649906e-16
7182.0 6.478807926690323e-16
7183.5 6.135351269651507e-16
7185.0 6.588878329298836e-16
7186.5 6.166064894722983e-16
7188.0 6.174805706398848e-16
7189.5 6.204737548931054e-16
7191.0 6.093654349039701e-16
7192.5 6.435920057666121e-16
7194.0 6.798409538251613e-16
7195.5 6.353686201263155e-16
7197.0 5.877428705234873e-16
7198.5 5.899665799239148e-16
7200.0 5.797444245346002e-16
7201.5 5.768681372434452e-16
7203.0 6.196937122373245e-16
7204.5 6.487944964780412e-16
7206.0 6.521714546754414e-16
7207.5 6.748580027777032e-16
7209.0 7.112831252707837e-16
7210.5 6.316095519382169e-16
7212.0 6.247147163084824e-16
7213.5 6.516737153251919e-16
7215.0 6.017719020436847e-16
7216.5 6.230204745791495e-16
7218.0 6.840197381051297e-16
7219.5 6.238305963884319e-16
7221.0 6.587799831736304e-16
7222.5 6.555837280399576e-16
7224.0 5.895475026692967e-16
7225.5 6.546564064968551e-16
7227.0 6.613642002213778e-16
7228.5 6.355547588096861e-16
7230.0 6.721617570526792e-16
7231.5 6.703661453706824e-16
7233.0 6.004209752389707e-16
7234.5 5.743922947059578e-16
7236.0 6.633897549106793e-16
7237.5 6.663302539468219e-16
7239.0 6.678892297205355e-16
7240.5 7.035541475279476e-16
7242.0 7.050350485256424e-16
7243.5 7.03767660391352e-16
7245.0 6.847581454259332e-16
7246.5 6.238421913731513e-16
7248.0 6.175915961392686e-16
7249.5 6.576875034276846e-16
7251.0 6.238555202710135e-16
7252.5 6.147606608156768e-16
7254.0 6.557265727559129e-16
7255.5 6.470205124632242e-16
7257.0 6.500410915144996e-16
7258.5 7.09127928342673e-16
7260.0 6.707382121423045e-16
7261.5 6.073544410620069e-16
7263.0 5.591290409182702e-16
7264.5 5.945498922795641e-16
7266.0 6.443551164722748e-16
7267.5 6.502391152464245e-16
7269.0 6.751845774056945e-16
7270.5 6.402977136195568e-16
7272.0 6.172179905470631e-16
7273.5 7.202520143734612e-16
7275.0 7.500996926011021e-16
7276.5 7.887305724128125e-16
7278.0 7.945020072665143e-16
7279.5 6.90368680441992e-16
7281.0 6.795212320052594e-16
7282.5 7.313754323081624e-16
7284.0 6.720320731613122e-16
7285.5 6.282765212905196e-16
7287.0 6.577927377169043e-16
7288.5 6.305045985733573e-16
7290.0 5.863214703611198e-16
7291.5 6.703417473769774e-16
7293.0 7.022871144512838e-16
7294.5 6.463305385821934e-16
7296.0 6.962678006627583e-16
7297.5 6.3816901124027685e-16
7299.0 5.722071609227339e-16
7300.5 6.188851833800513e-16
7302.0 6.513846115516277e-16
7303.5 6.328824671498897e-16
7305.0 6.05509889139333e-16
7306.5 6.699483502210347e-16
7308.0 6.792440003117271e-16
7309.5 6.154284561252374e-16
7311.0 5.871334572112288e-16
7312.5 5.926136028491459e-16
7314.0 5.76850139916502e-16
7315.5 5.715121655760686e-16
7317.0 6.474982211302044e-16
7318.5 5.932932320245144e-16
7320.0 6.030084736694997e-16
7321.5 6.527725792526187e-16
7323.0 6.464993693325871e-16
7324.5 7.194460195218834e-16
7326.0 7.028786761508066e-16
7327.5 6.203539547865416e-16
7329.0 5.851153646735333e-16
7330.5 6.244294323630444e-16
7332.0 6.124019138726696e-16
7333.5 5.944676056315893e-16
7335.0 5.947907371381393e-16
7336.5 5.857092862164614e-16
7338.0 6.110773353881315e-16
7339.5 6.32822650875186e-16
7341.0 5.676601031127022e-16
7342.5 5.689185912639544e-16
7344.0 5.574788375262605e-16
7345.5 5.683301848963969e-16
7347.0 5.595607724972671e-16
7348.5 5.598862143916307e-16
7350.0 5.572104967390884e-16
7351.5 5.496482160977907e-16
7353.0 6.206619262610041e-16
7354.5 6.595454885388731e-16
7356.0 5.826096973725908e-16
7357.5 4.7620127684394185e-16
7359.0 5.281788349377686e-16
7360.5 6.539280826191879e-16
7362.0 5.988642981074062e-16
7363.5 5.61790273545572e-16
7365.0 5.877059492644096e-16
7366.5 5.894208561934162e-16
7368.0 5.385738318010847e-16
7369.5 5.48660381889281e-16
7371.0 5.653997106079252e-16
7372.5 5.451943989528844e-16
7374.0 5.142073171946234e-16
7375.5 5.493155880328807e-16
7377.0 5.626334841693369e-16
7378.5 5.626421521451991e-16
7380.0 5.919053750970893e-16
7381.5 6.157582900672033e-16
7383.0 5.771611117809574e-16
7384.5 5.287215161347253e-16
7386.0 5.443819995893095e-16
7387.5 6.195386899024622e-16
7389.0 6.114435271452776e-16
7390.5 6.880319869527149e-16
7392.0 6.703402792022365e-16
7393.5 6.09345975760737e-16
7395.0 5.765053087413417e-16
7396.5 5.126752568383953e-16
7398.0 5.2594038489501085e-16
7399.5 5.340112384792831e-16
7401.0 6.118505416950813e-16
7402.5 6.115523134016103e-16
7404.0 6.337031290044474e-16
7405.5 6.132122848026079e-16
7407.0 6.392966169911446e-16
7408.5 6.462618202837323e-16
7410.0 5.732109713198581e-16
7411.5 5.824745349175201e-16
7413.0 6.195878839007559e-16
7414.5 5.78761530185312e-16
7416.0 6.271707325004424e-16
7417.5 6.66130899036773e-16
7419.0 6.085790223767755e-16
7420.5 5.917489922125485e-16
7422.0 6.496096784498013e-16
7423.5 6.015386754627781e-16
7425.0 5.582042127164281e-16
7426.5 5.949372801298814e-16
7428.0 6.061396367065468e-16
7429.5 5.842423333160182e-16
7431.0 6.322630759114616e-16
7432.5 5.785590090129973e-16
7434.0 5.650319784969492e-16
7435.5 5.568169630827012e-16
7437.0 4.971386796866898e-16
7438.5 5.471393390703263e-16
7440.0 5.568053622739726e-16
7441.5 5.140926495093216e-16
7443.0 4.961767065547126e-16
7444.5 5.21927476798407e-16
7446.0 5.665215738586601e-16
7447.5 5.332227448991271e-16
7449.0 4.78652467755682e-16
7450.5 5.1300864161743265e-16
7452.0 5.442823437503766e-16
7453.5 5.536593562684776e-16
7455.0 5.917120285059533e-16
7456.5 5.729816726176028e-16
7458.0 5.842051736993679e-16
7459.5 5.865092320767338e-16
7461.0 5.949566908750464e-16
7462.5 5.456417541055931e-16
7464.0 5.150710604921356e-16
7465.5 4.96872426594464e-16
7467.0 6.081874672967821e-16
7468.5 6.810523772082103e-16
7470.0 5.66788402612791e-16
7471.5 5.308464519771365e-16
7473.0 4.696671458658044e-16
7474.5 5.133201625731459e-16
7476.0 5.229636872723591e-16
7477.5 5.187437981965938e-16
7479.0 5.663555333290626e-16
7480.5 6.441393232817103e-16
7482.0 5.839472339966686e-16
7483.5 5.378217611340018e-16
7485.0 5.177709827283739e-16
7486.5 3.9488551284805343e-16
7488.0 4.555443817118982e-16
7489.5 5.283966482730656e-16
7491.0 4.960231311389663e-16
7492.5 4.95478291587493e-16
7494.0 5.913084190009324e-16
7495.5 5.721296429452956e-16
7497.0 5.098235307610436e-16
7498.5 5.605380813890288e-16
7500.0 5.369603326236623e-16
7501.5 4.780120168029326e-16
7503.0 4.732657339261875e-16
7504.5 5.014767989644629e-16
7506.0 5.410841067014469e-16
7507.5 5.795461235820645e-16
7509.0 5.262622486412819e-16
7510.5 5.125808892653453e-16
7512.0 5.988976199243609e-16
7513.5 6.026855732327745e-16
7515.0 5.674971125634262e-16
7516.5 5.615521216730383e-16
7518.0 5.232116015595588e-16
7519.5 5.858308606730581e-16
7521.0 5.258043570270765e-16
7522.5 4.1139075836547264e-16
7524.0 4.4761736077810355e-16
7525.5 5.652614363917128e-16
7527.0 4.374005644118998e-16
7528.5 5.11773770260298e-16
7530.0 5.302397162237639e-16
7531.5 4.760278444194698e-16
7533.0 5.214425817171833e-16
7534.5 5.8541263315402525e-16
7536.0 5.029896195693717e-16
7537.5 4.977278117170798e-16
7539.0 4.973596858095813e-16
7540.5 5.157464794674244e-16
