3800.0 1.9538485345362723e-15
3803.09177392278 2.038864820162232e-15
3806.18354784555 2.189367371800121e-15
3809.27532176833 2.1470274933503196e-15
3812.3670956911 2.1851967514625385e-15
3815.45886961388 2.115336036245099e-15
3818.55064353665 2.1547407630471644e-15
3821.64241745943 2.17119521430019e-15
3824.7341913822 2.397514653395087e-15
3827.82596530498 2.4859864398448554e-15
3830.91773922776 2.438451503609006e-15
3834.00951315053 2.5597301919897062e-15
3837.10128707331 2.5537577099208736e-15
3840.19306099608 2.6123671466053797e-15
3843.28483491886 2.7091513850006453e-15
3846.37660884163 2.719344551547381e-15
3849.46838276441 2.7560704008209034e-15
3852.56015668719 2.893399746674704e-15
3855.65193060996 2.7959483744581104e-15
3858.74370453274 2.719915575909773e-15
3861.83547845551 2.894591318572862e-15
3864.92725237829 2.8745104254098915e-15
3868.01902630106 2.915778510453679e-15
3871.11080022384 2.8393051316729263e-15
3874.20257414661 2.9687178204217422e-15
3877.29434806939 3.0391399936016063e-15
3880.38612199217 3.0215792966929178e-15
3883.47789591494 3.036553440939988e-15
3886.56966983772 2.9969384374872075e-15
3889.66144376049 2.9963826346328447e-15
3892.75321768327 3.098783422165174e-15
3895.84499160604 3.0210570365499456e-15
3898.93676552882 3.0626869924290438e-15
3902.02853945159 2.9334863539922445e-15
3905.12031337437 2.900659418816256e-15
3908.21208729715 2.867299546108125e-15
3911.30386121992 2.9103579449335852e-15
3914.3956351427 2.8422281289288724e-15
3917.48740906547 2.8603064498490037e-15
3920.57918298825 2.816318458756992e-15
3923.67095691102 2.9939233610212275e-15
3926.7627308338 2.9984106310917315e-15
3929.85450475658 2.8285002935773095e-15
3932.94627867935 2.7199986778930277e-15
3936.03805260213 2.69095274229202e-15
3939.1298265249 2.745164080280553e-15
3942.22160044768 2.7038418132415e-15
3945.31337437045 2.6914235888855963e-15
3948.40514829323 2.7459550494764234e-15
3951.496922216 2.682228942332379e-15
3954.58869613878 2.6809764532722706e-15
3957.68047006156 2.7151548113549773e-15
3960.77224398433 2.7735011717273316e-15
3963.86401790711 2.732607961180672e-15
3966.95579182988 2.703435111940107e-15
3970.04756575266 2.724062294854891e-15
3973.13933967543 2.685419966717658e-15
3976.23111359821 2.7610323261500856e-15
3979.32288752098 2.7462618875037323e-15
3982.41466144376 2.802749397590667e-15
3985.50643536654 2.7953782571155297e-15
3988.59820928931 2.8250179912414295e-15
3991.68998321209 2.828378620533494e-15
3994.78175713486 2.911699784542868e-15
3997.87353105764 2.894710994066183e-15
4000.96530498041 2.9126595843166993e-15
4004.05707890319 2.8812595629709495e-15
4007.14885282597 2.899989611776956e-15
4010.24062674874 2.928758523689575e-15
4013.33240067152 2.950299057625337e-15
4016.42417459429 2.897467369443442e-15
4019.51594851707 2.871654699050607e-15
4022.60772243984 2.8276225924313927e-15
4025.69949636262 2.9997613884232692e-15
4028.79127028539 2.8163733870014464e-15
4031.88304420817 2.8566238848960533e-15
4034.97481813095 2.8340956994724e-15
4038.06659205372 2.825677161522733e-15
4041.1583659765 2.8413282806869443e-15
4044.25013989927 2.8884951809027523e-15
4047.34191382205 2.876219384721662e-15
4050.43368774482 2.88056554919611e-15
4053.5254616676 2.8929825813105215e-15
4056.61723559037 2.9054241241726705e-15
4059.70900951315 2.888516210989212e-15
4062.80078343593 2.8836741405834678e-15
4065.8925573587 2.8166733460626874e-15
4068.98433128148 2.741661088795329e-15
4072.07610520425 2.818171016256584e-15
4075.16787912703 2.8574186505183337e-15
4078.2596530498 2.8317610827421013e-15
4081.35142697258 2.7802110242098076e-15
4084.44320089536 2.760868630075155e-15
4087.53497481813 2.8263998784776952e-15
4090.62674874091 2.8011460253015998e-15
4093.71852266368 2.7791607313192754e-15
4096.81029658646 2.666986132872928e-15
4099.90207050923 2.689096146727034e-15
4102.99384443201 2.6115997212971608e-15
4106.08561835478 2.6607289661282888e-15
4109.17739227756 2.7241485996077028e-15
4112.26916620034 2.6818823863808518e-15
4115.36094012311 2.575149541737895e-15
4118.45271404589 2.553507554703149e-15
4121.54448796866 2.4711230640135524e-15
4124.63626189144 2.4721447028572947e-15
4127.72803581421 2.508823221915686e-15
4130.81980973699 2.411882168424747e-15
4133.91158365976 2.4324333926494932e-15
4137.00335758254 2.432729023815895e-15
4140.09513150532 2.431003886497758e-15
4143.18690542809 2.374009750418506e-15
4146.27867935087 2.3701739365344174e-15
4149.37045327364 2.4462198465662354e-15
4152.46222719642 2.410343993315086e-15
4155.55400111919 2.4006874588893896e-15
4158.64577504197 2.346068350760895e-15
4161.73754896475 2.365614534641858e-15
4164.82932288752 2.3304824732148558e-15
4167.9210968103 2.325083248884888e-15
4171.01287073307 2.3784718944269547e-15
4174.10464465585 2.362100367939561e-15
4177.19641857862 2.356063459606045e-15
4180.2881925014 2.452424807898328e-15
4183.37996642417 2.4488744096564407e-15
4186.47174034695 2.377138039311702e-15
4189.56351426973 2.4702676525173398e-15
4192.6552881925 2.5044991113902547e-15
4195.74706211528 2.4909536937773012e-15
4198.83883603805 2.503370321179371e-15
4201.93060996083 2.57242035873936e-15
4205.0223838836 2.4988742284841793e-15
4208.11415780638 2.544018437929148e-15
4211.20593172916 2.5202443029532808e-15
4214.29770565193 2.5214182667014986e-15
4217.38947957471 2.5728997195950912e-15
4220.48125349748 2.5905582153649527e-15
4223.57302742026 2.6316064443978877e-15
4226.66480134303 2.6239020066669246e-15
4229.75657526581 2.641191151830908e-15
4232.84834918858 2.7018865633974405e-15
4235.94012311136 2.6777229982442645e-15
4239.03189703413 2.68449806055517e-15
4242.12367095691 2.70664527068029e-15
4245.21544487969 2.7557555090612244e-15
4248.30721880246 2.7418370442815573e-15
4251.39899272524 2.7127742283706328e-15
4254.49076664801 2.779530656222089e-15
4257.58254057079 2.7425199559751984e-15
4260.67431449356 2.74914225176768e-15
4263.76608841634 2.8062947295907974e-15
4266.85786233912 2.7270291061162885e-15
4269.94963626189 2.7388048635522377e-15
4273.04141018467 2.7585081360324452e-15
4276.13318410744 2.7589776291309823e-15
4279.22495803022 2.7166383730290573e-15
4282.31673195299 2.6938772170479705e-15
4285.40850587577 2.704436232150137e-15
4288.50027979854 2.799310266637754e-15
4291.59205372132 2.77090694382448e-15
4294.6838276441 2.8074063945454282e-15
4297.77560156687 2.8064542295872874e-15
4300.86737548965 2.798762046204277e-15
4303.95914941242 2.8180257100833476e-15
4307.0509233352 2.905261025955859e-15
4310.14269725797 2.8237938924484027e-15
4313.23447118075 2.8425730227745128e-15
4316.32624510353 2.8214342708940214e-15
4319.4180190263 2.8840738303993175e-15
4322.50979294908 2.933460143620124e-15
4325.60156687185 2.8787160726788086e-15
4328.69334079463 2.9279355073485095e-15
4331.7851147174 2.8994660391252685e-15
4334.87688864018 2.8607030170635678e-15
4337.96866256295 2.8910525102518745e-15
4341.06043648573 2.9309120267375077e-15
4344.15221040851 2.994146041964336e-15
4347.24398433128 2.9735664519540386e-15
4350.33575825406 2.926482122620852e-15
4353.42753217683 2.973649328909881e-15
4356.51930609961 2.9459485132688017e-15
4359.61108002238 2.988109561095281e-15
4362.70285394516 3.01989100121877e-15
4365.79462786793 3.0492180148690608e-15
4368.88640179071 3.1108854161050987e-15
4371.97817571349 3.0902293106971253e-15
4375.06994963626 3.069004924371639e-15
4378.16172355904 3.0317635269723605e-15
4381.25349748181 3.0690201270923075e-15
4384.34527140459 3.1166568588677537e-15
4387.43704532736 3.0714608594195394e-15
4390.52881925014 3.137088278164907e-15
4393.62059317292 3.1167623607924725e-15
4396.71236709569 3.0964155798790313e-15
4399.80414101847 3.1496138688004037e-15
4402.89591494124 3.1860727723252338e-15
4405.98768886402 3.2069037907003655e-15
4409.07946278679 3.1746208538525672e-15
4412.17123670957 3.2303260932142166e-15
4415.26301063234 3.2701857628920193e-15
4418.35478455512 3.276983713857853e-15
4421.4465584779 3.285267221639525e-15
4424.53833240067 3.307037276021144e-15
4427.63010632345 3.325479354256299e-15
4430.72188024622 3.293371341634705e-15
4433.813654169 3.4173407428694097e-15
4436.90542809177 3.4038531806621826e-15
4439.99720201455 3.385389101456262e-15
4443.08897593732 3.3868926563645456e-15
4446.1807498601 3.3898317469138947e-15
4449.27252378288 3.4085009551794314e-15
4452.36429770565 3.410640080712766e-15
4455.45607162843 3.4137222263201364e-15
4458.5478455512 3.4929978958332522e-15
4461.63961947398 3.4496069365407083e-15
4464.73139339675 3.4134798558374043e-15
4467.82316731953 3.429515175515047e-15
4470.9149412423 3.499549320705674e-15
4474.00671516508 3.4722042647979577e-15
4477.09848908786 3.4521561350719287e-15
4480.19026301063 3.493795688259792e-15
4483.28203693341 3.472374078066771e-15
4486.37381085618 3.4548943495788264e-15
4489.46558477896 3.472019590788769e-15
4492.55735870173 3.485798130649474e-15
4495.64913262451 3.4362159155692274e-15
4498.74090654729 3.4980700996508273e-15
4501.83268047006 3.434772254494601e-15
4504.92445439284 3.451011596286772e-15
4508.01622831561 3.4905926076505854e-15
4511.10800223839 3.5019704064582637e-15
4514.19977616116 3.4095702582203616e-15
4517.29155008394 3.372143237237107e-15
4520.38332400671 3.3684774477797103e-15
4523.47509792949 3.4383407080127636e-15
4526.56687185227 3.3697762374186933e-15
4529.65864577504 3.337223319351291e-15
4532.75041969782 3.327245959791476e-15
4535.84219362059 3.3110585579258382e-15
4538.93396754337 3.3022489219110528e-15
4542.02574146614 3.280836492131757e-15
4545.11751538892 3.2717495138952548e-15
4548.2092893117 3.2567150431919406e-15
4551.30106323447 3.1940873492609555e-15
4554.39283715725 3.1520840349080293e-15
4557.48461108002 3.1775949146757308e-15
4560.5763850028 3.1214641920591763e-15
4563.66815892557 3.134617382552883e-15
4566.75993284835 3.133857865868996e-15
4569.85170677112 3.084249285695741e-15
4572.9434806939 3.0293351816141058e-15
4576.03525461668 3.0331250858598136e-15
4579.12702853945 3.004352264126653e-15
4582.21880246223 2.9477142055785943e-15
4585.310576385 2.907778727070496e-15
4588.40235030778 2.8871851277438814e-15
4591.49412423055 2.8204523040343056e-15
4594.58589815333 2.7522211372518908e-15
4597.6776720761 2.8108265577947884e-15
4600.76944599888 2.712954836446727e-15
4603.86121992166 2.6934422227437575e-15
4606.95299384443 2.6787561306007993e-15
4610.04476776721 2.6458189093719916e-15
4613.13654168998 2.6072521394184907e-15
4616.22831561276 2.5958129394261863e-15
4619.32008953553 2.5284662087072835e-15
4622.41186345831 2.5610230900923162e-15
4625.50363738109 2.528222173948887e-15
4628.59541130386 2.5147980273703603e-15
4631.68718522664 2.558595525338595e-15
4634.77895914941 2.5356622250767754e-15
4637.87073307219 2.4887460894647807e-15
4640.96250699496 2.4841691358610405e-15
4644.05428091774 2.542764174831686e-15
4647.14605484051 2.5255959837344093e-15
4650.23782876329 2.4907480548121423e-15
4653.32960268607 2.526275277998955e-15
4656.42137660884 2.4818236560055885e-15
4659.51315053162 2.5379215090867745e-15
4662.60492445439 2.5750446607467496e-15
4665.69669837717 2.5503566139820086e-15
4668.78847229994 2.5691780362302823e-15
4671.88024622272 2.555845037627429e-15
4674.97202014549 2.560990977261246e-15
4678.06379406827 2.592461412367991e-15
4681.15556799105 2.6368291279473217e-15
4684.24734191382 2.6543310537200464e-15
4687.3391158366 2.701685923996688e-15
4690.43088975937 2.7071943367848046e-15
4693.52266368215 2.7188349789190944e-15
4696.61443760492 2.6992238535437855e-15
4699.7062115277 2.7184553537339844e-15
4702.79798545048 2.7462215800132753e-15
4705.88975937325 2.7856812096471572e-15
4708.98153329603 2.7744544196308675e-15
4712.0733072188 2.815319456277693e-15
4715.16508114158 2.867454583088513e-15
4718.25685506435 2.915802714923275e-15
4721.34862898713 2.9202163029808622e-15
4724.4404029099 2.9177277895548014e-15
4727.53217683268 2.9314163391549604e-15
4730.62395075546 2.967504472806154e-15
4733.71572467823 2.9742270906723193e-15
4736.80749860101 2.9392006385230997e-15
4739.89927252378 2.9241725108703343e-15
4742.99104644656 2.921735241437752e-15
4746.08282036933 2.915759527117179e-15
4749.17459429211 2.9367940081568867e-15
4752.26636821489 2.882837250533137e-15
4755.35814213766 2.8987525726846715e-15
4758.44991606044 2.8854484180665053e-15
4761.54168998321 2.88817462635682e-15
4764.63346390599 2.9195981856224545e-15
4767.72523782876 2.8747784915118488e-15
4770.81701175154 2.871978619969452e-15
4773.90878567431 2.8998523213871247e-15
4777.00055959709 2.8710050515608278e-15
4780.09233351986 2.9007324566399346e-15
4783.18410744264 2.9173256794163932e-15
4786.27588136542 2.885676219687119e-15
4789.36765528819 2.9168240061870755e-15
4792.45942921097 2.9539273362019384e-15
4795.55120313374 2.960480661655048e-15
4798.64297705652 2.9314847408675904e-15
4801.73475097929 2.9600975237979903e-15
4804.82652490207 2.9792493095351375e-15
4807.91829882485 2.918077899974067e-15
4811.01007274762 2.9695721946281324e-15
4814.1018466704 2.9663249316797373e-15
4817.19362059317 2.963204866903111e-15
4820.28539451595 3.0150953904239134e-15
4823.37716843872 3.0139388455661923e-15
4826.4689423615 2.958450430422117e-15
4829.56071628428 2.9548556371968136e-15
4832.65249020705 2.9985674843288038e-15
4835.74426412983 3.058434371126196e-15
4838.8360380526 3.066241209066536e-15
4841.92781197538 2.9788198673043544e-15
4845.01958589815 3.018522211455183e-15
4848.11135982093 3.0270189038602406e-15
4851.2031337437 2.9929199769420637e-15
4854.29490766648 2.979878963547988e-15
4857.38668158926 2.952543562022607e-15
4860.47845551203 2.9770890715237087e-15
4863.57022943481 2.998526104612224e-15
4866.66200335758 2.9808209426296375e-15
4869.75377728036 3.0078289667183564e-15
4872.84555120313 3.0153727515700713e-15
4875.93732512591 3.0157522162092813e-15
4879.02909904868 2.9942575665118144e-15
4882.12087297146 2.99726751693462e-15
4885.21264689424 2.9756544949340517e-15
4888.30442081701 2.9801938354078195e-15
4891.39619473979 2.985459289550756e-15
4894.48796866256 2.9794390775610976e-15
4897.57974258534 2.976418152236486e-15
4900.67151650811 2.9616180233370723e-15
4903.76329043089 2.959075973155541e-15
4906.85506435366 2.9716864150066026e-15
4909.94683827644 2.9410244798473075e-15
4913.03861219922 2.946130064732966e-15
4916.13038612199 2.97398672118629e-15
4919.22216004477 2.990146770107834e-15
4922.31393396754 2.9852039557056595e-15
4925.40570789032 2.9907421916876844e-15
4928.49748181309 3.0028167873908165e-15
4931.58925573587 3.0244316791982836e-15
4934.68102965865 3.0212111234350556e-15
4937.77280358142 3.0109489085095995e-15
4940.8645775042 2.971064528622883e-15
4943.95635142697 2.9033951540940566e-15
4947.04812534975 2.955694786994655e-15
4950.13989927252 2.985614305264839e-15
4953.2316731953 2.9923786437414606e-15
4956.32344711807 2.9947183377474725e-15
4959.41522104085 2.9861115355861375e-15
4962.50699496363 2.9539701678225366e-15
4965.5987688864 2.921114592451669e-15
4968.69054280918 2.9127323314735526e-15
4971.78231673195 2.9998266295956586e-15
4974.87409065473 3.0072596221622196e-15
4977.9658645775 2.9957732356657998e-15
4981.05763850028 2.9854682611513235e-15
4984.14941242305 3.0128171338043393e-15
4987.24118634583 3.0092172578315473e-15
4990.33296026861 3.0122598868209215e-15
4993.42473419138 3.0473322184977502e-15
4996.51650811416 2.9999437930023534e-15
4999.60828203693 3.0005974876020115e-15
5002.70005595971 3.0058254163319118e-15
5005.79182988248 3.017318506880859e-15
5008.88360380526 3.015049653117812e-15
5011.97537772803 3.013885367321059e-15
5015.06715165081 3.034093045325679e-15
5018.15892557359 3.044542945479386e-15
5021.25069949636 3.0250338967111413e-15
5024.34247341914 3.0391249318485925e-15
5027.43424734191 3.1347647931677652e-15
5030.52602126469 3.1743174280077913e-15
5033.61779518746 3.1359303405123324e-15
5036.70956911024 3.1148366812451414e-15
5039.80134303302 3.082431361032179e-15
5042.89311695579 3.132462924450598e-15
5045.98489087857 3.121266497734037e-15
5049.07666480134 3.186957661695402e-15
5052.16843872412 3.166654688081571e-15
5055.26021264689 3.1164187517352582e-15
5058.35198656967 3.1295691726754827e-15
5061.44376049244 3.1162280388762752e-15
5064.53553441522 3.1372987541090823e-15
5067.627308338 3.1240669813887565e-15
5070.71908226077 3.1879513203557083e-15
5073.81085618355 3.1953257810297054e-15
5076.90263010632 3.177396633485639e-15
5079.9944040291 3.182778753222317e-15
5083.08617795187 3.1918912763594026e-15
5086.17795187465 3.205883211417305e-15
5089.26972579743 3.1941467431949492e-15
5092.3614997202 3.2232151027123827e-15
5095.45327364298 3.209412595265559e-15
5098.54504756575 3.2398957580895e-15
5101.63682148853 3.2159492188386164e-15
5104.7285954113 3.2494495464402278e-15
5107.82036933408 3.2779679904456278e-15
5110.91214325685 3.2343757221281762e-15
5114.00391717963 3.242045467646445e-15
5117.09569110241 3.2488719740488254e-15
5120.18746502518 3.1957928874498415e-15
5123.27923894796 3.2132066686879135e-15
5126.37101287073 3.2576954694360955e-15
5129.46278679351 3.216357357554491e-15
5132.55456071628 3.2311454105165644e-15
5135.64633463906 3.2416229342798113e-15
5138.73810856183 3.258667266587156e-15
5141.82988248461 3.2677893824786407e-15
5144.92165640739 3.26947312748409e-15
5148.01343033016 3.2741741953832193e-15
5151.10520425294 3.2861991842658732e-15
5154.19697817571 3.2597172128829728e-15
5157.28875209849 3.280748654796948e-15
5160.38052602126 3.3017136803582737e-15
5163.47229994404 3.288083089325197e-15
5166.56407386682 3.2872904735540974e-15
5169.65584778959 3.2774091060430547e-15
5172.74762171237 3.2613223038192017e-15
5175.83939563514 3.3134016690662568e-15
5178.93116955792 3.3029729083677553e-15
5182.02294348069 3.3257987737615806e-15
5185.11471740347 3.3239696870389896e-15
5188.20649132624 3.3054735837245742e-15
5191.29826524902 3.305835500338137e-15
5194.3900391718 3.2448471835758252e-15
5197.48181309457 3.2813644700847826e-15
5200.57358701735 3.272525215596602e-15
5203.66536094012 3.3315899198639832e-15
5206.7571348629 3.2855415575238653e-15
5209.84890878567 3.3171315838360618e-15
5212.94068270845 3.3137637887263787e-15
5216.03245663122 3.301335142379275e-15
5219.124230554 3.2855815352052097e-15
5222.21600447678 3.2735289697076603e-15
5225.30777839955 3.295503636868196e-15
5228.39955232233 3.2937967073642357e-15
5231.4913262451 3.257595086360813e-15
5234.58310016788 3.2470682191881813e-15
5237.67487409065 3.2517146205914367e-15
5240.76664801343 3.263894209101807e-15
5243.85842193621 3.2966632641642027e-15
5246.95019585898 3.2822038224541254e-15
5250.04196978176 3.2388825524175453e-15
5253.13374370453 3.208164420695878e-15
5256.22551762731 3.249478682416303e-15
5259.31729155008 3.208038145846887e-15
5262.40906547286 3.1841635193424618e-15
5265.50083939563 3.212108052148762e-15
5268.59261331841 3.1938618635203828e-15
5271.68438724119 3.173365785717494e-15
5274.77616116396 3.1915451479587503e-15
5277.86793508674 3.180754363653338e-15
5280.95970900951 3.167884920332542e-15
5284.05148293229 3.1513294750993684e-15
5287.14325685506 3.1882138463643983e-15
5290.23503077784 3.141310569233691e-15
5293.32680470061 3.1593444454564043e-15
5296.41857862339 3.1643128073657945e-15
5299.51035254617 3.1337609964337256e-15
5302.60212646894 3.1263031197376704e-15
5305.69390039172 3.123389032068574e-15
5308.78567431449 3.0606317587626566e-15
5311.87744823727 3.110112998520259e-15
5314.96922216004 3.1251201444333302e-15
5318.06099608282 3.1390092196399685e-15
5321.15277000559 3.1563719149680713e-15
5324.24454392837 3.112204186696729e-15
5327.33631785115 3.1060259245314983e-15
5330.42809177392 3.1218789630257726e-15
5333.5198656967 3.120861240834516e-15
5336.61163961947 3.1481310359775217e-15
5339.70341354225 3.1148833534297124e-15
5342.79518746502 3.1006440220972166e-15
5345.8869613878 3.1083717014778534e-15
5348.97873531058 3.1314379245889366e-15
5352.07050923335 3.056695747220317e-15
5355.16228315613 3.049434126933372e-15
5358.2540570789 3.049723389193303e-15
5361.34583100168 3.067478563305064e-15
5364.43760492445 3.0823015461683004e-15
5367.52937884723 3.0846975994259225e-15
5370.62115277001 3.0403932384329533e-15
5373.71292669278 3.0028735783006256e-15
5376.80470061556 3.024590557853959e-15
5379.89647453833 3.0261144344333164e-15
5382.98824846111 3.012012520539874e-15
5386.08002238388 3.0238973920993184e-15
5389.17179630666 3.0757742409866854e-15
5392.26357022943 3.029903732834231e-15
5395.35534415221 2.9984934674140147e-15
5398.44711807499 3.0067008948168134e-15
5401.53889199776 3.0266202691027167e-15
5404.63066592054 3.0393693061387188e-15
5407.72243984331 3.0056127833372207e-15
5410.81421376609 2.9489714558691322e-15
5413.90598768886 2.9612018499003023e-15
5416.99776161164 2.9490001452351413e-15
5420.08953553441 2.930473458255967e-15
5423.18130945719 2.9636809519517597e-15
5426.27308337997 2.9583184841227892e-15
5429.36485730274 2.9143418772783648e-15
5432.45663122552 2.9079527848551617e-15
5435.54840514829 2.9332523120607615e-15
5438.64017907107 2.8806201943001745e-15
5441.73195299384 2.8880458672819455e-15
5444.82372691662 2.898602884803379e-15
5447.91550083939 2.8181867659254348e-15
5451.00727476217 2.8345998717383287e-15
5454.09904868495 2.8890664237664674e-15
5457.19082260772 2.8439794928946022e-15
5460.2825965305 2.826758264964726e-15
5463.37437045327 2.812787160141087e-15
5466.46614437605 2.760730570447857e-15
5469.55791829882 2.7692792212362883e-15
5472.6496922216 2.7773506665640965e-15
5475.74146614438 2.7685587341163255e-15
5478.83324006715 2.760138310431268e-15
5481.92501398993 2.7556409360271282e-15
5485.0167879127 2.753719148048298e-15
5488.10856183548 2.711441935294265e-15
5491.20033575825 2.7111286826067417e-15
5494.29210968103 2.7051850299817463e-15
5497.3838836038 2.6856336628906904e-15
5500.47565752658 2.6488679614790436e-15
5503.56743144936 2.6615528881633404e-15
5506.65920537213 2.689397665517526e-15
5509.75097929491 2.7005787545547965e-15
5512.84275321768 2.69085676866892e-15
5515.93452714046 2.7030941393674913e-15
5519.02630106323 2.6476689423230653e-15
5522.11807498601 2.6189153753407777e-15
5525.20984890878 2.61942535111489e-15
5528.30162283156 2.6428739054325395e-15
5531.39339675434 2.619580738920453e-15
5534.48517067711 2.603662970232284e-15
5537.57694459989 2.570477279979655e-15
5540.66871852266 2.6067362504805336e-15
5543.76049244544 2.5901024747168596e-15
5546.85226636821 2.5874953865707885e-15
5549.94404029099 2.57322762794324e-15
5553.03581421376 2.565325678275338e-15
5556.12758813654 2.5942919263953417e-15
5559.21936205932 2.558370768494395e-15
5562.31113598209 2.5489358523216377e-15
5565.40290990487 2.527914011634781e-15
5568.49468382764 2.5193757091600275e-15
5571.58645775042 2.52377502080951e-15
5574.67823167319 2.4849953002187436e-15
5577.77000559597 2.4949405285092164e-15
5580.86177951875 2.529651446903443e-15
5583.95355344152 2.4880116474611696e-15
5587.0453273643 2.472296270691768e-15
5590.13710128707 2.4600425142424423e-15
5593.22887520985 2.4492520395165814e-15
5596.32064913262 2.449937223671115e-15
5599.4124230554 2.4390900461487037e-15
5602.50419697817 2.4460660482094718e-15
5605.59597090095 2.4136161717786978e-15
5608.68774482373 2.402469170224397e-15
5611.7795187465 2.388267454929627e-15
5614.87129266928 2.4046096984550253e-15
5617.96306659205 2.4426462840594962e-15
5621.05484051483 2.3977914756857268e-15
5624.1466144376 2.3666394863097487e-15
5627.23838836038 2.3587835197370606e-15
5630.33016228316 2.3697197248872377e-15
5633.42193620593 2.3552737503292112e-15
5636.51371012871 2.3386835086053382e-15
5639.60548405148 2.3366250057633365e-15
5642.69725797426 2.339796505644402e-15
5645.78903189703 2.2984347654801123e-15
5648.88080581981 2.294442048021186e-15
5651.97257974258 2.3166006444010764e-15
5655.06435366536 2.3146695233900914e-15
5658.15612758814 2.3122752910058283e-15
5661.24790151091 2.2855548638458193e-15
5664.33967543369 2.3032616406280196e-15
5667.43144935646 2.3149726125669658e-15
5670.52322327924 2.2730466226690793e-15
5673.61499720201 2.2703172304120318e-15
5676.70677112479 2.2960129158363265e-15
5679.79854504756 2.3211551675901732e-15
5682.89031897034 2.320887165036727e-15
5685.98209289312 2.308116317386057e-15
5689.07386681589 2.3202352516768217e-15
5692.16564073867 2.307229413139079e-15
5695.25741466144 2.3227248552386288e-15
5698.34918858422 2.305353850528044e-15
5701.44096250699 2.272267702585813e-15
5704.53273642977 2.2849320347366028e-15
5707.62451035255 2.28546841386296e-15
5710.71628427532 2.3040869210449422e-15
5713.8080581981 2.321403053872696e-15
5716.89983212087 2.31496811813691e-15
5719.99160604365 2.3136848274622984e-15
5723.08337996642 2.3215353489993784e-15
5726.1751538892 2.333764469271409e-15
5729.26692781197 2.319310247630472e-15
5732.35870173475 2.305205501059432e-15
5735.45047565753 2.2745648769353578e-15
5738.5422495803 2.283562582824029e-15
5741.63402350308 2.3067938955087848e-15
5744.72579742585 2.284975314241421e-15
5747.81757134863 2.298567180893105e-15
5750.9093452714 2.2500684505999435e-15
5754.00111919418 2.2507658160425787e-15
5757.09289311695 2.2708981822798425e-15
5760.18466703973 2.267314746919394e-15
5763.27644096251 2.24709973045257e-15
5766.36821488528 2.26862031594567e-15
5769.45998880806 2.2776029154065123e-15
5772.55176273083 2.2657003744966397e-15
5775.64353665361 2.2719665506149545e-15
5778.73531057638 2.273390758889592e-15
5781.82708449916 2.268827341140588e-15
5784.91885842194 2.2223606757403787e-15
5788.01063234471 2.241579313795667e-15
5791.10240626749 2.2626569046231455e-15
5794.19418019026 2.28257490335641e-15
5797.28595411304 2.251266063848064e-15
5800.37772803581 2.2777611354395745e-15
5803.46950195859 2.2603707683645718e-15
5806.56127588136 2.240513231996289e-15
5809.65304980414 2.2624577071063995e-15
5812.74482372692 2.261675044563284e-15
5815.83659764969 2.2521695162287465e-15
5818.92837157247 2.2264955577157647e-15
5822.02014549524 2.217264731654019e-15
5825.11191941802 2.209102033795815e-15
5828.20369334079 2.2098849229897586e-15
5831.29546726357 2.241634988682843e-15
5834.38724118634 2.2396172877318107e-15
5837.47901510912 2.2491203709220105e-15
5840.5707890319 2.258453851002045e-15
5843.66256295467 2.208023775890329e-15
5846.75433687745 2.1811933333321702e-15
5849.84611080022 2.199808792536228e-15
5852.937884723 2.23989057144029e-15
5856.02965864577 2.2243849079890306e-15
5859.12143256855 2.168886368434343e-15
5862.21320649132 2.185502051861565e-15
5865.3049804141 2.1917759257043706e-15
5868.39675433688 2.1930312612584468e-15
5871.48852825965 2.164300910606194e-15
5874.58030218243 2.165967562704481e-15
5877.6720761052 2.1574672901725144e-15
5880.76385002798 2.1474632559479495e-15
5883.85562395075 2.134463916016221e-15
5886.94739787353 2.12789542794383e-15
5890.0391717963 2.111767448496595e-15
5893.13094571908 2.1065487165645215e-15
5896.22271964186 2.125328824445736e-15
5899.31449356463 2.123990742726942e-15
5902.40626748741 2.134501445035599e-15
5905.49804141018 2.112471823975647e-15
5908.58981533296 2.122328338026601e-15
5911.68158925574 2.1316525270313312e-15
5914.77336317851 2.1027961367909786e-15
5917.86513710129 2.0908583555164954e-15
5920.95691102406 2.074924288327126e-15
5924.04868494684 2.098974020016024e-15
5927.14045886961 2.086867070683379e-15
5930.23223279239 2.1054856319753308e-15
5933.32400671516 2.1115072934205356e-15
5936.41578063794 2.0936805406054176e-15
5939.50755456072 2.0889027321748505e-15
5942.59932848349 2.0419015603523515e-15
5945.69110240627 2.0625460954133235e-15
5948.78287632904 2.084700016869614e-15
5951.87465025182 2.0969909793705225e-15
5954.96642417459 2.086077185551338e-15
5958.05819809737 2.063816698700063e-15
5961.14997202014 2.0466951842104843e-15
5964.24174594292 2.0667085716966997e-15
5967.3335198657 2.057229153272428e-15
5970.42529378847 2.018154169532045e-15
5973.51706771125 2.022921592292924e-15
5976.60884163402 2.0421110101538967e-15
5979.7006155568 2.0233300165160535e-15
5982.79238947957 2.012203478950245e-15
5985.88416340235 2.0062209633796346e-15
5988.97593732512 1.9902889806891773e-15
5992.0677112479 1.9882780931918176e-15
5995.15948517068 1.9807387117409105e-15
5998.25125909345 1.9624998463598943e-15
6001.34303301623 1.9590872161989192e-15
6004.434806939 1.9429993755719517e-15
6007.52658086178 1.925082558769163e-15
6010.61835478455 1.9187134767795836e-15
6013.71012870733 1.907991815511587e-15
6016.8019026301 1.9104612162273106e-15
6019.89367655288 1.90383943316901e-15
6022.98545047566 1.8872870335206753e-15
6026.07722439843 1.8962669408783845e-15
6029.16899832121 1.900104097996094e-15
6032.26077224398 1.8922317914966045e-15
6035.35254616676 1.87781018718607e-15
6038.44432008953 1.8628801170302274e-15
6041.53609401231 1.867383961759093e-15
6044.62786793509 1.8733984607965025e-15
6047.71964185786 1.8828183848671534e-15
6050.81141578064 1.8636680759926968e-15
6053.90318970341 1.8459534395293823e-15
6056.99496362619 1.8482657334269363e-15
6060.08673754896 1.8328584411122527e-15
6063.17851147174 1.8315009972809192e-15
6066.27028539451 1.8253777997703023e-15
6069.36205931729 1.819256078957722e-15
6072.45383324007 1.813133833378178e-15
6075.54560716284 1.8070120630737407e-15
6078.63738108562 1.8008907675714896e-15
6081.72915500839 1.794769946397854e-15
6084.82092893117 1.7886495990786196e-15
6087.91270285394 1.7825297251389396e-15
6091.00447677672 1.7716774424438083e-15
6094.09625069949 1.7772554427485074e-15
6097.18802462227 1.7397213908934319e-15
6100.27979854505 1.7309939252192312e-15
6103.37157246782 1.709293566896185e-15
6106.4633463906 1.7111877022683957e-15
6109.55512031337 1.7082035214263248e-15
6112.64689423615 1.6786378883605666e-15
6115.73866815892 1.6799098267689829e-15
6118.8304420817 1.696131732653342e-15
6121.92221600448 1.6842338019986204e-15
6125.01398992725 1.652020571680457e-15
6128.10576385003 1.6485151971598764e-15
6131.1975377728 1.6219531731038309e-15
6134.28931169558 1.6457808797267565e-15
6137.38108561835 1.6100947330853802e-15
6140.47285954113 1.5990289075776776e-15
6143.5646334639 1.589527660686267e-15
6146.65640738668 1.584679949269294e-15
6149.74818130946 1.5674898871562237e-15
6152.83995523223 1.5551628052777965e-15
6155.93172915501 1.5190779614199553e-15
6159.02350307778 1.5381012788974393e-15
6162.11527700056 1.5134957647317132e-15
6165.20705092333 1.5329533354710371e-15
6168.29882484611 1.5163882256468069e-15
6171.39059876888 1.4997784338626901e-15
6174.48237269166 1.480131289025709e-15
6177.57414661444 1.4819079602120662e-15
6180.66592053721 1.4575843479655539e-15
6183.75769445999 1.451130819791343e-15
6186.84946838276 1.4222200774965488e-15
6189.94124230554 1.418495333485776e-15
6193.03301622831 1.4030175558995676e-15
6196.12479015109 1.3893138662009766e-15
6199.21656407387 1.3890244906168837e-15
6202.30833799664 1.3973327015808617e-15
6205.40011191942 1.3900833035211338e-15
6208.49188584219 1.3799411113023497e-15
6211.58365976497 1.3672684609921536e-15
6214.67543368774 1.374887876825654e-15
6217.76720761052 1.3871029371694285e-15
6220.85898153329 1.3801322901840988e-15
6223.95075545607 1.3817900418958413e-15
6227.04252937885 1.3839885777672597e-15
6230.13430330162 1.3930333182429475e-15
6233.2260772244 1.4293193558909023e-15
6236.31785114717 1.4470056117310646e-15
6239.40962506995 1.4427182048648575e-15
6242.50139899272 1.4723580828523622e-15
6245.5931729155 1.482014686838331e-15
6248.68494683828 1.4890575369743276e-15
6251.77672076105 1.523708400647301e-15
6254.86849468383 1.5417369015469318e-15
6257.9602686066 1.558046235440565e-15
6261.05204252938 1.5401366732112654e-15
6264.14381645215 1.5774155371737267e-15
6267.23559037493 1.6140518197496997e-15
6270.3273642977 1.6422276423115014e-15
6273.41913822048 1.654763921287308e-15
6276.51091214326 1.6109079298136911e-15
6279.60268606603 1.6162123643158693e-15
6282.69445998881 1.6891839935324833e-15
6285.78623391158 1.7180740840291078e-15
6288.87800783436 1.765001896343163e-15
6291.96978175713 1.780043714583742e-15
6295.06155567991 1.775189926102918e-15
6298.15332960268 1.7596542455004016e-15
6301.24510352546 1.8264524061513728e-15
6304.33687744824 1.8575929605235707e-15
6307.42865137101 1.884428215569558e-15
6310.52042529379 1.92672455583694e-15
6313.61219921656 1.9527924205097685e-15
6316.70397313934 1.9814953275229736e-15
6319.79574706211 1.9972961303739148e-15
6322.88752098489 2.0229687945457384e-15
6325.97929490767 2.034854940968858e-15
6329.07106883044 2.097316693590164e-15
6332.16284275322 2.1237558000019323e-15
6335.25461667599 2.1250728623374295e-15
6338.34639059877 2.1457834377405964e-15
6341.43816452154 2.1722282508206198e-15
6344.52993844432 2.1884960233659337e-15
6347.62171236709 2.221732678205905e-15
6350.71348628987 2.2301504185568315e-15
6353.80526021265 2.2610143645650277e-15
6356.89703413542 2.3325923755908646e-15
6359.9888080582 2.347754157048056e-15
6363.08058198097 2.3754897567012222e-15
6366.17235590375 2.3929406635693515e-15
6369.26412982652 2.4024271350167617e-15
6372.3559037493 2.4173136648388033e-15
6375.44767767207 2.455140743839764e-15
6378.53945159485 2.4643430402552974e-15
6381.63122551763 2.49418265864306e-15
6384.7229994404 2.512957798532885e-15
6387.81477336318 2.532887854989018e-15
6390.90654728595 2.5502675517879848e-15
6393.99832120873 2.556736861300186e-15
6397.0900951315 2.566321018689925e-15
6400.18186905428 2.5547707954948254e-15
6403.27364297706 2.597621372156648e-15
6406.36541689983 2.6284912071563825e-15
6409.45719082261 2.663407333273587e-15
6412.54896474538 2.68068961996174e-15
6415.64073866816 2.6442153501825103e-15
6418.73251259093 2.6556529957542815e-15
6421.82428651371 2.648405577518997e-15
6424.91606043648 2.64548974149522e-15
6428.00783435926 2.6759535643688543e-15
6431.09960828204 2.6885972431754685e-15
6434.19138220481 2.6974569654318367e-15
6437.28315612759 2.676372991242442e-15
6440.37493005036 2.681479375473179e-15
6443.46670397314 2.6975394640612265e-15
6446.55847789591 2.7252837751892088e-15
6449.65025181869 2.7388790244125868e-15
6452.74202574147 2.703922422779466e-15
6455.83379966424 2.745239763517177e-15
6458.92557358702 2.7254519418974016e-15
6462.01734750979 2.728854536289868e-15
6465.10912143257 2.7289934442472886e-15
6468.20089535534 2.7282619859198606e-15
6471.29266927812 2.7203283816484567e-15
6474.38444320089 2.7036473687282077e-15
6477.47621712367 2.680018238299993e-15
6480.56799104645 2.716732866287717e-15
6483.65976496922 2.7239136462165575e-15
6486.751538892 2.7178847576770084e-15
6489.84331281477 2.7456546522847916e-15
6492.93508673755 2.7575270001872367e-15
6496.02686066032 2.7313007093358082e-15
6499.1186345831 2.7296840140017765e-15
6502.21040850587 2.7526247935813635e-15
6505.30218242865 2.7578409723174052e-15
6508.39395635143 2.7461533999880287e-15
6511.4857302742 2.7408100551099215e-15
6514.57750419698 2.7227313261537475e-15
6517.66927811975 2.706872134181485e-15
6520.76105204253 2.695198084574617e-15
6523.8528259653 2.706617854016386e-15
6526.94459988808 2.7369970034559032e-15
6530.03637381085 2.739595761990876e-15
6533.12814773363 2.7251692988208618e-15
6536.21992165641 2.720493035750996e-15
6539.31169557918 2.7026084904881044e-15
6542.40346950196 2.6795615960342375e-15
6545.49524342473 2.6824509645127635e-15
6548.58701734751 2.688886541322174e-15
6551.67879127028 2.688776125692323e-15
6554.77056519306 2.6462720471005965e-15
6557.86233911583 2.6683088930190006e-15
6560.95411303861 2.6705995930691435e-15
6564.04588696139 2.6709440583275167e-15
6567.13766088416 2.6482135802188172e-15
6570.22943480694 2.613510685816307e-15
6573.32120872971 2.6280277929629358e-15
6576.41298265249 2.6288054391634977e-15
6579.50475657526 2.618122437377977e-15
6582.59653049804 2.6339521104125223e-15
6585.68830442082 2.6220611714307685e-15
6588.78007834359 2.649493199785393e-15
6591.87185226637 2.6869431008727366e-15
6594.96362618914 2.6547600885485825e-15
6598.05540011192 2.6058712607051533e-15
6601.14717403469 2.546414246722534e-15
6604.23894795747 2.5705097093399795e-15
6607.33072188024 2.543259459415626e-15
6610.42249580302 2.5615415400005387e-15
6613.5142697258 2.530011928430785e-15
6616.60604364857 2.5096030042522023e-15
6619.69781757135 2.486298101027117e-15
6622.78959149412 2.484427953039348e-15
6625.8813654169 2.4735183198021856e-15
6628.97313933967 2.475722048049059e-15
6632.06491326245 2.4757037179824264e-15
6635.15668718522 2.443120889502443e-15
6638.248461108 2.4341482060179957e-15
6641.34023503078 2.417345745295517e-15
6644.43200895355 2.4375586728921084e-15
6647.52378287633 2.4156673887468958e-15
6650.6155567991 2.3575673067883254e-15
6653.70733072188 2.3683297825965806e-15
6656.79910464465 2.348809813862808e-15
6659.89087856743 2.3487576528029853e-15
6662.98265249021 2.366707377939402e-15
6666.07442641298 2.3414082857928788e-15
6669.16620033576 2.3265079441678137e-15
6672.25797425853 2.3390028620239033e-15
6675.34974818131 2.3296228609769278e-15
6678.44152210408 2.314778513719467e-15
6681.53329602686 2.29226729263866e-15
6684.62506994963 2.2711108829357614e-15
6687.71684387241 2.2555066403716415e-15
6690.80861779519 2.2600764401787784e-15
6693.90039171796 2.243122059412891e-15
6696.99216564074 2.2111119218242103e-15
6700.08393956351 2.2242675813638153e-15
6703.17571348629 2.2236526045816545e-15
6706.26748740906 2.2192197426736948e-15
6709.35926133184 2.2105614473477537e-15
6712.45103525461 2.1952233233882972e-15
6715.54280917739 2.1734373915352426e-15
6718.63458310017 2.158313599000168e-15
6721.72635702294 2.1397721367199176e-15
6724.81813094572 2.14140113965793e-15
6727.90990486849 2.1317282529222192e-15
6731.00167879127 2.138477030504461e-15
6734.09345271404 2.1128588256687103e-15
6737.18522663682 2.108309673511617e-15
6740.2770005596 2.1097970084221416e-15
6743.36877448237 2.1000245323655064e-15
6746.46054840515 2.0826377750066894e-15
6749.55232232792 2.080479918600281e-15
6752.6440962507 2.0881649256010547e-15
6755.73587017347 2.0529346287060302e-15
6758.82764409625 2.0122114907014273e-15
6761.91941801902 2.0068496451696263e-15
6765.0111919418 1.9869483573940453e-15
6768.10296586458 1.949771377200764e-15
6771.19473978735 1.9577836061376756e-15
6774.28651371013 1.973515351994141e-15
6777.3782876329 1.959932991209627e-15
6780.47006155568 1.9547286127529352e-15
6783.56183547845 1.917851316033805e-15
6786.65360940123 1.917657695419548e-15
6789.74538332401 1.905005111521619e-15
6792.83715724678 1.901733714476442e-15
6795.92893116956 1.9172907779899346e-15
6799.02070509233 1.895184128163057e-15
6802.11247901511 1.8933595429035826e-15
6805.20425293788 1.8618527034251362e-15
6808.29602686066 1.8476157858448055e-15
6811.38780078343 1.8813420772443613e-15
6814.47957470621 1.8758950680889684e-15
6817.57134862899 1.8619420512565166e-15
6820.66312255176 1.8721168923215292e-15
6823.75489647454 1.873591627823278e-15
6826.84667039731 1.8412154173630786e-15
6829.93844432009 1.814787145780922e-15
6833.03021824286 1.824954190344425e-15
6836.12199216564 1.8374397003861176e-15
6839.21376608841 1.8571857395234184e-15
6842.30554001119 1.8467296485677962e-15
6845.39731393397 1.8315086672784365e-15
6848.48908785674 1.816271400124773e-15
6851.58086177952 1.7987317037161506e-15
6854.67263570229 1.8050398546618026e-15
6857.76440962507 1.8307110957381505e-15
6860.85618354784 1.8290419417819034e-15
6863.94795747062 1.7520325264535539e-15
6867.0397313934 1.5289274145810392e-15
6870.13150531617 1.3194472517495725e-15
6873.22327923895 1.3430751464910576e-15
6876.31505316172 1.4274656319298323e-15
6879.4068270845 1.5454232059083112e-15
6882.49860100727 1.6388196275024438e-15
6885.59037493005 1.5877638743253905e-15
6888.68214885282 1.5504327103947406e-15
6891.7739227756 1.5334466212051415e-15
6894.86569669838 1.503679235322884e-15
6897.95747062115 1.5732038939018631e-15
6901.04924454393 1.601543955485575e-15
6904.1410184667 1.5935803880726977e-15
6907.23279238948 1.58374244197074e-15
6910.32456631225 1.637098335083127e-15
6913.41634023503 1.6463920264849129e-15
6916.5081141578 1.6416600276961573e-15
6919.59988808058 1.6513882265090106e-15
6922.69166200336 1.6645032284661063e-15
6925.78343592613 1.678203117800089e-15
6928.87520984891 1.6739284383139818e-15
6931.96698377168 1.6675281392224926e-15
6935.05875769446 1.6525177784617862e-15
6938.15053161723 1.6481781845263046e-15
6941.24230554001 1.6600204842000793e-15
6944.33407946279 1.6672709410819931e-15
6947.42585338556 1.6611703831584678e-15
6950.51762730834 1.6405675297005833e-15
6953.60940123111 1.6212079031365336e-15
6956.70117515389 1.6280712266331417e-15
6959.79294907666 1.6280548875457376e-15
6962.88472299944 1.6305332595163037e-15
6965.97649692221 1.6366562783558491e-15
6969.06827084499 1.6187948612853257e-15
6972.16004476777 1.6219844194814296e-15
6975.25181869054 1.6198341195282485e-15
6978.34359261332 1.6377688894481068e-15
6981.43536653609 1.633519388332385e-15
6984.52714045887 1.6169171734742028e-15
6987.61891438164 1.5933505253424887e-15
6990.71068830442 1.577033666863964e-15
6993.8024622272 1.5720623593811159e-15
6996.89423614997 1.593192226846368e-15
6999.98601007275 1.6267606886438991e-15
7003.07778399552 1.6036963716411642e-15
7006.1695579183 1.5911364252470163e-15
7009.26133184107 1.5772975696358638e-15
7012.35310576385 1.5686250338379654e-15
7015.44487968662 1.5625012373688762e-15
7018.5366536094 1.5906353150195584e-15
7021.62842753218 1.606796069536912e-15
7024.72020145495 1.5840450318419453e-15
7027.81197537773 1.5906056740184652e-15
7030.9037493005 1.584417012358864e-15
7033.99552322328 1.5855129364521707e-15
7037.08729714605 1.6022695899607123e-15
7040.17907106883 1.5821393112788639e-15
7043.2708449916 1.5644075053291902e-15
7046.36261891438 1.5879967915752505e-15
7049.45439283715 1.5825620130280572e-15
7052.54616675993 1.5655725305891312e-15
7055.63794068271 1.5691970810723973e-15
7058.72971460548 1.5490449897706834e-15
7061.82148852826 1.5512890108215606e-15
7064.91326245103 1.5680415205153804e-15
7068.00503637381 1.5749410620132558e-15
7071.09681029658 1.5771671447076573e-15
7074.18858421936 1.563304193869474e-15
7077.28035814214 1.552340587330496e-15
7080.37213206491 1.567852657010283e-15
7083.46390598769 1.5793408892931078e-15
7086.55567991046 1.5497362711240446e-15
7089.64745383324 1.5456760596901148e-15
7092.73922775601 1.5798695083753742e-15
7095.83100167879 1.5812488075284333e-15
7098.92277560156 1.5666337764156557e-15
7102.01454952434 1.5503754600875783e-15
7105.10632344712 1.5784315588558251e-15
7108.19809736989 1.5644600600999244e-15
7111.28987129267 1.5576760275259537e-15
7114.38164521544 1.544440012517777e-15
7117.47341913822 1.5517326367025091e-15
7120.56519306099 1.5442649040670236e-15
7123.65696698377 1.5455186380048581e-15
7126.74874090655 1.5347817434075045e-15
7129.84051482932 1.5104431429791081e-15
7132.9322887521 1.522144062013249e-15
7136.02406267487 1.5297172507525538e-15
7139.11583659765 1.51420178041081e-15
7142.20761052042 1.5134632464697044e-15
7145.2993844432 1.513076294906857e-15
7148.39115836597 1.5203110911865948e-15
7151.48293228875 1.5314517491660921e-15
7154.57470621153 1.4985052633673305e-15
7157.6664801343 1.4891606345558157e-15
7160.75825405708 1.492518017884646e-15
7163.85002797985 1.4675979779696917e-15
7166.94180190263 1.4068053326651006e-15
7170.0335758254 1.3840071920878244e-15
7173.12534974818 1.3693631169437178e-15
7176.21712367095 1.3787782603362127e-15
7179.30889759373 1.3808432884152853e-15
7182.40067151651 1.369224585701784e-15
7185.49244543928 1.3335482163794407e-15
7188.58421936206 1.319730555509036e-15
7191.67599328483 1.336984375622187e-15
7194.76776720761 1.3279858787325893e-15
7197.85954113038 1.344324427924984e-15
7200.95131505316 1.3255780148011326e-15
7204.04308897594 1.3000111456337941e-15
7207.13486289871 1.3468123407061087e-15
7210.22663682149 1.3902885887238197e-15
7213.31841074426 1.39439397573147e-15
7216.41018466704 1.3878760309266673e-15
7219.50195858981 1.3901091428888437e-15
7222.59373251259 1.3839074852480395e-15
7225.68550643536 1.3510514319021167e-15
7228.77728035814 1.3151903763002206e-15
7231.86905428092 1.2952826636546959e-15
7234.96082820369 1.2716534277814055e-15
7238.05260212647 1.2597112582474036e-15
7241.14437604924 1.2967017261792487e-15
7244.23614997202 1.2753607847342345e-15
7247.32792389479 1.257724694408116e-15
7250.41969781757 1.2730090881301402e-15
7253.51147174034 1.2919905581659911e-15
7256.60324566312 1.3101841171147325e-15
7259.6950195859 1.2983566938210137e-15
7262.78679350867 1.277997593850797e-15
7265.87856743145 1.2733827342277757e-15
7268.97034135422 1.2932964786205432e-15
7272.062115277 1.2848550534156824e-15
7275.15388919977 1.2559792319980055e-15
7278.24566312255 1.2502416230332194e-15
7281.33743704533 1.3031052267019377e-15
7284.4292109681 1.3008496610664649e-15
7287.52098489088 1.2505195197534468e-15
7290.61275881365 1.2408376637148325e-15
7293.70453273643 1.2841810097881016e-15
7296.7963066592 1.3026178363796732e-15
7299.88808058198 1.2844180677277816e-15
7302.97985450475 1.2350568001754468e-15
7306.07162842753 1.2441042413285286e-15
7309.16340235031 1.2700661812330027e-15
7312.25517627308 1.262662869640433e-15
7315.34695019586 1.2775289585443559e-15
7318.43872411863 1.2597710452905499e-15
7321.53049804141 1.3001634119360595e-15
7324.62227196418 1.2470359628173686e-15
7327.71404588696 1.2444701195639146e-15
7330.80581980974 1.2475820917348436e-15
7333.89759373251 1.2262425666259393e-15
7336.98936765529 1.2376415655337165e-15
7340.08114157806 1.2899496804032525e-15
7343.17291550084 1.2740250001248392e-15
7346.26468942361 1.2536021347679914e-15
7349.35646334639 1.2527424885107015e-15
7352.44823726916 1.2547584691006214e-15
7355.54001119194 1.244300214430381e-15
7358.63178511472 1.2431725059051982e-15
7361.72355903749 1.2324556807435029e-15
7364.81533296027 1.2406402392299222e-15
7367.90710688304 1.267925024382793e-15
7370.99888080582 1.235675831086669e-15
7374.09065472859 1.2344758265509866e-15
7377.18242865137 1.2404856646204772e-15
7380.27420257414 1.218391616761241e-15
7383.36597649692 1.2245253173273821e-15
7386.4577504197 1.2335896107243935e-15
7389.54952434247 1.2290607004092312e-15
7392.64129826525 1.2192171994257547e-15
7395.73307218802 1.1906533083774487e-15
7398.8248461108 1.2022848277718028e-15
7401.91662003357 1.2416434175639772e-15
7405.00839395635 1.2203638387901083e-15
7408.10016787913 1.2325528017798573e-15
7411.1919418019 1.2170549010086413e-15
7414.28371572468 1.2227263696455485e-15
7417.37548964745 1.2000708840668908e-15
7420.46726357023 1.2178462847457238e-15
7423.559037493 1.250551046795251e-15
7426.65081141578 1.2544666502608022e-15
7429.74258533855 1.2289830138613773e-15
7432.83435926133 1.2182702100410018e-15
7435.92613318411 1.238471104386339e-15
7439.01790710688 1.2378574528759632e-15
7442.10968102966 1.249953277575632e-15
7445.20145495243 1.2657037164729599e-15
7448.29322887521 1.2421298141233473e-15
7451.38500279798 1.2241324371063734e-15
7454.47677672076 1.2213267203775065e-15
7457.56855064353 1.2447339503494925e-15
7460.66032456631 1.2250926822907458e-15
7463.75209848909 1.1940606219571318e-15
7466.84387241186 1.2191142181311895e-15
7469.93564633464 1.221531857317801e-15
7473.02742025741 1.2203025936168261e-15
7476.11919418019 1.2365087248519329e-15
7479.21096810296 1.2445551842643108e-15
7482.30274202574 1.2360901269609237e-15
7485.39451594852 1.243495067447566e-15
7488.48628987129 1.224961329642001e-15
7491.57806379407 1.2378241544037788e-15
7494.66983771684 1.2325493626282938e-15
7497.76161163962 1.250393465036974e-15
7500.85338556239 1.2476396214284758e-15
7503.94515948517 1.236173436786713e-15
7507.03693340794 1.246260341070838e-15
7510.12870733072 1.2429864207962273e-15
7513.2204812535 1.2456493390165119e-15
7516.31225517627 1.2453786592894572e-15
7519.40402909905 1.2357178007231796e-15
7522.49580302182 1.2590278932672765e-15
7525.5875769446 1.2597120248943198e-15
7528.67935086737 1.239851211564215e-15
7531.77112479015 1.2439400998288543e-15
7534.86289871293 1.2570014120375956e-15
7537.9546726357 1.2695297382758607e-15
7541.04644655848 1.2602516131353803e-15
7544.13822048125 1.2417190299128661e-15
7547.22999440403 1.2599388742290227e-15
7550.3217683268 1.2629512114732864e-15
7553.41354224958 1.2531601850054571e-15
7556.50531617235 1.2795583208877193e-15
7559.59709009513 1.2771504915185294e-15
7562.6888640179 1.2728777823503384e-15
7565.78063794068 1.2470800414568876e-15
7568.87241186346 1.2658761514766303e-15
7571.96418578623 1.265285081696746e-15
7575.05595970901 1.250625414473376e-15
7578.14773363178 1.2933649450336389e-15
7581.23950755456 1.2913833917002213e-15
7584.33128147733 1.2860340930258117e-15
7587.42305540011 1.2710103426983903e-15
7590.51482932288 1.2438229500928951e-15
7593.60660324566 1.0000344192557874e-15
7596.69837716844 6.698683148654193e-16
7599.79015109121 4.904480268643552e-16
7602.88192501399 3.8211731146210545e-16
7605.97369893676 3.8234890847304177e-16
7609.06547285954 4.506994057515652e-16
7612.15724678231 5.692912285234916e-16
7615.24902070509 8.029377346272638e-16
7618.34079462787 9.910990105863836e-16
7621.43256855064 9.311143442329602e-16
7624.52434247342 7.525855708231694e-16
7627.61611639619 6.891056320401703e-16
7630.70789031897 7.017427062475214e-16
7633.79966424174 7.203032676735768e-16
7636.89143816452 7.633684411468182e-16
7639.98321208729 8.10139287212825e-16
7643.07498601007 8.446449814530959e-16
7646.16675993285 8.801535727560818e-16
7649.25853385562 9.457470705570525e-16
7652.3503077784 9.869047835452632e-16
7655.44208170117 1.0181460816880025e-15
7658.53385562395 1.0725220752007917e-15
7661.62562954672 1.102322396018253e-15
7664.7174034695 1.1554125196231358e-15
7667.80917739228 1.1798108687947706e-15
7670.90095131505 1.178063304931422e-15
7673.99272523783 1.1863557860177775e-15
7677.0844991606 1.2030383142540812e-15
7680.17627308338 1.2558867895147221e-15
7683.26804700615 1.270196513473397e-15
7686.35982092893 1.2728198921759705e-15
7689.4515948517 1.2740466566781963e-15
7692.54336877448 1.261858346341731e-15
7695.63514269726 1.2799220338235738e-15
7698.72691662003 1.2858951940588315e-15
7701.81869054281 1.285837283122884e-15
7704.91046446558 1.2946124608179773e-15
7708.00223838836 1.284366602037131e-15
7711.09401231113 1.3019013221305416e-15
7714.18578623391 1.2814948453614734e-15
7717.27756015668 1.2334376758835769e-15
7720.36933407946 1.2545041251318485e-15
7723.46110800224 1.2545050175438154e-15
7726.55288192501 1.27425147819069e-15
7729.64465584779 1.2861896957789469e-15
7732.73642977056 1.2862465601964924e-15
7735.82820369334 1.2793198908180218e-15
7738.91997761611 1.2883315615556381e-15
7742.01175153889 1.3110134493477222e-15
7745.10352546167 1.3131369833132507e-15
7748.19529938444 1.2737637959207797e-15
7751.28707330722 1.2483038651697622e-15
7754.37884722999 1.2488834314485968e-15
7757.47062115277 1.2584424686482602e-15
7760.56239507554 1.2407650128725216e-15
7763.65416899832 1.2502102418196877e-15
7766.74594292109 1.2578570930553678e-15
7769.83771684387 1.2407058139278055e-15
7772.92949076665 1.2367628816684448e-15
7776.02126468942 1.211434078137411e-15
7779.1130386122 1.2116356497486438e-15
7782.20481253497 1.2190301472939379e-15
7785.29658645775 1.2155783057577763e-15
7788.38836038052 1.181496706342803e-15
7791.4801343033 1.1678696128445552e-15
7794.57190822607 1.185890322363517e-15
7797.66368214885 1.2256880014272862e-15
7800.75545607163 1.1800021183471953e-15
7803.8472299944 1.1943152490500591e-15
7806.93900391718 1.1496448890603097e-15
7810.03077783995 1.1266868962731305e-15
7813.12255176273 1.1458598722065819e-15
7816.2143256855 1.1641037628962792e-15
7819.30609960828 1.1582125395218332e-15
7822.39787353106 1.1767922926489183e-15
7825.48964745383 1.1596594323690458e-15
7828.58142137661 1.1240447988094741e-15
7831.67319529938 1.1199253983156939e-15
7834.76496922216 1.107714254813903e-15
7837.85674314493 1.1080286895473698e-15
7840.94851706771 1.1020099713061495e-15
7844.04029099048 1.0689247771933307e-15
7847.13206491326 1.0608591717837238e-15
7850.22383883604 1.0903029031786147e-15
7853.31561275881 1.125507559353222e-15
7856.40738668159 1.111530845475552e-15
7859.49916060436 1.1156778274041909e-15
7862.59093452714 1.0680617894011375e-15
7865.68270844991 1.0669723551330876e-15
7868.77448237269 1.1015970090281635e-15
7871.86625629547 1.070581254042547e-15
7874.95803021824 1.0593477906560715e-15
7878.04980414102 1.0849821502417714e-15
7881.14157806379 1.0985572094376893e-15
7884.23335198657 1.1005722158682695e-15
7887.32512590934 1.0817133998622096e-15
7890.41689983212 1.0461523765751383e-15
7893.50867375489 1.0892888729188072e-15
7896.60044767767 1.0813383217922997e-15
7899.69222160045 1.0536625802490858e-15
7902.78399552322 1.0523811844229113e-15
7905.875769446 1.0690170666206215e-15
7908.96754336877 1.0609463217886258e-15
7912.05931729155 1.0465482772331277e-15
7915.15109121432 1.0146034804976487e-15
7918.2428651371 1.0015429465791062e-15
7921.33463905987 1.052168984006517e-15
7924.42641298265 1.0382393749507743e-15
7927.51818690543 1.01789415950789e-15
7930.6099608282 9.783900362830307e-16
7933.70173475098 9.905301922214628e-16
7936.79350867375 1.014287645105859e-15
7939.88528259653 1.0102730471604127e-15
7942.9770565193 1.0146196291164046e-15
7946.06883044208 1.0389876543243438e-15
7949.16060436486 1.0287457086565521e-15
7952.25237828763 1.0057928633823033e-15
7955.34415221041 9.992770509481634e-16
7958.43592613318 1.001145481020415e-15
7961.52770005596 9.749211948500404e-16
7964.61947397873 9.918413392462055e-16
7967.71124790151 1.024823325796032e-15
7970.80302182428 1.0258124885596196e-15
7973.89479574706 9.900355145865346e-16
7976.98656966984 1.0080576779126723e-15
7980.07834359261 1.009568616304084e-15
7983.17011751539 1.0003949623400393e-15
7986.26189143816 1.0030020829840142e-15
7989.35366536094 9.972607715708664e-16
7992.44543928371 1.0251869203176251e-15
7995.53721320649 9.91808726596118e-16
7998.62898712926 9.66640309808336e-16
8001.72076105204 9.772570635450247e-16
8004.81253497482 9.90452717521645e-16
8007.90430889759 9.837152590739917e-16
8010.99608282037 9.557388222108667e-16
8014.08785674314 1.0033007702691743e-15
8017.17963066592 1.0208651837100164e-15
8020.27140458869 9.877132908266223e-16
8023.36317851147 9.71423738780742e-16
8026.45495243424 9.979136949668122e-16
8029.54672635702 9.713136357080071e-16
8032.6385002798 9.75272079536498e-16
8035.73027420257 9.875914609266426e-16
8038.82204812535 9.585636711691892e-16
8041.91382204812 9.339406397423417e-16
8045.0055959709 9.191332550743912e-16
8048.09736989367 9.604766516168075e-16
8051.18914381645 9.67457643935452e-16
8054.28091773923 9.388158393747253e-16
8057.372691662 9.220878151921781e-16
8060.46446558478 9.017608720665654e-16
8063.55623950755 9.187815616970816e-16
8066.64801343033 9.169569585853186e-16
8069.7397873531 9.237586228784918e-16
8072.83156127588 9.22088798875756e-16
8075.92333519865 9.158816878388527e-16
8079.01510912143 9.37877580410447e-16
8082.10688304421 9.329860904332605e-16
8085.19865696698 9.191035128332626e-16
8088.29043088976 9.132586343824791e-16
8091.38220481253 9.13286048216137e-16
8094.47397873531 9.09042469572896e-16
8097.56575265808 8.836128637191612e-16
8100.65752658086 8.857825580512744e-16
8103.74930050363 8.717114085508021e-16
8106.84107442641 8.328358436018744e-16
8109.93284834919 8.255508599741746e-16
8113.02462227196 8.254112489265839e-16
8116.11639619474 8.21341006131005e-16
8119.20817011751 8.275134272969814e-16
8122.29994404029 8.191092120923979e-16
8125.39171796306 8.070052046805269e-16
8128.48349188584 8.051279022189592e-16
8131.57526580862 8.161814738917662e-16
8134.66703973139 7.886192512347917e-16
8137.75881365417 7.325680782031375e-16
8140.85058757694 7.654566755970126e-16
8143.94236149972 7.693731052511755e-16
8147.03413542249 7.725506148845455e-16
8150.12590934527 7.855040664165162e-16
8153.21768326804 7.565096007094451e-16
8156.30945719082 7.931820194920386e-16
8159.4012311136 7.601987934334165e-16
8162.49300503637 7.157588884089078e-16
8165.58477895915 7.236185226320637e-16
8168.67655288192 7.398887184506845e-16
8171.7683268047 7.867942827875394e-16
8174.86010072747 7.742094665211325e-16
8177.95187465025 7.284036059211548e-16
8181.04364857303 7.613409551167875e-16
8184.1354224958 7.6961127558786335e-16
8187.22719641858 7.494292350712355e-16
8190.31897034135 7.677586417170723e-16
8193.41074426413 7.739238667665586e-16
8196.5025181869 7.60169379892122e-16
8199.59429210968 7.669994607290459e-16
8202.68606603245 7.713537136777496e-16
8205.77783995523 7.833127772425625e-16
8208.86961387801 8.02871464212278e-16
8211.96138780078 7.87367052786965e-16
8215.05316172356 8.022408696719646e-16
8218.14493564633 8.08071752524103e-16
8221.23670956911 8.129758072019589e-16
8224.32848349188 7.787225932486562e-16
8227.42025741466 7.113606362440902e-16
8230.51203133744 7.005867286741023e-16
8233.60380526021 7.556604067982441e-16
8236.69557918299 7.965511829236883e-16
8239.78735310576 8.308287535417038e-16
8242.87912702854 8.07141011199118e-16
8245.97090095131 8.228557250206358e-16
8249.06267487409 8.607462016559732e-16
8252.15444879686 8.599646690410676e-16
8255.24622271964 8.366298088609849e-16
8258.33799664241 8.405557147946506e-16
8261.42977056519 8.597775978844856e-16
8264.52154448797 8.730843545847283e-16
8267.61331841074 9.118997558563546e-16
8270.70509233352 9.052086976603076e-16
8273.79686625629 8.457072437151766e-16
8276.88864017907 8.521154564955307e-16
8279.98041410184 8.688882789991076e-16
8283.07218802462 8.912234701898787e-16
8286.1639619474 9.297706233270402e-16
8289.25573587017 8.827011928724515e-16
8292.34750979295 8.529247021072914e-16
8295.43928371572 8.636835041416392e-16
8298.5310576385 9.162602241347653e-16
8301.62283156127 9.151395648745135e-16
8304.71460548405 8.88422837909614e-16
8307.80637940683 9.35631815953778e-16
8310.8981533296 9.74504722340254e-16
8313.98992725238 9.704599582585923e-16
8317.08170117515 9.45792547291491e-16
8320.17347509793 9.241816281809085e-16
8323.2652490207 9.599729602632935e-16
8326.35702294348 1.0018247798512458e-15
8329.44879686625 1.0004158297643315e-15
8332.54057078903 9.996680018170055e-16
8335.6323447118 1.0331181279403292e-15
8338.72411863458 1.0633703836694219e-15
8341.81589255736 1.0489887509284498e-15
8344.90766648013 9.902339224894817e-16
8347.99944040291 9.905077989221505e-16
8351.09121432568 1.0387257131639466e-15
8354.18298824846 9.893286807066895e-16
8357.27476217123 1.050713161523241e-15
8360.36653609401 1.0810228929301931e-15
8363.45831001679 1.0886859747949284e-15
8366.55008393956 1.092785478685303e-15
8369.64185786234 1.0739039034791486e-15
8372.73363178511 1.0815443960887495e-15
8375.82540570789 1.0984298893587715e-15
8378.91717963066 1.0708721966216649e-15
8382.00895355344 1.0543659884729508e-15
8385.10072747621 1.0745012609070415e-15
8388.19250139899 1.1031323552114348e-15
8391.28427532177 1.1286410127219205e-15
8394.37604924454 1.1647501591354586e-15
8397.46782316732 1.1430924031487416e-15
8400.55959709009 1.1189342385280229e-15
8403.65137101287 1.123308713235968e-15
8406.74314493564 1.1489647495697383e-15
8409.83491885842 1.1754570881432757e-15
8412.9266927812 1.1842770838199271e-15
8416.01846670397 1.1840349665962917e-15
8419.11024062675 1.15675376873693e-15
8422.20201454952 1.1578073330922449e-15
8425.2937884723 1.1300815464234582e-15
8428.38556239507 1.170357290474277e-15
8431.47733631785 1.1691913508938377e-15
8434.56911024062 1.156344590699603e-15
8437.6608841634 1.1323671235306415e-15
8440.75265808617 1.2143082621955402e-15
8443.84443200895 1.1862229868016404e-15
8446.93620593173 1.1588524185020358e-15
8450.0279798545 1.1864132810647075e-15
8453.11975377728 1.1717763368314835e-15
8456.21152770005 1.1661168055224798e-15
8459.30330162283 1.1932744556623437e-15
8462.3950755456 1.1816598351398134e-15
8465.48684946838 1.1529787480200478e-15
8468.57862339116 1.1827082398192157e-15
8471.67039731393 1.1869842366076895e-15
8474.76217123671 1.1954954885103916e-15
8477.85394515948 1.2123086376742957e-15
8480.94571908226 1.1946573804366568e-15
8484.03749300503 1.1883140845560465e-15
8487.12926692781 1.1935260058195742e-15
8490.22104085059 1.2243478608324367e-15
8493.31281477336 1.2132070084826103e-15
8496.40458869614 1.2359587556554808e-15
8499.49636261891 1.2017717055288657e-15
8502.58813654169 1.1989482656605387e-15
8505.67991046446 1.2426494092423406e-15
8508.77168438724 1.2434290970663663e-15
8511.86345831001 1.2490315078915306e-15
8514.95523223279 1.267097979816118e-15
8518.04700615556 1.2180529816720566e-15
8521.13878007834 1.2554579966215906e-15
8524.23055400112 1.2695919766856266e-15
8527.32232792389 1.219807371787355e-15
8530.41410184667 1.2351021994704727e-15
8533.50587576944 1.2493184119211828e-15
8536.59764969222 1.2415788407063823e-15
8539.68942361499 1.2477255903395447e-15
8542.78119753777 1.2630066244554775e-15
8545.87297146055 1.268680575268171e-15
8548.96474538332 1.2481227674787926e-15
8552.0565193061 1.221432472206268e-15
8555.14829322887 1.2418157192571387e-15
8558.24006715165 1.2692099346901303e-15
8561.33184107443 1.2447890774972128e-15
8564.4236149972 1.2551149292543287e-15
8567.51538891998 1.2434166592785822e-15
8570.60716284275 1.2637455736988983e-15
8573.69893676553 1.2632121602660444e-15
8576.7907106883 1.233811392426824e-15
8579.88248461108 1.2665528592050147e-15
8582.97425853385 1.2212164448710232e-15
8586.06603245663 1.2456824917227763e-15
8589.1578063794 1.2577795038188159e-15
8592.24958030218 1.2655035257133814e-15
8595.34135422495 1.211475282527556e-15
8598.43312814773 1.236467193307177e-15
8601.52490207051 1.2267323728938604e-15
8604.61667599328 1.175779722665295e-15
8607.70844991606 1.1886432812407945e-15
8610.80022383883 1.1973675915544792e-15
8613.89199776161 1.2191399889103142e-15
8616.98377168438 1.2548358775337461e-15
8620.07554560716 1.2434986685164132e-15
8623.16731952994 1.2711933732428546e-15
8626.25909345271 1.3019105246964722e-15
8629.35086737549 1.2733443883050506e-15
8632.44264129826 1.2657289979254372e-15
8635.53441522104 1.1872389069452467e-15
8638.62618914381 1.165010396535465e-15
8641.71796306659 1.1764154362008638e-15
8644.80973698937 1.2002343553418286e-15
8647.90151091214 1.1841275114243659e-15
8650.99328483492 1.2131810689640479e-15
8654.08505875769 1.1962721641203183e-15
8657.17683268047 1.189462655631188e-15
8660.26860660324 1.1724965293299872e-15
8663.36038052602 1.2154744945823368e-15
8666.45215444879 1.2532917867402403e-15
8669.54392837157 1.2127590733157403e-15
8672.63570229434 1.1627842262981619e-15
8675.72747621712 1.1548151394850588e-15
8678.8192501399 1.1641890563211105e-15
8681.91102406267 1.1720753913700953e-15
8685.00279798545 1.1618016015090962e-15
8688.09457190822 1.1469746229718354e-15
8691.186345831 1.1716036964520662e-15
8694.27811975377 1.1948760189187477e-15
8697.36989367655 1.2078352986142013e-15
8700.46166759933 1.2156615588780641e-15
8703.5534415221 1.143322647420921e-15
8706.64521544488 1.144843307317065e-15
8709.73698936765 1.1809171175772391e-15
8712.82876329043 1.1766450324611938e-15
8715.9205372132 1.139220817329785e-15
8719.01231113598 1.1666350291547397e-15
8722.10408505876 1.1786172965524117e-15
8725.19585898153 1.1514453131116317e-15
8728.28763290431 1.1923065752412732e-15
8731.37940682708 1.2033462999469696e-15
8734.47118074986 1.163785810617917e-15
8737.56295467263 1.1582252365641772e-15
8740.65472859541 1.1508377353343827e-15
8743.74650251818 1.1181657428673396e-15
8746.83827644096 1.1370252440372617e-15
8749.93005036374 1.1250842961201053e-15
8753.02182428651 1.1149866486377893e-15
8756.11359820929 1.1502160962037803e-15
8759.20537213206 1.1684110609589397e-15
8762.29714605484 1.1380192813403445e-15
8765.38891997761 1.0979720350308752e-15
8768.48069390039 1.1326652908875375e-15
8771.57246782316 1.137727231049216e-15
8774.66424174594 1.1457411148835055e-15
8777.75601566872 1.1350652484871222e-15
8780.84778959149 1.103025706142423e-15
8783.93956351427 1.185830411308948e-15
8787.03133743704 1.1700447896796421e-15
8790.12311135982 1.1717513191275389e-15
8793.21488528259 1.1552990859868646e-15
8796.30665920537 1.1479917688727302e-15
8799.39843312814 1.1198748319712397e-15
8802.49020705092 1.1077829928311014e-15
8805.5819809737 1.085654514273466e-15
8808.67375489647 1.0832072726547887e-15
8811.76552881925 1.0937539112092833e-15
8814.85730274202 1.1223877171042162e-15
8817.9490766648 1.117852225032473e-15
8821.04085058757 1.1108597919142019e-15
8824.13262451035 1.0997246084197751e-15
8827.22439843313 1.1431152043722225e-15
8830.3161723559 1.13206906229381e-15
8833.40794627868 1.0863531164690482e-15
8836.49972020145 1.1814868476315652e-15
8839.59149412423 1.1459076768014782e-15
8842.683268047 1.1049738832928594e-15
8845.77504196978 1.0928683811238706e-15
8848.86681589255 1.1445473868640899e-15
8851.95858981533 1.127842708117179e-15
8855.0503637381 1.0882565676547888e-15
8858.14213766088 1.1385934498629567e-15
8861.23391158366 1.1110878491208375e-15
8864.32568550643 1.0767639667750367e-15
8867.41745942921 1.1089940402134257e-15
8870.50923335198 1.0587414240327947e-15
8873.60100727476 1.0941540192856112e-15
8876.69278119753 1.1775322838337755e-15
8879.78455512031 1.150789589679916e-15
8882.87632904309 1.0605533707661893e-15
8885.96810296586 1.0449406977878016e-15
8889.05987688864 1.0736462877367854e-15
8892.15165081141 1.1371002256484003e-15
8895.24342473419 1.1425270177987704e-15
8898.33519865697 1.1168052289472572e-15
8901.42697257974 1.1440530170954745e-15
8904.51874650252 1.1018554358560448e-15
8907.61052042529 1.0602848874372353e-15
8910.70229434807 1.0590557518050507e-15
8913.79406827084 1.0866123655222722e-15
8916.88584219362 1.1226362425823107e-15
8919.97761611639 9.838188557383256e-16
8923.06939003917 1.032086985408355e-15
8926.16116396194 1.0589863965773526e-15
8929.25293788472 1.0906166788726061e-15
8932.34471180749 1.0455646082720599e-15
8935.43648573027 1.010664831951673e-15
8938.52825965305 1.0761914336628364e-15
8941.62003357582 1.1096558349935895e-15
8944.7118074986 1.0418597867647978e-15
8947.80358142137 1.0761590201314123e-15
8950.89535534415 1.0857543918481255e-15
8953.98712926692 9.944610266133109e-16
8957.0789031897 1.008460345956944e-15
8960.17067711248 1.0117797493779064e-15
8963.26245103525 9.642439100358933e-16
8966.35422495803 9.725128380670579e-16
8969.4459988808 9.931702996878825e-16
8972.53777280358 9.579030068874508e-16
8975.62954672636 9.521009522803076e-16
8978.72132064913 1.016865204377812e-15
8981.81309457191 1.0115654368130777e-15
8984.90486849468 1.0319267343779962e-15
8987.99664241746 9.752584562114557e-16
8991.08841634023 9.81635899615776e-16
8994.18019026301 1.0169835615678056e-15
8997.27196418578 1.0355035440051311e-15
9000.36373810856 9.955259159301329e-16
9003.45551203133 9.882384232739459e-16
9006.54728595411 9.508508689322021e-16
9009.63905987688 9.65047322529904e-16
9012.73083379966 1.0097272240495195e-15
9015.82260772244 9.980899595137075e-16
9018.91438164521 9.18262014428679e-16
9022.00615556799 9.074859188033818e-16
9025.09792949076 8.99384661727637e-16
9028.18970341354 9.630404530368773e-16
9031.28147733632 1.026825060961649e-15
9034.37325125909 1.0340642761340224e-15
9037.46502518187 1.0618212054448317e-15
9040.55679910464 1.0720271282362807e-15
9043.64857302742 1.04283268219531e-15
9046.74034695019 1.0423018907386446e-15
9049.83212087297 1.0883005586051808e-15
9052.92389479574 1.058913993929521e-15
9056.01566871852 1.034973949330305e-15
9059.1074426413 1.0232172000751475e-15
9062.19921656407 9.601418657297556e-16
9065.29099048685 9.437102573901324e-16
9068.38276440962 9.696740828874752e-16
9071.4745383324 9.236284102526058e-16
9074.56631225517 9.316111574513803e-16
9077.65808617795 9.227575272487613e-16
9080.74986010072 8.671959232096659e-16
9083.8416340235 9.221348018387693e-16
9086.93340794628 8.883935169414807e-16
9090.02518186905 8.893862186946034e-16
9093.11695579183 9.421269507283747e-16
9096.2087297146 9.244712361238947e-16
9099.30050363738 8.697925728932416e-16
9102.39227756015 8.682625087198755e-16
9105.48405148293 9.006133350795878e-16
9108.5758254057 9.531451102113745e-16
9111.66759932848 9.628009447483597e-16
9114.75937325126 9.286862295335438e-16
9117.85114717403 9.33378790485616e-16
9120.94292109681 9.206035719644222e-16
9124.03469501958 9.539088577127092e-16
9127.12646894236 9.382177164587806e-16
9130.21824286513 8.832007097127048e-16
9133.31001678791 8.085857631454558e-16
9136.40179071069 8.055135229563386e-16
9139.49356463346 8.861103388314092e-16
9142.58533855624 9.704551095048396e-16
9145.67711247901 9.510733349087563e-16
9148.76888640179 9.753441253020568e-16
9151.86066032456 8.968541010148625e-16
9154.95243424734 7.687967021390399e-16
9158.04420817011 8.200252464824761e-16
9161.13598209289 9.125430054810642e-16
9164.22775601567 9.703553450475564e-16
9167.31952993844 9.386074830991848e-16
9170.41130386122 9.236756625905345e-16
9173.50307778399 8.666920084012852e-16
9176.59485170677 8.305655081240215e-16
9179.68662562954 9.178995079332145e-16
9182.77839955232 9.23764833079216e-16
9185.87017347509 9.029805667427324e-16
9188.96194739787 9.230598235199333e-16
9192.05372132065 9.11653492057755e-16
9195.14549524342 9.384286076356277e-16
9198.2372691662 9.122397792182129e-16
9201.32904308897 9.644433667092568e-16
9204.42081701175 9.165706356680448e-16
9207.51259093452 8.662277864382176e-16
9210.6043648573 9.075176321745488e-16
9213.69613878008 8.957009633356697e-16
9216.78791270285 9.227679232900996e-16
9219.87968662563 9.014976642607578e-16
9222.9714605484 9.1038008053287e-16
9226.06323447118 8.906623348830468e-16
9229.15500839395 8.907191496236985e-16
9232.24678231673 9.204097950457884e-16
9235.33855623951 8.853265568688522e-16
9238.43033016228 8.712648761725711e-16
9241.52210408506 9.069782604907868e-16
9244.61387800783 8.86977778993066e-16
9247.70565193061 9.14029367100664e-16
9250.79742585338 9.36459269336632e-16
9253.88919977616 9.123445341044014e-16
9256.98097369893 9.097053889283378e-16
9260.07274762171 8.808143228850151e-16
9263.16452154448 9.916881744014152e-16
9266.25629546726 9.91230243872785e-16
9269.34806939004 9.492723299236319e-16
9272.43984331281 9.624551758346136e-16
9275.53161723559 9.01362340267355e-16
9278.62339115836 8.531103806723983e-16
9281.71516508114 8.679105213975709e-16
9284.80693900391 8.772949367027218e-16
9287.89871292669 9.34493880992983e-16
9290.99048684947 9.38596217155739e-16
9294.08226077224 8.926817221889707e-16
9297.17403469502 9.088152663218058e-16
9300.26580861779 9.332034047943124e-16
9303.35758254057 9.79203918956818e-16
9306.44935646334 9.755705950982665e-16
9309.54113038612 9.235730350998274e-16
9312.6329043089 9.346372229427977e-16
9315.72467823167 9.29182756699153e-16
9318.81645215445 9.259763054359592e-16
9321.90822607722 7.741780350814234e-16
9325.0 5.204537903121867e-16
