3194.0 0.8274550444717185
3196.0 1.1158940952185843
3198.0 0.997127023327057
3200.0 1.0097245006967033
3202.0 0.7975708457214508
3204.0 0.915360783444456
3206.0 1.1850400921483952
3208.0 1.1937298535723198
3210.0 0.6414390443687964
3212.0 0.742108651832624
3214.0 0.8770612793988148
3216.0 0.8801850379202891
3218.0 0.834512822724407
3220.0 0.9509939289308449
3222.0 1.0680325617854496
3224.0 0.9835391384657737
3226.0 0.7746300741933635
3228.0 0.8196459356162414
3230.0 1.357229253653891
3232.0 0.8995657789909757
3234.0 0.9467204426736494
3236.0 0.9050490500164624
3238.0 0.7890158798795182
3240.0 0.9827223629073456
3242.0 1.173627746761938
3244.0 1.103688205593191
3246.0 0.9733051477484002
3248.0 0.9766273820693114
3250.0 1.1153394160981083
3252.0 0.9197847953562527
3254.0 0.8080097731913933
3256.0 0.29194322616533264
3258.0 0.1057747332952928
3260.0 0.7382940377955326
3262.0 0.7456642316924135
3264.0 0.8258354740467705
3266.0 0.9729963744633652
3268.0 0.9243923560450855
3270.0 0.6864572646525031
3272.0 0.9527863094923404
3274.0 0.6664773320373675
3276.0 0.8495192708902509
3278.0 1.0897182850876066
3280.0 0.9650945128235091
3282.0 0.7667919903123349
3284.0 0.9554680939636139
3286.0 0.8079780715456699
3288.0 0.7416658294599731
3290.0 0.8923523058905211
3292.0 0.7329491885623912
3294.0 0.41247922082559196
3296.0 0.7837273709302754
3298.0 0.9651419846138849
3300.0 0.7544214207556937
3302.0 0.8862984245378763
3304.0 0.7304533813512272
3306.0 0.7501456276266486
3308.0 0.7967739288456427
3310.0 0.7587735539019279
3312.0 0.6727982752169747
3314.0 0.7582698609579873
3316.0 0.8517833512555283
3318.0 0.8182234822386388
3320.0 0.7199711096174024
3322.0 0.7092747728014913
3324.0 0.6911234983741877
3326.0 0.8070125221200054
3328.0 0.90693608190091
3330.0 0.8249021170066223
3332.0 0.5675670645859263
3334.0 0.6243275077807945
3336.0 0.6957420528010659
3338.0 0.7666991768612608
3340.0 0.7842369422714691
3342.0 0.7269423197585009
3344.0 0.6679744819919742
3346.0 0.7631696340173496
3348.0 0.6812186003516201
3350.0 0.6292389781880807
3352.0 0.7717132361567023
3354.0 0.7469792854878581
3356.0 0.8138762456671614
3358.0 0.8194890488584453
3360.0 0.7471601368278146
3362.0 0.6636584404271298
3364.0 0.680498187466126
3366.0 0.7021465287355942
3368.0 0.6988121706814506
3370.0 0.7262675888359192
3372.0 0.8051894451774896
3374.0 0.8781135364403098
3376.0 0.9382675357956861
3378.0 0.712206818855263
3380.0 0.5963577196598023
3382.0 0.7197139920638469
3384.0 0.7721262727669889
3386.0 0.597491026308659
3388.0 0.7093256886240815
3390.0 0.840342040792697
3392.0 0.8034617897580206
3394.0 0.6647197253484181
3396.0 0.7996382469083321
3398.0 0.7482711488600448
3400.0 0.7349881250406323
3402.0 0.774294445007535
3404.0 0.7222072285416004
3406.0 0.6777370333538167
3408.0 0.775563705550426
3410.0 0.8060668246695051
3412.0 0.7598805466456802
3414.0 0.7430007511313171
3416.0 0.7415859298555082
3418.0 0.769870304340375
3420.0 0.7477022740830852
3422.0 0.7307770188108161
3424.0 0.7734509689779876
3426.0 0.7400726124548693
3428.0 0.6329261544899571
3430.0 0.6102747366182119
3432.0 0.6665835406614682
3434.0 0.7247268412450479
3436.0 0.7300881591639241
3438.0 0.7321220390959035
3440.0 0.730441398223225
3442.0 0.6462310068983735
3444.0 0.5308798502805776
3446.0 0.6670230142424151
3448.0 0.6796892696498401
3450.0 0.6969880822681296
3452.0 0.7175209543048086
3454.0 0.7177490642151324
3456.0 0.6903735646722421
3458.0 0.6817404174560147
3460.0 0.6901591154901648
3462.0 0.7007394023658088
3464.0 0.7060549048968796
3466.0 0.7118236882544315
3468.0 0.7153361463014124
3470.0 0.7469857568715499
3472.0 0.7590918997456554
3474.0 0.7213759061777861
3476.0 0.6566030742722866
3478.0 0.7272894997325449
3480.0 0.7133235153249474
3482.0 0.6975330195032212
3484.0 0.6899248122123856
3486.0 0.6504333965923099
3488.0 0.7099789706249369
3490.0 0.6910578093207418
3492.0 0.7481838643734586
3494.0 0.7920779546290369
3496.0 0.7000365338912007
3498.0 0.8567280923356435
3500.0 0.8325875715036494
3502.0 0.7425867391002119
3504.0 0.7035055175810476
3506.0 0.7528963635671281
3508.0 0.7492975999856728
3510.0 0.734419950073005
3512.0 0.7167514750959668
3514.0 0.7114550079102895
3516.0 0.7254038825064779
3518.0 0.7449530511441113
3520.0 0.7781108525374999
3522.0 0.7636335920960556
3524.0 0.7234501666050848
3526.0 0.7149262236595438
3528.0 0.7916472857393817
3530.0 0.7266730563825213
3532.0 0.6825568363859763
3534.0 0.7087307743142167
3536.0 0.7559202492821548
3538.0 0.7040111745684356
3540.0 0.7680285150148078
3542.0 0.73549679800751
3544.0 0.6591093936910415
3546.0 0.6256743948776664
3548.0 0.6703978119840752
3550.0 0.7134932428548623
3552.0 0.7263779526994708
3554.0 0.7201056705191339
3556.0 0.6968546551617768
3558.0 0.6543863675863435
3560.0 0.6862849458723203
3562.0 0.6474720279245603
3564.0 0.6374489629108108
3566.0 0.6712825937700163
3568.0 0.684551005742887
3570.0 0.6957407419811396
3572.0 0.7658756892969177
3574.0 0.7250764557189469
3576.0 0.6367159944748525
3578.0 0.667320971405734
3580.0 0.7274743822961728
3582.0 0.6906965582981615
3584.0 0.6996656063651758
3586.0 0.7117765108454421
3588.0 0.6560364229929606
3590.0 0.7069402204813187
3592.0 0.7664895040154073
3594.0 0.7166773360176797
3596.0 0.6453496087087016
3598.0 0.6666861821947185
3600.0 0.7239005437108127
3602.0 0.747300879673726
3604.0 0.7219150466898635
3606.0 0.6791491643067467
3608.0 0.6568280883208535
3610.0 0.6626924821212535
3612.0 0.7361645937814982
3614.0 0.7724982473371204
3616.0 0.7588340524973022
3618.0 0.7268799115989514
3620.0 0.7219563985999611
3622.0 0.7279633053090276
3624.0 0.7130853796035088
3626.0 0.6935960850392325
3628.0 0.6930151015613262
3630.0 0.7184564009352731
3632.0 0.6853967876953644
3634.0 0.66879133063739
3636.0 0.7205171623508246
3638.0 0.7626873946913293
3640.0 0.6559972042654142
3642.0 0.7043529101123187
3644.0 0.7158542905746199
3646.0 0.6943657009221772
3648.0 0.6797799036102739
3650.0 0.6928920079966091
3652.0 0.5956937937135129
3654.0 0.607770329097096
3656.0 0.6487853792586624
3658.0 0.6818525410184118
3660.0 0.7157621774707872
3662.0 0.7335972521983481
3664.0 0.7403233777003345
3666.0 0.7109512889529449
3668.0 0.693578650040509
3670.0 0.735777701125801
3672.0 0.7626804915989006
3674.0 0.7134746398496914
3676.0 0.7299996187177307
3678.0 0.7437271102258378
3680.0 0.6843504623861961
3682.0 0.7359028770085503
3684.0 0.7046935692480114
3686.0 0.6592834999608831
3688.0 0.6634200736649818
3690.0 0.7106305533259218
3692.0 0.6702066022410711
3694.0 0.6631433364369762
3696.0 0.7081455656256339
3698.0 0.7347128707014828
3700.0 0.7110579536585622
3702.0 0.7098206649285106
3704.0 0.6668535328064864
3706.0 0.6741721528045607
3708.0 0.6892573283728496
3710.0 0.675039826667774
3712.0 0.6504803569702767
3714.0 0.65648545082192
3716.0 0.687128165619106
3718.0 0.7193739283639187
3720.0 0.7196673165787948
3722.0 0.6714360654201422
3724.0 0.7241359051476985
3726.0 0.6899529769726903
3728.0 0.6708390621642184
3730.0 0.6881619402635112
3732.0 0.6746820665505772
3734.0 0.677940204853725
3736.0 0.7660490868937433
3738.0 0.7770155210511882
3740.0 0.7376475796433494
3742.0 0.785330776739501
3744.0 0.8656983272497504
3746.0 0.8108938262670389
3748.0 0.7365885570334026
3750.0 0.7040893574398608
3752.0 0.7090788221448705
3754.0 0.7002877030906872
3756.0 0.683895225735569
3758.0 0.6961517638010055
3760.0 0.7176327518292769
3762.0 0.7176779111317813
3764.0 0.7084092933388106
3766.0 0.7553784488192444
3768.0 0.7818730863619244
3770.0 0.7531783087324962
3772.0 0.6966515943825957
3774.0 0.7164723832539404
3776.0 0.6944982543194462
3778.0 0.6839177545456566
3780.0 0.6960429297154088
3782.0 0.7109314998305579
3784.0 0.6854058146117623
3786.0 0.6670918364524209
3788.0 0.7032681261078184
3790.0 0.7326042954553885
3792.0 0.7097966187738062
3794.0 0.660966870446026
3796.0 0.6995199443744665
3798.0 0.7015713478405551
3800.0 0.6688723624825059
3802.0 0.64534202751054
3804.0 0.6716099305436659
3806.0 0.6334355438754382
3808.0 0.6123636256285042
3810.0 0.6077816312398662
3812.0 0.6135812886489367
3814.0 0.6279508548547678
3816.0 0.646304273075858
3818.0 0.6304707854871752
3820.0 0.6430261453842195
3822.0 0.6714823919286047
3824.0 0.6616381047216775
3826.0 0.6703009273076778
3828.0 0.6639089537970981
3830.0 0.6608036146973614
3832.0 0.6565484387268705
3834.0 0.6493578348051526
3836.0 0.7068554261620194
3838.0 0.7146672125130163
3840.0 0.6503334152942145
3842.0 0.5965429064472979
3844.0 0.627049365684782
3846.0 0.6540442377826284
3848.0 0.6571797709766848
3850.0 0.6705335220438063
3852.0 0.6587328400086727
3854.0 0.6256778876324549
3856.0 0.7210375853426646
3858.0 0.583770061778905
3860.0 0.5389026971692861
3862.0 0.6117944865124465
3864.0 0.6953233785150165
3866.0 0.6608383515193178
3868.0 0.6613442114473401
3870.0 0.7054330389457694
3872.0 0.7086823418548376
3874.0 0.6483681968822211
3876.0 0.6195382738532872
3878.0 0.5910112418222264
3880.0 0.6155257582849717
3882.0 0.6485715817036121
3884.0 0.6470748142087765
3886.0 0.6058095668147813
3888.0 0.5758345467821742
3890.0 0.5713638360023024
3892.0 0.5859413228032389
3894.0 0.5907906029941249
3896.0 0.5587690075571639
3898.0 0.5641697255786831
3900.0 0.5427107018322078
3902.0 0.5490857911990829
3904.0 0.590522602361552
3906.0 0.6276709982597914
3908.0 0.6470090959889966
3910.0 0.5656741648454942
3912.0 0.5264426225062377
3914.0 0.5662104327013415
3916.0 0.6222646056911599
3918.0 0.6010896094216323
3920.0 0.5457106541465199
3922.0 0.5566112007241647
3924.0 0.6109088490949648
3926.0 0.6362175997166131
3928.0 0.6281037725496764
3930.0 0.6463634363105044
3932.0 0.6354821946556082
3934.0 0.6180006100515346
3936.0 0.6346761998562174
3938.0 0.6889893245257804
3940.0 0.6805556195337498
3942.0 0.6732487767078491
3944.0 0.6837237281746966
3946.0 0.6912054350585006
3948.0 0.6445549479622095
3950.0 0.6504019121013868
3952.0 0.6894474615817575
3954.0 0.7432719866019402
3956.0 0.7889548128879602
3958.0 0.80473916563237
3960.0 0.7860161905162969
3962.0 0.7642586498419358
3964.0 0.7525498525390337
3966.0 0.7494963397199408
3968.0 0.7453974154327079
3970.0 0.7715177245997161
3972.0 0.7762268093747717
3974.0 0.776388770209702
3976.0 0.7722674822108666
3978.0 0.7410975715112464
3980.0 0.6857154183033466
3982.0 0.6940052669669299
3984.0 0.7061686962924099
3986.0 0.703885774414697
3988.0 0.7146231033172131
3990.0 0.7355486174765993
3992.0 0.7213599190229363
3994.0 0.7068398015525037
3996.0 0.7105057075606761
3998.0 0.7222558990167041
4000.0 0.6954287316562693
4002.0 0.6322315983694365
4004.0 0.6172774598457651
4006.0 0.6580751340814102
4008.0 0.7047593171560099
4010.0 0.6930566532844263
4012.0 0.6750046448424154
4014.0 0.6507214229037513
4016.0 0.6379908895132138
4018.0 0.6501713187124423
4020.0 0.6805386408219589
4022.0 0.6324622751824728
4024.0 0.593439643826055
4026.0 0.5668825393637866
4028.0 0.5424026650750987
4030.0 0.54320759276248
4032.0 0.5577046933469572
4034.0 0.5652030274423262
4036.0 0.5593389982622873
4038.0 0.5456993257403987
4040.0 0.5373173482436553
4042.0 0.5056730682840708
4044.0 0.5068306902746829
4046.0 0.5665979350259597
4048.0 0.6099823922005774
4050.0 0.4930481723045465
4052.0 0.47474555469753665
4054.0 0.47260516186786317
4056.0 0.48585049898977634
4058.0 0.5241928387325766
4060.0 0.5823483919995472
4062.0 0.5451820512385183
4064.0 0.5525947263056358
4066.0 0.5974986682587659
4068.0 0.6395360980338315
4070.0 0.6372798622424306
4072.0 0.5875266051035527
4074.0 0.5674998305677961
4076.0 0.5949329304412974
4078.0 0.6234479570257384
4080.0 0.6066932655337943
4082.0 0.6587249111629699
4084.0 0.695639568293001
4086.0 0.6786580419050754
4088.0 0.6476454638800248
4090.0 0.656325394295661
4092.0 0.654815241962904
4094.0 0.6982142184452489
4096.0 0.721985877502956
4098.0 0.6986432816125072
4100.0 0.6546283719608439
4102.0 0.6900194297053577
4104.0 0.6908033996452387
4106.0 0.6926496569321277
4108.0 0.7053981013972256
4110.0 0.7144444504814096
4112.0 0.6773726857482257
4114.0 0.6982861695591268
4116.0 0.71412275597825
4118.0 0.7113231430602492
4120.0 0.6994605991859189
4122.0 0.6980398353811681
4124.0 0.7124449883159412
4126.0 0.69891846130685
4128.0 0.6654495170523987
4130.0 0.6417703298468049
4132.0 0.6584954057416369
4134.0 0.6793035482570637
4136.0 0.7214204095703995
4138.0 0.7475254005446021
4140.0 0.7282858672712794
4142.0 0.6686613154535309
4144.0 0.6620329356636588
4146.0 0.6739533815074911
4148.0 0.6681098648941461
4150.0 0.64655886808953
4152.0 0.6413246159821356
4154.0 0.6469646900847711
4156.0 0.6662347446662364
4158.0 0.6596467831683505
4160.0 0.6244879259596299
4162.0 0.5938204637071904
4164.0 0.6139144333182716
4166.0 0.6534538786753586
4168.0 0.6632167929237263
4170.0 0.6239110872559811
4172.0 0.5673786532281996
4174.0 0.612881209499222
4176.0 0.6435525008749425
4178.0 0.6305997917946076
4180.0 0.5923611368979789
4182.0 0.5700780641170697
4184.0 0.5974139047693883
4186.0 0.5791423940132201
4188.0 0.5717387902098349
4190.0 0.5876405055490698
4192.0 0.6090647717255164
4194.0 0.5984230867381097
4196.0 0.5831461826141803
4198.0 0.5669939681378581
4200.0 0.5871860372887563
4202.0 0.6309068014362065
4204.0 0.5994784568878289
4206.0 0.5977639385481487
4208.0 0.5868495249886185
4210.0 0.5825217795565247
4212.0 0.5870020521323125
4214.0 0.5709685360506508
4216.0 0.548130961667825
4218.0 0.5515019062413133
4220.0 0.5749692741964824
4222.0 0.5985048139341015
4224.0 0.6011672317968855
4226.0 0.5771007878396286
4228.0 0.5792894351682654
4230.0 0.591968430587186
4232.0 0.6032154153396089
4234.0 0.6113023478698357
4236.0 0.5876012453999676
4238.0 0.5347260145112382
4240.0 0.5402399063010244
4242.0 0.5702414236189774
4244.0 0.5352195311412605
4246.0 0.5486137774972536
4248.0 0.5552979351006173
4250.0 0.5522262938029376
4252.0 0.5314919465270654
4254.0 0.4994951893978633
4256.0 0.5225088799840304
4258.0 0.5370735885390742
4260.0 0.5146187034801619
4262.0 0.48511942563291394
4264.0 0.48347301095090456
4266.0 0.47124511157082466
4268.0 0.48351663661891836
4270.0 0.48163693145795783
4272.0 0.46452800789050974
4274.0 0.4481833028748148
4276.0 0.4457258474724666
4278.0 0.4503568429723114
4280.0 0.434846174100689
4282.0 0.42433974825217213
4284.0 0.4344416118036975
4286.0 0.43323063916053334
4288.0 0.41171336981067747
4290.0 0.4257552414259855
4292.0 0.45350631283289833
4294.0 0.4693130088776369
4296.0 0.47702541765835926
4298.0 0.4915137706898486
4300.0 0.5065778345486814
4302.0 0.5052494742963375
4304.0 0.511104543481642
4306.0 0.5775541703447509
4308.0 0.6013055931645809
4310.0 0.6046100351827027
4312.0 0.6203355155063662
4314.0 0.6419770697355442
4316.0 0.6345898298363857
4318.0 0.6424396353331993
4320.0 0.6608407758050975
4322.0 0.6748835537703808
4324.0 0.6773950733700044
4326.0 0.6736308668946192
4328.0 0.6884863653885814
4330.0 0.6727470291593046
4332.0 0.6567830262542796
4334.0 0.6700692798246519
4336.0 0.7132879973816201
4338.0 0.7145120460750155
4340.0 0.6836066424660541
4342.0 0.6758673624992585
4344.0 0.6852170755429436
4346.0 0.6887884942254695
4348.0 0.7251707652578313
4350.0 0.7306623967617357
4352.0 0.6778392514890039
4354.0 0.653703873108752
4356.0 0.714346611990552
4358.0 0.7416131497670734
4360.0 0.6797623781029764
4362.0 0.6310126465277144
4364.0 0.6261032427579913
4366.0 0.6529048024795177
4368.0 0.6781803624286783
4370.0 0.6690470350882469
4372.0 0.6455912225701702
4374.0 0.6388504761257469
4376.0 0.6563999454551869
4378.0 0.6674299939846269
4380.0 0.6352116468430155
4382.0 0.6216926485878825
4384.0 0.6270936475764434
4386.0 0.6285873945140317
4388.0 0.6038288596101975
4390.0 0.6242799030358264
4392.0 0.5976389584148467
4394.0 0.5799890978217869
4396.0 0.601444165789414
4398.0 0.6340040337152492
4400.0 0.6300449937117022
4402.0 0.5930136889381336
4404.0 0.5618690616450621
4406.0 0.5609812561945748
4408.0 0.5840148619084604
4410.0 0.5720053677702392
4412.0 0.5679307368190667
4414.0 0.5510744160361568
4416.0 0.531135015653036
4418.0 0.5333577786385398
4420.0 0.5537452688624811
4422.0 0.5557406323039175
4424.0 0.5413112660045685
4426.0 0.5291029813871965
4428.0 0.5329136227060491
4430.0 0.5284698574977724
4432.0 0.5296434887131607
4434.0 0.5217948056457506
4436.0 0.510728789762789
4438.0 0.5117364354455124
4440.0 0.5394882224902992
4442.0 0.5449604646358644
4444.0 0.5459160305626918
4446.0 0.5442552222734258
4448.0 0.5367511749639328
4450.0 0.5206007136132321
4452.0 0.5225925867647429
4454.0 0.5195989499413433
4456.0 0.5218048895115486
4458.0 0.5321434176596335
4460.0 0.5290839442934255
4462.0 0.5049321221320144
4464.0 0.5027937622647066
4466.0 0.5126107056807517
4468.0 0.5187216395260675
4470.0 0.5170735056410561
4472.0 0.5008027056022569
4474.0 0.5004214690422142
4476.0 0.5129720016872129
4478.0 0.5272862927484102
4480.0 0.5301097621087384
4482.0 0.4919114698007343
4484.0 0.47952071360988713
4486.0 0.49752743666824617
4488.0 0.5185495170557288
4490.0 0.5088186903444712
4492.0 0.4981206419841458
4494.0 0.4785247669305338
4496.0 0.4772513822701614
4498.0 0.5008706015884452
4500.0 0.5311437684692479
4502.0 0.523922210993803
4504.0 0.5453789313562587
4506.0 0.5400762344362832
4508.0 0.5074573027878814
4510.0 0.4910868531447999
4512.0 0.5589501887059966
4514.0 0.5477431223728393
4516.0 0.4927643122946891
4518.0 0.45954302643748285
4520.0 0.4892666688645938
4522.0 0.5389430223360636
4524.0 0.5452365830494434
4526.0 0.5246036581201694
4528.0 0.5187736037178252
4530.0 0.541219817702569
4532.0 0.5335557080209257
4534.0 0.497940301464918
4536.0 0.49009182362370285
4538.0 0.5047008569975838
4540.0 0.5184203480329717
4542.0 0.5171945255845344
4544.0 0.5249996434485004
4546.0 0.4987926854890187
4548.0 0.4967235405359639
4550.0 0.5315629497126754
4552.0 0.530784311680713
4554.0 0.49945516471407514
4556.0 0.4994788154938446
4558.0 0.5140683205426607
4560.0 0.5208762411766658
4562.0 0.5158961572748756
4564.0 0.5356355887509056
4566.0 0.5307828782787539
4568.0 0.500224794814175
4570.0 0.4771246796139796
4572.0 0.4992276484872142
4574.0 0.5099291279692513
4576.0 0.5141874126420254
4578.0 0.513220331361538
4580.0 0.5129627495889941
4582.0 0.5150524032002546
4584.0 0.4876767007455129
4586.0 0.4953390261300656
4588.0 0.5003272256052065
4590.0 0.5091882768012036
4592.0 0.5353671502310312
4594.0 0.514341890530544
4596.0 0.4835852496067008
4598.0 0.46925274878467055
4600.0 0.4721283225519445
4602.0 0.4802426905375991
4604.0 0.4889633694223292
4606.0 0.49952623068673596
4608.0 0.49134715611293434
4610.0 0.4694371857369697
4612.0 0.45272452983288514
4614.0 0.4620975304314905
4616.0 0.47748381474341434
4618.0 0.4790313523884478
4620.0 0.47441265847594516
4622.0 0.47745502753519614
4624.0 0.49274295861444073
4626.0 0.48599441184339026
4628.0 0.48897229927905583
4630.0 0.5052616893682007
4632.0 0.5191963573587878
4634.0 0.5038979176302595
4636.0 0.4544119267233124
4638.0 0.4460002130152548
4640.0 0.44896014699972625
4642.0 0.44356361788945114
4644.0 0.4471129602144749
4646.0 0.46972371788863176
4648.0 0.46087838146561166
4650.0 0.45604373003035137
4652.0 0.4636875467612829
4654.0 0.4570814506607216
4656.0 0.4265005308800445
4658.0 0.4411950482941675
4660.0 0.47431154498635825
4662.0 0.4822774661958281
4664.0 0.4448922069470079
4666.0 0.4453370641510861
4668.0 0.47851384784896395
4670.0 0.49074827025738094
4672.0 0.4819213924076725
4674.0 0.47766998149477347
4676.0 0.4530658506262793
4678.0 0.45911882204200793
4680.0 0.4648309124752738
4682.0 0.4719589728283697
4684.0 0.487456267397246
4686.0 0.4805542128695296
4688.0 0.49075711896103336
4690.0 0.45710615341406097
4692.0 0.4432452468214771
4694.0 0.48965536223024714
4696.0 0.4770920080818605
4698.0 0.4442853129866411
4700.0 0.43894424915368846
4702.0 0.44401988389711616
4704.0 0.4436153902327254
4706.0 0.4657970705801694
4708.0 0.46271767034866673
4710.0 0.450512361038708
4712.0 0.4531655330449608
4714.0 0.46327170426319525
4716.0 0.43468462415193854
4718.0 0.44554771201746707
4720.0 0.45417328716548055
4722.0 0.4477789439785913
4724.0 0.4342065282185977
4726.0 0.43350586442097344
4728.0 0.42321067068004287
4730.0 0.39043290151795124
4732.0 0.38818563063920775
4734.0 0.4147642847689027
4736.0 0.418429379670413
4738.0 0.44194388237768406
4740.0 0.46532953796681564
4742.0 0.4620710897197239
4744.0 0.4437887623581961
4746.0 0.4432384242528044
4748.0 0.4447391560634618
4750.0 0.42928422009232486
4752.0 0.42394901551153463
4754.0 0.4248843313530785
4756.0 0.40972563254954697
4758.0 0.3718518390435134
4760.0 0.3651475836389102
4762.0 0.36928898172879143
4764.0 0.37427568345141987
4766.0 0.37233716746504003
4768.0 0.336605881065098
4770.0 0.3502884698416797
4772.0 0.3887741218493088
4774.0 0.3935760910363071
4776.0 0.3427297618200511
4778.0 0.32039287428674135
4780.0 0.3411104717554785
4782.0 0.34793047376548547
4784.0 0.34553551383029607
4786.0 0.34421059684852107
4788.0 0.32190192461308753
4790.0 0.3130947235678819
4792.0 0.31139835522196013
4794.0 0.3079436720954459
4796.0 0.306026768401995
4798.0 0.3253185787849688
4800.0 0.3391864005900859
4802.0 0.3510890787697782
4804.0 0.3601350962736848
4806.0 0.3756617349485507
4808.0 0.41192607928546066
4810.0 0.40605634064599794
4812.0 0.43243749803273884
4814.0 0.45484852501095663
4816.0 0.4605494029422251
4818.0 0.4788852384247481
4820.0 0.53192432681917
4822.0 0.5404246058307758
4824.0 0.5501021575503489
4826.0 0.5715533510324423
4828.0 0.5766505784699554
4830.0 0.5617213167265552
4832.0 0.5755827050790192
4834.0 0.5873553936386042
4836.0 0.5885322192018281
4838.0 0.5937130564863569
4840.0 0.625150058449161
4842.0 0.6373951286924241
4844.0 0.658291976005273
4846.0 0.6711473939641627
4848.0 0.6515018363185258
4850.0 0.6269711005348092
4852.0 0.6487113211218662
4854.0 0.6600093966308268
4856.0 0.6515485794214055
4858.0 0.6395665279906698
4860.0 0.6409351597976591
4862.0 0.6196304844837938
4864.0 0.629166584204372
4866.0 0.6358854762257373
4868.0 0.6134364128751513
4870.0 0.6108106062124768
4872.0 0.6344558563288517
4874.0 0.6279312962278693
4876.0 0.6065976422771416
4878.0 0.6007796738328636
4880.0 0.6226222008402844
4882.0 0.6520664352953378
4884.0 0.6162683929219077
4886.0 0.5739310327252253
4888.0 0.5696644140754268
4890.0 0.584053922122743
4892.0 0.6114227500425583
4894.0 0.6007768722809607
4896.0 0.5908952417165566
4898.0 0.5957664556658313
4900.0 0.5866223560828633
4902.0 0.5521046449944648
4904.0 0.5359143454666342
4906.0 0.5497866204957961
4908.0 0.5694897581006075
4910.0 0.5541266172193264
4912.0 0.506377092820393
4914.0 0.4826146960516818
4916.0 0.4949387761557201
4918.0 0.526364469591719
4920.0 0.5421874465358756
4922.0 0.5054956114147361
4924.0 0.505905497527609
4926.0 0.4965968384407726
4928.0 0.48005233422388277
4930.0 0.48362500013269466
4932.0 0.507912215751464
4934.0 0.5074749425207706
4936.0 0.48867040190261785
4938.0 0.4648979495316221
4940.0 0.4504684988055641
4942.0 0.4514033020842375
4944.0 0.4825326583140891
4946.0 0.4975649331905985
4948.0 0.4848826586654865
4950.0 0.46055094942803826
4952.0 0.4599003075295936
4954.0 0.45121575943507497
4956.0 0.4496547000133236
4958.0 0.45306994679460905
4960.0 0.4594856608687111
4962.0 0.4743099054657208
4964.0 0.4488151919626612
4966.0 0.4257547182955307
4968.0 0.4407356965044095
4970.0 0.4737357434508461
4972.0 0.45008322249526866
4974.0 0.4469240791712484
4976.0 0.4694989817613459
4978.0 0.4645314882520081
4980.0 0.43576098804034474
4982.0 0.45030651280879536
4984.0 0.48714937948083037
4986.0 0.47025512779617457
4988.0 0.44803901651044975
4990.0 0.4491334081744327
4992.0 0.46091888887752136
4994.0 0.4560247254691791
4996.0 0.4323563941083093
4998.0 0.44159613039748163
5000.0 0.47047023335333665
5002.0 0.47049701209467215
5004.0 0.4745920049829063
5006.0 0.45595656988494154
5008.0 0.43648515044683733
5010.0 0.42749632604844456
5012.0 0.43131435084348047
5014.0 0.4541860897671627
5016.0 0.47019992021843104
5018.0 0.47250018438108904
5020.0 0.46955723490586504
5022.0 0.4708900995237398
5024.0 0.46737159533739286
5026.0 0.4624475032662716
5028.0 0.463962190433798
5030.0 0.46915065714701887
5032.0 0.46550061731169246
5034.0 0.4312266358255703
5036.0 0.4287767082948423
5038.0 0.4471202765605437
5040.0 0.4576805220807625
5042.0 0.44583525919310807
5044.0 0.4315405999050805
5046.0 0.43150208573010557
5048.0 0.42391708259197186
5050.0 0.41327919262025425
5052.0 0.4097395601977782
5054.0 0.4184052727566344
5056.0 0.41353450363421335
5058.0 0.4120646902614544
5060.0 0.4255668369740436
5062.0 0.4452751718185159
5064.0 0.4467305204349433
5066.0 0.4531542482940645
5068.0 0.4255673033306826
5070.0 0.4149269969949302
5072.0 0.41927769021788314
5074.0 0.3919759606957367
5076.0 0.40133574258599275
5078.0 0.394330305703001
5080.0 0.39016766617757215
5082.0 0.38511352694240636
5084.0 0.36406476483107936
5086.0 0.3636881170042037
5088.0 0.39035294204557663
5090.0 0.3893998988449272
5092.0 0.3708299779902114
5094.0 0.37630133244871605
5096.0 0.3988988723587739
5098.0 0.39221365741454073
5100.0 0.36983071136655116
5102.0 0.3681545806280308
5104.0 0.39619585421984044
5106.0 0.36186876490660996
5108.0 0.37518252648499706
5110.0 0.39750629288014333
5112.0 0.39771263540323826
5114.0 0.3741820829778326
5116.0 0.3774964758014536
5118.0 0.3904587712933095
5120.0 0.3838108291123062
5122.0 0.3725767475409856
5124.0 0.3764248236957948
5126.0 0.3921077930548279
5128.0 0.39050957764969085
5130.0 0.40584003332995666
5132.0 0.42227371896551086
5134.0 0.41993222878832265
5136.0 0.39764403615798044
5138.0 0.3961926177477953
5140.0 0.42863162530119236
5142.0 0.45068152371920617
5144.0 0.43275433067457003
5146.0 0.3882795890716117
5148.0 0.3947417165374315
5150.0 0.4168195720823334
5152.0 0.421149350408673
5154.0 0.4055854854007888
5156.0 0.3972127226967054
5158.0 0.40480999103853177
5160.0 0.4122698989140401
5162.0 0.41201500297140586
5164.0 0.4116103675643731
5166.0 0.4233412015533723
5168.0 0.4272593495150143
5170.0 0.44740785130974475
5172.0 0.46084400373925755
5174.0 0.4548662680081283
5176.0 0.4347708900136934
5178.0 0.4318098966230661
5180.0 0.41158958418748515
5182.0 0.3916433301008834
5184.0 0.39149866773921377
5186.0 0.41107232100195634
5188.0 0.4004055317058063
5190.0 0.38483178173582916
5192.0 0.3963293991948666
5194.0 0.4044246112418669
5196.0 0.3868192688751005
5198.0 0.40596310092124016
5200.0 0.3997671816697941
5202.0 0.3650261985816916
5204.0 0.36012227821089304
5206.0 0.40242668595122694
5208.0 0.3993108422019526
5210.0 0.3835867356182757
5212.0 0.3775838125774483
5214.0 0.3765274181024913
5216.0 0.37287098677115726
5218.0 0.3694808652344951
5220.0 0.3789055516658481
5222.0 0.38255704827382675
5224.0 0.36627099406620117
5226.0 0.34684134936620037
5228.0 0.3649900869727239
5230.0 0.35251742369057343
5232.0 0.37539781466227345
5234.0 0.3872645861225
5236.0 0.3935583877590598
5238.0 0.40348304856640127
5240.0 0.38416541550382766
5242.0 0.38256065246385323
5244.0 0.3883972957959751
5246.0 0.3816530360878069
5248.0 0.3659738077838981
5250.0 0.37640923618065614
5252.0 0.3881550031109981
5254.0 0.3847976918350143
5256.0 0.3729153780381871
5258.0 0.3678607699565434
5260.0 0.36927753503788735
5262.0 0.3613060673727693
5264.0 0.3621632541401132
5266.0 0.36395409051275074
5268.0 0.35919685824064146
5270.0 0.37011817011736947
5272.0 0.39116265806757833
5274.0 0.4036073882521432
5276.0 0.396684642143884
5278.0 0.3913762541872367
5280.0 0.39598933086005594
5282.0 0.37757875592048734
5284.0 0.36577382601391567
5286.0 0.36859306749823456
5288.0 0.37668369226238474
5290.0 0.37608583331351475
5292.0 0.4087154097916985
5294.0 0.4085912420343106
5296.0 0.3736262215837032
5298.0 0.350034510181803
5300.0 0.3504364389369398
5302.0 0.3733979203399867
5304.0 0.390228847297598
5306.0 0.3998162967659293
5308.0 0.40001327809393766
5310.0 0.3950610990032807
5312.0 0.3892664350222532
5314.0 0.3795479963393674
5316.0 0.36505794288126514
5318.0 0.35352905493511017
5320.0 0.35438368430425693
5322.0 0.3661020828743444
5324.0 0.3787967608669037
5326.0 0.3858373036129734
5328.0 0.3819421343042506
5330.0 0.3574597101150203
5332.0 0.35436384594882536
5334.0 0.3521274438610488
5336.0 0.3526937453062257
5338.0 0.36534917134492034
5340.0 0.37931600572842694
5342.0 0.4079051593200585
5344.0 0.41304764919300907
5346.0 0.3866644989051262
5348.0 0.3611286254482058
5350.0 0.37131713112747006
5352.0 0.3730202671142928
5354.0 0.38018968419247334
5356.0 0.39073318197949825
5358.0 0.39278600829152965
5360.0 0.3795807266988655
5362.0 0.34653832622061875
5364.0 0.3518669312552727
5366.0 0.35918095492784063
5368.0 0.36183849726204254
5370.0 0.357551165189958
5372.0 0.357917339314753
5374.0 0.35488270227483937
5376.0 0.35260287180711164
5378.0 0.35510244284460496
5380.0 0.344449620940319
5382.0 0.345120876586477
5384.0 0.3493882822936368
5386.0 0.35513843878385465
5388.0 0.36552586924667707
5390.0 0.3736077674581006
5392.0 0.377116527891739
5394.0 0.37758093443791035
5396.0 0.3747666406580386
5398.0 0.36674828287871486
5400.0 0.36110850780375203
5402.0 0.3536472775724247
5404.0 0.34984730579212103
5406.0 0.3518781799988347
5408.0 0.35592461514288787
5410.0 0.3570171674740612
5412.0 0.3580732634735671
5414.0 0.3541187766011701
5416.0 0.3416758486376915
5418.0 0.3360963613649138
5420.0 0.33781666056184395
5422.0 0.3422789584074319
5424.0 0.3475042672199939
5426.0 0.3551052088424452
5428.0 0.3550937524257541
5430.0 0.34703707478817536
5432.0 0.34308405904845884
5434.0 0.341771456483267
5436.0 0.340471122512884
5438.0 0.3384793489231353
5440.0 0.33608475619070566
5442.0 0.33140663996158604
5444.0 0.32125327044099816
5446.0 0.3186926109408594
5448.0 0.32183202444183745
5450.0 0.32547977209992485
5452.0 0.3282596857313894
5454.0 0.33170643776863235
5456.0 0.33776718001443296
5458.0 0.34880694522819305
5460.0 0.35061004318959865
5462.0 0.3447065875780541
5464.0 0.33954991013434177
5466.0 0.33214546548472085
5468.0 0.3278417028417739
5470.0 0.33624448534629053
5472.0 0.3563704361584917
5474.0 0.36165505022578576
5476.0 0.3593058537942366
5478.0 0.35389075512887913
5480.0 0.339657733083681
5482.0 0.3286382934015056
5484.0 0.3317560760943656
5486.0 0.34332777138578274
5488.0 0.34054143992343805
5490.0 0.32196059770711744
5492.0 0.3185102520591932
5494.0 0.32789304470422864
5496.0 0.3354274817860526
5498.0 0.3350428001802691
5500.0 0.3321951336103344
5502.0 0.33534124190515874
5504.0 0.3428508451896666
5506.0 0.34877658743214796
5508.0 0.35825710615690737
5510.0 0.3617070339447326
5512.0 0.35489951488182736
5514.0 0.34567662889306067
5516.0 0.34463560735266735
5518.0 0.34731184511538515
5520.0 0.3541993762771393
5522.0 0.37356309802971205
5524.0 0.37967620086866466
5526.0 0.3689461352140524
5528.0 0.356135926510998
5530.0 0.35202380211877765
5532.0 0.35138296941000463
5534.0 0.35596641839959864
5536.0 0.3760740956589933
5538.0 0.3765528143295838
5540.0 0.35523359486170386
5542.0 0.33676144288387744
5544.0 0.3332899149634052
5546.0 0.3367483070592376
5548.0 0.336478721616212
5550.0 0.33666935042054047
5552.0 0.33616151880373396
5554.0 0.3351705638415744
5556.0 0.33404794699804885
5558.0 0.33265093958650704
5560.0 0.3312628644506867
5562.0 0.3303723081645854
5564.0 0.32813033787663337
5566.0 0.3323362570926272
5568.0 0.34591589130560013
5570.0 0.3529901328572462
5572.0 0.35693969412979126
5574.0 0.3526587712099092
5576.0 0.32657567296027407
5578.0 0.2765674897227826
5580.0 0.27532220687244013
5582.0 0.322755135746074
5584.0 0.34408995594234554
5586.0 0.3477161541063949
5588.0 0.3442337974241333
5590.0 0.33461492383925917
5592.0 0.3186047343154935
5594.0 0.318034951551254
5596.0 0.3337262637425089
5598.0 0.3376504315198566
5600.0 0.3346160689229406
5602.0 0.3312551127607729
5604.0 0.329614397515379
5606.0 0.3279881064776023
5608.0 0.3248275748617289
5610.0 0.3177772218049851
5612.0 0.31851180712826904
5614.0 0.32806220407566666
5616.0 0.3332582981681227
5618.0 0.3320008137627634
5620.0 0.328395878270177
5622.0 0.3260741166266114
5624.0 0.3234313378409642
5626.0 0.32102123623854456
5628.0 0.3169241767750905
5630.0 0.3164922319203264
5632.0 0.32090879241926396
5634.0 0.3259519628210316
5636.0 0.3290962623333769
5638.0 0.3318205094412303
5640.0 0.3287039741576236
5642.0 0.31662618987966257
5644.0 0.3116596735501971
5646.0 0.31065291003817885
5648.0 0.3125621685558191
5650.0 0.31900548044882276
5652.0 0.328083391065164
5654.0 0.32944492803040976
5656.0 0.3240070457476955
5658.0 0.3216580278874759
5660.0 0.31912518703926185
5662.0 0.3173747404726912
5664.0 0.31730700973258164
5666.0 0.3174715143694795
5668.0 0.3149393599809001
5670.0 0.3097437616721171
5672.0 0.3074082409902678
5674.0 0.30453192628497217
5676.0 0.3061283413264075
5678.0 0.3175517895244576
5680.0 0.3265870973185767
5682.0 0.3175436008880191
5684.0 0.2938956911163708
5686.0 0.2904251860259623
5688.0 0.3017220660819792
5690.0 0.3086530720073697
5692.0 0.3167833127550096
5694.0 0.3208767456495867
5696.0 0.314098974459417
5698.0 0.30067544844281135
5700.0 0.30338886429786793
5702.0 0.3247139587395375
5704.0 0.32972445801091393
5706.0 0.32227368633171033
5708.0 0.31708450744515737
5710.0 0.32036462385463593
5712.0 0.3256031905939802
5714.0 0.32164228233823544
5716.0 0.30988143413785346
5718.0 0.3019378923296532
5720.0 0.2917511109673363
5722.0 0.28664585812485877
5724.0 0.2866192879830529
5726.0 0.29148696425464066
5728.0 0.3041754809359373
5730.0 0.3279609569351299
5732.0 0.33313689676535646
5734.0 0.3232012908971963
5736.0 0.31676417912842847
5738.0 0.31323344825387417
5740.0 0.30827588292192293
5742.0 0.2975469802558263
5744.0 0.2825237125071857
5746.0 0.2807960173355613
5748.0 0.2914185770622452
5750.0 0.2979565180739136
5752.0 0.3064914072659159
5754.0 0.31102092052912533
5756.0 0.3066479135726576
5758.0 0.29775717402093255
5760.0 0.29741004064123655
5762.0 0.30710076964265814
5764.0 0.3045289502016833
5766.0 0.2864685261506057
5768.0 0.28060804091726016
5770.0 0.2985492927217225
5772.0 0.32221342018888705
5774.0 0.3238139052700803
5776.0 0.3117437847702226
5778.0 0.2999205529873128
5780.0 0.27679791029256845
5782.0 0.26396757613617217
5784.0 0.26294147431661047
5786.0 0.26665160357620965
5788.0 0.269063553003499
5790.0 0.27204010114863414
5792.0 0.2850467972629239
5794.0 0.31726250172283393
5796.0 0.32954531166300927
5798.0 0.3238288454169346
5800.0 0.3134327283914646
5802.0 0.30406085089688695
5804.0 0.29268790276874485
5806.0 0.2827847559616909
5808.0 0.27038824127203165
5810.0 0.2646582531803442
5812.0 0.2637671410846465
5814.0 0.2658777323034308
5816.0 0.2713019219761648
5818.0 0.2792608405866739
5820.0 0.2866502997591504
5822.0 0.2948568485499563
5824.0 0.3030496255620861
5826.0 0.3162533797232109
5828.0 0.3205553138413611
5830.0 0.30992144088276236
5832.0 0.2971022025220344
5834.0 0.2983516511720014
5836.0 0.30888880943966496
5838.0 0.3136954990911116
5840.0 0.31844287037940006
5842.0 0.3205599128092169
5844.0 0.31631498158665966
5846.0 0.3152991925644948
5848.0 0.32860020582533395
5850.0 0.351614062981531
5852.0 0.34936955581061546
5854.0 0.32084207431902056
5856.0 0.3085633749658213
5858.0 0.30199876335508447
5860.0 0.302424935880618
5862.0 0.3143351995394679
5864.0 0.3326822348497904
5866.0 0.33842114999976813
5868.0 0.33588132017317424
5870.0 0.3348347900739908
5872.0 0.3328340835239106
5874.0 0.3285510273202584
5876.0 0.31703391484162236
5878.0 0.3071327198976266
5880.0 0.31785538918761125
5882.0 0.3532457808942838
5884.0 0.3511576367747727
5886.0 0.31317207133854896
5888.0 0.2934729148268472
5890.0 0.2888505863047673
5892.0 0.29554768111277235
5894.0 0.32003043120497693
5896.0 0.36410182359969845
5898.0 0.37001463009176006
5900.0 0.3441105934803322
5902.0 0.3275112188491194
5904.0 0.3088151587213209
5906.0 0.2964362549459347
5908.0 0.29844152635573795
5910.0 0.30941859860884396
5912.0 0.31098295543679094
5914.0 0.3097325815512905
5916.0 0.30546623613556795
5918.0 0.2904983849959603
5920.0 0.2859629630960589
5922.0 0.301520333154681
5924.0 0.3253551827851467
5926.0 0.33737897541246936
5928.0 0.3493778452104143
5930.0 0.3438562613721227
5932.0 0.31328399688068087
5934.0 0.29549304015351013
5936.0 0.29473948871171524
5938.0 0.29966262003247207
5940.0 0.3009499477975033
5942.0 0.30226004895636516
5944.0 0.3062392228914985
5946.0 0.3179857068131997
5948.0 0.3189519782940131
5950.0 0.3070149155199308
5952.0 0.2937939786478829
5954.0 0.28639480496383696
5956.0 0.2811976840437565
5958.0 0.2793705383746297
5960.0 0.2845806833223289
5962.0 0.2834578983039279
5964.0 0.27358846710722434
5966.0 0.2698591720754698
5968.0 0.2811143820473906
5970.0 0.2989788651397328
5972.0 0.3037777835575557
5974.0 0.30160861880246664
5976.0 0.29695825864723085
5978.0 0.284358399163209
5980.0 0.27553571737348403
5982.0 0.27225916539691875
5984.0 0.27181750585418024
5986.0 0.2728328602584992
5988.0 0.27733103007608106
5990.0 0.2772058509059718
5992.0 0.271092457835668
5994.0 0.2708903004314815
5996.0 0.27983080668437554
5998.0 0.2880580725271904
6000.0 0.2862692636674243
6002.0 0.27798774023521383
6004.0 0.2744014751349834
6006.0 0.27152248713226546
6008.0 0.27013814063925196
6010.0 0.27157838519306926
6012.0 0.2720930162777427
6014.0 0.26840004605817613
6016.0 0.2629380649926817
6018.0 0.26493514383674666
6020.0 0.2754364649552986
6022.0 0.2797706811470986
6024.0 0.28026315203010266
6026.0 0.28207551271946335
6028.0 0.2884192246511578
6030.0 0.29483419859123494
6032.0 0.291832005305563
6034.0 0.2772211037234936
6036.0 0.27741247680894615
6038.0 0.29461969210891303
6040.0 0.29831037557023143
6042.0 0.2801277518086026
6044.0 0.26023472892743865
6046.0 0.26149944816238857
6048.0 0.2774845823040787
6050.0 0.27993852486767495
6052.0 0.2737671359164687
6054.0 0.27239817612707995
6056.0 0.2751617299230161
6058.0 0.2785607197664263
6060.0 0.2812923197399301
6062.0 0.28404326937701885
6064.0 0.28319678135104615
6066.0 0.28116292210693006
6068.0 0.2741297790114349
6070.0 0.2582338860272606
6072.0 0.24622702268685265
6074.0 0.24222557795902194
6076.0 0.2432774292257249
6078.0 0.2489594768245462
6080.0 0.26275868952704695
6082.0 0.27193126956368124
6084.0 0.28299283511023426
6086.0 0.2882826219221291
6088.0 0.2859204423830651
6090.0 0.2792419874733117
6092.0 0.27127513510576146
6094.0 0.2583608241485295
6096.0 0.25449529178523017
6098.0 0.2561662255673728
6100.0 0.2605393266779084
6102.0 0.27202745888793056
6104.0 0.28139125981388546
6106.0 0.27816609346348603
6108.0 0.26600186490608574
6110.0 0.26570401389606446
6112.0 0.27456407906737695
6114.0 0.27876383860719967
6116.0 0.28289707429822186
6118.0 0.28270283124603807
6120.0 0.2726076204826715
6122.0 0.25734854772141696
6124.0 0.25720957727988353
6126.0 0.27323723416684415
6128.0 0.2771277818205541
6130.0 0.2751814437251456
6132.0 0.2729043249607606
6134.0 0.271007130161274
6136.0 0.2690178641441763
6138.0 0.26825252710429487
6140.0 0.26960490690571504
6142.0 0.2665213494169596
6144.0 0.2573090172148126
6146.0 0.25300258395304254
6148.0 0.25532724589413197
6150.0 0.25935681741596284
6152.0 0.2610086082695224
6154.0 0.2625637510795097
6156.0 0.25985873016693034
6158.0 0.25046042735679613
6160.0 0.2463039975105461
6162.0 0.24636949856800267
6164.0 0.24829794647785852
6166.0 0.2520219015054333
6168.0 0.2575227272626068
6170.0 0.257546610159654
6172.0 0.2511498274298578
6174.0 0.24983067731079753
6176.0 0.2524242354206447
6178.0 0.25415033557283595
6180.0 0.25265345159938885
6182.0 0.25032850749136254
6184.0 0.251903834001745
6186.0 0.25581381012717175
6188.0 0.26121491442444406
6190.0 0.2731099777663742
6192.0 0.27783916419982135
6194.0 0.2705491334220672
6196.0 0.2604864242828704
6198.0 0.25984703600302217
6200.0 0.26506908281790365
6202.0 0.2669424355055698
6204.0 0.26815143384272405
6206.0 0.26946544706209574
6208.0 0.2711206605179526
6210.0 0.2723694676925955
6212.0 0.2725824636113793
6214.0 0.2720349356944546
6216.0 0.27123287534296947
6218.0 0.2699899885209259
6220.0 0.2683539866514529
6222.0 0.26673327613627884
6224.0 0.2640566205833943
6226.0 0.2593233453153553
6228.0 0.2534012178497777
6230.0 0.24938999752333285
6232.0 0.24270409975636223
6234.0 0.24526924268614658
6236.0 0.25909968539017886
6238.0 0.26877197766470007
6240.0 0.2731377038524947
6242.0 0.27242375761135057
6244.0 0.2599761431487
6246.0 0.22943742962283672
6248.0 0.22412169831951445
6250.0 0.2377750610489967
6252.0 0.24888550441769372
6254.0 0.26040433238973454
6256.0 0.2691034667230794
6258.0 0.2681680133811572
6260.0 0.2595874573930429
6262.0 0.25327405645428724
6264.0 0.24318914899821206
6266.0 0.23811065695495937
6268.0 0.23867439888071804
6270.0 0.23956926476330687
6272.0 0.2373538640641364
6274.0 0.23395259754394832
6276.0 0.23354036534717051
6278.0 0.23482268503111153
6280.0 0.23723563337759498
6282.0 0.24294955351270694
6284.0 0.24653594821537508
6286.0 0.24596539174857573
6288.0 0.24316298617510038
6290.0 0.24052847384264198
6292.0 0.23562672805536486
6294.0 0.23462289017599794
6296.0 0.2387907866710349
6298.0 0.23902326433355708
6300.0 0.23130033203877556
6302.0 0.2236331295109272
6304.0 0.2274936736118798
6306.0 0.2413687468195438
6308.0 0.24396520916900438
6310.0 0.24076283862574996
6312.0 0.23588778875703123
6314.0 0.22620755696123163
6316.0 0.21772072527297012
6318.0 0.2155826878565095
6320.0 0.2173469936702974
6322.0 0.22140980100268698
6324.0 0.23335612309471876
6326.0 0.23679966136668412
6328.0 0.23186890976280275
6330.0 0.22778065065633984
6332.0 0.22799075348439976
6334.0 0.2303476359526396
6336.0 0.23499698939267377
6338.0 0.24542873902237336
6340.0 0.2491552576373339
6342.0 0.24785792614743443
6344.0 0.24721023353993182
6346.0 0.2484657533189246
6348.0 0.24996866441967544
6350.0 0.2500612237223935
6352.0 0.24876087370108235
6354.0 0.24929975467991447
6356.0 0.2516571376391991
6358.0 0.25287119276289866
6360.0 0.25230241437497014
6362.0 0.25182551669223874
6364.0 0.2538508111385931
6366.0 0.2581036219658904
6368.0 0.25614224904205946
6370.0 0.24737861984831896
6372.0 0.2425303483869337
6374.0 0.23962675877123113
6376.0 0.23866224088875315
6378.0 0.2408419842011734
6380.0 0.2453145580034731
6382.0 0.2458036709980006
6384.0 0.24373101748773443
6386.0 0.2417427526767711
6388.0 0.23876111464318286
6390.0 0.23575917621468787
6392.0 0.23331465138695037
6394.0 0.23073317090338885
6396.0 0.22617592066416298
6398.0 0.21620420373020033
6400.0 0.2180481557709529
6402.0 0.23133727629514428
6404.0 0.24185518935456832
6406.0 0.2511934719631071
6408.0 0.25675058832622394
6410.0 0.25112380291680136
6412.0 0.23454962780221328
6414.0 0.22688394849822796
6416.0 0.22002726869104772
6418.0 0.21926824983027882
6420.0 0.22903892047406846
6422.0 0.2373011768796325
6424.0 0.23365903776582453
6426.0 0.22283195709924314
6428.0 0.21887548512467767
6430.0 0.2182925856538655
6432.0 0.21681518295756047
6434.0 0.21758011468357735
6436.0 0.21502709315603022
6438.0 0.20430548861344258
6440.0 0.19008679544524368
6442.0 0.18699342669754593
6444.0 0.19516229806611698
6446.0 0.19472714526689958
6448.0 0.18877306539030053
6450.0 0.18529940079861235
6452.0 0.18618604474143322
6454.0 0.18866903337965338
6456.0 0.18949402231432383
6458.0 0.1886406932264764
6460.0 0.1930452983683827
6462.0 0.20619946750887894
6464.0 0.21103022665496696
6466.0 0.20356122160346296
6468.0 0.1957347185026175
6470.0 0.19897909612868225
6472.0 0.20906297843777205
6474.0 0.2144405739889658
6476.0 0.21793196311200286
6478.0 0.22277409477983606
6480.0 0.22744338681337872
6482.0 0.23417804110109408
6484.0 0.2457021642087267
6486.0 0.2600833941795129
6488.0 0.2676786294812243
6490.0 0.2657052526461421
6492.0 0.27497919696147494
6494.0 0.2938339374889532
6496.0 0.311072738114744
6498.0 0.32413378223781125
6500.0 0.33516876606408474
6502.0 0.3441401798023851
6504.0 0.349212896465107
6506.0 0.35832331157230535
6508.0 0.3710722806085807
6510.0 0.3815164666391241
6512.0 0.39026924216351494
6514.0 0.39646014308675903
6516.0 0.3969744188801515
6518.0 0.3911026179664698
6520.0 0.393716935160307
6522.0 0.40323490430960546
6524.0 0.4096257868476551
6526.0 0.4123480236240661
6528.0 0.41614734477357174
6530.0 0.4250007635938872
6532.0 0.4370776120879145
6534.0 0.4436353802018436
6536.0 0.44728879918457426
6538.0 0.44931666196364417
6540.0 0.4467831179557195
6542.0 0.44657501076195005
6544.0 0.4527608890125974
6546.0 0.4616279114676556
6548.0 0.46462633388404023
6550.0 0.4633515861034832
6552.0 0.46359740525122195
6554.0 0.46361063020006227
6556.0 0.4634472756822835
6558.0 0.46301153251632177
6560.0 0.46248215649339713
6562.0 0.4621767652152845
6564.0 0.4618950880089306
6566.0 0.4620300683102991
6568.0 0.46089905123519487
6570.0 0.4632182720004381
6572.0 0.47319523758798077
6574.0 0.48049555882232525
6576.0 0.4730931048155229
6578.0 0.4544745771201899
6580.0 0.45194274244129184
6582.0 0.45758859703805244
6584.0 0.4675530070158881
6586.0 0.48827550465018404
6588.0 0.5055496600034011
6590.0 0.5127824034947951
6592.0 0.5135839579995904
6594.0 0.5049517132508474
6596.0 0.4848669431448689
6598.0 0.46374952188310153
6600.0 0.4292057580819459
6602.0 0.40709213919128384
6604.0 0.4068492503459123
6606.0 0.4172765145037872
6608.0 0.4227081504684281
6610.0 0.43388077154236077
6612.0 0.4301581438233183
6614.0 0.412939091969856
6616.0 0.3967925562936038
6618.0 0.3795628899872482
6620.0 0.3644296204091822
6622.0 0.35852555316691403
6624.0 0.3606139985750134
6626.0 0.3562344134696838
6628.0 0.34685434452751346
6630.0 0.3425669350726139
6632.0 0.344608343455078
6634.0 0.34629476250959024
6636.0 0.3436777505633647
6638.0 0.3387889004101089
6640.0 0.3306467621970377
6642.0 0.31349834276012595
6644.0 0.3074057635153608
6646.0 0.3122668571731941
6648.0 0.315236569713534
6650.0 0.31126454130243975
6652.0 0.3044794904764883
6654.0 0.2998426881112919
6656.0 0.29416028744551853
6658.0 0.29252419080230185
6660.0 0.29584762890486027
6662.0 0.29715877340902547
6664.0 0.29584089392782226
6666.0 0.29280672046352024
6668.0 0.2872202905334371
6670.0 0.2770163119844786
6672.0 0.2759195974812016
6674.0 0.2830792227048092
6676.0 0.28785818706032656
6678.0 0.2922295885201689
6680.0 0.29430555737646036
6682.0 0.2904062531555322
6684.0 0.2814756229634988
6686.0 0.2793691108098117
6688.0 0.2847929745418158
6690.0 0.2826768326067651
6692.0 0.27280657075738185
6694.0 0.2636416777585776
6696.0 0.2588946041768734
6698.0 0.2563681966439271
6700.0 0.25571635848153684
6702.0 0.2599818837717988
6704.0 0.25929023752759506
6706.0 0.2537321276441381
6708.0 0.2509721909578648
6710.0 0.2540194387724576
6712.0 0.25895555695841344
6714.0 0.25973533344435434
6716.0 0.2589300273253668
6718.0 0.25559696465600534
6720.0 0.24737724899583963
6722.0 0.24211200855848922
6724.0 0.2401703177052603
6726.0 0.23992519950057986
6728.0 0.24067968107623433
6730.0 0.24310897640675913
6732.0 0.24409950375253386
6734.0 0.24289454558146348
6736.0 0.24506267811703833
6738.0 0.2517081913579499
6740.0 0.2579764951242463
6742.0 0.26092753443411587
6744.0 0.2620954971124352
6746.0 0.261934583142981
6748.0 0.26038052296097064
6750.0 0.25712649416580124
6752.0 0.2501023738287284
6754.0 0.24502336782541745
6756.0 0.244411247681914
6758.0 0.24592613480857609
6760.0 0.24586668265941147
6762.0 0.24748981343139964
6764.0 0.2435266176735862
6766.0 0.23359135531080347
6768.0 0.22508914829392138
6770.0 0.21733103506418275
6772.0 0.21172243948927363
6774.0 0.21294405634743965
6776.0 0.22148443642698756
6778.0 0.22280221970710895
6780.0 0.219218482185996
6782.0 0.21778472031885832
6784.0 0.21790002001490713
6786.0 0.21907295545105882
6788.0 0.22211754524776728
6790.0 0.22704969844284745
6792.0 0.2266745445594863
6794.0 0.2208006122850861
6796.0 0.21789248041001497
6798.0 0.2168967177231817
6800.0 0.21584847392306358
6802.0 0.2136549965155759
6804.0 0.2111399583154001
6806.0 0.21042013741502247
6808.0 0.21094528260984785
6810.0 0.211977570018828
6812.0 0.21468030055121137
6814.0 0.21642540842156133
6816.0 0.21671014997453047
6818.0 0.2160707190571807
6820.0 0.21466051046653595
6822.0 0.2120743660706671
6824.0 0.20994399234822683
6826.0 0.2067439282394922
6828.0 0.205503575020748
6830.0 0.20656254024378937
6832.0 0.2088015720241901
6834.0 0.21201583750712588
6836.0 0.21725989880230515
6838.0 0.215757915103978
6840.0 0.206032602382793
6842.0 0.20181645452133584
6844.0 0.2013374824469217
6846.0 0.20314326810791705
6848.0 0.20792906418830587
6850.0 0.2152080979522053
6852.0 0.2168954179474971
6854.0 0.2140137625337775
6856.0 0.21255948409981043
6858.0 0.2111149435316791
6860.0 0.20927943688748896
6862.0 0.20749440313625897
6864.0 0.20506775759023946
6866.0 0.19922918531807604
6868.0 0.18625957873828883
6870.0 0.18520929641740594
6872.0 0.19459896698338644
6874.0 0.20202032625954763
6876.0 0.20741571830662128
6878.0 0.21100383704959866
6880.0 0.21015217946873788
6882.0 0.20459340405935675
6884.0 0.20296446347631392
6886.0 0.20316804500217112
6888.0 0.20316921158880127
6890.0 0.20350985550965608
6892.0 0.20352815196236637
6894.0 0.20229250952786237
6896.0 0.20013927510008128
6898.0 0.19957733131109842
6900.0 0.199695338997887
6902.0 0.2006881015549538
6904.0 0.20468080382462264
6906.0 0.2061005382542329
6908.0 0.20087820599512954
6910.0 0.19243487472902332
6912.0 0.19083061790253567
6914.0 0.19472560837235972
6916.0 0.19601163982734515
6918.0 0.1970770862321954
6920.0 0.19796157281247426
6922.0 0.19843498787300246
6924.0 0.19890088469059716
6926.0 0.20038675112985535
6928.0 0.20336662085460158
6930.0 0.20348022592942067
6932.0 0.20087444851727343
6934.0 0.19917847698519447
6936.0 0.198131114507569
6938.0 0.19772802082283578
6940.0 0.19868715266345988
6942.0 0.20108542720575706
6944.0 0.20094765061836656
6946.0 0.19664770133267756
6948.0 0.19748585877720928
6950.0 0.20502157202954738
6952.0 0.21130614701711697
6954.0 0.21178967223006367
6956.0 0.20899742346801403
6958.0 0.20504678356559689
6960.0 0.19564070765612848
6962.0 0.19262671831924444
6964.0 0.19453021680020763
6966.0 0.19675449547564963
6968.0 0.19837110288832235
6970.0 0.19994483198924226
6972.0 0.20042753190339738
6974.0 0.19924604311108002
6976.0 0.20040358384719825
6978.0 0.20362937053458552
6980.0 0.2061705385654236
6982.0 0.2095617155607626
6984.0 0.21085569306978288
6986.0 0.2040388142741818
6988.0 0.1886081822898222
6990.0 0.18488254000949397
6992.0 0.18967775217880548
6994.0 0.19267857804500552
6996.0 0.1952472863163923
6998.0 0.19744164901041464
7000.0 0.19850799006877248
7002.0 0.19874361036260785
7004.0 0.20028343365085532
7006.0 0.20459507306500935
7008.0 0.20452477496364196
7010.0 0.19910769020784422
7012.0 0.19511577716024092
7014.0 0.19593187107953336
7016.0 0.19892406697241194
7018.0 0.19939050537977854
7020.0 0.19785938655142316
7022.0 0.19859729500396706
7024.0 0.2006763892755184
7026.0 0.20313260436216693
7028.0 0.20693943993221664
7030.0 0.21028761702521087
7032.0 0.20905994322859411
7034.0 0.2036468485411808
7036.0 0.20053138754641078
7038.0 0.19526525967797437
7040.0 0.19511732994105738
7042.0 0.20298362473049164
7044.0 0.2112490307168458
7046.0 0.21244143386473172
7048.0 0.20956238761888854
7050.0 0.207051008551323
7052.0 0.20115446561182776
7054.0 0.1991284681876018
7056.0 0.20126322065770638
7058.0 0.20344591704805753
7060.0 0.2038724759685697
7062.0 0.20348832370587955
7064.0 0.20084736551934462
7066.0 0.1923526485383011
7068.0 0.19177023195157697
7070.0 0.20027418595083918
7072.0 0.20439586752829605
7074.0 0.19896803897064
7076.0 0.18965024542740871
7078.0 0.18476244282709628
7080.0 0.17916269730778522
7082.0 0.18111466789856828
7084.0 0.1935764348963789
7086.0 0.20053015489493578
7088.0 0.1994426822366255
7090.0 0.19626266249110264
7092.0 0.19681846662108166
7094.0 0.1993065928989884
7096.0 0.19885449876919145
7098.0 0.19387074858526052
7100.0 0.19417250433307087
7102.0 0.20151742798498884
7104.0 0.20847978055574656
7106.0 0.2096862549546844
7108.0 0.20773215408214207
7110.0 0.20646234051263226
7112.0 0.20577856106891199
7114.0 0.2016827146741588
7116.0 0.19246962842421309
7118.0 0.18507242880588734
7120.0 0.1818185014376656
7122.0 0.1812476081822235
7124.0 0.18407449118605906
7126.0 0.19373811177826425
7128.0 0.19669038664771152
7130.0 0.19460821564607383
7132.0 0.19420563512071862
7134.0 0.19815740326231254
7136.0 0.20202999130323812
7138.0 0.19896529339108662
7140.0 0.18962111201499343
7142.0 0.1853396811742713
7144.0 0.18169752627156546
7146.0 0.181274086921433
7148.0 0.18645968822977352
7150.0 0.19145831538201455
7152.0 0.18976100403785584
7154.0 0.18340886550898616
7156.0 0.184363544389069
7158.0 0.19097330528811665
7160.0 0.19577591306122907
7162.0 0.20143894696110554
7164.0 0.20497183385088272
7166.0 0.2041426129211635
7168.0 0.20039350163096706
7170.0 0.19733031697721362
7172.0 0.19229449151424763
7174.0 0.18990885925851944
7176.0 0.18912819048308402
7178.0 0.1892507233449185
7180.0 0.1902646512240011
7182.0 0.1920835323984741
7184.0 0.19435544989259573
7186.0 0.19872014246525305
7188.0 0.19859931742940629
7190.0 0.19475136676879642
7192.0 0.1908865816571667
7194.0 0.18597195756436702
7196.0 0.18183261558429703
7198.0 0.18173469065507797
7200.0 0.18495618068857236
7202.0 0.18628759280839535
7204.0 0.18811137858239482
7206.0 0.18826804085798954
7208.0 0.18523783264980784
7210.0 0.18340683659044704
7212.0 0.18687074461441258
7214.0 0.19366279678496648
7216.0 0.19446192323999567
7218.0 0.19099931404553186
7220.0 0.18815285528989714
7222.0 0.18362606310084265
7224.0 0.1803196411571859
7226.0 0.17991069152713843
7228.0 0.18083688820590163
7230.0 0.1796874239941532
7232.0 0.1766361477606761
7234.0 0.17578519822195382
7236.0 0.17372291830732273
7238.0 0.17665636505516968
7240.0 0.18911502154456905
7242.0 0.20296749475277245
7244.0 0.20536936047151275
7246.0 0.20067001239100937
7248.0 0.19391289005845094
7250.0 0.17801133134876865
7252.0 0.1696404190557354
7254.0 0.1690572848730461
7256.0 0.17186552597911536
7258.0 0.17571526987766192
7260.0 0.18198355137122618
7262.0 0.1867103865422127
7264.0 0.19134324012470794
7266.0 0.1954934060517456
7268.0 0.19932918559758542
7270.0 0.20262590909864586
7272.0 0.2058660130019531
7274.0 0.20854476261958102
7276.0 0.20703329251674724
7278.0 0.2010604309745537
7280.0 0.1959386503569462
7282.0 0.18711614652812247
7284.0 0.18290856009010958
7286.0 0.18729525593495425
7288.0 0.19497465501170214
7290.0 0.19670882322200986
7292.0 0.19585595671523998
7294.0 0.19352234386982228
7296.0 0.18588113688847152
7298.0 0.18322539312556177
7300.0 0.18797742523682764
7302.0 0.19408848405994836
7304.0 0.1955849985365675
7306.0 0.19514532834943632
7308.0 0.1922076574914518
7310.0 0.18397622414287468
7312.0 0.17977997356391365
7314.0 0.17898852901158094
7316.0 0.17951571422965132
7318.0 0.1804940950852938
7320.0 0.18237271552877443
7322.0 0.18416610386955856
7324.0 0.18699584430670055
7326.0 0.18828995649545166
7328.0 0.18802409373372567
7330.0 0.18798063012051483
7332.0 0.18933739321537738
7334.0 0.1908430404542058
7336.0 0.18929084518081657
7338.0 0.18354267416338718
7340.0 0.18259611794528427
7342.0 0.1857709807067147
7344.0 0.18725206589348306
7346.0 0.18576615058643306
7348.0 0.18359631813287594
7350.0 0.1832062376793647
7352.0 0.18366927452123477
7354.0 0.184454583432229
7356.0 0.18689169979257758
7358.0 0.18743756921924365
7360.0 0.18614127134065
7362.0 0.18378999269803897
7364.0 0.18001477302508007
7366.0 0.17452432787931368
7368.0 0.17507153632052186
7370.0 0.1829713909694233
7372.0 0.18556755308567924
7374.0 0.18314544238376407
7376.0 0.18181553703781525
7378.0 0.18586084925277083
7380.0 0.19197088018289518
7382.0 0.1897998024013602
7384.0 0.1786848218236986
7386.0 0.1735276490676385
7388.0 0.1684302957837907
7390.0 0.16758054283703616
7392.0 0.17355188684621928
7394.0 0.1825644477026892
7396.0 0.1878568308769553
7398.0 0.1930925906798943
7400.0 0.193565757385298
7402.0 0.18873033923334115
7404.0 0.1845340223088295
7406.0 0.1788190050478783
7408.0 0.17539378902240355
7410.0 0.18117856236443156
7412.0 0.19567304736696936
7414.0 0.19632994368959852
7416.0 0.18331722055443644
7418.0 0.17934822283261478
7420.0 0.18504923659528208
7422.0 0.18959904068165884
7424.0 0.1855908825040297
7426.0 0.1770443770018636
7428.0 0.1751099414259493
7430.0 0.17677779180801212
7432.0 0.17912772058716844
7434.0 0.18463750139405494
7436.0 0.1887094221950599
7438.0 0.18954694940088124
7440.0 0.18878119978475327
7442.0 0.18855626567806177
7444.0 0.18810718152713055
7446.0 0.187269298717075
7448.0 0.18474553593311233
7450.0 0.1844155752880838
7452.0 0.18814460555082832
7454.0 0.19233552061827608
7456.0 0.19207337591981222
7458.0 0.1890452910554848
7460.0 0.18547991231721087
7462.0 0.17789452731277747
7464.0 0.1747905928486357
7466.0 0.17749110983861355
7468.0 0.18060993684490564
7470.0 0.17938915854212034
7472.0 0.17573009662432285
7474.0 0.17745754892836332
7476.0 0.18720258641533993
7478.0 0.18786136450951268
7480.0 0.17781734452162815
7482.0 0.17086280479763277
7484.0 0.17525430728826502
7486.0 0.18462756708940234
7488.0 0.18355670632028367
7490.0 0.1709054131640123
7492.0 0.16999741623753067
7494.0 0.17795991407525122
7496.0 0.18356085467948097
7498.0 0.18458053949905687
7500.0 0.18361602509799366
7502.0 0.1819933828426121
7504.0 0.1777583425635097
7506.0 0.17785455468018102
7508.0 0.18222329809921137
7510.0 0.18459306594511954
7512.0 0.184748541337431
7514.0 0.18406973818368855
7516.0 0.18343555131579148
7518.0 0.18251164849154203
7520.0 0.18072811614495135
7522.0 0.17793962221497617
7524.0 0.17520221686116086
7526.0 0.17171359025848212
7528.0 0.168976493102511
7530.0 0.16795124928805558
7532.0 0.16811244741770046
7534.0 0.16905676180228357
7536.0 0.17130301636255799
7538.0 0.17359478407838547
7540.0 0.17730401073804322
7542.0 0.17964007371485619
7544.0 0.17946356080293943
7546.0 0.17792158230287905
7548.0 0.17681679701319605
7550.0 0.17589136700338484
7552.0 0.17340434968282156
7554.0 0.1675481467756572
7556.0 0.16509330181288007
7558.0 0.16673120285260026
7560.0 0.17095840096486017
7562.0 0.17792002101538346
7564.0 0.19027404653819
7566.0 0.19028084143617935
7568.0 0.1769252254034104
7570.0 0.17086756889130844
7572.0 0.1709586567889311
7574.0 0.17360790004906876
7576.0 0.17855208161457595
7578.0 0.18639341367518714
7580.0 0.18496756987493682
7582.0 0.1724257685225495
7584.0 0.16825906746389133
7586.0 0.17054319961882916
7588.0 0.17279116410057102
7590.0 0.172258700805818
7592.0 0.17089707109715782
7594.0 0.17095210845526843
7596.0 0.1681464587119556
7598.0 0.1747148195087906
7600.0 0.19631924742464174
7602.0 0.20687086666928364
7604.0 0.1994082403062763
7606.0 0.1838261934234955
7608.0 0.17083697477299442
7610.0 0.15222770671126162
7612.0 0.14783193123745006
7614.0 0.15759132768359332
7616.0 0.16307300956331824
7618.0 0.16461862226725799
7620.0 0.16464733185536956
7622.0 0.16378780373425747
7624.0 0.1616818507212411
7626.0 0.15912236999528798
7628.0 0.15433411248374349
7630.0 0.1521193989707272
7632.0 0.15054386873198058
7634.0 0.15217322681404152
7636.0 0.16082768152563562
7638.0 0.1738955111775356
7640.0 0.17594487309007953
7642.0 0.16758591427220348
7644.0 0.1650067506347731
7646.0 0.16360390924775758
7648.0 0.16390074659368276
7650.0 0.1672427998062634
7652.0 0.17170781348130654
7654.0 0.17212415959059804
7656.0 0.16938212052653992
7658.0 0.16804508136177296
7660.0 0.1675418954166499
7662.0 0.16548033019350125
7664.0 0.16097167082850183
7666.0 0.15589965469141387
7668.0 0.15217749320210042
7670.0 0.14832840106885767
7672.0 0.1489369871315854
7674.0 0.15549118247271296
7676.0 0.1588090897682893
7678.0 0.1601704749209165
7680.0 0.15958289773276796
7682.0 0.1558803711470485
7684.0 0.14947406907416602
7686.0 0.14633860097003112
7688.0 0.14401666213411454
7690.0 0.14385212949754697
7692.0 0.14665923431383787
7694.0 0.1494937366347107
7696.0 0.1512638324543414
7698.0 0.1526918029737521
7700.0 0.15396404376457976
7702.0 0.15648254425873737
7704.0 0.15491262733938968
7706.0 0.1479500992785803
7708.0 0.14377048807975218
7710.0 0.1431856816295527
7712.0 0.1453134633707388
7714.0 0.15177350538125933
7716.0 0.1658538539744878
7718.0 0.16681107995019784
7720.0 0.15536815504376367
7722.0 0.14898924811586714
7724.0 0.1469477807180456
7726.0 0.14742372836481474
7728.0 0.15059897855859197
7730.0 0.15676866422875238
7732.0 0.16144132250128307
7734.0 0.1677226460175033
7736.0 0.17046630874424845
7738.0 0.17001232518880882
7740.0 0.1680003960316144
7742.0 0.16394801465270697
7744.0 0.1584797574987749
7746.0 0.15943369269396065
7748.0 0.16717764085217382
7750.0 0.1711241246810518
7752.0 0.17585564037249296
7754.0 0.17693076622445045
7756.0 0.17038364186467067
7758.0 0.16169297957509934
7760.0 0.16360113874055338
7762.0 0.17550527915914396
7764.0 0.17878007627221154
7766.0 0.17846151148170952
7768.0 0.17652838848065663
7770.0 0.17145092856197933
7772.0 0.16620232091787726
7774.0 0.16503666722173596
7776.0 0.16618902408319178
7778.0 0.1691842193066471
7780.0 0.17872233259701256
7782.0 0.18065287355105608
7784.0 0.17520805801470019
7786.0 0.16680902794550143
7788.0 0.1555924507134382
7790.0 0.1411682135388795
7792.0 0.14232305441228635
7794.0 0.16305824280955591
7796.0 0.16901652992724178
7798.0 0.1636427291228033
7800.0 0.15972238227173338
7802.0 0.1619818564111559
7804.0 0.16687567524360283
7806.0 0.17132191377485118
7808.0 0.1778470602037562
7810.0 0.1813072285274792
7812.0 0.18248200574996398
7814.0 0.18353829376645978
7816.0 0.1850619207742627
7818.0 0.1860842648860971
7820.0 0.18572138723870835
7822.0 0.1853669882090256
7824.0 0.1793400022244822
7826.0 0.16322233190891858
7828.0 0.1558396646641256
7830.0 0.15845163322525951
7832.0 0.164121005083536
7834.0 0.1686366940127417
7836.0 0.1745444846278324
7838.0 0.17394306135961862
7840.0 0.16339931006589942
7842.0 0.1623859100294675
7844.0 0.17312840798240153
7846.0 0.1801717462623697
7848.0 0.17365932954515464
7850.0 0.16022591582979726
7852.0 0.15685352843385555
7854.0 0.1575072662353642
7856.0 0.16206741119301477
7858.0 0.17534897549041636
7860.0 0.18422587208623398
7862.0 0.18469184946275996
7864.0 0.18125913644527467
7866.0 0.17919621526098548
7868.0 0.1762372376029545
7870.0 0.17336082842308526
7872.0 0.16839432901091533
7874.0 0.16685075775871902
7876.0 0.17208591636231174
7878.0 0.1766836642927338
7880.0 0.17119452455991513
7882.0 0.15807266207425857
7884.0 0.15041292578390045
7886.0 0.14061611786157216
7888.0 0.13912734522580159
7890.0 0.1480231369328227
7892.0 0.1584187337556795
7894.0 0.16550922143625568
7896.0 0.17179437268527534
7898.0 0.17212103957092742
7900.0 0.16509308600129236
7902.0 0.1611944241157453
7904.0 0.15921743480489733
7906.0 0.1554500778472135
7908.0 0.14527858128947696
7910.0 0.13416642078218252
7912.0 0.13975191389447977
7914.0 0.16710270921521303
7916.0 0.17182955414487217
7918.0 0.16086462352647327
7920.0 0.1525659200376243
7922.0 0.1466269827215402
7924.0 0.14416816978888955
7926.0 0.15311191774497002
7928.0 0.17587473942731421
7930.0 0.1797727097331532
7932.0 0.17047892059009137
7934.0 0.16227216265835923
7936.0 0.15192536556071567
7938.0 0.1432125689400117
7940.0 0.14123473888325802
7942.0 0.14403697552165468
7944.0 0.14457004886136468
7946.0 0.14225551861194333
7948.0 0.1465800207535191
7950.0 0.1607769671653577
7952.0 0.1716265059162157
7954.0 0.17060168606597273
7956.0 0.1638201174350898
7958.0 0.1671037895492398
7960.0 0.18272169045306574
7962.0 0.18371510324213583
7964.0 0.17337960511132874
7966.0 0.1643577362231014
7968.0 0.15828448076301063
7970.0 0.15412098219325795
7972.0 0.15490172897000842
7974.0 0.161811705489145
7976.0 0.16388308794096373
7978.0 0.1664747141593503
7980.0 0.16376166496220143
7982.0 0.15228364510808756
7984.0 0.13994601608086005
7986.0 0.13522225739734298
7988.0 0.1341712563032118
7990.0 0.13860472087461528
7992.0 0.15428094448779617
7994.0 0.16125270516637197
7996.0 0.16124273298062727
7998.0 0.15808296455222895
8000.0 0.1523507992633591
8002.0 0.14378789638853548
8004.0 0.14073425468322207
8006.0 0.1402647261289254
8008.0 0.14244877213686527
8010.0 0.15000934005075664
8012.0 0.1556472821843839
8014.0 0.15774960433253615
8016.0 0.15710990126453414
8018.0 0.1506963690994797
8020.0 0.13228414807988134
8022.0 0.1306903580794549
8024.0 0.14439903107104565
8026.0 0.1527335480557539
8028.0 0.15300861310406574
8030.0 0.15018668706961544
8032.0 0.14728050454246805
8034.0 0.14172062010208297
8036.0 0.14149490335933412
8038.0 0.1471103251139283
8040.0 0.14922912720163636
8042.0 0.14675044844299306
8044.0 0.1446853107105236
8046.0 0.1472301060712266
8048.0 0.15266971746167213
8050.0 0.15553165892882645
8052.0 0.15851580546668945
8054.0 0.1588729421783385
8056.0 0.1568911292564141
8058.0 0.15335718026954548
8060.0 0.1474929936006085
8062.0 0.1402677677036542
8064.0 0.13784790670411662
8066.0 0.13790812195891844
8068.0 0.1407603467411905
8070.0 0.1502760107709799
8072.0 0.15542945983335144
8074.0 0.15236746258345596
8076.0 0.14637361761273612
8078.0 0.14495872592154588
8080.0 0.14522436500606906
8082.0 0.14683834393133455
8084.0 0.1523770351956616
8086.0 0.15447571013228645
8088.0 0.15188331698694083
8090.0 0.1482706426300076
8092.0 0.14660295433694095
8094.0 0.14514721171106648
8096.0 0.14772963767997246
8098.0 0.15649282324519598
8100.0 0.16070755819659696
8102.0 0.16219543712838327
8104.0 0.16108100730941477
8106.0 0.15619877696041864
8108.0 0.1482804144557849
8110.0 0.14378229989424315
8112.0 0.13948778143878468
8114.0 0.13856999510522175
8116.0 0.14183595322935266
8118.0 0.14487836378179805
8120.0 0.1466750714896283
8122.0 0.14787316677495319
8124.0 0.14762021499910777
8126.0 0.14530199512417122
8128.0 0.14468875119752
8130.0 0.14441376341794107
8132.0 0.14512078752414068
8134.0 0.14698044659180973
8136.0 0.14965235276472902
8138.0 0.1527603261221046
8140.0 0.15646869299335447
8142.0 0.16072684498752568
8144.0 0.1664839584044267
8146.0 0.17086707860543338
8148.0 0.17674382307844666
8150.0 0.17835598682839746
8152.0 0.16886505466456864
8154.0 0.1507925202937913
8156.0 0.14274466286298126
8158.0 0.13917599880047946
8160.0 0.13757299919625926
8162.0 0.14034760520280773
8164.0 0.1427429119965787
8166.0 0.14154650238771052
8168.0 0.13940644555227824
8170.0 0.14339513669651538
8172.0 0.15589450126677715
8174.0 0.15949510510270512
8176.0 0.156033155107568
8178.0 0.15482504085105162
8180.0 0.15751450910670628
8182.0 0.16214784815495714
8184.0 0.16838058397686823
8186.0 0.17927904945655385
8188.0 0.1802787427830856
8190.0 0.1729840002821535
8192.0 0.16620025983153774
8194.0 0.1588640148225088
8196.0 0.15183869619537077
8198.0 0.1469973918764776
8200.0 0.14354925161324597
8202.0 0.14094459626738765
8204.0 0.13889173741730906
8206.0 0.1388929995542848
8208.0 0.14156939649673822
8210.0 0.14471837316476138
8212.0 0.14735663771408666
8214.0 0.149979001404277
8216.0 0.15118853465010007
8218.0 0.15021371567410718
8220.0 0.15127477217349364
8222.0 0.15505262764731872
8224.0 0.15663247707194122
8226.0 0.15399665030893261
8228.0 0.14929159404491696
8230.0 0.1458024248366661
8232.0 0.14058306071682244
8234.0 0.14064956489586145
8236.0 0.14805077457870738
8238.0 0.1506093334159362
8240.0 0.14589232446391526
8242.0 0.13916015070397697
8244.0 0.13585167866438594
8246.0 0.13388721805301254
8248.0 0.13174394304614837
8250.0 0.12943238803336593
8252.0 0.12843420115118093
8254.0 0.12868405861999305
8256.0 0.12986304866795484
8258.0 0.13208896315024424
8260.0 0.1353838329016659
8262.0 0.13729809402467572
8264.0 0.1382127177230649
8266.0 0.1396102396554804
8268.0 0.13962942305146123
8270.0 0.1422052142757939
8272.0 0.14851788703703567
8274.0 0.15798752420156834
8276.0 0.17253599862696833
8278.0 0.20175420611925213
8280.0 0.20866475855953784
8282.0 0.1974232777417469
8284.0 0.18734992886577928
8286.0 0.18113967506739506
8288.0 0.17549770959002325
8290.0 0.16984335741826279
8292.0 0.16455318547705797
8294.0 0.1588887795897626
8296.0 0.15172892501564203
8298.0 0.1471452168356821
8300.0 0.1458947726577283
8302.0 0.1455678206192131
8304.0 0.1439735480180873
8306.0 0.14197653822922313
8308.0 0.1411112282283033
8310.0 0.1415710545334029
8312.0 0.14111698470146866
8314.0 0.13964496451945518
8316.0 0.1384758675863469
8318.0 0.1382122301482488
8320.0 0.13853011658212616
8322.0 0.13968396282284773
8324.0 0.14245919884298763
8326.0 0.14392100785795314
8328.0 0.14522293493912092
8330.0 0.14543445673653926
8332.0 0.1427366690298989
8334.0 0.1397835014756904
8336.0 0.14357299118131212
8338.0 0.15407002975212736
8340.0 0.15993968295191216
8342.0 0.16823659864023754
8344.0 0.168480222778639
8346.0 0.15538837530329896
8348.0 0.14022293358665264
8350.0 0.13725454373603013
8352.0 0.14199482827058849
8354.0 0.14276561837944815
8356.0 0.14255143134693676
8358.0 0.14380045526092783
8360.0 0.1488482085897313
8362.0 0.15136469259030372
8364.0 0.14504564825576813
8366.0 0.13272318083366816
8368.0 0.12993627902729538
8370.0 0.13380876710636339
8372.0 0.1362780139638864
8374.0 0.14222380272706012
8376.0 0.1439339908941064
8378.0 0.13527451569227725
8380.0 0.12231084037633229
8382.0 0.12247021100644213
8384.0 0.1356435935176779
8386.0 0.13854121293030133
8388.0 0.13462512815856398
8390.0 0.13383115901952777
8392.0 0.13761656112727289
8394.0 0.14390789358816425
8396.0 0.15217858144981636
8398.0 0.16484727584634007
8400.0 0.17000187613194795
8402.0 0.17130971973838707
8404.0 0.16902424774927668
8406.0 0.16086683524524475
8408.0 0.1518240783991019
8410.0 0.14680548016878478
8412.0 0.14363925371134353
8414.0 0.1410436080129693
8416.0 0.14012577395604417
8418.0 0.13871213492328405
8420.0 0.13606002108934614
8422.0 0.13511083186448603
8424.0 0.13923746807618975
8426.0 0.14587237185834884
8428.0 0.1426772707638062
8430.0 0.12813914005889518
8432.0 0.12216734667919193
8434.0 0.11818620138907654
8436.0 0.11876993710373439
8438.0 0.12616593728335743
8440.0 0.13720193465427083
8442.0 0.14533351430465868
8444.0 0.15509790238962823
8446.0 0.15767838014474606
8448.0 0.15158408720935523
8450.0 0.1491698728530005
8452.0 0.15081777715533878
8454.0 0.15473497042949663
8456.0 0.16170155690529062
8458.0 0.17369259148260763
8460.0 0.17291315898137474
8462.0 0.15785403271661513
8464.0 0.15125564493459112
8466.0 0.1522092318821072
8468.0 0.15454457651108058
8470.0 0.15590755465493705
8472.0 0.1575697177727002
8474.0 0.152603589108634
8476.0 0.13757844469338737
8478.0 0.1316585547208923
8480.0 0.1319037432515241
8482.0 0.13361241568139595
8484.0 0.13588898082071596
8486.0 0.13901790381934376
8488.0 0.14040825500453297
8490.0 0.139882725528428
8492.0 0.14174434545220238
8494.0 0.14622286528868456
8496.0 0.14897654298735616
8498.0 0.14970841827093614
8500.0 0.14880488663173116
8502.0 0.14556278097585143
8504.0 0.1391992173327502
8506.0 0.13576325111157575
8508.0 0.13373281373487167
8510.0 0.13191656784427944
8512.0 0.1299796964346287
8514.0 0.12895283842789762
8516.0 0.12980778058792075
8518.0 0.13217604500178975
8520.0 0.13477405129002412
8522.0 0.13918119639726767
8524.0 0.1417076086871324
8526.0 0.143182424547696
8528.0 0.14343990283931382
8530.0 0.1421033936379925
8532.0 0.1394825447617952
8534.0 0.13698037178258574
8536.0 0.13277003632701675
8538.0 0.13132261850328886
8540.0 0.13197587565625418
8542.0 0.1329910966699229
8544.0 0.13452984042901445
8546.0 0.1360905596128747
8548.0 0.1356997475245881
8550.0 0.13371213233403803
8552.0 0.13202674683843418
8554.0 0.12869745884489256
8556.0 0.12774345859090422
8558.0 0.13050218413160708
8560.0 0.1337675004338995
8562.0 0.13408594523681996
8564.0 0.13279413669364626
8566.0 0.13135237228829635
8568.0 0.12848825041840686
8570.0 0.12670047010108695
8572.0 0.12607708038232043
8574.0 0.12542959069382528
8576.0 0.12337660398777926
8578.0 0.12064087740434404
8580.0 0.12256533171977436
8582.0 0.1290532076638792
8584.0 0.13428750066386533
8586.0 0.1417104374117458
8588.0 0.14609688103380145
8590.0 0.14524251513410008
8592.0 0.141095145146996
8594.0 0.13625682864187283
8596.0 0.12700262782517677
8598.0 0.12398107601662142
8600.0 0.1262396367465568
8602.0 0.12730056768854603
8604.0 0.12631770127835368
8606.0 0.12478960176356128
8608.0 0.1235530664018909
8610.0 0.12177761939570361
8612.0 0.12234258165067612
8614.0 0.12546171880028228
8616.0 0.1276874173954851
8618.0 0.12927136335773395
8620.0 0.13053861585792267
8622.0 0.13168105754278434
8624.0 0.13269135654241537
8626.0 0.1321457908487473
8628.0 0.13007799638237533
8630.0 0.12793165375903662
8632.0 0.12441416084425616
8634.0 0.1220268933616766
8636.0 0.12195646705852511
8638.0 0.12346266338655212
8640.0 0.12616906700348837
8642.0 0.13409248349123376
8644.0 0.134020793776831
8646.0 0.12701418182331564
8648.0 0.12094281462104746
8650.0 0.1175633660925304
8652.0 0.11487791795633642
8654.0 0.1112230536132752
8656.0 0.10617748792264738
8658.0 0.10482871780511743
8660.0 0.10428659253737424
8662.0 0.10845106717852597
8664.0 0.12062401081440845
8666.0 0.1333299404510333
8668.0 0.13775312952655672
8670.0 0.13680320753166272
8672.0 0.13942998155066993
8674.0 0.14642024986894414
8676.0 0.14605391193037168
8678.0 0.13513530126078518
8680.0 0.12627931243216298
8682.0 0.1289573898810782
8684.0 0.1379506735919293
8686.0 0.13725237583383915
8688.0 0.12967112873889727
8690.0 0.124449757425517
8692.0 0.11795241067912944
8694.0 0.11346801080134378
8696.0 0.1127293743489901
8698.0 0.11393005926337597
8700.0 0.11351412954287383
8702.0 0.11214589186165132
8704.0 0.11252098255190382
8706.0 0.11407777952471654
8708.0 0.11608079977737934
8710.0 0.11866829998367551
8712.0 0.12157311885875892
8714.0 0.12434269903609868
8716.0 0.1274578629835279
8718.0 0.1290927854459314
8720.0 0.13071298456378627
8722.0 0.12961179961680158
8724.0 0.12307334061365335
8726.0 0.11809160473459385
8728.0 0.12141393645687246
8730.0 0.1303040903323678
8732.0 0.1336700704422355
8734.0 0.13487733057839357
8736.0 0.13519954924656952
8738.0 0.13253062053697243
8740.0 0.13155003438306773
8742.0 0.1356781112345014
8744.0 0.14208068771283971
8746.0 0.14244987901810843
8748.0 0.13614092511113507
8750.0 0.13591121360700248
8752.0 0.14138238046326446
8754.0 0.143060519452208
8756.0 0.13884316776160363
8758.0 0.13136626391715694
8760.0 0.1220708052142767
8762.0 0.10601672366171343
8764.0 0.10459550547287069
8766.0 0.11934709382251145
8768.0 0.1257569674308374
8770.0 0.12100439995115421
8772.0 0.11487520701681508
8774.0 0.11633785760444361
8776.0 0.1225306082622105
8778.0 0.1220373904006365
8780.0 0.11502188417886552
8782.0 0.11287157790098966
8784.0 0.11470264112615164
8786.0 0.11767367348503831
8788.0 0.12155326114083913
8790.0 0.12628901405711146
8792.0 0.12448624431064977
8794.0 0.11339539145461296
8796.0 0.11084866660312974
8798.0 0.11400996410237743
8800.0 0.11768300151872656
8802.0 0.12110888457527895
8804.0 0.12448754523774534
8806.0 0.12532894471652514
8808.0 0.12334538816666382
8810.0 0.12359124325328785
8812.0 0.12449960108340953
8814.0 0.12615624757244043
8816.0 0.13236860979829324
8818.0 0.1356388613696695
8820.0 0.123236982855558
8822.0 0.09601453089782612
8824.0 0.08385198402692344
8826.0 0.07646636176953621
8828.0 0.07599890788387653
8830.0 0.08601880827580591
8832.0 0.09759377387420577
8834.0 0.10376746690592935
8836.0 0.10789502733423263
8838.0 0.11155858331416339
8840.0 0.11474173171168738
8842.0 0.11574105428003247
8844.0 0.11316296458269624
8846.0 0.11162394731780462
8848.0 0.1126243216360843
8850.0 0.11535832722045825
8852.0 0.12132828634847032
8854.0 0.1333211870359371
8856.0 0.13945801642816263
8858.0 0.14354618357315604
8860.0 0.14481476520107608
8862.0 0.14246569197498962
8864.0 0.13784658124233293
8866.0 0.13292112059713126
8868.0 0.12478325411649621
8870.0 0.12423605859089822
8872.0 0.12894536285811325
8874.0 0.1357685650363627
8876.0 0.1466616285224748
8878.0 0.15793192243136833
8880.0 0.1657395891796206
8882.0 0.17210040261959972
8884.0 0.17405542946452535
8886.0 0.17555959066776197
8888.0 0.16715047672910466
8890.0 0.14386162077800482
8892.0 0.12235262421920849
8894.0 0.11154566624167955
8896.0 0.10647450818175526
8898.0 0.10600831014939704
8900.0 0.1153319595262104
8902.0 0.11842654825194618
8904.0 0.11782944849486092
8906.0 0.1185594347856963
8908.0 0.12149694931030391
8910.0 0.12613888625582817
8912.0 0.1343601000791865
8914.0 0.15173180663506758
8916.0 0.15172500091270383
8918.0 0.13616942133815937
8920.0 0.12338006982258895
8922.0 0.1120989324126313
8924.0 0.10393457580228148
8926.0 0.10522250112646249
8928.0 0.11562711855040282
8930.0 0.1185432273806647
8932.0 0.1186290112133165
8934.0 0.1180383526811856
8936.0 0.11563484426305179
8938.0 0.11336105748759613
8940.0 0.11091903255815788
8942.0 0.10806623799782007
8944.0 0.12001450547346611
8946.0 0.15104292301547317
8948.0 0.1701038414083325
8950.0 0.18601025839826593
8952.0 0.19493638543802427
8954.0 0.19630869823919284
8956.0 0.18986312191847568
8958.0 0.16933773545095307
8960.0 0.11869149540733591
8962.0 0.104797018958343
8964.0 0.12123677399143354
8966.0 0.12968946737884599
8968.0 0.12094103247370235
8970.0 0.10911065696814956
8972.0 0.11069222344931268
8974.0 0.12288823742715291
8976.0 0.12512376819852833
8978.0 0.1208931271328909
8980.0 0.11917712342423085
8982.0 0.12154533128584662
8984.0 0.12274195100824924
8986.0 0.11634423039325868
8988.0 0.10348535877002836
8990.0 0.10635632314101293
8992.0 0.12499394441079575
8994.0 0.13568499513595436
8996.0 0.14420114280347257
8998.0 0.14772222287368314
9000.0 0.1409549456519854
9002.0 0.12791015058576463
9004.0 0.12997999222819526
9006.0 0.14814274273300357
9008.0 0.1535243357740405
9010.0 0.15381325905344323
9012.0 0.15013085090791425
9014.0 0.1399321970277241
9016.0 0.12738209876219175
9018.0 0.12397091647014763
9020.0 0.12691186841956062
9022.0 0.1290075424729951
9024.0 0.13465096516819894
9026.0 0.13743698004561683
9028.0 0.1372017176129749
9030.0 0.13474448869180713
9032.0 0.12933102640239863
9034.0 0.1197288303026307
9036.0 0.11754675007876683
9038.0 0.12290767457311559
9040.0 0.12371202810389433
9042.0 0.11983469304623345
9044.0 0.1158916829628458
9046.0 0.11353542046108162
9048.0 0.11180906828225558
9050.0 0.11884803522810171
9052.0 0.142267047551926
9054.0 0.14783470001372412
9056.0 0.1395666565983113
9058.0 0.1288361732330654
9060.0 0.11575407773809882
9062.0 0.10240119330244682
9064.0 0.10661002961541166
9066.0 0.13253190311323873
9068.0 0.13994126403869162
9070.0 0.1395327143372623
9072.0 0.13520601212005762
9074.0 0.12441855317360934
9076.0 0.11204523122390715
9078.0 0.10770771429771607
9080.0 0.10773413143529287
9082.0 0.11070728526506843
9084.0 0.12170907499331991
9086.0 0.12667835015322312
9088.0 0.12458587710987279
9090.0 0.12089281860046336
9092.0 0.11913254054076698
9094.0 0.11735352765334325
9096.0 0.11974672296110718
9098.0 0.12843763553704907
9100.0 0.13210535401424725
9102.0 0.13217000629941494
9104.0 0.1308576048170958
9106.0 0.12871840293563996
9108.0 0.1255467774285027
9110.0 0.12321773377841837
9112.0 0.12119151129756427
9114.0 0.1190244259371694
9116.0 0.11678016307308803
9118.0 0.11463201271462324
9120.0 0.11284824630426907
9122.0 0.11101965312920328
9124.0 0.10788944923953986
9126.0 0.10156785250457945
9128.0 0.10275843758101834
9130.0 0.11167001356222743
9132.0 0.11795276383341213
9134.0 0.12205385803751953
9136.0 0.12404124573215203
9138.0 0.12211356314202125
9140.0 0.11625221407295583
9142.0 0.11291365402111632
9144.0 0.10898135336796284
9146.0 0.10763222931180437
9148.0 0.10984717699758119
9150.0 0.11206935936365935
9152.0 0.11210929233561565
9154.0 0.11109937510902412
9156.0 0.10891547351664242
9158.0 0.10402497557656548
9160.0 0.10162963100932956
9162.0 0.09832107495221235
9164.0 0.09966842924999285
9166.0 0.11074532230879121
9168.0 0.12584986525319952
9170.0 0.1288728144571727
9172.0 0.12232526246508858
9174.0 0.11965735879494259
9176.0 0.11456467189184415
9178.0 0.11349857934700097
9180.0 0.1187845593632931
9182.0 0.1262040286980245
9184.0 0.13026163057433285
9186.0 0.13325283062717377
9188.0 0.13499197215287667
9190.0 0.13500337658130582
9192.0 0.13491880099864662
9194.0 0.134513950543765
9196.0 0.13388481832108667
9198.0 0.13353007421494373
9200.0 0.1333923288987475
9202.0 0.13058716062409081
9204.0 0.12376066198371777
9206.0 0.12040391044638776
9208.0 0.11911997988813179
9210.0 0.1194362378373712
9212.0 0.12274202222381747
9214.0 0.12758625631293596
9216.0 0.12521437485360298
9218.0 0.11309522900851002
9220.0 0.11049522949649569
9222.0 0.11434326954180052
9224.0 0.11749863366809593
9226.0 0.11821122093898838
9228.0 0.11848365270249654
9230.0 0.12009627412270339
9232.0 0.12237006867345092
9234.0 0.12521218500871012
9236.0 0.13061663187665465
9238.0 0.132755623273994
9240.0 0.1301807635037683
9242.0 0.12662987249316138
9244.0 0.12605535952926242
9246.0 0.12716294004495327
9248.0 0.1260534789271821
9250.0 0.12354045750097753
9252.0 0.12108174038835134
9254.0 0.11901934957294069
9256.0 0.11593722325873002
9258.0 0.10930158705484555
9260.0 0.10054654124168402
9262.0 0.10220336863419313
9264.0 0.1144483135806436
9266.0 0.12222268034795865
9268.0 0.1312239964595956
9270.0 0.1366123286082494
9272.0 0.13546332242330256
9274.0 0.13088525917102056
9276.0 0.12957895121201418
9278.0 0.12855521948014068
9280.0 0.12964788908820332
9282.0 0.13255661254452913
9284.0 0.13654841806788168
9286.0 0.1437270146817582
9288.0 0.15004846976138578
9290.0 0.14863881014310135
9292.0 0.14128619572596277
9294.0 0.13456239765776765
9296.0 0.12274139366984066
9298.0 0.11694999990434264
9300.0 0.11678766026166787
9302.0 0.12012142840498591
9304.0 0.12791531729644592
9306.0 0.14067256808795792
9308.0 0.1395790843640046
9310.0 0.12529215973002036
9312.0 0.1162786088655135
9314.0 0.11003986319937777
9316.0 0.10262814869736325
9318.0 0.09015638482127236
9320.0 0.07617169848377082
9322.0 0.0748259741490447
9324.0 0.08728859124861094
9326.0 0.09182060460764088
9328.0 0.0934144252414012
9330.0 0.09606899480606793
9332.0 0.10057294601325449
9334.0 0.10602330898235943
9336.0 0.11212940003017066
9338.0 0.12025797970853858
9340.0 0.12436811685876059
9342.0 0.12726518654361862
9344.0 0.12618369446023037
9346.0 0.11759139243530752
9348.0 0.10940885984770102
9350.0 0.11161827620001784
9352.0 0.12168822675768953
9354.0 0.12136336442593278
9356.0 0.11394710049198968
9358.0 0.10796578692967271
9360.0 0.09836904250198991
9362.0 0.09381053554531756
9364.0 0.10055793735604789
9366.0 0.11511780512254474
9368.0 0.1307999180557071
9370.0 0.15680499354947422
9372.0 0.1703221624112761
9374.0 0.17462426505575934
9376.0 0.17713542396213877
9378.0 0.18219257252215967
9380.0 0.18481396854463972
9382.0 0.17381779699317015
9384.0 0.14943072815820807
9386.0 0.12790490155085704
9388.0 0.09640843105027386
9390.0 0.07779582943940798
9392.0 0.078904637806007
9394.0 0.08594021325797871
9396.0 0.08182785326561944
9398.0 0.07133517006395601
9400.0 0.07003763058564878
9402.0 0.07433035383013517
9404.0 0.07994989166333874
9406.0 0.08925194180754717
9408.0 0.09807200744435587
9410.0 0.10180049266755248
9412.0 0.10229356951511359
9414.0 0.10917714415162413
9416.0 0.1289935026390499
9418.0 0.12983097532309623
9420.0 0.11076979021845212
9422.0 0.09281807680828202
9424.0 0.08512709107470974
9426.0 0.08134173764783027
9428.0 0.0749321433609568
9430.0 0.07047600844915562
9432.0 0.060233915794589414
9434.0 0.038476558937694735
9436.0 0.02770366306474667
9438.0 0.025614939818720456
9440.0 0.03833749391852586
9442.0 0.09219883281406703
9444.0 0.20904244156963295
9446.0 0.22651220586097506
9448.0 0.15500033680240313
9450.0 0.11539292049510343
9452.0 0.1053167187195067
9454.0 0.10966411333820247
9456.0 0.12991498084703193
9458.0 0.1711014695962166
9460.0 0.17375171203248913
9462.0 0.14077523003969036
9464.0 0.1253254445201009
9466.0 0.10639267955459655
9468.0 0.11156309195684484
9470.0 0.17130177808106697
9472.0 0.2659954155453816
9474.0 0.30204491733008515
9476.0 0.31132200363903606
9478.0 0.29766179963632594
9480.0 0.24777736718971344
9482.0 0.1948006958358881
9484.0 0.13832387357828232
9486.0 0.0848641602464294
9488.0 0.07340326197317189
9490.0 0.1071930479398411
9492.0 0.11057952483066716
9494.0 0.09850027672747777
9496.0 0.09466602340082463
9498.0 0.10218213470092245
9500.0 0.11389948354706739
9502.0 0.1246409486747928
9504.0 0.13837435522138478
9506.0 0.14298293847667304
9508.0 0.14117097746914528
9510.0 0.13664066114425388
9512.0 0.12371392126718775
9514.0 0.11444044583135525
9516.0 0.12031140796569349
9518.0 0.13621641652316485
9520.0 0.14257496297550348
9522.0 0.1425146108033208
9524.0 0.14768135846896938
9526.0 0.15764520294082643
9528.0 0.16644536563985157
9530.0 0.1749039613292448
9532.0 0.18083164162078758
9534.0 0.16848385053810477
9536.0 0.1308158748340096
9538.0 0.1141634700867965
9540.0 0.10484091288817783
9542.0 0.10247788387649333
9544.0 0.10875737171070916
9546.0 0.12063168314097654
9548.0 0.13251917802117627
9550.0 0.14808323264168785
9552.0 0.15993357495036684
9554.0 0.1756164334789793
9556.0 0.1793853193900024
9558.0 0.1614341606008458
9560.0 0.14623735700577922
9562.0 0.16250418848312714
9564.0 0.20248698855815625
9566.0 0.20340579678291892
9568.0 0.16885237913470996
9570.0 0.1538739879569946
9572.0 0.15414537008962384
9574.0 0.15407450117997967
9576.0 0.1456827414576697
9578.0 0.1337544521329238
9580.0 0.12563576195741497
9582.0 0.11700344795131135
9584.0 0.11361910115156144
9586.0 0.11553866522405555
9588.0 0.11824453055699129
9590.0 0.12065284012588026
9592.0 0.12371323880016268
9594.0 0.12843252316416817
9596.0 0.14077139565754176
9598.0 0.13344619822546944
9600.0 0.10296565462006076
9602.0 0.08402552738245675
9604.0 0.07983975564068915
9606.0 0.08169183003294427
9608.0 0.08361519668124762
9610.0 0.08860148627811068
9612.0 0.0935088048433982
9614.0 0.09761136781289632
9616.0 0.10632503609709267
9618.0 0.12674776297530965
9620.0 0.140260712006423
9622.0 0.1299189905055797
9624.0 0.10364172154880402
9626.0 0.09418199988825646
9628.0 0.09041971427448527
9630.0 0.09189085340757978
9632.0 0.10464927917641459
9634.0 0.11312643616970469
9636.0 0.10893445408136207
9638.0 0.09947567168980125
9640.0 0.10012277410419979
9642.0 0.10913260219162382
9644.0 0.11190821085847406
9646.0 0.11098752005917478
9648.0 0.11157235657410573
9650.0 0.11465036787782674
9652.0 0.11869207800968103
9654.0 0.12287818922878922
9656.0 0.1296435604544601
9658.0 0.12752504143088708
9660.0 0.11523387339122387
9662.0 0.1076160896976315
9664.0 0.10365030095548104
9666.0 0.10239595042802581
9668.0 0.10324883329989715
9670.0 0.1057565529626148
9672.0 0.11956218825331875
9674.0 0.15422750900510349
9676.0 0.1688148331037646
9678.0 0.1685411724149247
9680.0 0.16090282160500427
9682.0 0.1448959669011668
9684.0 0.12242106972153208
9686.0 0.11760158930988886
9688.0 0.12695992968605227
9690.0 0.13317796736527748
9692.0 0.1447486965119165
9694.0 0.15188928291792467
9696.0 0.15322483516551075
9698.0 0.14947690210970943
9700.0 0.13693839332491534
9702.0 0.10927398606252496
9704.0 0.10099711572648407
9706.0 0.10612814904992797
9708.0 0.11100296372337434
9710.0 0.12075281964658015
9712.0 0.126020134674292
9714.0 0.10813320083801803
9716.0 0.06649750426090355
9718.0 0.06913710106917932
9720.0 0.11327271790334599
9722.0 0.13852000285793245
9724.0 0.15564970635280523
9726.0 0.16144704370487564
9728.0 0.14539750068457727
9730.0 0.11253442759499538
9732.0 0.10898849858960723
9734.0 0.13678473077766415
9736.0 0.13670388476815282
9738.0 0.11149854180930548
9740.0 0.09268693882721367
9742.0 0.09181516791895601
9744.0 0.09979014482079167
9746.0 0.10821126047719207
9748.0 0.1256907896963846
9750.0 0.13143253113536896
9752.0 0.129414111550503
9754.0 0.12613134887081662
9756.0 0.12064094328932828
9758.0 0.11492004828115451
9760.0 0.1140832027196958
9762.0 0.11674432647237952
9764.0 0.1188267242668278
9766.0 0.12444639352629233
9768.0 0.12500464092236221
9770.0 0.12054322628205197
9772.0 0.11303611266771463
9774.0 0.10433561542504519
9776.0 0.09403686179853304
9778.0 0.07505150324143676
9780.0 0.037584244912261526
9782.0 0.020805328747047238
9784.0 0.020971764228957513
9786.0 0.026913384418473043
9788.0 0.03490265633365496
9790.0 0.046824518365099974
9792.0 0.058173538405888334
9794.0 0.06902005757633962
9796.0 0.08460502861312699
9798.0 0.10751872613090481
9800.0 0.12640360890142413
9802.0 0.14026422902888908
9804.0 0.14920672657396283
9806.0 0.14880382669651745
9808.0 0.14058363965491544
9810.0 0.1254811789700039
9812.0 0.09355259938633219
9814.0 0.07337257851845716
9816.0 0.06733067413701609
9818.0 0.06728220809624579
9820.0 0.06674794099009278
9822.0 0.06793734146708583
9824.0 0.07620597079439329
9826.0 0.09841006830403864
9828.0 0.10753653876848634
9830.0 0.10153649192564601
9832.0 0.09604563018649497
9834.0 0.10014306867578242
9836.0 0.10908316261292851
9838.0 0.12171646242104854
9840.0 0.14840031534876796
9842.0 0.15618893989139748
9844.0 0.14856768541391505
9846.0 0.13861668099267
9848.0 0.13000014502299292
9850.0 0.12015555827583643
9852.0 0.10920652273761183
9854.0 0.09288172710666733
9856.0 0.0876408345701315
9858.0 0.08866398128906672
9860.0 0.09551705121277923
9862.0 0.10852134124205917
9864.0 0.12705868254029093
9866.0 0.15223045383145947
9868.0 0.1901085457397102
9870.0 0.20150271946091106
9872.0 0.18774074911244143
9874.0 0.18290482428057733
9876.0 0.19043069426390016
9878.0 0.19350506336624262
9880.0 0.17732003644948655
9882.0 0.14748499412369775
9884.0 0.13037922016032472
9886.0 0.11900278055538957
9888.0 0.10720832086364399
9890.0 0.09213948371597613
9892.0 0.08446888937419003
9894.0 0.09312957472144484
9896.0 0.11073175602903648
9898.0 0.11183364174084799
9900.0 0.10057785969338746
9902.0 0.09427138440802692
9904.0 0.08060579827116444
9906.0 0.07958210738182873
9908.0 0.10193750846424691
9910.0 0.1318484042853768
9912.0 0.14131812177901426
9914.0 0.13804604647092386
9916.0 0.13797159703917605
9918.0 0.1353181885088863
9920.0 0.13254654114151124
9922.0 0.13025131009078736
9924.0 0.1268467624337253
9926.0 0.12089876043234048
9928.0 0.11314731481564062
9930.0 0.10266673632161923
9932.0 0.08392661775486053
9934.0 0.07532877571825805
9936.0 0.06598422806815897
9938.0 0.07461839890433247
9940.0 0.12916624784213113
9942.0 0.2130108300057145
9944.0 0.21044614707436182
9946.0 0.09956531755936127
9948.0 0.08763141620372332
9950.0 0.15260859813684122
9952.0 0.208074759639278
9954.0 0.23676708881261269
9956.0 0.24744359548057906
9958.0 0.21108076304511716
9960.0 0.10838548186715842
9962.0 0.06055761681179077
9964.0 0.03523534554622131
9966.0 0.019722355646412316
9968.0 0.015303804117977453
9970.0 0.019607831184417588
9972.0 0.026670739679969968
9974.0 0.03931819075573989
9976.0 0.05546661784359382
9978.0 0.08324170425615163
9980.0 0.09971417045436183
9982.0 0.1078255346514841
9984.0 0.10744240160215966
9986.0 0.09123493340857562
9988.0 0.06038682677355407
9990.0 0.06775804314570699
9992.0 0.1180247896701286
9994.0 0.137787013348946
9996.0 0.13661726606692398
9998.0 0.13208366228292961
10000.0 0.12994210389489147
10002.0 0.12686811331726333
10004.0 0.12547971161033208
10006.0 0.12582765827789272
10008.0 0.12439989289574274
10010.0 0.10742769148347388
10012.0 0.11631914096909296
10014.0 0.1786350309422499
10016.0 0.25067684020394726
10018.0 0.25245132452127816
10020.0 0.19839387784808143
10022.0 0.17452831198562652
10024.0 0.14878100666419308
10026.0 0.13683493584443943
10028.0 0.14554362829942402
10030.0 0.1577055298431293
10032.0 0.15423148437718937
10034.0 0.14104876496443736
10036.0 0.14486012948149246
10038.0 0.1726046265997049
10040.0 0.1743933485366069
10042.0 0.14491894082570708
10044.0 0.11939718494109858
10046.0 0.11963210839481772
10048.0 0.13316899409938612
10050.0 0.13725698983775525
10052.0 0.14993474382298136
10054.0 0.13773362812173393
10056.0 0.09408906021307464
10058.0 0.06097513299555752
10060.0 0.046009123703754956
10062.0 0.04542552228358549
10064.0 0.07458950066310173
10066.0 0.15100713913507727
10068.0 0.17841559991563985
10070.0 0.1721365515521958
10072.0 0.17283527037637686
10074.0 0.1878674406963922
10076.0 0.20138141134794335
10078.0 0.19804366302949375
10080.0 0.18467242926815883
10082.0 0.15904741588769603
10084.0 0.10722320154121803
10086.0 0.07447838187932972
10088.0 0.04995946376143667
10090.0 0.04469325641788639
10092.0 0.07648071447905634
10094.0 0.13861146671780905
10096.0 0.17080768420056966
10098.0 0.1925508239174076
10100.0 0.20738026586501634
10102.0 0.2160560942066746
10104.0 0.21449128194090727
10106.0 0.19996935323896697
10108.0 0.1748821325893741
10110.0 0.14546484135940083
10112.0 0.10158510478417786
10114.0 0.07131805087723551
10116.0 0.04758454720706653
10118.0 0.026786260213488188
10120.0 0.004598667056072904
10122.0 -0.011586906021155814
10124.0 -0.00787925185687467
10126.0 0.012749822083751588
10128.0 0.03689230607764474
10130.0 0.08536558255639036
10132.0 0.10820910238250629
10134.0 0.09793068684566403
10136.0 0.07994278450086345
10138.0 0.07387811700611584
10140.0 0.06931185778734753
10142.0 0.08272024437583113
10144.0 0.11469477442636909
10146.0 0.14596527652558447
10148.0 0.19596932615008344
10150.0 0.2256121272597796
10152.0 0.20168582693481063
10154.0 0.1456462154375389
10156.0 0.13615960447271377
10158.0 0.15739777612595865
10160.0 0.16906585998787652
10162.0 0.19232062580076836
10164.0 0.199833862516082
10166.0 0.16900164849317795
10168.0 0.12992117412168652
10170.0 0.15427880363065052
10172.0 0.2486144889834473
10174.0 0.2682649717634617
10176.0 0.2443758627840374
10178.0 0.21523526920516148
10180.0 0.1612682995509411
10182.0 0.11972743001152601
10184.0 0.1598812236535985
10186.0 0.2782517479505466
10188.0 0.2888005679406304
10190.0 0.2244414000089729
10192.0 0.1694028549565281
10194.0 0.09438278749748877
10196.0 0.03974963534551875
10198.0 0.04276595645305078
10200.0 0.08556631048884134
10202.0 0.13414393069806427
10204.0 0.2353827907040301
10206.0 0.27396662675250216
10208.0 0.2694446121270536
10210.0 0.24250551790130426
10212.0 0.18605318845254148
10214.0 0.11273379261150729
10216.0 0.09285281546627944
10218.0 0.12767861006370956
10220.0 0.1174760036954641
10222.0 0.06622103229900594
10224.0 0.047066132095996485
10226.0 0.07583584644783571
10228.0 0.12830486269490632
10230.0 0.18418627614617442
10232.0 0.2681928973553236
10234.0 0.29185796282305115
10236.0 0.27115805692040507
10238.0 0.24195832459285604
10240.0 0.18958694402660348
10242.0 0.13900653245525654
10244.0 0.11735452788013
10246.0 0.11211253116512529
10248.0 0.12313599577461945
10250.0 0.16975919759362218
10252.0 0.19031283973329333
10254.0 0.18903259309684992
10256.0 0.18576086259426114
10258.0 0.19826994573288315
10260.0 0.21356036753421026
10262.0 0.1737776137855563
10264.0 0.047538624145005454
10266.0 0.009780587786958264
10268.0 0.02061315115934034
10270.0 0.05423845307744029
10272.0 0.1255301992357678
10274.0 0.2069878116860346
10276.0 0.20640651502421697
10278.0 0.08005873626839272
10280.0 0.17600505529691796
10282.0 0.5626702528308877
10284.0 0.7249726527663883
10286.0 0.5680205818921833
10288.0 0.32586226460586937
10290.0 0.2292060022382312
10292.0 0.18814208991090503
10294.0 0.128092039898058
10296.0 0.04543091534586312
10298.0 0.02689441953058127
10300.0 0.0909956372816027
10302.0 0.16236949789718497
10304.0 0.19497860273636353
10306.0 0.21243912118846114
10308.0 0.20053261677725145
10310.0 0.1619498305121817
10312.0 0.10397805217445628
10314.0 -0.008272718908239657
10316.0 -0.08766815318336837
10318.0 -0.103276125336602
10320.0 -0.07737489649086907
10322.0 -0.017733125154188876
10324.0 0.1250901742995778
10326.0 0.1762101279359746
10328.0 0.155844838519543
10330.0 0.15594343412878114
10332.0 0.20088129908576025
10334.0 0.2492486201646747
10336.0 0.2528242065002632
10338.0 0.23385664297430642
10340.0 0.17817801672833922
10342.0 0.009532655865062701
10344.0 -0.02683989019544173
10346.0 0.11025178353487207
10348.0 0.272241064215692
10350.0 0.34376250085965326
10352.0 0.37994062821685515
10354.0 0.36456493435416754
10356.0 0.27670699015476374
10358.0 0.20103004708462363
10360.0 0.07863813691272015
10362.0 0.014166893198337001
10364.0 0.08391065283117215
10366.0 0.2338994437961875
10368.0 0.3097668969199654
10370.0 0.37709746326180016
10372.0 0.401288667001686
10374.0 0.38715538857183235
10376.0 0.3489195516171598
10378.0 0.27073677336054197
10380.0 0.18048186229099572
10382.0 0.15382057630668983
10384.0 0.1801475954811177
10386.0 0.17375640426330874
10388.0 0.17325355180517724
10390.0 0.1427368046817974
10392.0 0.04884902986755877
10394.0 -0.035556517279190666
10396.0 -0.014242974159115435
10398.0 0.0905940968090749
10400.0 0.11640432929105406
