3800.0 1.2421650146675444e-15
3803.04141018467 1.1847397633611965e-15
3806.08282036933 1.1395970406240875e-15
3809.124230554 1.1029713998090014e-15
3812.16564073867 1.084043679423283e-15
3815.20705092334 1.0333546329612364e-15
3818.248461108 1.227639439739947e-15
3821.28987129267 1.3650713648017775e-15
3824.33128147734 1.3347930668427445e-15
3827.372691662 1.2833761736038567e-15
3830.41410184667 1.2482654220190488e-15
3833.45551203134 1.2051878877668955e-15
3836.496922216 1.3205543779371651e-15
3839.53833240067 1.2428035336571678e-15
3842.57974258534 1.3217636105436667e-15
3845.62115277001 1.3359154175094074e-15
3848.66256295467 1.3807407960125338e-15
3851.70397313934 1.2176451762115167e-15
3854.74538332401 1.2516169027947275e-15
3857.78679350867 1.3482836302471862e-15
3860.82820369334 1.3083425960967255e-15
3863.86961387801 1.3372074958177476e-15
3866.91102406267 1.4460778318474967e-15
3869.95243424734 1.3591170234980935e-15
3872.99384443201 1.2592175755813041e-15
3876.03525461668 1.4207378733819947e-15
3879.07666480134 1.3914018341151856e-15
3882.11807498601 1.27121713969034e-15
3885.15948517068 1.3501985090796677e-15
3888.20089535534 1.3314675927089523e-15
3891.24230554001 1.9918899499006518e-15
3894.28371572468 4.011773397152578e-15
3897.32512590934 3.855153679947961e-15
3900.36653609401 2.1937656981495975e-15
3903.40794627868 1.3499747852030089e-15
3906.44935646335 1.3705495298714956e-15
3909.49076664801 1.3838539718189968e-15
3912.53217683268 1.3157668418172938e-15
3915.57358701735 1.687311251476381e-15
3918.61499720201 1.7384103818071728e-15
3921.65640738668 1.8031141868046367e-15
3924.69781757135 1.532510181654433e-15
3927.73922775601 1.3951321588825313e-15
3930.78063794068 1.2455477697990764e-15
3933.82204812535 1.2883115924947146e-15
3936.86345831002 1.3656546119235746e-15
3939.90486849468 1.477474901121208e-15
3942.94627867935 1.3768455489979698e-15
3945.98768886402 1.4618124862938931e-15
3949.02909904868 1.3962350582536739e-15
3952.07050923335 1.3527572534347211e-15
3955.11191941802 1.4550198022176992e-15
3958.15332960268 1.3959428463219124e-15
3961.19473978735 1.2832158510868e-15
3964.23614997202 1.4492894001082032e-15
3967.27756015669 1.469125557839112e-15
3970.31897034135 1.4692208672546409e-15
3973.36038052602 1.4425073827229435e-15
3976.40179071069 1.3745298964470692e-15
3979.44320089535 1.409910704504033e-15
3982.48461108002 1.3992302166394052e-15
3985.52602126469 1.3906970984629996e-15
3988.56743144935 1.507902973041932e-15
3991.60884163402 1.808944015672604e-15
3994.65025181869 2.4118410775709584e-15
3997.69166200335 2.2622374746605073e-15
4000.73307218802 1.542648677570542e-15
4003.77448237269 1.410293066289774e-15
4006.81589255736 1.5000737487154012e-15
4009.85730274202 1.444789467711709e-15
4012.89871292669 1.349116183237523e-15
4015.94012311136 1.343919983926653e-15
4018.98153329602 1.3348527410875801e-15
4022.02294348069 1.440987925226801e-15
4025.06435366536 1.4723013050804136e-15
4028.10576385003 1.3441842252275169e-15
4031.14717403469 1.3813566543245343e-15
4034.18858421936 1.2935404558857691e-15
4037.22999440403 1.3057044025843968e-15
4040.27140458869 1.2571730099380292e-15
4043.31281477336 1.2779479982568998e-15
4046.35422495803 1.324646729180253e-15
4049.39563514269 1.3725577817248226e-15
4052.43704532736 1.468209009849595e-15
4055.47845551203 1.5027932610286426e-15
4058.5198656967 1.4411851742617531e-15
4061.56127588136 1.4626233912043138e-15
4064.60268606603 1.4274144430085617e-15
4067.6440962507 1.3978900866528477e-15
4070.68550643536 1.4284938300481457e-15
4073.72691662003 1.295254952526214e-15
4076.7683268047 1.3371471449471143e-15
4079.80973698936 1.3713105640006338e-15
4082.85114717403 1.2836284608926924e-15
4085.8925573587 1.2555327552082206e-15
4088.93396754337 1.3023058314721298e-15
4091.97537772803 1.4369698595340368e-15
4095.0167879127 1.3917376425872861e-15
4098.05819809737 1.4571967699202729e-15
4101.09960828203 1.4110322658727959e-15
4104.1410184667 1.2120142451628053e-15
4107.18242865137 1.185981104109161e-15
4110.22383883603 1.298160572163914e-15
4113.2652490207 1.2747919287921595e-15
4116.30665920537 1.1867445096151743e-15
4119.34806939003 1.2909210185185436e-15
4122.3894795747 1.2544873639058498e-15
4125.43088975937 1.291300640948984e-15
4128.47229994404 1.5135653004930869e-15
4131.5137101287 1.4422073992658173e-15
4134.55512031337 1.3922034974783136e-15
4137.59653049804 1.3110736658476846e-15
4140.6379406827 1.2407912700234412e-15
4143.67935086737 1.2101326821824645e-15
4146.72076105204 1.1570110151906123e-15
4149.76217123671 1.2373383636132303e-15
4152.80358142137 1.1490134938646693e-15
4155.84499160604 1.1523266034496065e-15
4158.88640179071 1.1889949123340023e-15
4161.92781197537 1.1466817483313464e-15
4164.96922216004 1.1104728407194084e-15
4168.01063234471 1.1798061837568809e-15
4171.05204252937 1.2007054600251976e-15
4174.09345271404 1.2248338138779267e-15
4177.13486289871 1.1362640280726725e-15
4180.17627308338 1.10245942070121e-15
4183.21768326804 1.1308861619936876e-15
4186.25909345271 1.1478096326973798e-15
4189.30050363738 1.115020380354746e-15
4192.34191382204 1.019997272852062e-15
4195.38332400671 1.0653927152822856e-15
4198.42473419138 1.044984082991366e-15
4201.46614437605 1.100696557031565e-15
4204.50755456071 1.1207490504024333e-15
4207.54896474538 1.1537142172602449e-15
4210.59037493005 1.2449765607579413e-15
4213.63178511471 1.1514962318763238e-15
4216.67319529938 1.1214375161797547e-15
4219.71460548405 1.2175118936352282e-15
4222.75601566871 1.135313483988344e-15
4225.79742585338 1.0699368087125084e-15
4228.83883603805 1.123512551737876e-15
4231.88024622271 1.0310750066475596e-15
4234.92165640738 1.0965000524636786e-15
4237.96306659205 1.0861380903823827e-15
4241.00447677672 1.0430853317020986e-15
4244.04588696138 1.0781569386849792e-15
4247.08729714605 1.1149829781671356e-15
4250.12870733072 1.0989309293931135e-15
4253.17011751538 1.0319513325311536e-15
4256.21152770005 1.048999583069859e-15
4259.25293788472 1.1368258229469192e-15
4262.29434806939 1.0773161748292063e-15
4265.33575825405 1.04581277814313e-15
4268.37716843872 1.118513863194943e-15
4271.41857862339 1.2295751164058e-15
4274.45998880805 1.124514037351574e-15
4277.50139899272 1.0508990392123381e-15
4280.54280917739 1.0261524746326863e-15
4283.58421936205 1.1621290867998374e-15
4286.62562954672 1.171707964871178e-15
4289.66703973139 1.2019886308344516e-15
4292.70844991606 1.0815152112894538e-15
4295.74986010072 1.1968988131685914e-15
4298.79127028539 1.1319830226068658e-15
4301.83268047005 1.1005749247018677e-15
4304.87409065472 1.2003163034870794e-15
4307.91550083939 1.2106744633491577e-15
4310.95691102406 1.22471674166339e-15
4313.99832120872 1.2198962821521583e-15
4317.03973139339 1.2842301141712603e-15
4320.08114157806 1.2201085735729093e-15
4323.12255176272 1.1609639062492645e-15
4326.16396194739 1.1337464991941338e-15
4329.20537213206 1.1858093107517282e-15
4332.24678231673 1.1924014589783267e-15
4335.28819250139 1.1649715350504747e-15
4338.32960268606 1.0903223818147145e-15
4341.37101287073 1.1332394932474017e-15
4344.41242305539 1.2096665485181518e-15
4347.45383324006 1.1876611012999188e-15
4350.49524342473 1.2074621306645766e-15
4353.53665360939 1.1811661125465106e-15
4356.57806379406 1.2834170673877244e-15
4359.61947397873 1.2614092108463814e-15
4362.6608841634 1.2562051736367478e-15
4365.70229434806 1.2323629180488622e-15
4368.74370453273 1.4823949061165633e-15
4371.7851147174 1.62843997563159e-15
4374.82652490206 1.4318058316074418e-15
4377.86793508673 1.2663077428146509e-15
4380.9093452714 1.2159874583320324e-15
4383.95075545607 1.222843388366383e-15
4386.99216564073 1.2502826952507601e-15
4390.0335758254 1.5369317756738507e-15
4393.07498601007 1.99210275634563e-15
4396.11639619473 1.8495748885395906e-15
4399.1578063794 1.293872435715282e-15
4402.19921656407 1.1822025074304703e-15
4405.24062674873 1.1787002616356589e-15
4408.2820369334 1.1553724645711583e-15
4411.32344711807 1.0963058267340465e-15
4414.36485730273 1.1845151440874487e-15
4417.4062674874 1.231384670197694e-15
4420.44767767207 1.2244004344755058e-15
4423.48908785674 1.0628052484757043e-15
4426.5304980414 1.1387158221288688e-15
4429.57190822607 1.1154582582703044e-15
4432.61331841074 1.2208662604274054e-15
4435.6547285954 1.1444010647421967e-15
4438.69613878007 1.0788807100640046e-15
4441.73754896474 1.1475340058435682e-15
4444.77895914941 1.2237099118880598e-15
4447.82036933407 1.23220607610241e-15
4450.86177951874 1.177936613060633e-15
4453.90318970341 1.1374632562815047e-15
4456.94459988807 1.219483012354613e-15
4459.98601007274 1.153074375895177e-15
4463.02742025741 1.1071051987954252e-15
4466.06883044207 1.1536209465322902e-15
4469.11024062674 1.1932026894850447e-15
4472.15165081141 1.1233816455365004e-15
4475.19306099608 1.0928182705978751e-15
4478.23447118074 1.1046799342820418e-15
4481.27588136541 1.1619367806249832e-15
4484.31729155008 1.1806859193792363e-15
4487.35870173474 1.1429023233027857e-15
4490.40011191941 1.1796465991004276e-15
4493.44152210408 1.1171159392926496e-15
4496.48293228874 1.0865447423819328e-15
4499.52434247341 1.2041285763292898e-15
4502.56575265808 1.411219645482987e-15
4505.60716284275 1.2797192296660903e-15
4508.64857302741 1.2169915180423391e-15
4511.68998321208 1.1924357722652353e-15
4514.73139339675 1.0954786337231027e-15
4517.77280358141 1.199746450693161e-15
4520.81421376608 1.1657234745913778e-15
4523.85562395075 1.193659585425873e-15
4526.89703413541 1.1221730568990214e-15
4529.93844432008 1.059300647565481e-15
4532.97985450475 1.0892112711723309e-15
4536.02126468941 1.138235541184128e-15
4539.06267487408 1.1772236165779415e-15
4542.10408505875 1.2271638686186508e-15
4545.14549524342 1.175602462441468e-15
4548.18690542808 1.136678314086213e-15
4551.22831561275 1.1275916734858948e-15
4554.26972579742 1.1404857113706051e-15
4557.31113598208 1.1582622369090282e-15
4560.35254616675 1.1558486783960167e-15
4563.39395635142 1.09433986194269e-15
4566.43536653609 1.1397358856015964e-15
4569.47677672075 1.0943586692924996e-15
4572.51818690542 1.1439495124591041e-15
4575.55959709009 1.1569060003409224e-15
4578.60100727475 1.1766794438336774e-15
4581.64241745942 1.116651352842714e-15
4584.68382764409 1.100782755193007e-15
4587.72523782875 1.1879435396537156e-15
4590.76664801342 1.1346277936730875e-15
4593.80805819809 1.1027060011875678e-15
4596.84946838276 1.157540415405538e-15
4599.89087856742 1.1386989364274311e-15
4602.93228875209 1.1047572157600197e-15
4605.97369893676 1.1298146989072137e-15
4609.01510912142 1.0910873024125347e-15
4612.05651930609 1.1871547957359906e-15
4615.09792949076 1.2243501702974753e-15
4618.13933967543 1.1981686521187565e-15
4621.18074986009 1.1285159513844369e-15
4624.22216004476 1.0816849622027282e-15
4627.26357022943 1.1126570203738027e-15
4630.30498041409 1.0847670716542672e-15
4633.34639059876 1.0736322821806772e-15
4636.38780078343 1.151239337599751e-15
4639.42921096809 1.1656914453867554e-15
4642.47062115276 1.0456528921459375e-15
4645.51203133743 1.0709106971753218e-15
4648.5534415221 1.1221595729430246e-15
4651.59485170676 1.1561323520882898e-15
4654.63626189143 1.0914168042720345e-15
4657.6776720761 1.1282241827676584e-15
4660.71908226076 1.2290528946194933e-15
4663.76049244543 1.1749762243900032e-15
4666.8019026301 1.1989009439385173e-15
4669.84331281476 1.2201542794862273e-15
4672.88472299943 1.2837087305686572e-15
4675.9261331841 1.175868885927504e-15
4678.96754336876 1.1280368728263638e-15
4682.00895355343 1.0692616846694373e-15
4685.0503637381 1.0577284161466658e-15
4688.09177392277 1.1907755720215004e-15
4691.13318410743 1.2170603602762e-15
4694.1745942921 1.1797576792826851e-15
4697.21600447677 1.0757463002942755e-15
4700.25741466143 1.1398227926401076e-15
4703.2988248461 1.1528720431046222e-15
4706.34023503077 1.1077276339354975e-15
4709.38164521543 1.0378260350224238e-15
4712.4230554001 1.0457467200848314e-15
4715.46446558477 1.146532578479219e-15
4718.50587576944 1.3911406378222178e-15
4721.5472859541 1.2497192027897128e-15
4724.58869613877 1.0837671319479123e-15
4727.63010632344 1.0115280168871792e-15
4730.6715165081 1.071813368172913e-15
4733.71292669277 1.1276714969850448e-15
4736.75433687744 1.0812678374124504e-15
4739.7957470621 9.875665943253983e-16
4742.83715724677 1.0734528730970543e-15
4745.87856743144 1.1759198835181278e-15
4748.91997761611 1.0977172252016862e-15
4751.96138780077 9.942994758565465e-16
4755.00279798544 1.0909196538158893e-15
4758.04420817011 1.1298468383356981e-15
4761.08561835477 1.069519931308142e-15
4764.12702853944 1.030157117745328e-15
4767.16843872411 1.0539211119890982e-15
4770.20984890877 1.093359836618673e-15
4773.25125909344 1.0564762224733273e-15
4776.29266927811 9.612855663737964e-16
4779.33407946277 9.854309593523288e-16
4782.37548964744 1.0802333529792462e-15
4785.41689983211 1.0930144260846265e-15
4788.45831001678 1.039545716425017e-15
4791.49972020144 1.041216616280172e-15
4794.54113038611 1.1004687805867862e-15
4797.58254057078 1.0238055753685783e-15
4800.62395075545 1.0814336596019998e-15
4803.66536094011 1.1087407127784429e-15
4806.70677112478 1.1342347562924946e-15
4809.74818130945 1.059097164640312e-15
4812.78959149411 1.128807234160258e-15
4815.83100167878 1.0842574272976294e-15
4818.87241186345 1.1039587473191421e-15
4821.91382204811 1.1047233064282e-15
4824.95523223278 1.119286503516443e-15
4827.99664241745 1.1114969575008454e-15
4831.03805260212 1.0728761070308259e-15
4834.07946278678 1.0932612582459908e-15
4837.12087297145 1.0936164749927518e-15
4840.16228315612 1.1270846950070223e-15
4843.20369334078 1.093054100833947e-15
4846.24510352545 1.1309253244727095e-15
4849.28651371012 1.2339002800422486e-15
4852.32792389478 1.1733332081782672e-15
4855.36933407945 1.1168421975192317e-15
4858.41074426412 1.1524519153827556e-15
4861.45215444879 1.1364415854120259e-15
4864.49356463345 1.151165112959751e-15
4867.53497481812 1.1808269567760241e-15
4870.57638500279 1.170255639727501e-15
4873.61779518745 1.2409573811765048e-15
4876.65920537212 1.2949985792836847e-15
4879.70061555679 1.292332917234931e-15
4882.74202574145 1.3320220375082591e-15
4885.78343592612 1.3326348907860662e-15
4888.82484611079 1.3706820031422034e-15
4891.86625629545 1.7115808788975684e-15
4894.90766648012 2.296584726383472e-15
4897.94907666479 2.0233919651387484e-15
4900.99048684946 1.599734971206025e-15
4904.03189703412 1.3853072544926703e-15
4907.07330721879 1.29218514629827e-15
4910.11471740346 1.200875037157152e-15
4913.15612758812 1.180113014414674e-15
4916.19753777279 1.193521172141632e-15
4919.23894795746 1.125725220686119e-15
4922.28035814212 1.193048542316052e-15
4925.32176832679 1.2353408941064572e-15
4928.36317851146 1.1659384117884144e-15
4931.40458869613 1.119720327844813e-15
4934.44599888079 1.1178544787521343e-15
4937.48740906546 1.2247402634937243e-15
4940.52881925013 1.217818696556864e-15
4943.57022943479 1.1017915952577524e-15
4946.61163961946 1.0849205980536596e-15
4949.65304980413 1.0986448550747676e-15
4952.69445998879 1.1132068862410373e-15
4955.73587017346 1.1743229516666118e-15
4958.77728035813 1.1941532992276388e-15
4961.81869054279 1.1281530910402348e-15
4964.86010072746 1.0744706385419336e-15
4967.90151091213 1.0668950823019045e-15
4970.9429210968 1.126882522763612e-15
4973.98433128146 1.1532341679061094e-15
4977.02574146613 1.1350660062601588e-15
4980.0671516508 1.1369702560062782e-15
4983.10856183546 1.139517330448691e-15
4986.14997202013 1.0473499037048803e-15
4989.1913822048 1.211113581819396e-15
4992.23279238947 1.7326385960601083e-15
4995.27420257413 1.653911570066884e-15
4998.3156127588 1.2165117164764098e-15
5001.35702294347 1.0434249578680115e-15
5004.39843312813 1.0768475941986433e-15
5007.4398433128 1.03600150438282e-15
5010.48125349747 1.0616324034053418e-15
5013.52266368214 1.0439961070080205e-15
5016.5640738668 1.01927979381047e-15
5019.60548405147 1.0471008145993376e-15
5022.64689423614 1.0439409140431614e-15
5025.6883044208 1.0262611939550985e-15
5028.72971460547 1.037447950844545e-15
5031.77112479014 1.033587249857664e-15
5034.8125349748 1.0581478581095022e-15
5037.85394515947 1.7250105132670013e-15
5040.89535534414 3.1049573621725647e-15
5043.93676552881 2.6404433484508832e-15
5046.97817571347 1.4124227414125747e-15
5050.01958589814 1.1492632240035717e-15
5053.06099608281 1.1821447776683238e-15
5056.10240626747 1.0421514513862973e-15
5059.14381645214 9.733172942896502e-16
5062.18522663681 9.421077956452524e-16
5065.22663682147 1.008817208466328e-15
5068.26804700614 1.035397715452499e-15
5071.30945719081 1.009880004292101e-15
5074.35086737548 1.062726769507609e-15
5077.39227756014 1.1258862956813766e-15
5080.43368774481 1.0351624805811605e-15
5083.47509792948 9.422470309101041e-16
5086.51650811414 9.415180978337009e-16
5089.55791829881 9.206227450575283e-16
5092.59932848348 9.982155889614505e-16
5095.64073866814 9.564536329192186e-16
5098.68214885281 9.063536664184113e-16
5101.72355903748 8.962616395737873e-16
5104.76496922214 9.131991072368266e-16
5107.80637940681 9.241421531773616e-16
5110.84778959148 9.215810095735024e-16
5113.88919977615 9.06653618673193e-16
5116.93060996081 9.304576441475515e-16
5119.97202014548 9.14798307935321e-16
5123.01343033015 9.484547612879537e-16
5126.05484051482 9.370855754589749e-16
5129.09625069948 9.35365613322765e-16
5132.13766088415 9.484344946567346e-16
5135.17907106882 9.95829790988174e-16
5138.22048125348 9.813966985190702e-16
5141.26189143815 9.461297460611821e-16
5144.30330162282 9.917704205348014e-16
5147.34471180748 9.903905503772378e-16
5150.38612199215 1.0017510243477171e-15
5153.42753217682 1.0316973739592145e-15
5156.46894236148 9.875880624064873e-16
5159.51035254615 9.307631747863262e-16
5162.55176273082 9.55766061497338e-16
5165.59317291549 9.407177661749516e-16
5168.63458310015 9.876035691036876e-16
5171.67599328482 9.358123553718888e-16
5174.71740346949 9.400621043583614e-16
5177.75881365415 9.614063991910756e-16
5180.80022383882 9.751944544930077e-16
5183.84163402349 1.0101313978461948e-15
5186.88304420816 9.278264479294665e-16
5189.92445439282 9.55567445068487e-16
5192.96586457749 1.09322509312965e-15
5196.00727476216 1.1210659458106848e-15
5199.04868494682 9.906132590604865e-16
5202.09009513149 9.904889211982742e-16
5205.13150531616 9.66598351907422e-16
5208.17291550082 1.0235739021753282e-15
5211.21432568549 1.0243497236448366e-15
5214.25573587016 1.0270286799471734e-15
5217.29714605482 9.999128892958623e-16
5220.33855623949 1.0003792217711292e-15
5223.37996642416 9.7743791041259e-16
5226.42137660883 9.296344669346978e-16
5229.46278679349 9.26687551879598e-16
5232.50419697816 9.965818898111074e-16
5235.54560716283 1.0132445498670989e-15
5238.58701734749 9.479222341643845e-16
5241.62842753216 9.660588862371847e-16
5244.66983771683 9.544400426798198e-16
5247.7112479015 9.351904023492213e-16
5250.75265808616 9.608058391448358e-16
5253.79406827083 9.230677698034023e-16
5256.8354784555 9.40733795723461e-16
5259.87688864016 9.751660079364041e-16
5262.91829882483 9.811749787384322e-16
5265.9597090095 9.93256983953639e-16
5269.00111919416 1.0692388905248004e-15
5272.04252937883 1.0974629452374556e-15
5275.0839395635 1.0266185978760324e-15
5278.12534974816 9.460907087463255e-16
5281.16675993283 9.312649770400037e-16
5284.2081701175 9.448598035166245e-16
5287.24958030216 9.757541246187202e-16
5290.29099048683 9.87380170424759e-16
5293.3324006715 9.869367201326738e-16
5296.37381085617 9.776743412879452e-16
5299.41522104083 1.0312330031412174e-15
5302.4566312255 1.0082733119009967e-15
5305.49804141017 1.0749580007289246e-15
5308.53945159484 1.150565031057318e-15
5311.5808617795 1.0887734831954155e-15
5314.62227196417 1.0216719442795993e-15
5317.66368214884 1.0285166510787361e-15
5320.7050923335 1.0025066534722938e-15
5323.74650251817 9.8480024880337e-16
5326.78791270284 9.986568999676008e-16
5329.8293228875 9.918343742850796e-16
5332.87073307217 9.58848388049832e-16
5335.91214325684 9.480999314576213e-16
5338.9535534415 1.018624830399331e-15
5341.99496362617 1.0401593924833742e-15
5345.03637381084 1.0219644154351914e-15
5348.07778399551 1.030508254742637e-15
5351.11919418017 1.077454563797009e-15
5354.16060436484 1.0844706948034174e-15
5357.20201454951 1.0144093022628002e-15
5360.24342473417 9.652636443314206e-16
5363.28483491884 9.773590400817027e-16
5366.32624510351 9.486722304216017e-16
5369.36765528817 1.017408606652946e-15
5372.40906547284 1.0284025927937888e-15
5375.45047565751 9.88716085459462e-16
5378.49188584218 9.96582699702647e-16
5381.53329602684 9.97278901016943e-16
5384.57470621151 9.703383920793326e-16
5387.61611639618 9.510773023423495e-16
5390.65752658084 9.288145141819703e-16
5393.69893676551 9.749106219488809e-16
5396.74034695018 9.859230550589073e-16
5399.78175713485 1.0352354620931569e-15
5402.82316731951 1.0170567596943543e-15
5405.86457750418 9.663069302469794e-16
5408.90598768885 9.815290519805339e-16
5411.94739787351 9.894470313563095e-16
5414.98880805818 9.888402074750784e-16
5418.03021824285 9.76005933431514e-16
5421.07162842751 9.188499395143916e-16
5424.11303861218 8.957049590171699e-16
5427.15444879685 8.984288338565673e-16
5430.19585898152 8.823664802626639e-16
5433.23726916618 8.97642606790938e-16
5436.27867935085 9.16060918175982e-16
5439.32008953552 9.296976572151377e-16
5442.36149972018 9.321536009095688e-16
5445.40290990485 9.295262262089611e-16
5448.44432008952 9.435702239917111e-16
5451.48573027418 9.759543266387582e-16
5454.52714045885 9.56564967601616e-16
5457.56855064352 9.457969428295471e-16
5460.60996082819 9.435685124251274e-16
5463.65137101285 9.080773183695835e-16
5466.69278119752 9.666749118327727e-16
5469.73419138219 9.35249468021408e-16
5472.77560156685 9.396677422069535e-16
5475.81701175152 9.264708662624335e-16
5478.85842193619 9.08223179086398e-16
5481.89983212085 9.210097448457637e-16
5484.94124230552 9.460350196605236e-16
5487.98265249019 9.40807483863421e-16
5491.02406267486 9.217299071252194e-16
5494.06547285952 9.195225447738434e-16
5497.10688304419 8.900791741317813e-16
5500.14829322886 8.640466010407427e-16
5503.18970341352 8.715587616288738e-16
5506.23111359819 9.146603997569775e-16
5509.27252378286 9.18620281672277e-16
5512.31393396752 9.19742352432364e-16
5515.35534415219 9.457208350025671e-16
5518.39675433686 8.363090224827785e-16
5521.43816452153 8.91237337958574e-16
5524.47957470619 9.01482781413738e-16
5527.52098489086 8.467061258625424e-16
5530.56239507553 8.379429099463343e-16
5533.60380526019 8.9384419543883e-16
5536.64521544486 9.305600282987002e-16
5539.68662562953 8.556842880254377e-16
5542.72803581419 8.643950363746047e-16
5545.76944599886 8.796679588527592e-16
5548.81085618353 8.92475261693852e-16
5551.85226636819 8.267556857058894e-16
5554.89367655286 8.764733774759468e-16
5557.93508673753 8.905005369991588e-16
5560.9764969222 8.89023631517246e-16
5564.01790710686 8.651042723172588e-16
5567.05931729153 8.709728116893e-16
5570.1007274762 8.661462975190874e-16
5573.14213766086 9.364550895060026e-16
5576.18354784553 8.773903109983186e-16
5579.2249580302 8.660835510281206e-16
5582.26636821487 8.237982270927947e-16
5585.30777839953 8.141794502359297e-16
5588.3491885842 8.309277291974776e-16
5591.39059876887 8.295188469126149e-16
5594.43200895353 8.082631125374868e-16
5597.4734191382 8.097362221067408e-16
5600.51482932287 8.216984371148327e-16
5603.55623950754 8.006565369016357e-16
5606.5976496922 8.285031675281978e-16
5609.63905987687 7.709919405812982e-16
5612.68047006154 7.882326117940696e-16
5615.7218802462 8.032616647891909e-16
5618.76329043087 7.873516232407634e-16
5621.80470061554 7.74062897734303e-16
5624.8461108002 7.580474995946146e-16
5627.88752098487 7.452383101011628e-16
5630.92893116954 7.380820875989875e-16
5633.9703413542 7.255718594826645e-16
5637.01175153887 7.587804400844525e-16
5640.05316172354 7.714448191130095e-16
5643.09457190821 7.942264683192972e-16
5646.13598209287 8.027194571881286e-16
5649.17739227754 7.942376410208363e-16
5652.21880246221 8.006348616965163e-16
5655.26021264687 8.122334022367577e-16
5658.30162283154 8.118772165742571e-16
5661.34303301621 7.54476858032195e-16
5664.38444320087 7.646842054504425e-16
5667.42585338554 7.605938007719983e-16
5670.46726357021 7.426447917734076e-16
5673.50867375488 7.69068725129889e-16
5676.55008393954 7.57890543570318e-16
5679.59149412421 7.563908647390117e-16
5682.63290430888 7.578344674428534e-16
5685.67431449354 7.53709172694714e-16
5688.71572467821 7.825671055822381e-16
5691.75713486288 7.751404937408791e-16
5694.79854504755 7.644020995297854e-16
5697.83995523221 7.377283839852606e-16
5700.88136541688 7.524824655024941e-16
5703.92277560154 7.800231647432635e-16
5706.96418578621 7.499773813617713e-16
5710.00559597088 7.563299682901519e-16
5713.04700615555 7.89337588743358e-16
5716.08841634021 7.523715285714305e-16
5719.12982652488 7.456999797614235e-16
5722.17123670955 7.018271262769622e-16
5725.21264689421 6.849134711634388e-16
5728.25405707888 7.05618526577153e-16
5731.29546726355 7.572137645716756e-16
5734.33687744822 7.12405029117574e-16
5737.37828763288 7.571564329610615e-16
5740.41969781755 6.364452641830918e-16
5743.46110800222 7.124668053006107e-16
5746.50251818688 7.26436998493788e-16
5749.54392837155 7.086208235062531e-16
5752.58533855622 6.946734823579528e-16
5755.62674874089 6.770745929560621e-16
5758.66815892555 7.482578368861733e-16
5761.70956911022 7.83272840808103e-16
5764.75097929488 7.625040158840498e-16
5767.79238947955 6.97391943556495e-16
5770.83379966422 6.523035954038471e-16
5773.87520984889 6.504629046938723e-16
5776.91662003355 6.389944749004431e-16
5779.95803021822 6.85485963928384e-16
5782.99944040289 6.97285889228349e-16
5786.04085058755 7.113051827928342e-16
5789.08226077222 6.921178265588421e-16
5792.12367095689 9.778320202768527e-16
5795.16508114156 1.059444553188841e-15
5798.20649132622 8.762034036404314e-16
5801.24790151089 7.173572752179866e-16
5804.28931169556 6.98949574180829e-16
5807.33072188022 6.979913099920783e-16
5810.37213206489 6.663881673470196e-16
5813.41354224956 6.86084361968305e-16
5816.45495243422 7.446234448204151e-16
5819.49636261889 7.396824910242934e-16
5822.53777280356 6.710038657123588e-16
5825.57918298823 7.460236050626873e-16
5828.62059317289 7.440346961354259e-16
5831.66200335756 7.474426336200432e-16
5834.70341354223 7.500617793465636e-16
5837.74482372689 7.873686559404811e-16
5840.78623391156 8.181578131097424e-16
5843.82764409623 8.014352310153178e-16
5846.86905428089 7.974332611991332e-16
5849.91046446556 7.924369664405097e-16
5852.95187465023 7.790747727227649e-16
5855.99328483489 7.946672667862378e-16
5859.03469501956 7.742228668617804e-16
5862.07610520423 7.816649981801007e-16
5865.1175153889 7.960152691551864e-16
5868.15892557356 8.183842527673785e-16
5871.20033575823 8.346915730814609e-16
5874.2417459429 8.228143665929872e-16
5877.28315612756 8.288352000524188e-16
5880.32456631223 8.456819394115009e-16
5883.3659764969 8.215786145560505e-16
5886.40738668157 8.159266249310504e-16
5889.44879686623 8.189029667457641e-16
5892.4902070509 7.994604070305086e-16
5895.53161723557 8.759226974339691e-16
5898.57302742023 8.790372118786813e-16
5901.6144376049 8.956599438251262e-16
5904.65584778957 8.917154788729338e-16
5907.69725797423 9.266766508416835e-16
5910.7386681589 9.128287211332702e-16
5913.78007834357 1.2653934121892683e-15
5916.82148852824 1.5645014775818954e-15
5919.8628987129 1.377484408055465e-15
5922.90430889757 1.0409013386698533e-15
5925.94571908224 8.913663596067629e-16
5928.9871292669 8.547160378004548e-16
5932.02853945157 8.335596827394708e-16
5935.06994963624 8.652344620441278e-16
5938.11135982091 8.531542585278688e-16
5941.15277000557 8.391028506410948e-16
5944.19418019024 8.369192900746037e-16
5947.23559037491 8.693796555149241e-16
5950.27700055957 9.151860055439347e-16
5953.31841074424 8.579330489892543e-16
5956.35982092891 8.235656732343089e-16
5959.40123111357 8.569321693321983e-16
5962.44264129824 8.276831722909054e-16
5965.48405148291 8.23568988245021e-16
5968.52546166758 8.304072159085585e-16
5971.56687185224 8.028699856403862e-16
5974.60828203691 8.043812320368766e-16
5977.64969222158 8.12275509505594e-16
5980.69110240624 8.142885496587189e-16
5983.73251259091 8.017554259346061e-16
5986.77392277558 8.140234881460842e-16
5989.81533296024 8.049724037934514e-16
5992.85674314491 7.883831711197069e-16
5995.89815332958 8.142754852829317e-16
5998.93956351424 8.174856785651275e-16
6001.98097369891 7.9393214371190805e-16
6005.02238388358 8.242987684851921e-16
6008.06379406825 8.622416531977099e-16
6011.10520425291 8.523400121386623e-16
6014.14661443758 8.192692444381522e-16
6017.18802462225 8.078256002610178e-16
6020.22943480691 8.57564349216542e-16
6023.27084499158 8.479370678753103e-16
6026.31225517625 8.668837933638117e-16
6029.35366536092 8.717743455846506e-16
6032.39507554558 8.451383729418252e-16
6035.43648573025 8.887105907039415e-16
6038.47789591492 8.134015541528676e-16
6041.51930609958 8.44865511931081e-16
6044.56071628425 8.276895042715957e-16
6047.60212646892 8.242194004752947e-16
6050.64353665358 8.563717644740274e-16
6053.68494683825 8.12623656768429e-16
6056.72635702292 8.000940044450688e-16
6059.76776720758 7.903959766965301e-16
6062.80917739225 7.865833649632045e-16
6065.85058757692 7.814984709980953e-16
6068.89199776159 7.664008012489822e-16
6071.93340794625 7.543250242583087e-16
6074.97481813092 7.581915116073378e-16
6078.01622831559 7.551433660195314e-16
6081.05763850025 7.777928772667193e-16
6084.09904868492 7.556773932566985e-16
6087.14045886959 7.327248353207383e-16
6090.18186905426 7.385955132868158e-16
6093.22327923892 7.219827622504686e-16
6096.26468942359 7.196144099929911e-16
6099.30609960826 7.3649486556296415e-16
6102.34750979292 7.751603101590238e-16
6105.38891997759 7.350831377900711e-16
6108.43033016226 7.3706977488155895e-16
6111.47174034693 7.25298707242973e-16
6114.51315053159 7.089734865293851e-16
6117.55456071626 7.197193627668098e-16
6120.59597090092 7.183106740548622e-16
6123.63738108559 7.435121683898925e-16
6126.67879127026 8.50226282245793e-16
6129.72020145493 9.194015296157348e-16
6132.76161163959 8.358371551688789e-16
6135.80302182426 7.342877523860806e-16
6138.84443200893 6.993854798836923e-16
6141.88584219359 7.1887943306356525e-16
6144.92725237826 7.249712986743871e-16
6147.96866256293 7.176613433929491e-16
6151.01007274759 6.984483838368781e-16
6154.05148293226 7.131199425468878e-16
6157.09289311693 6.837644739699034e-16
6160.1343033016 7.2406088400122125e-16
6163.17571348626 7.042074775742006e-16
6166.21712367093 7.002656502174202e-16
6169.2585338556 6.825504392499552e-16
6172.29994404026 6.569836919036035e-16
6175.34135422493 6.956067391016072e-16
6178.3827644096 7.050389327656195e-16
6181.42417459427 6.766792807022005e-16
6184.46558477893 6.705014081835017e-16
6187.5069949636 6.538089873101011e-16
6190.54840514827 6.731317188680893e-16
6193.58981533293 6.800475886144898e-16
6196.6312255176 6.957058860985593e-16
6199.67263570227 7.068095671993355e-16
6202.71404588693 6.912386044463364e-16
6205.7554560716 6.485105035156975e-16
6208.79686625627 6.446799774355352e-16
6211.83827644093 6.492485861755873e-16
6214.8796866256 6.64446896953154e-16
6217.92109681027 6.673348289679713e-16
6220.96250699494 6.637728763127991e-16
6224.0039171796 6.509442961135344e-16
6227.04532736427 6.60220735865994e-16
6230.08673754894 6.976257414398138e-16
6233.1281477336 6.829826585778502e-16
6236.16955791827 6.688717537659692e-16
6239.21096810294 7.230775760770268e-16
6242.25237828761 7.147543984184707e-16
6245.29378847227 7.060721662652956e-16
6248.33519865694 7.123608103538979e-16
6251.37660884161 6.989054274238461e-16
6254.41801902627 7.119499745797533e-16
6257.45942921094 7.312136835718206e-16
6260.50083939561 7.298090281600713e-16
6263.54224958027 7.342458758074438e-16
6266.58365976494 7.566702428988625e-16
6269.62506994961 7.216160000401709e-16
6272.66648013427 7.56060081229574e-16
6275.70789031894 7.782046798115276e-16
6278.74930050361 7.774347282015513e-16
6281.79071068828 7.883092025902945e-16
6284.83212087294 8.099302243102556e-16
6287.87353105761 8.531474441086073e-16
6290.91494124228 8.63478206904139e-16
6293.95635142694 8.323759688499857e-16
6296.99776161161 8.372272582611766e-16
6300.03917179628 8.270363966248153e-16
6303.08058198095 8.142782834646511e-16
6306.12199216561 8.030776932413478e-16
6309.16340235028 7.91225269704397e-16
6312.20481253495 7.796125022052713e-16
6315.24622271961 7.769838899409883e-16
6318.28763290428 7.782511514916292e-16
6321.32904308895 7.673599290997885e-16
6324.37045327361 8.021958383427241e-16
6327.41186345828 7.658727215197555e-16
6330.45327364295 7.362524387644558e-16
6333.49468382761 7.520623304623193e-16
6336.53609401228 7.772336250099712e-16
6339.57750419695 7.821300727188533e-16
6342.61891438162 8.185660508348823e-16
6345.66032456628 8.672859569902678e-16
6348.70173475095 8.702628423977046e-16
6351.74314493562 8.815068989341249e-16
6354.78455512028 9.008230320679132e-16
6357.82596530495 8.142743909805784e-16
6360.86737548962 8.391151246931548e-16
6363.90878567429 8.827510661576516e-16
6366.95019585895 8.769250100722886e-16
6369.99160604362 8.5880271695598355e-16
6373.03301622829 8.716190733147921e-16
6376.07442641296 8.743247544454892e-16
6379.11583659762 8.802274763067506e-16
6382.15724678229 9.001978007977813e-16
6385.19865696695 8.980342052855601e-16
6388.24006715162 8.961476342844714e-16
6391.28147733629 9.301062807202023e-16
6394.32288752096 9.29465005440182e-16
6397.36429770562 9.381284885438306e-16
6400.40570789029 9.734601108763255e-16
6403.44711807496 9.947778081005783e-16
6406.48852825962 9.970437572162937e-16
6409.52993844429 1.0399778183628205e-15
6412.57134862896 1.0348527503789427e-15
6415.61275881363 1.0654878443074814e-15
6418.65416899829 1.1266377571484742e-15
6421.69557918296 1.1251831715834808e-15
6424.73698936763 1.0367206403910716e-15
6427.77839955229 9.945616889054857e-16
6430.81980973696 9.947219465712541e-16
6433.86121992163 9.697800429264475e-16
6436.90263010629 9.782641899375036e-16
6439.94404029096 9.554961611912633e-16
6442.98545047563 9.86775929157833e-16
6446.0268606603 9.953987211812241e-16
6449.06827084496 1.0257307559353264e-15
6452.10968102963 1.035109737902088e-15
6455.1510912143 1.0485909085678903e-15
6458.19250139896 1.0533856042475795e-15
6461.23391158363 1.0701594540257135e-15
6464.2753217683 1.0883638190873817e-15
6467.31673195296 1.1078534102634184e-15
6470.35814213763 1.0621579960457149e-15
6473.3995523223 1.0736768242707806e-15
6476.44096250697 1.06767835055973e-15
6479.48237269163 1.10068640280885e-15
6482.5237828763 1.1356025954629666e-15
6485.56519306097 1.1399401984473954e-15
6488.60660324563 1.1423088556607247e-15
6491.6480134303 1.1569239888043197e-15
6494.68942361497 1.1208524429816964e-15
6497.73083379963 1.1537293076496598e-15
6500.7722439843 1.1926569232701898e-15
6503.81365416897 1.1816005153691441e-15
6506.85506435363 1.1607990204774173e-15
6509.8964745383 1.1671292751091616e-15
6512.93788472297 1.1752555267559165e-15
6515.97929490764 1.188640489015369e-15
6519.0207050923 1.1974581229701107e-15
6522.06211527697 1.2125030309076834e-15
6525.10352546164 1.2206398981981873e-15
6528.1449356463 1.2156993724507407e-15
6531.18634583097 1.2291073695501813e-15
6534.22775601564 1.2069655292922987e-15
6537.2691662003 1.2027181852632489e-15
6540.31057638497 1.2301087539147053e-15
6543.35198656964 1.2375331657200934e-15
6546.39339675431 1.2570025022272691e-15
6549.43480693897 1.2559909129835831e-15
6552.47621712364 1.2275442078646092e-15
6555.51762730831 1.291500472393344e-15
6558.55903749297 1.2931960624688947e-15
6561.60044767764 1.3823098671869187e-15
6564.64185786231 1.3805466797703576e-15
6567.68326804697 1.3775967775179542e-15
6570.72467823164 1.4540522911012627e-15
6573.76608841631 1.4434482393343023e-15
6576.80749860098 1.5139771176630157e-15
6579.84890878564 1.6019591142571138e-15
6582.89031897031 1.619986731739543e-15
6585.93172915498 1.6972908982564325e-15
6588.97313933964 1.7839812693819626e-15
6592.01454952431 1.9128375211603617e-15
6595.05595970898 2.0119397167862735e-15
6598.09736989364 2.0462483916727274e-15
6601.13878007831 2.30285864994333e-15
6604.18019026298 4.028426117797121e-15
6607.22160044764 7.636253730397591e-15
6610.26301063231 8.785295073560801e-15
6613.30442081698 5.29415440223752e-15
6616.34583100165 2.587148413160914e-15
6619.38724118631 1.973092339377918e-15
6622.42865137098 1.842324744671767e-15
6625.47006155565 1.8075297988727663e-15
6628.51147174032 1.796757699806951e-15
6631.55288192498 1.7554205013451802e-15
6634.59429210965 1.5039552423707161e-15
6637.63570229432 1.3678728764674984e-15
6640.67711247898 1.295280952778298e-15
6643.71852266365 1.30365940536914e-15
6646.75993284831 1.2965989972761731e-15
6649.80134303298 1.2503060565244405e-15
6652.84275321765 1.257158341039857e-15
6655.88416340232 1.2369049162313185e-15
6658.92557358699 1.2631702455096037e-15
6661.96698377165 1.2735421499865223e-15
6665.00839395632 1.2727785479353006e-15
6668.04980414099 1.2144609937774368e-15
6671.09121432565 1.1790240154528748e-15
6674.13262451032 1.2129328154222262e-15
6677.17403469499 1.2059231706469714e-15
6680.21544487965 1.1695118584256752e-15
6683.25685506432 1.1895043312137277e-15
6686.29826524899 1.2125507966635414e-15
6689.33967543365 1.1967540207347127e-15
6692.38108561832 1.2055052194187444e-15
6695.42249580299 1.1714131459153907e-15
6698.46390598766 1.1886406432954418e-15
6701.50531617232 1.178846845718884e-15
6704.54672635699 1.169278821065192e-15
6707.58813654166 1.1301313771518446e-15
6710.62954672632 1.1034501700260835e-15
6713.67095691099 1.1632987809892395e-15
6716.71236709566 1.1038430520368515e-15
6719.75377728032 1.1312561172168927e-15
6722.79518746499 1.2385630910607392e-15
6725.83659764966 1.2741604082891215e-15
6728.87800783433 1.1863688428794224e-15
6731.91941801899 1.13251843523349e-15
6734.96082820366 1.0832957070714642e-15
6738.00223838833 1.056893879941504e-15
6741.04364857299 1.0761496128803093e-15
6744.08505875766 1.052038770487542e-15
6747.12646894233 1.0551910844782434e-15
6750.16787912699 1.0155929802850352e-15
6753.20928931166 1.0336054901238889e-15
6756.25069949633 1.0492304865823347e-15
6759.29210968099 1.0335754033903386e-15
6762.33351986566 1.0195776793991246e-15
6765.37493005033 1.003803060891672e-15
6768.416340235 9.847979965142592e-16
6771.45775041966 9.50630751046615e-16
6774.49916060433 9.176014744181012e-16
6777.540570789 9.598414191166862e-16
6780.58198097366 9.88268684424191e-16
6783.62339115833 9.724486655211514e-16
6786.664801343 9.005010796952044e-16
6789.70621152767 8.952465666809156e-16
6792.74762171233 8.91182024018324e-16
6795.789031897 8.729244591338155e-16
6798.83044208167 8.5480202768800965e-16
6801.87185226633 8.490433112725899e-16
6804.913262451 8.632901071052087e-16
6807.95467263567 8.795653260629663e-16
6810.99608282034 8.519612086528658e-16
6814.037493005 8.41663788026221e-16
6817.07890318967 8.189933500370913e-16
6820.12031337434 8.227748902540222e-16
6823.161723559 8.104401015548472e-16
6826.20313374367 8.038256250273442e-16
6829.24454392834 8.208893214292917e-16
6832.285954113 7.763732920904344e-16
6835.32736429767 8.035808436511522e-16
6838.36877448234 8.420435294848398e-16
6841.410184667 8.482140903165605e-16
6844.45159485167 8.110397893361867e-16
6847.49300503634 8.125258752234008e-16
6850.53441522101 8.162954335213495e-16
6853.57582540567 7.930754656858558e-16
6856.61723559034 7.579292935977229e-16
6859.65864577501 7.816843950217888e-16
6862.70005595967 7.733143691853791e-16
6865.74146614434 6.83368328892334e-16
6868.78287632901 6.644952231286083e-16
6871.82428651368 7.34033066091916e-16
6874.86569669834 7.645334315605624e-16
6877.90710688301 7.826918780099127e-16
6880.94851706768 7.539407770861195e-16
6883.98992725234 6.89930041242742e-16
6887.03133743701 6.78681163575806e-16
6890.07274762168 7.178209748719514e-16
6893.11415780634 6.810567245819539e-16
6896.15556799101 6.70303299305522e-16
6899.19697817568 7.14172674004867e-16
6902.23838836035 7.07953293159469e-16
6905.27979854501 6.882189058489503e-16
6908.32120872968 6.837891044622037e-16
6911.36261891434 6.67195440393913e-16
6914.40402909901 6.609258783164904e-16
6917.44543928368 6.538717721776747e-16
6920.48684946835 6.598467165879694e-16
6923.52825965301 6.497101643054918e-16
6926.56966983768 6.627006253643014e-16
6929.61108002235 6.382215481022299e-16
6932.65249020701 6.589046310615599e-16
6935.69390039168 6.713180783962314e-16
6938.73531057635 6.717627104909845e-16
6941.77672076102 6.482706295923055e-16
6944.81813094568 6.525429172440078e-16
6947.85954113035 6.277548650385984e-16
6950.90095131502 6.339842378117177e-16
6953.94236149968 6.152314147884402e-16
6956.98377168435 6.387389021145169e-16
6960.02518186902 6.25661345479713e-16
6963.06659205369 6.461776228014864e-16
6966.10800223835 6.505479047964868e-16
6969.14941242302 6.226636291338743e-16
6972.19082260769 6.484668857104542e-16
6975.23223279235 6.229405381481255e-16
6978.27364297702 6.262055662259305e-16
6981.31505316169 6.31191535719404e-16
6984.35646334635 6.190467024830663e-16
6987.39787353102 6.307111419549535e-16
6990.43928371569 6.377866708046413e-16
6993.48069390036 6.524561431264945e-16
6996.52210408502 6.341927494504276e-16
6999.56351426969 6.267895626549233e-16
7002.60492445436 6.51476492046928e-16
7005.64633463902 6.402529813787676e-16
7008.68774482369 6.556851426448242e-16
7011.72915500836 6.420000607230927e-16
7014.77056519302 6.231468364851366e-16
7017.81197537769 6.473193312760332e-16
7020.85338556236 6.454591198298935e-16
7023.89479574702 6.38920025178287e-16
7026.93620593169 6.694340263658984e-16
7029.97761611636 6.171524567790524e-16
7033.01902630103 6.527253121858374e-16
7036.06043648569 6.86477351324125e-16
7039.10184667036 6.787413034311959e-16
7042.14325685503 6.863282665532288e-16
7045.18466703969 6.941539937363066e-16
7048.22607722436 6.903248900267181e-16
7051.26748740903 7.104983056792607e-16
7054.3088975937 7.074144324653572e-16
7057.35030777836 6.472262825811879e-16
7060.39171796303 6.491122510565054e-16
7063.4331281477 6.86988494534556e-16
7066.47453833236 6.690221121534145e-16
7069.51594851703 6.760823153219065e-16
7072.5573587017 6.8482602011599495e-16
7075.59876888636 6.525916348755912e-16
7078.64017907103 6.513739419683576e-16
7081.6815892557 6.627957176837621e-16
7084.72299944037 6.983977604285716e-16
7087.76440962503 6.672059304845119e-16
7090.8058198097 6.88802012857743e-16
7093.84722999437 6.775766776943981e-16
7096.88864017904 6.78894021904327e-16
7099.9300503637 6.632210419767388e-16
7102.97146054837 6.823466165494555e-16
7106.01287073303 6.741167558516662e-16
7109.0542809177 7.63687819796117e-16
7112.09569110237 1.0978668009564428e-15
7115.13710128703 1.3714841863597907e-15
7118.1785114717 1.140173285676992e-15
7121.21992165637 7.491244218647393e-16
7124.26133184104 6.774054119180108e-16
7127.3027420257 6.6223454938163105e-16
7130.34415221037 6.568192702425933e-16
7133.38556239504 6.662134101282263e-16
7136.4269725797 6.710418047153535e-16
7139.46838276437 6.334995928834531e-16
7142.50979294904 6.645573092396498e-16
7145.55120313371 6.326772752305032e-16
7148.59261331837 6.344492650653084e-16
7151.63402350304 6.511455026341534e-16
7154.67543368771 6.399442580637662e-16
7157.71684387237 5.978601851106948e-16
7160.75825405704 6.294714530555976e-16
7163.79966424171 6.264463776650492e-16
7166.84107442637 6.218426499762056e-16
7169.88248461104 6.286665008744139e-16
7172.92389479571 5.879449837972251e-16
7175.96530498038 5.797098662322971e-16
7179.00671516504 5.967128023159717e-16
7182.04812534971 6.335789998019304e-16
7185.08953553438 7.131268821721372e-16
7188.13094571904 6.923971022910855e-16
7191.17235590371 6.433337031454666e-16
7194.21376608838 5.977373425416505e-16
7197.25517627304 6.585967058319593e-16
7200.29658645771 6.510125100501347e-16
7203.33799664238 7.142761815924076e-16
7206.37940682705 6.872328041566005e-16
7209.42081701171 6.629066027504241e-16
7212.46222719638 6.752115619705496e-16
7215.50363738105 6.658903791807042e-16
7218.54504756571 7.034181972999154e-16
7221.58645775038 7.17582198583746e-16
7224.62786793505 6.991461085504039e-16
7227.66927811972 6.664146649381784e-16
7230.71068830438 6.355971527646521e-16
7233.75209848905 6.393388874027088e-16
7236.79350867372 6.888921634873556e-16
7239.83491885838 6.818832919085104e-16
7242.87632904305 6.785803539010687e-16
7245.91773922772 6.848129805163923e-16
7248.95914941238 6.552457174771378e-16
7252.00055959705 6.701830096020081e-16
7255.04196978172 6.424503352807057e-16
7258.08337996638 6.385610661730448e-16
7261.12479015105 6.446424814483188e-16
7264.16620033572 6.484940869958754e-16
7267.20761052038 6.266283725901687e-16
7270.24902070505 6.578734910983139e-16
7273.29043088972 6.518122210562763e-16
7276.33184107439 6.526467003661996e-16
7279.37325125905 6.875633318178766e-16
7282.41466144372 6.633120060216956e-16
7285.45607162839 6.309973351069431e-16
7288.49748181305 6.375889568089121e-16
7291.53889199772 6.23372326042965e-16
7294.58030218239 6.670092753527396e-16
7297.62171236706 6.642940114294353e-16
7300.66312255172 6.104247763548999e-16
7303.70453273639 5.876358084977797e-16
7306.74594292106 6.016446377488515e-16
7309.78735310572 6.17386690237008e-16
7312.82876329039 6.627734971489444e-16
7315.87017347506 6.553832409796474e-16
7318.91158365973 6.341803704259925e-16
7321.95299384439 6.394899025847431e-16
7324.99440402906 6.104059253537857e-16
7328.03581421373 6.175601943995373e-16
7331.07722439839 6.504077462045077e-16
7334.11863458306 6.639953049513316e-16
7337.16004476773 5.971032575031495e-16
7340.20145495239 6.132759862287562e-16
7343.24286513706 5.848820278266522e-16
7346.28427532173 5.73690877194285e-16
7349.3256855064 6.23018589581884e-16
7352.36709569106 6.338197133663444e-16
7355.40850587573 5.945914570715873e-16
7358.4499160604 5.970418336192555e-16
7361.49132624506 5.734601525286146e-16
7364.53273642973 5.650644755017958e-16
7367.5741466144 5.782780689427888e-16
7370.61555679906 6.204957708721988e-16
7373.65696698373 5.973361062561727e-16
7376.6983771684 6.006853921399938e-16
7379.73978735307 5.910324012179796e-16
7382.78119753773 6.027142459176008e-16
7385.8226077224 5.728474322709359e-16
7388.86401790707 5.534983589198041e-16
7391.90542809173 5.369198498622367e-16
7394.9468382764 5.780869753851421e-16
7397.98824846107 6.2125796906107885e-16
7401.02965864573 5.958871053297076e-16
7404.0710688304 5.757604258599303e-16
7407.11247901507 5.763543365982536e-16
7410.15388919974 5.683966963627492e-16
7413.1952993844 5.720887163161712e-16
7416.23670956907 5.517640730419369e-16
7419.27811975374 5.462309498900794e-16
7422.3195299384 5.440692358197864e-16
7425.36094012307 5.167151958417731e-16
7428.40235030774 5.410017503546174e-16
7431.44376049241 5.962603563683435e-16
7434.48517067707 5.620480514825174e-16
7437.52658086174 5.513183376316137e-16
7440.56799104641 5.748695006159058e-16
7443.60940123107 5.691835515849536e-16
7446.65081141574 5.700673890237777e-16
7449.69222160041 5.709853683583759e-16
7452.73363178507 5.699937269704518e-16
7455.77504196974 5.440094808040304e-16
7458.81645215441 5.497810219434944e-16
7461.85786233907 5.574529153130973e-16
7464.89927252374 5.30539496808977e-16
7467.94068270841 5.19417373417459e-16
7470.98209289308 5.4402832940395385e-16
7474.02350307774 5.488297235949059e-16
7477.06491326241 5.407771853526737e-16
7480.10632344707 5.122866997072185e-16
7483.14773363174 5.522094862347587e-16
7486.18914381641 5.501761418987164e-16
7489.23055400108 5.223356336035763e-16
7492.27196418574 5.291202000304438e-16
7495.31337437041 5.732532235888534e-16
7498.35478455508 5.578854518418248e-16
7501.39619473974 5.424164297562029e-16
7504.43760492441 5.640695292981337e-16
7507.47901510908 5.616331466666996e-16
7510.52042529375 5.09440088450535e-16
7513.56183547841 4.856338864632676e-16
7516.60324566308 5.240111815956517e-16
7519.64465584775 5.119858553257131e-16
7522.68606603241 5.317565465449906e-16
7525.72747621708 4.907552525506351e-16
7528.76888640175 4.944032789392626e-16
7531.81029658641 5.304030131542016e-16
7534.85170677108 5.530398834078455e-16
7537.89311695575 5.196276606514889e-16
7540.93452714042 4.644663451354608e-16
7543.97593732508 4.916527274416935e-16
7547.01734750975 5.020203643760694e-16
7550.05875769442 5.074411147469981e-16
7553.10016787908 5.269537305324574e-16
7556.14157806375 5.185294089669272e-16
7559.18298824842 5.16683361509781e-16
7562.22439843308 5.165615730141433e-16
7565.26580861775 5.090828495089566e-16
7568.30721880242 4.943723367592727e-16
7571.34862898709 4.792207007106639e-16
7574.39003917175 4.901329524113429e-16
7577.43144935642 5.298837683056078e-16
7580.47285954109 4.667893978805417e-16
7583.51426972575 4.798892365477373e-16
7586.55567991042 5.160265374900202e-16
7589.59709009509 5.075405385847377e-16
7592.63850027975 4.701346195136424e-16
7595.67991046442 3.7876798235766914e-16
7598.72132064909 3.4970483615231714e-16
7601.76273083376 3.7084005445698894e-16
7604.80414101842 3.6997815682628245e-16
7607.84555120309 4.200998327167715e-16
7610.88696138776 4.700758952845881e-16
7613.92837157242 5.245794454717716e-16
7616.96978175709 5.184746725203272e-16
7620.01119194176 4.338932183509609e-16
7623.05260212642 4.0297328557815174e-16
7626.09401231109 4.2439974773404083e-16
7629.13542249576 4.444580580451925e-16
7632.17683268043 4.619396249888102e-16
7635.21824286509 4.660328628935527e-16
7638.25965304976 4.224443338702436e-16
7641.30106323443 4.585625532164291e-16
7644.3424734191 4.720069301503308e-16
7647.38388360376 4.787792917798604e-16
7650.42529378843 4.905839720969631e-16
7653.4667039731 4.512513701234365e-16
7656.50811415776 4.830977609440689e-16
7659.54952434243 4.949947049636716e-16
7662.5909345271 4.837074849743418e-16
7665.63234471176 5.162093113525348e-16
7668.67375489643 5.031650060884337e-16
7671.7151650811 4.834326436330342e-16
7674.75657526576 4.600424829455485e-16
7677.79798545043 4.542044203623527e-16
7680.8393956351 4.570007586606741e-16
7683.88080581977 4.625700797616384e-16
7686.92221600443 4.501576381788344e-16
7689.9636261891 4.743868924885976e-16
7693.00503637377 4.514684720652993e-16
7696.04644655843 4.347083539699369e-16
7699.0878567431 4.708990253459903e-16
7702.12926692777 4.578204144570889e-16
7705.17067711243 4.520498073740251e-16
7708.2120872971 4.725163747108669e-16
7711.25349748177 5.042842794409157e-16
7714.29490766644 4.605241661006098e-16
7717.3363178511 4.2916577653083655e-16
7720.37772803577 4.451075620162945e-16
7723.41913822044 4.419980994618002e-16
7726.4605484051 4.583898995442395e-16
7729.50195858977 4.600310480467494e-16
7732.54336877444 4.478093191293209e-16
7735.5847789591 4.520517579421877e-16
7738.62618914377 4.688848682589535e-16
7741.66759932844 4.740543146717574e-16
7744.7090095131 5.123133521581581e-16
7747.75041969777 4.458607247879e-16
7750.79182988244 4.3668425443010677e-16
7753.83324006711 4.673563206827798e-16
7756.87465025177 4.4290298975258326e-16
7759.91606043644 4.736330028740368e-16
7762.95747062111 4.874467440796571e-16
7765.99888080577 4.653838685394918e-16
7769.04029099044 4.892900361824448e-16
7772.08170117511 4.8574258274202145e-16
7775.12311135978 4.5420058282396265e-16
7778.16452154444 4.622192808361663e-16
7781.20593172911 4.599012811719735e-16
7784.24734191378 4.577578312030638e-16
7787.28875209844 4.575753448545825e-16
7790.33016228311 4.610770022646589e-16
7793.37157246778 4.698283891713917e-16
7796.41298265245 4.759568583725797e-16
7799.45439283711 4.832885736949423e-16
7802.49580302178 4.714464792475187e-16
7805.53721320645 4.636231699842745e-16
7808.57862339111 4.898953770928532e-16
7811.62003357578 4.832433372323153e-16
7814.66144376045 4.398488460043104e-16
7817.70285394511 4.565701425233971e-16
7820.74426412978 4.614941083342879e-16
7823.78567431445 4.566201976608371e-16
7826.82708449911 4.661247511347028e-16
7829.86849468378 4.577458598284614e-16
7832.90990486845 4.3739603432398884e-16
7835.95131505311 4.687291781995471e-16
7838.99272523778 4.623939183898798e-16
7842.03413542245 4.86405126080406e-16
7845.07554560712 4.378119471910307e-16
7848.11695579178 4.502303995412881e-16
7851.15836597645 4.225873479877344e-16
7854.19977616112 4.67146192401246e-16
7857.24118634579 4.1869957316423105e-16
7860.28259653045 4.561261085676629e-16
7863.32400671512 4.45385606527736e-16
7866.36541689979 4.719853197081561e-16
7869.40682708445 4.976358670033579e-16
7872.44823726912 4.74081742965988e-16
7875.48964745379 4.2565501267433783e-16
7878.53105763845 4.4086573547464876e-16
7881.57246782312 4.477342125103738e-16
7884.61387800779 4.2478518809878953e-16
7887.65528819245 4.499810717775906e-16
7890.69669837712 4.496185352433966e-16
7893.73810856179 4.2798056665080213e-16
7896.77951874645 4.253059648267011e-16
7899.82092893112 4.286973116913566e-16
7902.86233911579 4.0085967577459414e-16
7905.90374930046 4.2815532081782486e-16
7908.94515948512 4.551264745133856e-16
7911.98656966979 4.495740269576436e-16
7915.02797985446 4.272719102323116e-16
7918.06939003912 4.370299090032479e-16
7921.11080022379 4.508545500244066e-16
7924.15221040846 4.430854129879826e-16
7927.19362059313 4.451767138818657e-16
7930.23503077779 4.492429063582688e-16
7933.27644096246 4.34575613435816e-16
7936.31785114713 4.498680575981592e-16
7939.35926133179 4.012877027179121e-16
7942.40067151646 4.2543844679822323e-16
7945.44208170113 4.740176166631801e-16
7948.48349188579 4.789737073798106e-16
7951.52490207046 4.477642561778214e-16
7954.56631225513 4.0980508255898135e-16
7957.60772243979 3.9988938542321045e-16
7960.64913262446 4.457755205864176e-16
7963.69054280913 4.184986145499135e-16
7966.7319529938 4.3492140522108534e-16
7969.77336317846 4.3111658378051414e-16
7972.81477336313 4.519729506177668e-16
7975.8561835478 4.2314538649818336e-16
7978.89759373247 4.3918355873441025e-16
7981.93900391713 4.453315823719722e-16
7984.9804141018 4.1514221494031047e-16
7988.02182428647 4.639200753044151e-16
7991.06323447113 4.554431909898213e-16
7994.1046446558 4.330471977537705e-16
7997.14605484047 4.1255162490925084e-16
8000.18746502513 4.4182281392029233e-16
8003.2288752098 4.072173988365637e-16
8006.27028539447 4.300355198149141e-16
8009.31169557913 4.4220899600696174e-16
8012.3531057638 4.31823866214035e-16
8015.39451594847 4.221296532175426e-16
8018.43592613314 4.388235374907668e-16
8021.4773363178 4.227487692259801e-16
8024.51874650247 4.349890161354614e-16
8027.56015668714 4.578732238383762e-16
8030.6015668718 4.370145202098158e-16
8033.64297705647 4.082854449341214e-16
8036.68438724114 4.2409493152654584e-16
8039.72579742581 4.3761678544823273e-16
8042.76720761047 4.318526021700099e-16
8045.80861779514 4.0274400071587503e-16
8048.85002797981 4.142059304439871e-16
8051.89143816447 4.208750265075077e-16
8054.93284834914 3.7345351752924257e-16
8057.97425853381 4.0274716935752077e-16
8061.01566871847 3.945929556003006e-16
8064.05707890314 4.50006672667617e-16
8067.09848908781 4.1976866878083865e-16
8070.13989927247 4.046411694277225e-16
8073.18130945714 3.976288440360841e-16
8076.22271964181 3.9557191542718996e-16
8079.26412982648 4.1116710302527143e-16
8082.30554001114 4.2117134150223897e-16
8085.34695019581 4.209147823561117e-16
8088.38836038048 4.1027569072133926e-16
8091.42977056514 4.111391516303944e-16
8094.47118074981 3.8568023335865433e-16
8097.51259093448 4.1680238689246593e-16
8100.55400111914 4.3609636081646827e-16
8103.59541130381 4.1386240170219005e-16
8106.63682148848 4.044569912185337e-16
8109.67823167315 3.7594882515034253e-16
8112.71964185781 4.12712098122232e-16
8115.76105204248 4.3162033044232204e-16
8118.80246222715 4.421424481315191e-16
8121.84387241181 4.0968832353919557e-16
8124.88528259648 4.0300739040557813e-16
8127.92669278115 4.0665985791098333e-16
8130.96810296582 4.0554378548232084e-16
8134.00951315048 4.0351797306684026e-16
8137.05092333515 4.123253462134942e-16
8140.09233351981 4.0984142620221156e-16
8143.13374370448 4.161263275618491e-16
8146.17515388915 4.148383039240228e-16
8149.21656407382 4.1391125836692345e-16
8152.25797425848 4.4949764754389985e-16
8155.29938444315 4.565605878884858e-16
8158.34079462782 4.608856989529736e-16
8161.38220481248 4.1418153358264225e-16
8164.42361499715 4.296003268238941e-16
8167.46502518182 4.3828537402545397e-16
8170.50643536649 4.327686566606463e-16
8173.54784555115 4.3194296653523833e-16
8176.58925573582 4.544127515787727e-16
8179.63066592049 4.800919291809689e-16
8182.67207610515 4.483860230898354e-16
8185.71348628982 4.469651769432597e-16
8188.75489647449 4.2615726791638885e-16
8191.79630665916 4.487338417637813e-16
8194.83771684382 4.784905784516682e-16
8197.87912702849 4.6428496268989205e-16
8200.92053721315 5.225011662832687e-16
8203.96194739782 5.127309002525607e-16
8207.00335758249 4.325812778229272e-16
8210.04476776715 4.462318778421923e-16
8213.08617795182 4.326271168450532e-16
8216.12758813649 4.585383982666879e-16
8219.16899832116 4.202027208286274e-16
8222.21040850582 4.631899579046933e-16
8225.25181869049 3.9989495411715324e-16
8228.29322887516 4.0770123866860294e-16
8231.33463905983 4.846831697599604e-16
8234.37604924449 4.847892155145993e-16
8237.41745942916 4.5709813008938535e-16
8240.45886961383 4.581032242435257e-16
8243.50027979849 4.500364625194182e-16
8246.54168998316 4.374788550927976e-16
8249.58310016783 4.692402188524589e-16
8252.62451035249 4.2815457144259564e-16
8255.66592053716 4.2475391152229904e-16
8258.70733072183 4.2605783113753813e-16
8261.7487409065 4.489816900065515e-16
8264.79015109116 4.789334625618503e-16
8267.83156127583 4.591604397996561e-16
8270.8729714605 4.858537743437344e-16
8273.91438164516 5.110963874192824e-16
8276.95579182983 5.099993660748293e-16
8279.9972020145 4.854768252173471e-16
8283.03861219917 4.827968326651012e-16
8286.08002238383 4.483621661678051e-16
8289.1214325685 4.748931210591064e-16
8292.16284275317 4.768418136711951e-16
8295.20425293783 4.787742187599161e-16
8298.2456631225 4.821424218674859e-16
8301.28707330717 4.98375870140642e-16
8304.32848349183 4.908458134019349e-16
8307.3698936765 4.891253982151323e-16
8310.41130386117 4.81617225716487e-16
8313.45271404583 4.947533123936593e-16
8316.4941242305 5.295220385041685e-16
8319.53553441517 4.942212096777669e-16
8322.57694459983 5.210145306520303e-16
8325.6183547845 5.362790793834908e-16
8328.65976496917 4.847112939653738e-16
8331.70117515384 5.113686749192568e-16
8334.7425853385 5.343106793571499e-16
8337.78399552317 5.239833941891424e-16
8340.82540570784 5.388749730143569e-16
8343.8668158925 5.371397041335874e-16
8346.90822607717 5.326576609339051e-16
8349.94963626184 5.093327220237714e-16
8352.99104644651 4.860493679110478e-16
8356.03245663117 5.885763088316678e-16
8359.07386681584 5.262542880472154e-16
8362.11527700051 4.777211114183081e-16
8365.15668718517 5.185378646345922e-16
8368.19809736984 4.918156833205355e-16
8371.23950755451 5.051535463899042e-16
8374.28091773918 4.944656315961998e-16
8377.32232792384 5.114239642138072e-16
8380.36373810851 5.083361583577875e-16
8383.40514829318 5.289107205953343e-16
8386.44655847784 5.162332236628707e-16
8389.48796866251 4.926336230896103e-16
8392.52937884718 5.119015647945655e-16
8395.57078903185 5.545856632504177e-16
8398.61219921651 5.977652101781184e-16
8401.65360940118 5.938702495293127e-16
8404.69501958584 5.463373700730075e-16
8407.73642977051 5.112243119567698e-16
8410.77783995518 5.665893941891301e-16
8413.81925013985 5.865972368201475e-16
8416.86066032451 5.462258242959509e-16
8419.90207050918 5.675549239948671e-16
8422.94348069385 5.833972131671732e-16
8425.98489087851 5.9235950567187e-16
8429.02630106318 5.45238442374083e-16
8432.06771124785 5.759218146491397e-16
8435.10912143251 5.690568949578744e-16
8438.15053161718 5.887692999358996e-16
8441.19194180185 5.652270059464894e-16
8444.23335198652 5.666035623180471e-16
8447.27476217118 5.885219199124147e-16
8450.31617235585 5.896021286603191e-16
8453.35758254052 5.793123173319735e-16
8456.39899272518 5.473645369780937e-16
8459.44040290985 5.792749516398472e-16
8462.48181309452 5.574299024779676e-16
8465.52322327918 6.03888934919701e-16
8468.56463346385 5.677315595336315e-16
8471.60604364852 6.109208371283157e-16
8474.64745383319 6.146923903496265e-16
8477.68886401785 6.019273146740719e-16
8480.73027420252 6.074227997229843e-16
8483.77168438719 6.025777693724141e-16
8486.81309457185 6.180699331558553e-16
8489.85450475652 6.142305135136089e-16
8492.89591494119 5.786544814557178e-16
8495.93732512586 5.973910880681496e-16
8498.97873531052 6.425614588175901e-16
8502.02014549519 6.844113519612716e-16
8505.06155567986 7.020895179286307e-16
8508.10296586452 6.750694193551908e-16
8511.14437604919 6.352162234243023e-16
8514.18578623386 6.06143720509035e-16
8517.22719641852 5.882075458277318e-16
8520.26860660319 6.198266595474086e-16
8523.31001678786 5.831711687528552e-16
8526.35142697253 6.366125033998652e-16
8529.39283715719 6.448772752773771e-16
8532.43424734186 5.477141246375548e-16
8535.47565752653 5.856284422815285e-16
8538.51706771119 6.1202097259861605e-16
8541.55847789586 6.617814041056799e-16
8544.59988808053 6.57812367445614e-16
8547.64129826519 6.525534556638113e-16
8550.68270844986 6.560250279157358e-16
8553.72411863453 6.282748828424152e-16
8556.7655288192 6.254885730546167e-16
8559.80693900386 6.533273148036075e-16
8562.84834918853 6.436580584742685e-16
8565.8897593732 6.709820357538463e-16
8568.93116955786 6.117132172535073e-16
8571.97257974253 6.360720720518601e-16
8575.0139899272 6.023409899446002e-16
8578.05540011186 6.45347361868885e-16
8581.09681029653 6.760486098821775e-16
8584.1382204812 6.771433908819343e-16
8587.17963066587 6.631381047586832e-16
8590.22104085053 6.648280812341121e-16
8593.2624510352 6.913663072334259e-16
8596.30386121986 6.891407991899422e-16
8599.34527140453 6.882441617858787e-16
8602.3866815892 6.774092610846513e-16
8605.42809177387 7.03062014198291e-16
8608.46950195853 6.983876545199215e-16
8611.5109121432 6.452741619512499e-16
8614.55232232787 6.858058887328195e-16
8617.59373251254 7.001733189819778e-16
8620.6351426972 6.809982053432114e-16
8623.67655288187 6.832097009333769e-16
8626.71796306654 6.85865059786249e-16
8629.7593732512 6.938088537798373e-16
8632.80078343587 7.173845896557526e-16
8635.84219362054 7.189066669359244e-16
8638.8836038052 7.147769071732612e-16
8641.92501398987 7.328225772013404e-16
8644.96642417454 7.402365064382544e-16
8648.00783435921 7.306874362712116e-16
8651.04924454387 7.121419681844206e-16
8654.09065472854 7.46449049029007e-16
8657.13206491321 7.390621401200199e-16
8660.17347509787 7.447617118868383e-16
8663.21488528254 7.38334569148887e-16
8666.25629546721 7.590384104433825e-16
8669.29770565188 7.531345115803341e-16
8672.33911583654 6.921710027094609e-16
8675.38052602121 7.712042784815712e-16
8678.42193620588 7.348302109230185e-16
8681.46334639054 7.279602749030847e-16
8684.50475657521 7.029970913096687e-16
8687.54616675988 7.745321264346328e-16
8690.58757694454 7.735726566027075e-16
8693.62898712921 8.189679904221419e-16
8696.67039731388 7.98391001150587e-16
8699.71180749855 7.918903456782024e-16
8702.75321768321 7.571790609992738e-16
8705.79462786788 8.041313582096077e-16
8708.83603805254 8.3025504560010425e-16
8711.87744823721 8.484145773327166e-16
8714.91885842188 8.333837851437402e-16
8717.96026860655 7.864986516595397e-16
8721.00167879121 8.625057754099533e-16
8724.04308897588 9.063112206999848e-16
8727.08449916055 9.187563705430347e-16
8730.12590934521 9.011944948858338e-16
8733.16731952988 8.463879189881635e-16
8736.20872971455 8.532376416470298e-16
8739.25013989922 8.658330348916111e-16
8742.29155008388 8.694257961314354e-16
8745.33296026855 8.63581450963576e-16
8748.37437045322 8.531713104293075e-16
8751.41578063788 8.0525469604007175e-16
8754.45719082255 7.96818698340307e-16
8757.49860100722 8.63018466709155e-16
8760.54001119188 8.226809269035503e-16
8763.58142137655 7.6249872280147e-16
8766.62283156122 8.465770711179391e-16
8769.66424174589 9.266486234420638e-16
8772.70565193055 8.007348880567687e-16
8775.74706211522 7.789103608867524e-16
8778.78847229989 8.4854346341266705e-16
8781.82988248455 8.859228868710546e-16
8784.87129266922 7.921098596933767e-16
8787.91270285389 8.301472983556119e-16
8790.95411303856 8.028535803670144e-16
8793.99552322322 7.984098340639389e-16
8797.03693340789 7.810945531762599e-16
8800.07834359256 7.587330619720742e-16
8803.11975377722 8.042385860083844e-16
8806.16116396189 8.257837600310664e-16
8809.20257414656 7.60525869920747e-16
8812.24398433122 7.581294376871099e-16
8815.28539451589 8.209453425805983e-16
8818.32680470056 7.677832320396832e-16
8821.36821488522 7.537725091204281e-16
8824.40962506989 8.248880887121535e-16
8827.45103525456 7.331065154908442e-16
8830.49244543922 7.232354625863872e-16
8833.53385562389 7.371236265108751e-16
8836.57526580856 7.696285589271989e-16
8839.61667599323 7.360922147199125e-16
8842.65808617789 7.505071628606848e-16
8845.69949636256 7.776460909497961e-16
8848.74090654723 7.792087556747711e-16
8851.78231673189 7.037436632837209e-16
8854.82372691656 7.205044139334525e-16
8857.86513710123 7.140623800034965e-16
8860.9065472859 7.026154436056395e-16
8863.94795747056 7.239685711446271e-16
8866.98936765523 7.381652700093379e-16
8870.0307778399 7.212263896384835e-16
8873.07218802456 7.318291066258118e-16
8876.11359820923 6.897783065591421e-16
8879.1550083939 6.789091033664653e-16
8882.19641857856 7.139150606314241e-16
8885.23782876323 7.073310697722083e-16
8888.2792389479 6.784958102570951e-16
8891.32064913257 6.464612130174822e-16
8894.36205931723 6.925628245169018e-16
8897.4034695019 7.539892577502716e-16
8900.44487968657 7.2827525182870485e-16
8903.48628987123 7.056620518787985e-16
8906.5277000559 7.108445619452282e-16
8909.56911024057 6.266700633528444e-16
8912.61052042524 6.474829843838101e-16
8915.6519306099 6.477272346201964e-16
8918.69334079457 6.733393647999155e-16
8921.73475097924 6.896926236248521e-16
8924.7761611639 6.139971430399691e-16
8927.81757134857 5.846342973582409e-16
8930.85898153324 6.098357422062422e-16
8933.9003917179 6.650781251923593e-16
8936.94180190257 6.638956120318433e-16
8939.98321208724 5.684983316807825e-16
8943.0246222719 7.020916863487202e-16
8946.06603245657 6.555718239031891e-16
8949.10744264124 6.393054745219891e-16
8952.14885282591 5.947039675090369e-16
8955.19026301057 5.795350343336607e-16
8958.23167319524 5.628321383777611e-16
8961.27308337991 5.231421128151681e-16
8964.31449356457 6.047455015813441e-16
8967.35590374924 6.179672505489622e-16
8970.39731393391 5.436718012640875e-16
8973.43872411858 6.214744710680419e-16
8976.48013430324 5.687556685945796e-16
8979.52154448791 5.465961962482983e-16
8982.56295467258 5.25563584460688e-16
8985.60436485724 5.424825134014754e-16
8988.64577504191 5.473195750474308e-16
8991.68718522658 6.458885194943121e-16
8994.72859541124 6.274207000579666e-16
8997.77000559591 5.244682177751971e-16
9000.81141578058 5.10846935195394e-16
9003.85282596525 5.481929249611068e-16
9006.89423614991 5.498340398268635e-16
9009.93564633458 5.157734833986388e-16
9012.97705651924 4.532523442166072e-16
9016.01846670391 4.502441286590728e-16
9019.05987688858 5.183443528040765e-16
9022.10128707325 4.569845342685145e-16
9025.14269725791 4.414519411134378e-16
9028.18410744258 4.722152207075291e-16
9031.22551762725 4.458028475801768e-16
9034.26692781191 4.678704734332243e-16
9037.30833799658 4.583031020028933e-16
9040.34974818125 3.998920352753863e-16
9043.39115836592 5.172310258514574e-16
9046.43256855058 4.465661862594471e-16
9049.47397873525 4.590368639234921e-16
9052.51538891992 4.520271890443113e-16
9055.55679910458 4.78767259349071e-16
9058.59820928925 4.340528157712534e-16
9061.63961947392 4.405761644754287e-16
9064.68102965858 4.2970974244962855e-16
9067.72243984325 4.083802042768106e-16
9070.76385002792 4.380664700114415e-16
9073.80526021259 4.474557642081779e-16
9076.84667039725 4.1842566661583342e-16
9079.88808058192 4.251956388912237e-16
9082.92949076659 4.753622945326676e-16
9085.97090095125 3.733542841252064e-16
9089.01231113592 3.905618495604607e-16
9092.05372132059 3.7703764458405577e-16
9095.09513150526 3.9819424294662627e-16
9098.13654168992 3.7159143667544805e-16
9101.17795187459 4.1730159471575937e-16
9104.21936205925 4.131389106878281e-16
9107.26077224392 3.714830540471785e-16
9110.30218242859 4.038294327553219e-16
9113.34359261326 3.845361255529223e-16
9116.38500279792 3.3791808880306704e-16
9119.42641298259 3.3435948943793056e-16
9122.46782316726 3.6385066082753704e-16
9125.50923335192 3.7181230910128297e-16
9128.55064353659 3.605600363492259e-16
9131.59205372126 3.3251678455916364e-16
9134.63346390593 3.9038936729297113e-16
9137.67487409059 4.0272437575070934e-16
9140.71628427526 4.252467256717136e-16
9143.75769445993 3.433209373075366e-16
9146.79910464459 3.550467664687288e-16
9149.84051482926 3.779946384053702e-16
9152.88192501393 3.305781652621097e-16
9155.9233351986 3.8980628902559353e-16
9158.96474538326 3.5907671742247135e-16
9162.00615556793 3.6248173882913395e-16
9165.0475657526 3.527439312592095e-16
9168.08897593726 3.595830212326653e-16
9171.13038612193 3.256008837567153e-16
9174.1717963066 2.9745083963622136e-16
9177.21320649126 3.6682337382621377e-16
9180.25461667593 3.354334784096742e-16
9183.2960268606 3.357731577561268e-16
9186.33743704526 3.3611293061890015e-16
9189.37884722993 3.364525865201445e-16
9192.4202574146 3.3679223072787845e-16
9195.46166759926 3.37131968497751e-16
9198.50307778393 3.374715893703407e-16
9201.5444879686 3.378113038354891e-16
9204.58589815327 3.3815079621793886e-16
9207.62730833794 3.3849038222940753e-16
9210.6687185226 3.3883006187887283e-16
9213.71012870727 3.3916962473751794e-16
9216.75153889193 3.3950928126432917e-16
9219.7929490766 3.3984882104269347e-16
9222.83435926127 3.401883493095803e-16
9225.87576944594 3.4052797128969953e-16
9228.9171796306 3.4086747658470325e-16
9231.95858981527 3.4120707562286037e-16
9234.99999999994 3.4154645282045857e-16
