3800.0 7.735226462683297e-17
3803.04141018467 9.368849018139541e-17
3806.08282036933 1.1180894408084378e-16
3809.124230554 1.4695236245215945e-16
3812.16564073867 8.436801860433526e-17
3815.20705092334 4.263558133777487e-17
3818.248461108 1.1384622480535624e-16
3821.28987129267 9.569572417520095e-17
3824.33128147734 7.053829003993193e-17
3827.372691662 1.15800879252163e-16
3830.41410184667 9.191399448593786e-17
3833.45551203134 8.200347404840235e-17
3836.496922216 1.2307808716848554e-16
3839.53833240067 4.5203145573817503e-17
3842.57974258534 4.326617241762242e-17
3845.62115277001 6.134327058752726e-17
3848.66256295467 9.743456072980566e-17
3851.70397313934 9.069798529984989e-17
3854.74538332401 1.0585594786793398e-16
3857.78679350867 7.211892346767542e-17
3860.82820369334 6.327923333820575e-17
3863.86961387801 9.524890641921935e-17
3866.91102406267 1.4727392169417191e-16
3869.95243424734 1.2553305137245417e-16
3872.99384443201 4.366834159632469e-17
3876.03525461668 7.584331977107278e-17
3879.07666480134 6.35848388828361e-17
3882.11807498601 8.997960836998205e-17
3885.15948517068 7.730242098209462e-17
3888.20089535534 8.80782670717465e-17
3891.24230554001 1.8322319920831319e-16
3894.28371572468 4.0083127304775505e-16
3897.32512590934 4.0340024027042464e-16
3900.36653609401 2.2357519961507986e-16
3903.40794627868 1.172028530552031e-16
3906.44935646335 9.88546126231733e-17
3909.49076664801 1.363218164122871e-16
3912.53217683268 1.1853157370935898e-16
3915.57358701735 1.2056349353873003e-16
3918.61499720201 1.5703680645496198e-16
3921.65640738668 1.5933032328729152e-16
3924.69781757135 9.066734677112485e-17
3927.73922775601 7.227525182994677e-17
3930.78063794068 9.9333817941409e-17
3933.82204812535 1.1536457826583039e-16
3936.86345831002 9.187106057570521e-17
3939.90486849468 8.464009999908427e-17
3942.94627867935 4.959526245179323e-17
3945.98768886402 7.583540670458625e-17
3949.02909904868 1.0946165248171171e-16
3952.07050923335 1.4229717498239243e-16
3955.11191941802 1.2185735533886497e-16
3958.15332960268 1.1153653492371638e-16
3961.19473978735 8.29620136166306e-17
3964.23614997202 1.1098953456093341e-16
3967.27756015669 1.2107830950259522e-16
3970.31897034135 9.24844742096557e-17
3973.36038052602 1.4005926920019258e-16
3976.40179071069 1.7000522460856722e-16
3979.44320089535 1.111588281321606e-16
3982.48461108002 9.179227138923619e-17
3985.52602126469 8.053537535239175e-17
3988.56743144935 1.0299423180680845e-16
3991.60884163402 1.609359657883635e-16
3994.65025181869 2.38549935189466e-16
3997.69166200335 2.359127727021887e-16
4000.73307218802 1.4679112001263544e-16
4003.77448237269 1.8063802697340995e-16
4006.81589255736 2.2272932625567043e-16
4009.85730274202 1.0714644180381825e-16
4012.89871292669 9.55555999365298e-17
4015.94012311136 1.0085020409287908e-16
4018.98153329602 8.262207402027795e-17
4022.02294348069 7.773425288832697e-17
4025.06435366536 6.276846625135706e-17
4028.10576385003 7.706312872011608e-17
4031.14717403469 9.911141301405131e-17
4034.18858421936 9.47928019062921e-17
4037.22999440403 6.783301804820711e-17
4040.27140458869 1.0585811594951785e-16
4043.31281477336 9.567805777224343e-17
4046.35422495803 9.80323877679807e-17
4049.39563514269 1.170743640344524e-16
4052.43704532736 9.753423033158847e-17
4055.47845551203 1.0053972528040293e-16
4058.5198656967 7.918676517754909e-17
4061.56127588136 6.743935908706498e-17
4064.60268606603 8.491724617813911e-17
4067.6440962507 7.954719746931293e-17
4070.68550643536 6.398647338928724e-17
4073.72691662003 8.168353171688801e-17
4076.7683268047 7.477681998237739e-17
4079.80973698936 4.837081717714542e-17
4082.85114717403 7.191953795374615e-17
4085.8925573587 4.843556033471515e-17
4088.93396754337 5.3898389779396e-17
4091.97537772803 8.08388154056725e-17
4095.0167879127 1.645304105687653e-16
4098.05819809737 1.8870632176103392e-16
4101.09960828203 1.5379982331669955e-16
4104.1410184667 1.061550326539471e-16
4107.18242865137 1.2871814068036382e-16
4110.22383883603 8.443561819218923e-17
4113.2652490207 5.223804052390388e-17
4116.30665920537 6.874241320815356e-17
4119.34806939003 8.788251916973113e-17
4122.3894795747 6.56592575219474e-17
4125.43088975937 8.89902119182024e-17
4128.47229994404 8.949463324048251e-17
4131.5137101287 1.08488109817793e-16
4134.55512031337 8.542629018738011e-17
4137.59653049804 8.737603937789131e-17
4140.6379406827 7.717639819775609e-17
4143.67935086737 8.547206612226521e-17
4146.72076105204 9.514519857598605e-17
4149.76217123671 6.162597234825161e-17
4152.80358142137 4.3950215392873885e-17
4155.84499160604 8.947718397127438e-17
4158.88640179071 5.222291677854708e-17
4161.92781197537 2.2264737847983202e-17
4164.96922216004 5.685367608022024e-17
4168.01063234471 5.482987225225231e-17
4171.05204252937 6.112960182523794e-17
4174.09345271404 1.3607408955326508e-16
4177.13486289871 7.700206896012062e-17
4180.17627308338 5.541495301491444e-17
4183.21768326804 4.062039688216137e-17
4186.25909345271 5.4851549594706586e-17
4189.30050363738 5.4539963105589876e-17
4192.34191382204 2.962346163150616e-17
4195.38332400671 7.387920963241956e-17
4198.42473419138 5.04787002634479e-17
4201.46614437605 9.100847220077241e-17
4204.50755456071 1.2236597273970294e-16
4207.54896474538 1.20462068200109e-16
4210.59037493005 8.984775200328421e-17
4213.63178511471 2.609634246438032e-17
4216.67319529938 4.437286428972454e-17
4219.71460548405 2.8726464087640093e-17
4222.75601566871 5.131963643821963e-17
4225.79742585338 7.271702660546599e-17
4228.83883603805 7.207579248873891e-17
4231.88024622271 6.0833805776394e-17
4234.92165640738 4.9826741872937876e-17
4237.96306659205 7.695128581399536e-17
4241.00447677672 8.060596770521676e-17
4244.04588696138 6.472868146734475e-17
4247.08729714605 5.723824462393983e-17
4250.12870733072 4.770955607158662e-17
4253.17011751538 6.044282493933322e-17
4256.21152770005 4.988767009049156e-17
4259.25293788472 9.288235734579909e-17
4262.29434806939 1.199001966062419e-16
4265.33575825405 7.173376370333208e-17
4268.37716843872 5.4420672266034284e-17
4271.41857862339 1.477155315659699e-16
4274.45998880805 1.7476950141265747e-16
4277.50139899272 1.2065063878955228e-16
4280.54280917739 5.3742807674559005e-17
4283.58421936205 7.287651486914042e-17
4286.62562954672 5.656299377070669e-17
4289.66703973139 8.801296332802341e-17
4292.70844991606 5.79315385255865e-17
4295.74986010072 4.914878572315156e-17
4298.79127028539 2.423304006255444e-17
4301.83268047005 4.975475360365412e-17
4304.87409065472 1.1934742790772128e-16
4307.91550083939 1.560729312716128e-16
4310.95691102406 9.07596340882982e-17
4313.99832120872 9.024958743034848e-17
4317.03973139339 1.6499326706577026e-16
4320.08114157806 1.4226410754567635e-16
4323.12255176272 9.217570395247349e-17
4326.16396194739 1.1608216773095612e-16
4329.20537213206 9.240288406538186e-17
4332.24678231673 7.858585520803113e-17
4335.28819250139 1.0678002145251024e-16
4338.32960268606 9.088531194240958e-17
4341.37101287073 6.729358182623501e-17
4344.41242305539 8.77799773024944e-17
4347.45383324006 1.1146745795351417e-16
4350.49524342473 1.150117927980081e-16
4353.53665360939 7.979892135504087e-17
4356.57806379406 1.0436267385872777e-16
4359.61947397873 1.0682015215204784e-16
4362.6608841634 1.06054711865584e-16
4365.70229434806 1.1862387439371167e-16
4368.74370453273 1.2380426484435474e-16
4371.7851147174 1.6150071636317342e-16
4374.82652490206 2.0361735138389738e-16
4377.86793508673 2.0360840262434502e-16
4380.9093452714 2.4334375713949987e-16
4383.95075545607 1.6336612090472846e-16
4386.99216564073 1.863141560107738e-16
4390.0335758254 2.718653394304378e-16
4393.07498601007 2.507693752097581e-16
4396.11639619473 1.706401970307104e-16
4399.1578063794 7.76644603154799e-17
4402.19921656407 9.057034035562727e-17
4405.24062674873 6.063264428314484e-17
4408.2820369334 6.172040430166321e-17
4411.32344711807 8.455505852185554e-17
4414.36485730273 9.523379659714592e-17
4417.4062674874 1.360968302487772e-16
4420.44767767207 1.0832640642560074e-16
4423.48908785674 6.017157892170722e-17
4426.5304980414 5.82378608649721e-17
4429.57190822607 6.151636363826256e-17
4432.61331841074 7.74757578473143e-17
4435.6547285954 5.322843166178749e-17
4438.69613878007 6.412836156406774e-17
4441.73754896474 9.00536926683359e-17
4444.77895914941 1.86726754992869e-16
4447.82036933407 1.884888566452657e-16
4450.86177951874 1.2595076960512965e-16
4453.90318970341 6.36712632093025e-17
4456.94459988807 5.451457536649633e-17
4459.98601007274 4.514892290795515e-17
4463.02742025741 6.81436279846654e-17
4466.06883044207 6.368227713359721e-17
4469.11024062674 5.230605363235963e-17
4472.15165081141 4.168296431630267e-17
4475.19306099608 5.4299485134964884e-17
4478.23447118074 7.058691480489106e-17
4481.27588136541 9.687174536377544e-17
4484.31729155008 1.1882522135539605e-16
4487.35870173474 1.1525271172088126e-16
4490.40011191941 9.926530384907224e-17
4493.44152210408 7.737087282734132e-17
4496.48293228874 1.0092003065166529e-16
4499.52434247341 7.404914007198219e-17
4502.56575265808 9.793326325083962e-17
4505.60716284275 1.0442177591873358e-16
4508.64857302741 8.754415822558452e-17
4511.68998321208 7.751852005236489e-17
4514.73139339675 7.509221453367396e-17
4517.77280358141 9.035362594462399e-17
4520.81421376608 1.1903573945007428e-16
4523.85562395075 1.210417027356851e-16
4526.89703413541 8.85269729629952e-17
4529.93844432008 6.568168115613774e-17
4532.97985450475 4.7174531346974925e-17
4536.02126468941 6.586853501649214e-17
4539.06267487408 8.400176647520946e-17
4542.10408505875 6.799540859053758e-17
4545.14549524342 8.745667369858498e-17
4548.18690542808 1.0447851113323797e-16
4551.22831561275 1.225857433733037e-16
4554.26972579742 1.2454972418385338e-16
4557.31113598208 8.702997211981326e-17
4560.35254616675 7.013486174313001e-17
4563.39395635142 6.208089297022886e-17
4566.43536653609 7.337594169622425e-17
4569.47677672075 8.40841484082018e-17
4572.51818690542 8.778825910858476e-17
4575.55959709009 8.340511926309054e-17
4578.60100727475 8.573742739196868e-17
4581.64241745942 9.966680179264906e-17
4584.68382764409 1.198116811132443e-16
4587.72523782875 1.2543486023364572e-16
4590.76664801342 9.164362822910736e-17
4593.80805819809 5.641607075677834e-17
4596.84946838276 4.85523307998901e-17
4599.89087856742 4.9449693160997505e-17
4602.93228875209 5.058931144308518e-17
4605.97369893676 6.358761886419119e-17
4609.01510912142 7.562835056777076e-17
4612.05651930609 1.0426997552708911e-16
4615.09792949076 1.415948294992115e-16
4618.13933967543 1.4250250324063312e-16
4621.18074986009 7.746151898016341e-17
4624.22216004476 7.600183761642758e-17
4627.26357022943 5.078774802405111e-17
4630.30498041409 5.0459945498974905e-17
4633.34639059876 6.289613769851605e-17
4636.38780078343 5.557906611835152e-17
4639.42921096809 7.514673100565817e-17
4642.47062115276 4.2198648482371324e-17
4645.51203133743 3.1669686129686176e-17
4648.5534415221 5.455356663684381e-17
4651.59485170676 7.620923358998736e-17
4654.63626189143 7.079671003940159e-17
4657.6776720761 7.194326740834474e-17
4660.71908226076 9.437114003058993e-17
4663.76049244543 1.0210729926373081e-16
4666.8019026301 9.059289125915508e-17
4669.84331281476 8.873909132057743e-17
4672.88472299943 9.107702842442786e-17
4675.9261331841 7.281660886839981e-17
4678.96754336876 5.420274664395804e-17
4682.00895355343 4.8929233904704816e-17
4685.0503637381 4.190488163497923e-17
4688.09177392277 7.005437288643886e-17
4691.13318410743 7.635062435522244e-17
4694.1745942921 7.044219971503035e-17
4697.21600447677 7.022426833372148e-17
4700.25741466143 8.014270443363713e-17
4703.2988248461 6.788172743677196e-17
4706.34023503077 3.3836168445800744e-17
4709.38164521543 1.0785539459559319e-16
4712.4230554001 9.39851027679216e-17
4715.46446558477 5.388904165411652e-17
4718.50587576944 7.261606499262518e-17
4721.5472859541 7.192202483442061e-17
4724.58869613877 4.979138648797888e-17
4727.63010632344 4.265287097096489e-17
4730.6715165081 5.2592707285339713e-17
4733.71292669277 7.181924702097288e-17
4736.75433687744 6.630594362776264e-17
4739.7957470621 4.153797042004101e-17
4742.83715724677 5.484800047048434e-17
4745.87856743144 5.650505919470247e-17
4748.91997761611 4.960142645166149e-17
4751.96138780077 6.437283288561574e-17
4755.00279798544 6.077546487719106e-17
4758.04420817011 7.039465787767086e-17
4761.08561835477 1.0337622481678461e-16
4764.12702853944 9.444502353332781e-17
4767.16843872411 8.350324800087442e-17
4770.20984890877 6.119589410347636e-17
4773.25125909344 6.391433560989674e-17
4776.29266927811 6.816390004230126e-17
4779.33407946277 5.4589016895872743e-17
4782.37548964744 4.2829522478101964e-17
4785.41689983211 4.8509099321896423e-17
4788.45831001678 5.1567055857590676e-17
4791.49972020144 7.91126977533038e-17
4794.54113038611 6.878532900792924e-17
4797.58254057078 5.143563655116444e-17
4800.62395075545 5.946778913268251e-17
4803.66536094011 6.466172252781327e-17
4806.70677112478 7.112778352450131e-17
4809.74818130945 8.310640979322754e-17
4812.78959149411 6.728840529346388e-17
4815.83100167878 4.729759739539099e-17
4818.87241186345 5.295196351636043e-17
4821.91382204811 5.627670187821304e-17
4824.95523223278 5.3347567005847194e-17
4827.99664241745 6.281117071774027e-17
4831.03805260212 7.950330524865733e-17
4834.07946278678 6.268211239600108e-17
4837.12087297145 6.234981704492765e-17
4840.16228315612 6.021120976103101e-17
4843.20369334078 7.384621953456313e-17
4846.24510352545 1.0709683926491042e-16
4849.28651371012 1.6244780880675108e-16
4852.32792389478 1.238592281385492e-16
4855.36933407945 7.288285033660927e-17
4858.41074426412 5.844104360829778e-17
4861.45215444879 6.742403504162735e-17
4864.49356463345 6.269151012649062e-17
4867.53497481812 8.244480241969313e-17
4870.57638500279 1.0185240053125653e-16
4873.61779518745 1.2347200729639334e-16
4876.65920537212 1.3852080349870854e-16
4879.70061555679 1.5298401439823776e-16
4882.74202574145 1.636635204187197e-16
4885.78343592612 1.751619040195062e-16
4888.82484611079 2.30403034202833e-16
4891.86625629545 2.5224482467225916e-16
4894.90766648012 2.7391285344996723e-16
4897.94907666479 3.312977712067023e-16
4900.99048684946 2.939416510909465e-16
4904.03189703412 2.4524506294703544e-16
4907.07330721879 2.468114445647148e-16
4910.11471740346 2.1666312575753988e-16
4913.15612758812 1.6315200449129935e-16
4916.19753777279 1.2495357881161727e-16
4919.23894795746 1.1402561951810716e-16
4922.28035814212 1.5111226961644714e-16
4925.32176832679 1.5712787327039324e-16
4928.36317851146 1.2622340453519118e-16
4931.40458869613 9.646006096994742e-17
4934.44599888079 9.690486666797533e-17
4937.48740906546 1.174902529102315e-16
4940.52881925013 1.4394057805707902e-16
4943.57022943479 9.476553711409002e-17
4946.61163961946 6.535535353275632e-17
4949.65304980413 8.085241962325532e-17
4952.69445998879 9.178569163609882e-17
4955.73587017346 9.648835105526474e-17
4958.77728035813 1.2515173071606175e-16
4961.81869054279 1.0241607658692843e-16
4964.86010072746 7.929928037171896e-17
4967.90151091213 6.579685855005887e-17
4970.9429210968 5.99861713675975e-17
4973.98433128146 6.025435313764886e-17
4977.02574146613 5.791724217541744e-17
4980.0671516508 6.114310000308921e-17
4983.10856183546 7.836504175945002e-17
4986.14997202013 7.653338424460332e-17
4989.1913822048 8.736506462167814e-17
4992.23279238947 1.6542275423740605e-16
4995.27420257413 2.2497072754769463e-16
4998.3156127588 1.484985815827076e-16
5001.35702294347 7.924712799070522e-17
5004.39843312813 6.651795858179257e-17
5007.4398433128 6.550920100028666e-17
5010.48125349747 8.406996561794541e-17
5013.52266368214 5.931561564504324e-17
5016.5640738668 6.489051768062893e-17
5019.60548405147 6.83764736528438e-17
5022.64689423614 7.328996055026403e-17
5025.6883044208 6.319240325847203e-17
5028.72971460547 7.55304244265438e-17
5031.77112479014 7.48398048400222e-17
5034.8125349748 6.250582158393339e-17
5037.85394515947 1.3821739911717992e-16
5040.89535534414 4.641348004298392e-16
5043.93676552881 5.601831701333429e-16
5046.97817571347 3.075787895922862e-16
5050.01958589814 1.3520583125873061e-16
5053.06099608281 1.375219820914307e-16
5056.10240626747 1.470565977400321e-16
5059.14381645214 1.0076208478758693e-16
5062.18522663681 5.885875740031248e-17
5065.22663682147 6.814800689109937e-17
5068.26804700614 7.90509710511163e-17
5071.30945719081 7.008928581855027e-17
5074.35086737548 7.820937297426808e-17
5077.39227756014 7.480606876825544e-17
5080.43368774481 8.823997914978598e-17
5083.47509792948 6.482548274950487e-17
5086.51650811414 5.19517983567406e-17
5089.55791829881 6.28949565908932e-17
5092.59932848348 3.929013456637929e-17
5095.64073866814 4.286048143232651e-17
5098.68214885281 3.8567687297193556e-17
5101.72355903748 3.964543597022258e-17
5104.76496922214 2.627037536895912e-17
5107.80637940681 5.572699019292461e-17
5110.84778959148 5.58571684245879e-17
5113.88919977615 5.659025992570625e-17
5116.93060996081 4.762293597845381e-17
5119.97202014548 4.9263912487546594e-17
5123.01343033015 6.129223225691007e-17
5126.05484051482 5.221662938799076e-17
5129.09625069948 4.429551329659207e-17
5132.13766088415 4.105283775932495e-17
5135.17907106882 4.6747695986717935e-17
5138.22048125348 4.787997622683954e-17
5141.26189143815 3.3966667286592685e-17
5144.30330162282 6.515120045909417e-17
5147.34471180748 6.871507841183783e-17
5150.38612199215 6.681971491054856e-17
5153.42753217682 6.020300566502755e-17
5156.46894236148 6.719552334578156e-17
5159.51035254615 4.812532130814647e-17
5162.55176273082 5.2156733677933423e-17
5165.59317291549 5.199961599695533e-17
5168.63458310015 4.4974086252734356e-17
5171.67599328482 6.365824248389954e-17
5174.71740346949 6.261994920654225e-17
5177.75881365415 4.721009788313818e-17
5180.80022383882 5.313182558361969e-17
5183.84163402349 6.26503514792327e-17
5186.88304420816 7.112999974509483e-17
5189.92445439282 9.228754458899891e-17
5192.96586457749 1.7726723347149438e-16
5196.00727476216 2.374620906384637e-16
5199.04868494682 1.943029392294172e-16
5202.09009513149 1.7620949047676411e-16
5205.13150531616 1.3304964085971437e-16
5208.17291550082 9.050841464650915e-17
5211.21432568549 7.962611797478902e-17
5214.25573587016 9.186311070861054e-17
5217.29714605482 9.066154909508508e-17
5220.33855623949 6.207420065446673e-17
5223.37996642416 6.324388506178578e-17
5226.42137660883 6.464330552414051e-17
5229.46278679349 7.477890022755635e-17
5232.50419697816 1.009408624996279e-16
5235.54560716283 1.1254674546191925e-16
5238.58701734749 1.0986564944220133e-16
5241.62842753216 6.428009891676687e-17
5244.66983771683 1.0662082831190287e-16
5247.7112479015 1.2259613528301318e-16
5250.75265808616 5.478545234890511e-17
5253.79406827083 7.16916600319795e-17
5256.8354784555 9.021980283560208e-17
5259.87688864016 8.029103799801641e-17
5262.91829882483 6.928130679496867e-17
5265.9597090095 6.792640128487117e-17
5269.00111919416 9.437777062159223e-17
5272.04252937883 1.0951217219733354e-16
5275.0839395635 8.756271606500192e-17
5278.12534974816 6.355312538043457e-17
5281.16675993283 7.265195755149762e-17
5284.2081701175 6.779674019309324e-17
5287.24958030216 4.1274562678992276e-17
5290.29099048683 3.8957297961612327e-17
5293.3324006715 6.031359831467118e-17
5296.37381085617 1.1158845726220216e-16
5299.41522104083 1.4694951230217276e-16
5302.4566312255 1.308097214457451e-16
5305.49804141017 1.2199205931082085e-16
5308.53945159484 1.5476038926119533e-16
5311.5808617795 1.9665217499370026e-16
5314.62227196417 1.709524081537047e-16
5317.66368214884 1.2226304717383543e-16
5320.7050923335 8.612827909213584e-17
5323.74650251817 7.709075539601302e-17
5326.78791270284 6.525456626149924e-17
5329.8293228875 5.823263976087116e-17
5332.87073307217 6.408061764371071e-17
5335.91214325684 6.941989141768945e-17
5338.9535534415 6.172719202007303e-17
5341.99496362617 6.0859083088599e-17
5345.03637381084 6.256633356678366e-17
5348.07778399551 6.312693726512392e-17
5351.11919418017 1.0038211658305387e-16
5354.16060436484 1.4321735368534777e-16
5357.20201454951 1.2154781796823524e-16
5360.24342473417 7.456104781130803e-17
5363.28483491884 5.688879061264318e-17
5366.32624510351 6.356058920663636e-17
5369.36765528817 9.746825052018938e-17
5372.40906547284 1.0929474096466844e-16
5375.45047565751 8.898286518987094e-17
5378.49188584218 7.016802895866189e-17
5381.53329602684 5.4885885543450614e-17
5384.57470621151 6.661177548456025e-17
5387.61611639618 5.86040666199265e-17
5390.65752658084 2.828487764385037e-17
5393.69893676551 2.85004998893856e-17
5396.74034695018 6.224858498431043e-17
5399.78175713485 6.436477617426741e-17
5402.82316731951 5.559679809957381e-17
5405.86457750418 5.538614378954626e-17
5408.90598768885 4.6652759309032567e-17
5411.94739787351 6.040649361172091e-17
5414.98880805818 8.062849711873337e-17
5418.03021824285 8.009112174031257e-17
5421.07162842751 5.839293560653723e-17
5424.11303861218 3.8581210753061954e-17
5427.15444879685 3.857424846277946e-17
5430.19585898152 4.989285274358602e-17
5433.23726916618 4.127733893445293e-17
5436.27867935085 3.447341316438543e-17
5439.32008953552 5.640968335818302e-17
5442.36149972018 4.8524551243918416e-17
5445.40290990485 6.718914672985469e-17
5448.44432008952 5.92685368530753e-17
5451.48573027418 7.017277670543808e-17
5454.52714045885 5.888880407634496e-17
5457.56855064352 4.2126244860289755e-17
5460.60996082819 4.1239080321738823e-17
5463.65137101285 5.267899828245269e-17
5466.69278119752 6.020510878199585e-17
5469.73419138219 7.013811836425213e-17
5472.77560156685 6.142214356227363e-17
5475.81701175152 3.534490307290403e-17
5478.85842193619 4.7437982477542e-17
5481.89983212085 3.7936597899493925e-17
5484.94124230552 2.261007029746905e-17
5487.98265249019 3.150074961797404e-17
5491.02406267486 2.9032295820575406e-17
5494.06547285952 3.75635626938284e-17
5497.10688304419 3.536850963160933e-17
5500.14829322886 2.389293206803007e-17
5503.18970341352 3.1990976863034514e-17
5506.23111359819 2.7045628659269577e-17
5509.27252378286 4.026888703647508e-17
5512.31393396752 2.5469036720952942e-17
5515.35534415219 5.4449484306620103e-17
5518.39675433686 3.862556893137652e-17
5521.43816452153 3.129344132262807e-17
5524.47957470619 4.03884328246813e-17
5527.52098489086 1.9051607114347776e-17
5530.56239507553 4.434159026234389e-17
5533.60380526019 5.122724521106807e-17
5536.64521544486 4.592005876033205e-17
5539.68662562953 3.03327237548461e-17
5542.72803581419 2.6181560800490928e-17
5545.76944599886 5.672364138793092e-17
5548.81085618353 3.679082177718337e-17
5551.85226636819 3.3303498247638996e-17
5554.89367655286 3.6917957468096415e-17
5557.93508673753 3.688117892467719e-17
5560.9764969222 4.165063218791003e-17
5564.01790710686 7.027782557001525e-17
5567.05931729153 9.605245116624524e-17
5570.1007274762 7.417199231751915e-17
5573.14213766086 1.1696549771445172e-16
5576.18354784553 3.5046072745029986e-17
5579.2249580302 2.8921115028359093e-17
5582.26636821487 1.38547103647967e-17
5585.30777839953 2.5420806757033732e-17
5588.3491885842 3.088511429698354e-17
5591.39059876887 2.54973383822328e-17
5594.43200895353 3.367789807279633e-17
5597.4734191382 3.139181623439808e-17
5600.51482932287 3.3847610571745784e-17
5603.55623950754 3.064523820489616e-17
5606.5976496922 3.244205329198793e-17
5609.63905987687 1.2054256825646744e-17
5612.68047006154 2.0702312577902284e-17
5615.7218802462 2.831393288078864e-17
5618.76329043087 2.2785062111982766e-17
5621.80470061554 2.4333509345044633e-17
5624.8461108002 2.943657477916738e-17
5627.88752098487 3.1405934566657695e-17
5630.92893116954 2.4773067795756725e-17
5633.9703413542 2.7327920946501606e-17
5637.01175153887 1.601349697549073e-17
5640.05316172354 2.0059948031652107e-17
5643.09457190821 1.677822835134302e-17
5646.13598209287 2.995153653828063e-17
5649.17739227754 2.3689183669115317e-17
5652.21880246221 3.6986299407738355e-17
5655.26021264687 2.4280331413859277e-17
5658.30162283154 2.310651458056838e-17
5661.34303301621 2.568492014983746e-17
5664.38444320087 3.0554752296167e-17
5667.42585338554 2.2412548691827194e-17
5670.46726357021 3.2858714086242664e-17
5673.50867375488 3.243676836761336e-17
5676.55008393954 3.062174085097537e-17
5679.59149412421 3.004052926765704e-17
5682.63290430888 2.606872181367091e-17
5685.67431449354 4.22612609235786e-17
5688.71572467821 2.7532763867761362e-17
5691.75713486288 2.4588520038559137e-17
5694.79854504755 2.835256234831524e-17
5697.83995523221 2.4696525249917726e-17
5700.88136541688 1.8592368637359392e-17
5703.92277560154 2.5543735798967323e-17
5706.96418578621 2.981977222896672e-17
5710.00559597088 2.4070310351809397e-17
5713.04700615555 2.5846073025340926e-17
5716.08841634021 3.644616649325701e-17
5719.12982652488 3.757160142685722e-17
5722.17123670955 2.6238515340133124e-17
5725.21264689421 3.7006924368207207e-17
5728.25405707888 2.6452659466773494e-17
5731.29546726355 1.555431888245659e-17
5734.33687744822 3.9810745740782836e-17
5737.37828763288 1.1039583207203555e-17
5740.41969781755 6.507357400842234e-17
5743.46110800222 3.895234589179625e-17
5746.50251818688 1.2115833159270541e-17
5749.54392837155 2.4504010678527448e-17
5752.58533855622 3.6166545238178127e-17
5755.62674874089 2.879715738832014e-17
5758.66815892555 3.714678978476271e-17
5761.70956911022 4.3867776862287985e-17
5764.75097929488 6.35365186921789e-17
5767.79238947955 2.9344752278514063e-17
5770.83379966422 2.9947733844653213e-17
5773.87520984889 2.1634387684799383e-17
5776.91662003355 3.334990467845733e-17
5779.95803021822 2.1175689740823924e-17
5782.99944040289 3.2314100968195375e-17
5786.04085058755 3.557419906072749e-17
5789.08226077222 6.646625319369104e-17
5792.12367095689 1.735151494327597e-16
5795.16508114156 3.215381562645697e-16
5798.20649132622 2.9707291574132837e-16
5801.24790151089 1.2861628312858928e-16
5804.28931169556 3.3835813191132706e-17
5807.33072188022 3.4695803528754326e-17
5810.37213206489 3.7573481463249035e-17
5813.41354224956 3.999828699167944e-17
5816.45495243422 3.547335659855672e-17
5819.49636261889 3.2806501301677525e-17
5822.53777280356 3.29093547406797e-17
5825.57918298823 4.081214757758546e-17
5828.62059317289 5.773300350139556e-17
5831.66200335756 4.998241572977823e-17
5834.70341354223 4.255193827941181e-17
5837.74482372689 4.966095822747685e-17
5840.78623391156 4.8284003369273515e-17
5843.82764409623 4.4495383270222404e-17
5846.86905428089 3.4322758596424853e-17
5849.91046446556 4.0665704722274887e-17
5852.95187465023 4.563838469262527e-17
5855.99328483489 4.8716512749779055e-17
5859.03469501956 6.717969633762007e-17
5862.07610520423 6.87469451771146e-17
5865.1175153889 4.567535025218734e-17
5868.15892557356 4.131863188705385e-17
5871.20033575823 5.708322201579425e-17
5874.2417459429 6.775659416878041e-17
5877.28315612756 7.327296324979511e-17
5880.32456631223 5.558613453474388e-17
5883.3659764969 4.22238754708454e-17
5886.40738668157 7.432892037721446e-17
5889.44879686623 7.793968198169087e-17
5892.4902070509 5.2675300951637634e-17
5895.53161723557 6.907548456402687e-17
5898.57302742023 7.308097932079758e-17
5901.6144376049 7.351172053433981e-17
5904.65584778957 8.284286258421678e-17
5907.69725797423 8.390200739089185e-17
5910.7386681589 9.712051475955883e-17
5913.78007834357 1.2458298235090083e-16
5916.82148852824 1.6346519398097357e-16
5919.8628987129 1.6416487447504603e-16
5922.90430889757 1.3067816064442555e-16
5925.94571908224 1.0132850587170568e-16
5928.9871292669 8.357016917258539e-17
5932.02853945157 7.128100824361761e-17
5935.06994963624 8.288355822732642e-17
5938.11135982091 9.061025168672523e-17
5941.15277000557 8.467248242594212e-17
5944.19418019024 8.13321350648733e-17
5947.23559037491 8.18740569181036e-17
5950.27700055957 5.802498681159964e-17
5953.31841074424 4.504666244803724e-17
5956.35982092891 4.40648162574871e-17
5959.40123111357 4.5807009839796976e-17
5962.44264129824 2.6461004905940534e-17
5965.48405148291 3.404699557452395e-17
5968.52546166758 5.0504122000035185e-17
5971.56687185224 3.449320376592455e-17
5974.60828203691 5.553857215482334e-17
5977.64969222158 4.2718742260687574e-17
5980.69110240624 2.6841393078379073e-17
5983.73251259091 2.813323439441558e-17
5986.77392277558 4.870004393634782e-17
5989.81533296024 4.539525341558543e-17
5992.85674314491 3.623251616768412e-17
5995.89815332958 4.048203901678854e-17
5998.93956351424 3.826010939051555e-17
6001.98097369891 4.591304996988451e-17
6005.02238388358 2.1721594045595267e-17
6008.06379406825 2.527740972805456e-17
6011.10520425291 4.607226322149248e-17
6014.14661443758 2.983278488363266e-17
6017.18802462225 2.4314824900144247e-17
6020.22943480691 3.704921983082167e-17
6023.27084499158 2.6611311408457307e-17
6026.31225517625 3.897164733502524e-17
6029.35366536092 3.8577743302486964e-17
6032.39507554558 2.7428522540315625e-17
6035.43648573025 2.54798772029302e-17
6038.47789591492 3.570285840424972e-17
6041.51930609958 3.5101949244978146e-17
6044.56071628425 2.9699051157981014e-17
6047.60212646892 2.481736541581475e-17
6050.64353665358 3.073105338336413e-17
6053.68494683825 3.751214077994985e-17
6056.72635702292 4.166540920438749e-17
6059.76776720758 4.145639030794007e-17
6062.80917739225 4.1793529760951544e-17
6065.85058757692 4.2208886791903466e-17
6068.89199776159 4.4016432467793034e-17
6071.93340794625 4.55493095995518e-17
6074.97481813092 2.2302779635832195e-17
6078.01622831559 2.0967118924688576e-17
6081.05763850025 2.3716913222997375e-17
6084.09904868492 1.2830354313244529e-17
6087.14045886959 1.8507569075386216e-17
6090.18186905426 1.5074444884662347e-17
6093.22327923892 1.5622511301359088e-17
6096.26468942359 2.172946768459651e-17
6099.30609960826 3.575808597676211e-17
6102.34750979292 3.58518948900404e-17
6105.38891997759 1.6494391892333624e-17
6108.43033016226 1.401485579565372e-17
6111.47174034693 2.5010002567952507e-17
6114.51315053159 2.5299918372495897e-17
6117.55456071626 5.606512968114181e-18
6120.59597090092 1.844716517492394e-17
6123.63738108559 3.6458947234813643e-17
6126.67879127026 5.658450381653684e-17
6129.72020145493 5.793748255215834e-17
6132.76161163959 5.916638569554883e-17
6135.80302182426 4.6251351406519504e-17
6138.84443200893 2.14926952844369e-17
6141.88584219359 2.5069193392528775e-17
6144.92725237826 2.2494266723040777e-17
6147.96866256293 1.5895791354322226e-17
6151.01007274759 2.2457637984588742e-17
6154.05148293226 2.4753654426765475e-17
6157.09289311693 2.2669192984119908e-17
6160.1343033016 2.957846209340569e-17
6163.17571348626 3.2841482077830645e-17
6166.21712367093 2.639452937936405e-17
6169.2585338556 1.0051774985480838e-17
6172.29994404026 7.84026052866251e-18
6175.34135422493 2.6719246597448156e-17
6178.3827644096 1.699824268452329e-17
6181.42417459427 2.0722251847939404e-17
6184.46558477893 3.45263261529699e-17
6187.5069949636 3.7204266641945216e-17
6190.54840514827 2.979493771369563e-17
6193.58981533293 3.2011719381120445e-17
6196.6312255176 2.6156422182573234e-17
6199.67263570227 3.029116654987637e-17
6202.71404588693 3.9433713329720687e-17
6205.7554560716 3.4607634368286563e-17
6208.79686625627 3.713421437355014e-17
6211.83827644093 2.189311541051101e-17
6214.8796866256 3.015428672059468e-17
6217.92109681027 3.623757983930098e-17
6220.96250699494 2.3689340205958986e-17
6224.0039171796 2.6078722055939176e-17
6227.04532736427 3.1740202579849363e-17
6230.08673754894 3.003908215186155e-17
6233.1281477336 3.713266259275741e-17
6236.16955791827 4.78960197769695e-17
6239.21096810294 3.903690134589551e-17
6242.25237828761 2.780873532466206e-17
6245.29378847227 3.779979647285679e-17
6248.33519865694 2.2562849641281322e-17
6251.37660884161 4.2381566012500106e-17
6254.41801902627 4.176802483088413e-17
6257.45942921094 2.9527579421085754e-17
6260.50083939561 3.539048926040402e-17
6263.54224958027 5.2836018769250007e-17
6266.58365976494 2.964001705512019e-17
6269.62506994961 2.749275444553895e-17
6272.66648013427 2.938846659917363e-17
6275.70789031894 3.4397136715517876e-17
6278.74930050361 5.727235840453243e-17
6281.79071068828 4.9801540645270856e-17
6284.83212087294 4.301178876552163e-17
6287.87353105761 5.062967687179907e-17
6290.91494124228 6.086582737444727e-17
6293.95635142694 1.0841148877626835e-16
6296.99776161161 1.0432299833007684e-16
6300.03917179628 2.5562143316634e-17
6303.08058198095 3.437732523950209e-17
6306.12199216561 3.406966099084914e-17
6309.16340235028 5.781851633595258e-17
6312.20481253495 3.0890824857546173e-17
6315.24622271961 2.914724731236704e-17
6318.28763290428 2.041519269847709e-17
6321.32904308895 2.4280896618659432e-17
6324.37045327361 4.0263571233001426e-17
6327.41186345828 5.089101693276974e-17
6330.45327364295 3.982975895007639e-17
6333.49468382761 4.689652727782711e-17
6336.53609401228 3.588038401214635e-17
6339.57750419695 5.034218290138566e-17
6342.61891438162 6.949666420047471e-17
6345.66032456628 1.0409094739406406e-16
6348.70173475095 1.0349097340229991e-16
6351.74314493562 5.946074973488086e-17
6354.78455512028 5.402492881781408e-17
6357.82596530495 8.470211863653174e-17
6360.86737548962 9.094780109412235e-17
6363.90878567429 6.329754687140781e-17
6366.95019585895 2.5043747902706342e-17
6369.99160604362 4.428839985425868e-17
6373.03301622829 5.0141308485669596e-17
6376.07442641296 4.227582477567344e-17
6379.11583659762 5.510294640419769e-17
6382.15724678229 6.464717903433519e-17
6385.19865696695 6.387828385065212e-17
6388.24006715162 5.4230304700904124e-17
6391.28147733629 5.322577027089994e-17
6394.32288752096 7.362818973276211e-17
6397.36429770562 6.967432994627786e-17
6400.40570789029 6.085991981631596e-17
6403.44711807496 7.350419329376543e-17
6406.48852825962 1.0108409757225921e-16
6409.52993844429 1.0960550982846682e-16
6412.57134862896 9.606260691123394e-17
6415.61275881363 1.09802020465929e-16
6418.65416899829 1.3026483185079653e-16
6421.69557918296 1.4004632964851208e-16
6424.73698936763 1.195006633712443e-16
6427.77839955229 1.0106306574042038e-16
6430.81980973696 1.0379422559186403e-16
6433.86121992163 1.087849142127535e-16
6436.90263010629 9.478970457127514e-17
6439.94404029096 9.602661667054076e-17
6442.98545047563 1.1801803918915904e-16
6446.0268606603 1.1678128385372075e-16
6449.06827084496 1.0344941426744433e-16
6452.10968102963 1.1110363002095023e-16
6455.1510912143 1.1520070025048673e-16
6458.19250139896 1.2172498474057377e-16
6461.23391158363 1.3422246713203762e-16
6464.2753217683 1.4311965895650365e-16
6467.31673195296 1.2758202465945636e-16
6470.35814213763 1.2030948137697157e-16
6473.3995523223 1.3688329700718596e-16
6476.44096250697 1.5258309538465187e-16
6479.48237269163 1.5528829696897541e-16
6482.5237828763 1.5594223224533136e-16
6485.56519306097 1.599713498249451e-16
6488.60660324563 1.804441537271608e-16
6491.6480134303 1.781382079315731e-16
6494.68942361497 1.761002085721611e-16
6497.73083379963 2.0322144401123931e-16
6500.7722439843 2.12034501068589e-16
6503.81365416897 2.1634224076225423e-16
6506.85506435363 2.060427536217947e-16
6509.8964745383 1.688644862046372e-16
6512.93788472297 1.775161223424781e-16
6515.97929490764 1.8927860473792749e-16
6519.0207050923 1.8368615436216793e-16
6522.06211527697 1.9183482388474375e-16
6525.10352546164 1.809470559533618e-16
6528.1449356463 1.7203865340619726e-16
6531.18634583097 2.053620451048238e-16
6534.22775601564 2.1231622492561474e-16
6537.2691662003 1.8645527774030359e-16
6540.31057638497 1.9005183255435998e-16
6543.35198656964 1.9620838384118045e-16
6546.39339675431 2.1666243317207556e-16
6549.43480693897 2.0556533750759693e-16
6552.47621712364 2.1363379318885636e-16
6555.51762730831 2.199819609907612e-16
6558.55903749297 2.5220557473687753e-16
6561.60044767764 2.6751812474763137e-16
6564.64185786231 2.967629153851244e-16
6567.68326804697 2.96631908336324e-16
6570.72467823164 3.289077559370856e-16
6573.76608841631 3.593334128146538e-16
6576.80749860098 3.784304053489396e-16
6579.84890878564 4.651168576901605e-16
6582.89031897031 5.359208570611343e-16
6585.93172915498 6.214360561924808e-16
6588.97313933964 7.560705985928772e-16
6592.01454952431 9.14648596993524e-16
6595.05595970898 1.1318843189221965e-15
6598.09736989364 1.2546962171263031e-15
6601.13878007831 1.231602540529139e-15
6604.18019026298 1.3619292818883829e-15
6607.22160044764 1.946370005338639e-15
6610.26301063231 2.795189170230689e-15
6613.30442081698 2.814147233661207e-15
6616.34583100165 1.9866641209505082e-15
6619.38724118631 1.3666835214004552e-15
6622.42865137098 1.215035749392432e-15
6625.47006155565 1.1698185397892608e-15
6628.51147174032 1.2068474903468473e-15
6631.55288192498 1.3033785073327977e-15
6634.59429210965 1.0446005274437646e-15
6637.63570229432 6.308964829190811e-16
6640.67711247898 4.0474809503806334e-16
6643.71852266365 3.037517596680176e-16
6646.75993284831 2.637221156675322e-16
6649.80134303298 2.279903048915314e-16
6652.84275321765 1.9425513572091731e-16
6655.88416340232 1.7738483686832363e-16
6658.92557358699 1.8120108810863182e-16
6661.96698377165 1.7801832827307783e-16
6665.00839395632 1.6386605054670132e-16
6668.04980414099 1.499700901906887e-16
6671.09121432565 1.527377324871096e-16
6674.13262451032 1.5606738581925004e-16
6677.17403469499 1.4384904377528542e-16
6680.21544487965 1.342026515191813e-16
6683.25685506432 1.3184831156274656e-16
6686.29826524899 1.279622687800588e-16
6689.33967543365 1.338007315962027e-16
6692.38108561832 1.218638436090688e-16
6695.42249580299 1.094191742026131e-16
6698.46390598766 1.1248694817174298e-16
6701.50531617232 1.0662780485804e-16
6704.54672635699 8.576940389648831e-17
6707.58813654166 8.879601186359393e-17
6710.62954672632 9.464073006862234e-17
6713.67095691099 9.568115745262144e-17
6716.71236709566 1.5712613849359743e-16
6719.75377728032 1.4077729681247517e-16
6722.79518746499 9.003718968804895e-17
6725.83659764966 8.732070335985356e-17
6728.87800783433 8.885358889450922e-17
6731.91941801899 7.462409439985455e-17
6734.96082820366 7.734016122548749e-17
6738.00223838833 8.89206808128636e-17
6741.04364857299 6.916115989361619e-17
6744.08505875766 7.165228830456392e-17
6747.12646894233 6.346133131120878e-17
6750.16787912699 9.106146505727787e-17
6753.20928931166 9.426625715708336e-17
6756.25069949633 9.476253528000948e-17
6759.29210968099 6.85833705869885e-17
6762.33351986566 4.9822699168902054e-17
6765.37493005033 7.418251629554944e-17
6768.416340235 6.351927591052861e-17
6771.45775041966 6.423876784659607e-17
6774.49916060433 5.72763013228357e-17
6777.540570789 4.778232377830389e-17
6780.58198097366 6.602876292352166e-17
6783.62339115833 6.353902846497586e-17
6786.664801343 4.3039698858859204e-17
6789.70621152767 4.661419397939806e-17
6792.74762171233 4.0909280422702243e-17
6795.789031897 2.221941024966059e-17
6798.83044208167 2.6915033376691303e-17
6801.87185226633 4.328177395794124e-17
6804.913262451 3.5512300784126786e-17
6807.95467263567 2.6881244397161987e-17
6810.99608282034 2.752546269504845e-17
6814.037493005 2.2713783109733868e-17
6817.07890318967 3.6493384938339917e-17
6820.12031337434 2.8873760958949444e-17
6823.161723559 4.628792796869548e-17
6826.20313374367 3.2016627997987956e-17
6829.24454392834 2.970033336660226e-17
6832.285954113 3.444827965285719e-17
6835.32736429767 3.42497651614419e-17
6838.36877448234 3.9511314200746645e-17
6841.410184667 3.2569289651304834e-17
6844.45159485167 2.1737826721635443e-17
6847.49300503634 2.508486128086958e-17
6850.53441522101 1.5912313937929577e-17
6853.57582540567 4.351451942856203e-17
6856.61723559034 3.9702012022571006e-17
6859.65864577501 5.400642044022481e-17
6862.70005595967 3.5253464363501013e-17
6865.74146614434 2.7938481331421865e-17
6868.78287632901 4.430123529222435e-17
6871.82428651368 4.3335846070088507e-17
6874.86569669834 4.334411607460898e-17
6877.90710688301 4.248942189370555e-17
6880.94851706768 3.7159097410457846e-17
6883.98992725234 1.622522848898528e-17
6887.03133743701 1.8219771430492372e-17
6890.07274762168 2.3053965011692522e-17
6893.11415780634 3.061097582080786e-17
6896.15556799101 3.2232802482535873e-17
6899.19697817568 2.6674467603354e-17
6902.23838836035 2.555000095246026e-17
6905.27979854501 3.029359817581589e-17
6908.32120872968 2.338894308888014e-17
6911.36261891434 2.915480663713783e-17
6914.40402909901 2.6505385081779423e-17
6917.44543928368 1.0728912947461685e-17
6920.48684946835 2.828751874673175e-17
6923.52825965301 4.11151937359876e-17
6926.56966983768 2.2126239421220585e-17
6929.61108002235 1.519440278665779e-17
6932.65249020701 2.6013537809051988e-17
6935.69390039168 2.5045371591371545e-17
6938.73531057635 2.6833527579597393e-17
6941.77672076102 2.254609471043727e-17
6944.81813094568 2.932782349506736e-17
6947.85954113035 3.990846334995335e-17
6950.90095131502 1.984813918083402e-17
6953.94236149968 4.015886230874951e-17
6956.98377168435 2.7291452442405918e-17
6960.02518186902 2.540002183531725e-17
6963.06659205369 3.119453606525929e-17
6966.10800223835 5.016016035921913e-17
6969.14941242302 3.4806277244403326e-17
6972.19082260769 3.2685049159933436e-17
6975.23223279235 4.092214725841724e-17
6978.27364297702 2.4668952533983502e-17
6981.31505316169 3.4489731706749854e-17
6984.35646334635 3.15980842543832e-17
6987.39787353102 2.1858791582162054e-17
6990.43928371569 3.658065411349084e-17
6993.48069390036 3.677195118060366e-17
6996.52210408502 3.0657820083540086e-17
6999.56351426969 3.3764109589005285e-17
7002.60492445436 3.6482624593300916e-17
7005.64633463902 3.393020606971648e-17
7008.68774482369 3.527851717386232e-17
7011.72915500836 2.501057927212878e-17
7014.77056519302 3.846727389895436e-17
7017.81197537769 3.946053622725995e-17
7020.85338556236 3.8148578130308835e-17
7023.89479574702 3.470050243525781e-17
7026.93620593169 3.427212781776559e-17
7029.97761611636 3.9580669515134715e-17
7033.01902630103 4.0367247275166235e-17
7036.06043648569 4.2600148756733115e-17
7039.10184667036 3.9227378474420683e-17
7042.14325685503 2.98576537465994e-17
7045.18466703969 2.935651447877286e-17
7048.22607722436 2.900903764174076e-17
7051.26748740903 3.962045600337764e-17
7054.3088975937 3.704681832513951e-17
7057.35030777836 4.685391713481633e-17
7060.39171796303 3.922136900106514e-17
7063.4331281477 2.860102236084853e-17
7066.47453833236 3.546986555861355e-17
7069.51594851703 3.3878843709768106e-17
7072.5573587017 4.8357378258688426e-17
7075.59876888636 3.715201040260603e-17
7078.64017907103 3.9270151446949786e-17
7081.6815892557 4.700443496595404e-17
7084.72299944037 4.761062898891796e-17
7087.76440962503 3.936088184268248e-17
7090.8058198097 4.9222210020592787e-17
7093.84722999437 4.503071560225798e-17
7096.88864017904 6.218413317701574e-17
7099.9300503637 5.649239124746558e-17
7102.97146054837 5.057194416467461e-17
7106.01287073303 4.6918454459489586e-17
7109.0542809177 5.3259650776816555e-17
7112.09569110237 7.280138487283017e-17
7115.13710128703 1.1659282435117645e-16
7118.1785114717 1.314373156565593e-16
7121.21992165637 9.086789763605371e-17
7124.26133184104 6.634824618455922e-17
7127.3027420257 4.771069802265361e-17
7130.34415221037 4.197382530899858e-17
7133.38556239504 4.5693056418372315e-17
7136.4269725797 3.561835417540642e-17
7139.46838276437 5.0366372001481014e-17
7142.50979294904 4.8878239903134495e-17
7145.55120313371 4.139566620605585e-17
7148.59261331837 3.0358159511126214e-17
7151.63402350304 3.5332311945317535e-17
7154.67543368771 2.8597032245045754e-17
7157.71684387237 3.563427302513608e-17
7160.75825405704 5.532473952992455e-17
7163.79966424171 4.4630823046215516e-17
7166.84107442637 3.9606644540149945e-17
7169.88248461104 3.4944923882902695e-17
7172.92389479571 3.25036354382674e-17
7175.96530498038 2.93105518941898e-17
7179.00671516504 3.1612161214411825e-17
7182.04812534971 4.494805697273899e-17
7185.08953553438 6.905887096927824e-17
7188.13094571904 5.830799659892715e-17
7191.17235590371 5.613546830307776e-17
7194.21376608838 4.383705524664406e-17
7197.25517627304 4.2872782183451374e-17
7200.29658645771 4.516593545488532e-17
7203.33799664238 8.482803754877839e-17
7206.37940682705 1.42490730509859e-16
7209.42081701171 1.2211953781417723e-16
7212.46222719638 5.70356432879744e-17
7215.50363738105 4.815221806780129e-17
7218.54504756571 6.153338758089688e-17
7221.58645775038 6.578158383441685e-17
7224.62786793505 8.174275032645276e-17
7227.66927811972 5.3802864967337155e-17
7230.71068830438 4.0724369712165543e-17
7233.75209848905 4.579023027205435e-17
7236.79350867372 5.1500572085671696e-17
7239.83491885838 4.1268462804130903e-17
7242.87632904305 2.3455843886248564e-17
7245.91773922772 4.0081414510406323e-17
7248.95914941238 3.883888415830615e-17
7252.00055959705 5.232766880098403e-17
7255.04196978172 2.491347541203502e-17
7258.08337996638 3.8781553283796094e-17
7261.12479015105 3.8561323075866045e-17
7264.16620033572 3.611525935365862e-17
7267.20761052038 3.385302336314928e-17
7270.24902070505 5.1127000717982396e-17
7273.29043088972 5.905312206869276e-17
7276.33184107439 5.681354823157122e-17
7279.37325125905 3.2184260519696304e-17
7282.41466144372 2.5911846372098984e-17
7285.45607162839 4.199009460581222e-17
7288.49748181305 6.295764729881078e-17
7291.53889199772 5.929716002023776e-17
7294.58030218239 5.998922470004728e-17
7297.62171236706 4.844649274676504e-17
7300.66312255172 4.311663635550842e-17
7303.70453273639 4.446296268101401e-17
7306.74594292106 3.3561074226214357e-17
7309.78735310572 5.204856616307373e-17
7312.82876329039 6.651989268866014e-17
7315.87017347506 5.5388609158447435e-17
7318.91158365973 6.147025765007438e-17
7321.95299384439 4.9652557900274925e-17
7324.99440402906 5.92242315734655e-17
7328.03581421373 5.5502081611373264e-17
7331.07722439839 4.361251281556691e-17
7334.11863458306 6.758840060693129e-17
7337.16004476773 7.667410143149792e-17
7340.20145495239 4.775861877444006e-17
7343.24286513706 4.5542543152362794e-17
7346.28427532173 4.147514466315608e-17
7349.3256855064 3.153283432650179e-17
7352.36709569106 5.0632451247595224e-17
7355.40850587573 4.062084191657083e-17
7358.4499160604 5.247171058556853e-17
7361.49132624506 6.017214783223828e-17
7364.53273642973 4.209530147739443e-17
7367.5741466144 4.681931852648686e-17
7370.61555679906 8.905726663650912e-17
7373.65696698373 7.029864203800452e-17
7376.6983771684 5.968030118025625e-17
7379.73978735307 6.248699557364697e-17
7382.78119753773 5.765757064639649e-17
7385.8226077224 5.685061911601735e-17
7388.86401790707 6.412663561856658e-17
7391.90542809173 5.1298923914924567e-17
7394.9468382764 3.616683727443745e-17
7397.98824846107 6.363990916655273e-17
7401.02965864573 6.716114848905039e-17
7404.0710688304 4.1107644192031204e-17
7407.11247901507 2.5837702765333672e-17
7410.15388919974 3.297483329607351e-17
7413.1952993844 3.703045620972531e-17
7416.23670956907 4.204824028981079e-17
7419.27811975374 3.3506585854409385e-17
7422.3195299384 3.294522838941191e-17
7425.36094012307 4.6993543859938925e-17
7428.40235030774 5.035720919456522e-17
7431.44376049241 9.048056958105128e-17
7434.48517067707 8.137212321001234e-17
7437.52658086174 6.423338650276849e-17
7440.56799104641 4.6948264689691846e-17
7443.60940123107 6.408753392099229e-17
7446.65081141574 5.085624339020121e-17
7449.69222160041 3.962897268828306e-17
7452.73363178507 3.7724969012820947e-17
7455.77504196974 3.7716083716404136e-17
7458.81645215441 3.017009475283133e-17
7461.85786233907 3.9772091739462335e-17
7464.89927252374 5.216586795385918e-17
7467.94068270841 3.579752850597727e-17
7470.98209289308 3.565171613774908e-17
7474.02350307774 3.457560338263967e-17
7477.06491326241 4.020369731145554e-17
7480.10632344707 4.3439980403837447e-17
7483.14773363174 3.745418647632815e-17
7486.18914381641 3.3053217743915763e-17
7489.23055400108 4.4614300546982693e-17
7492.27196418574 3.616192180390806e-17
7495.31337437041 2.6152830412445696e-17
7498.35478455508 2.369453145794854e-17
7501.39619473974 3.8052555907341064e-17
7504.43760492441 5.042190454037172e-17
7507.47901510908 7.213632536382907e-17
7510.52042529375 5.0121772328023056e-17
7513.56183547841 2.920069971490143e-17
7516.60324566308 4.7140604160586893e-17
7519.64465584775 4.332783073624116e-17
7522.68606603241 3.060906425670385e-17
7525.72747621708 5.1107620597026774e-17
7528.76888640175 3.391943013958282e-17
7531.81029658641 3.5258847991638814e-17
7534.85170677108 4.451411820894751e-17
7537.89311695575 2.2783462749877592e-17
7540.93452714042 2.1252490450570702e-17
7543.97593732508 3.045278944454344e-17
7547.01734750975 3.16539378825478e-17
7550.05875769442 1.7973353925353422e-17
7553.10016787908 2.5730647919252526e-17
7556.14157806375 2.1508016578282173e-17
7559.18298824842 3.0800533896681665e-17
7562.22439843308 3.530545835112855e-17
7565.26580861775 3.1677550056348095e-17
7568.30721880242 3.80496511000156e-17
7571.34862898709 3.3994786124756165e-17
7574.39003917175 1.1148441835692223e-17
7577.43144935642 1.9325995378461068e-17
7580.47285954109 4.723832773284499e-17
7583.51426972575 3.759522502619393e-17
7586.55567991042 3.061062313769672e-17
7589.59709009509 2.5233617513938406e-17
7592.63850027975 6.171409861474959e-17
7595.67991046442 4.420065867615942e-17
7598.72132064909 3.83936073558441e-17
7601.76273083376 5.068540474000355e-18
7604.80414101842 2.38680150961889e-17
7607.84555120309 1.1972729674238945e-17
7610.88696138776 1.3364076656222527e-17
7613.92837157242 2.853766350136986e-17
7616.96978175709 2.4175705592250466e-17
7620.01119194176 2.5279214017516958e-17
7623.05260212642 2.8774186919962706e-17
7626.09401231109 3.538185425993184e-17
7629.13542249576 2.0668526075168208e-17
7632.17683268043 3.348968431549461e-17
7635.21824286509 3.0033284474612694e-17
7638.25965304976 1.9768766946806544e-17
7641.30106323443 9.132202139483292e-18
7644.3424734191 1.4057321520432626e-17
7647.38388360376 6.260519245619413e-18
7650.42529378843 3.581019247535023e-17
7653.4667039731 2.8470369605989953e-17
7656.50811415776 3.9625492941836914e-17
7659.54952434243 1.456209796057642e-17
7662.5909345271 7.37855413852739e-18
7665.63234471176 3.6434313238892053e-17
7668.67375489643 3.854454519507461e-17
7671.7151650811 2.4337395266353235e-17
7674.75657526576 1.7105588298716833e-17
7677.79798545043 4.1525985504664466e-17
7680.8393956351 3.920349703165636e-17
7683.88080581977 2.4221576305966145e-17
7686.92221600443 2.5025496213423553e-17
7689.9636261891 2.8538367449514026e-17
7693.00503637377 4.1923680554183225e-17
7696.04644655843 8.57223332645483e-17
7699.0878567431 4.98226454501059e-17
7702.12926692777 2.3898241663451045e-17
7705.17067711243 2.7887499439735475e-17
7708.2120872971 3.190483220878991e-17
7711.25349748177 6.082712551080991e-17
7714.29490766644 3.956029723856264e-17
7717.3363178511 2.853657822633741e-17
7720.37772803577 3.1009384453456824e-17
7723.41913822044 1.2643549334983253e-17
7726.4605484051 1.2393768965023389e-17
7729.50195858977 2.23553852721112e-17
7732.54336877444 2.4608760518984862e-17
7735.5847789591 2.440164889271776e-17
7738.62618914377 2.328377407669023e-17
7741.66759932844 3.3737234309017504e-17
7744.7090095131 4.697162640408972e-17
7747.75041969777 4.345204807107205e-17
7750.79182988244 2.6476694276967394e-17
7753.83324006711 2.942591110207198e-17
7756.87465025177 4.9732027328172556e-17
7759.91606043644 3.241472073643083e-17
7762.95747062111 6.800115611672653e-17
7765.99888080577 4.0864187334233463e-17
7769.04029099044 4.339716029182108e-17
7772.08170117511 3.7015074423207045e-17
7775.12311135978 2.6322166019141597e-17
7778.16452154444 3.160701668973479e-17
7781.20593172911 3.1502990490191934e-17
7784.24734191378 3.4945787642792e-17
7787.28875209844 4.441225970133764e-17
7790.33016228311 3.311810973413709e-17
7793.37157246778 2.959298297573934e-17
7796.41298265245 2.0345687567905246e-17
7799.45439283711 3.381835401131471e-17
7802.49580302178 4.844516352168641e-17
7805.53721320645 4.21556128044591e-17
7808.57862339111 2.261716792195228e-17
7811.62003357578 3.1020272713896254e-17
7814.66144376045 3.3346671096885165e-17
7817.70285394511 4.6388411798931896e-17
7820.74426412978 3.5470325539666867e-17
7823.78567431445 4.030128667519243e-17
7826.82708449911 3.841786725946231e-17
7829.86849468378 3.008888416935511e-17
7832.90990486845 2.3479289818494242e-17
7835.95131505311 2.4495574028764008e-17
7838.99272523778 2.806722639190781e-17
7842.03413542245 3.197810521370381e-17
7845.07554560712 2.605026650623104e-17
7848.11695579178 3.559553073002514e-17
7851.15836597645 4.3791864614742825e-17
7854.19977616112 2.0801610218730782e-17
7857.24118634579 2.030023323158324e-17
7860.28259653045 4.389828250407449e-17
7863.32400671512 4.326761849354459e-17
7866.36541689979 4.120729531244962e-17
7869.40682708445 7.806180491149675e-17
7872.44823726912 7.283394764808235e-17
7875.48964745379 1.0239009016156013e-17
7878.53105763845 3.0601535499053816e-17
7881.57246782312 2.929401282382753e-17
7884.61387800779 3.5929709179383883e-17
7887.65528819245 8.898892004198642e-18
7890.69669837712 8.537254254079757e-18
7893.73810856179 3.612532961485146e-17
7896.77951874645 3.153852399881203e-17
7899.82092893112 2.1156505969630877e-17
7902.86233911579 2.934476069970089e-17
7905.90374930046 3.516220193305541e-17
7908.94515948512 4.529262889769501e-17
7911.98656966979 1.418086299280263e-17
7915.02797985446 1.2523084435204951e-17
7918.06939003912 3.897805368754906e-17
7921.11080022379 4.580973975769748e-17
7924.15221040846 4.941528477488784e-17
7927.19362059313 4.8211113102352446e-17
7930.23503077779 4.2131183982273317e-17
7933.27644096246 2.099369367848422e-17
7936.31785114713 3.0230541538801054e-17
7939.35926133179 3.7473827900945343e-17
7942.40067151646 3.597847352643165e-17
7945.44208170113 5.604806229486318e-17
7948.48349188579 8.148911442559669e-17
7951.52490207046 6.345355900104608e-17
7954.56631225513 3.458686037693762e-17
7957.60772243979 4.5811345809162145e-17
7960.64913262446 4.746285925190995e-17
7963.69054280913 3.9126009120301494e-17
7966.7319529938 1.0357617555325073e-17
7969.77336317846 6.20386388764446e-18
7972.81477336313 1.2572548302092527e-17
7975.8561835478 3.659550335755038e-17
7978.89759373247 5.2160343426931174e-17
7981.93900391713 4.0491195236891516e-17
7984.9804141018 3.279743444317009e-17
7988.02182428647 4.416736300305012e-17
7991.06323447113 4.432356140032888e-17
7994.1046446558 2.7787329454001533e-17
7997.14605484047 3.1812195991892106e-17
8000.18746502513 1.5828755497585866e-17
8003.2288752098 2.886473053322673e-17
8006.27028539447 2.3131308688745488e-17
8009.31169557913 3.33487749435524e-17
8012.3531057638 2.8181047638665544e-17
8015.39451594847 1.2702128540549335e-17
8018.43592613314 2.9313934622944895e-17
8021.4773363178 3.350337251903092e-17
8024.51874650247 1.9906116844035736e-17
8027.56015668714 2.6830170483060947e-17
8030.6015668718 3.3904275800016034e-17
8033.64297705647 3.138856635865741e-17
8036.68438724114 1.4953768657305482e-17
8039.72579742581 2.414078004541519e-17
8042.76720761047 3.1159598816641887e-17
8045.80861779514 3.656109724165344e-17
8048.85002797981 2.1355074810174644e-17
8051.89143816447 3.399554946232854e-17
8054.93284834914 4.754421238565339e-17
8057.97425853381 2.7933480676478586e-17
8061.01566871847 2.773732390946417e-17
8064.05707890314 3.2268689210058904e-17
8067.09848908781 3.2876990223806954e-17
8070.13989927247 2.980940988908952e-17
8073.18130945714 2.29507371722844e-17
8076.22271964181 3.369405703449508e-17
8079.26412982648 5.726627523781478e-17
8082.30554001114 3.0944153894335286e-17
8085.34695019581 3.101282601445063e-17
8088.38836038048 3.078884355333251e-17
8091.42977056514 2.178966267490233e-17
8094.47118074981 3.115606419145738e-17
8097.51259093448 2.9580124019170903e-17
8100.55400111914 3.387999390922297e-17
8103.59541130381 2.5937554223584863e-17
8106.63682148848 4.657869388954619e-17
8109.67823167315 4.080490423894132e-17
8112.71964185781 4.794070560015206e-17
8115.76105204248 1.816210715037488e-17
8118.80246222715 2.381901741409693e-17
8121.84387241181 3.971763422601821e-17
8124.88528259648 3.4292185469848063e-17
8127.92669278115 2.4368156113918303e-17
8130.96810296582 3.0163176216901524e-17
8134.00951315048 3.244917135279735e-17
8137.05092333515 2.9890434748196295e-17
8140.09233351981 2.0931988826492826e-17
8143.13374370448 3.7664292848179084e-17
8146.17515388915 3.270982794035128e-17
8149.21656407382 2.5120941674542403e-17
8152.25797425848 2.7103311850084855e-17
8155.29938444315 2.7219168154787197e-17
8158.34079462782 3.855557008204821e-17
8161.38220481248 2.329080244329656e-17
8164.42361499715 2.215186551952681e-17
8167.46502518182 4.020196047455335e-17
8170.50643536649 3.699160485126337e-17
8173.54784555115 4.7184923821308913e-17
8176.58925573582 3.7771508706672235e-17
8179.63066592049 3.313934691242851e-17
8182.67207610515 4.6164847964284644e-17
8185.71348628982 2.5447077998046434e-17
8188.75489647449 4.090534475899639e-17
8191.79630665916 1.5164050786969797e-17
8194.83771684382 1.7409019247130186e-17
8197.87912702849 3.940989987889538e-17
8200.92053721315 3.297024768683075e-17
8203.96194739782 3.11562443848642e-17
8207.00335758249 3.1899296026713113e-17
8210.04476776715 2.902027458014959e-17
8213.08617795182 3.751657699283946e-17
8216.12758813649 4.124379708741954e-17
8219.16899832116 2.4871888163080356e-17
8222.21040850582 3.081250237278443e-17
8225.25181869049 3.8807112647997145e-17
8228.29322887516 4.176732016762112e-17
8231.33463905983 4.783322536690023e-17
8234.37604924449 3.841819198155408e-17
8237.41745942916 1.9397861376230975e-17
8240.45886961383 5.5112991297175746e-18
8243.50027979849 1.7853768002524127e-17
8246.54168998316 2.5487908316570076e-17
8249.58310016783 3.471625218397436e-17
8252.62451035249 3.607006472382963e-17
8255.66592053716 1.4753253615505214e-17
8258.70733072183 2.286568367649895e-17
8261.7487409065 2.9799388064969267e-17
8264.79015109116 1.9871863433725973e-17
8267.83156127583 1.6581498318040264e-17
8270.8729714605 5.035753024814845e-17
8273.91438164516 3.176561165442597e-17
8276.95579182983 6.114871806545327e-17
8279.9972020145 5.658796596602343e-17
8283.03861219917 5.507164993385637e-17
8286.08002238383 7.527568178305617e-17
8289.1214325685 5.212413607865619e-17
8292.16284275317 5.299468448974261e-17
8295.20425293783 7.268030564905524e-17
8298.2456631225 8.46892771110831e-17
8301.28707330717 5.509674014561723e-17
8304.32848349183 3.6302006662433776e-17
8307.3698936765 4.3152387483344106e-17
8310.41130386117 4.24994536352565e-17
8313.45271404583 3.2692384788386537e-17
8316.4941242305 5.333987314209398e-17
8319.53553441517 3.1893669105911315e-17
8322.57694459983 3.549283071336678e-17
8325.6183547845 2.6959729211566923e-17
8328.65976496917 5.093786913671244e-17
8331.70117515384 4.234983345331052e-17
8334.7425853385 4.330233272452173e-17
8337.78399552317 7.540292810611816e-17
8340.82540570784 7.873625656277081e-17
8343.8668158925 6.890175532696956e-17
8346.90822607717 6.3940213208396e-17
8349.94963626184 3.6974883912513674e-17
8352.99104644651 3.7481416435074847e-17
8356.03245663117 4.9565777956267034e-17
8359.07386681584 4.317011039925471e-17
8362.11527700051 3.848240486962481e-17
8365.15668718517 4.318173405063356e-17
8368.19809736984 4.408040372089243e-17
8371.23950755451 4.0519091005958995e-17
8374.28091773918 7.284728970812827e-17
8377.32232792384 5.214391399087855e-17
8380.36373810851 1.39008597956419e-17
8383.40514829318 3.632471897211736e-17
8386.44655847784 6.236356516164168e-17
8389.48796866251 4.0879786919794e-17
8392.52937884718 2.0506272311376556e-17
8395.57078903185 5.378712534347476e-17
8398.61219921651 5.4965570487665195e-17
8401.65360940118 4.5149456778384905e-17
8404.69501958584 6.511535306521551e-17
8407.73642977051 5.816940076638006e-17
8410.77783995518 3.798691747983686e-17
8413.81925013985 4.204213563916501e-17
8416.86066032451 6.174517598494287e-17
8419.90207050918 7.807276322375487e-17
8422.94348069385 8.705736120408653e-17
8425.98489087851 1.0253122766079638e-16
8429.02630106318 9.650966612936618e-17
8432.06771124785 7.021007867962213e-17
8435.10912143251 6.656458506046262e-17
8438.15053161718 5.3707568852537923e-17
8441.19194180185 5.3713551632443776e-17
8444.23335198652 4.138296709590624e-17
8447.27476217118 6.152211175703407e-17
8450.31617235585 4.518489356244889e-17
8453.35758254052 5.794714341841943e-17
8456.39899272518 6.128201882403693e-17
8459.44040290985 8.17102320340612e-17
8462.48181309452 7.096013383402595e-17
8465.52322327918 4.4996171868830014e-17
8468.56463346385 6.704122176834898e-17
8471.60604364852 6.912171322259978e-17
8474.64745383319 6.640136781871549e-17
8477.68886401785 5.664093243127614e-17
8480.73027420252 4.9397304707549107e-17
8483.77168438719 6.816716885669318e-17
8486.81309457185 7.237374156242745e-17
8489.85450475652 6.657066347026428e-17
8492.89591494119 8.488951526011139e-17
8495.93732512586 7.89381127724727e-17
8498.97873531052 1.149867266290245e-16
8502.02014549519 1.0433030772554906e-16
8505.06155567986 7.44218166929181e-17
8508.10296586452 9.044634997584862e-17
8511.14437604919 1.0841769062165724e-16
8514.18578623386 1.0785594356940105e-16
8517.22719641852 7.540522134812906e-17
8520.26860660319 8.159646240600987e-17
8523.31001678786 8.585394708471458e-17
8526.35142697253 7.386868100795537e-17
8529.39283715719 7.034949573318166e-17
8532.43424734186 8.567277166062458e-17
8535.47565752653 9.726705670530164e-17
8538.51706771119 6.199479732112733e-17
8541.55847789586 8.304637316373723e-17
8544.59988808053 9.97853641386032e-17
8547.64129826519 9.104582860409068e-17
8550.68270844986 9.507194440818286e-17
8553.72411863453 1.2118354748534874e-16
8556.7655288192 8.505838743258955e-17
8559.80693900386 7.137889658273774e-17
8562.84834918853 8.321672723643465e-17
8565.8897593732 8.040139497802927e-17
8568.93116955786 9.996729201237504e-17
8571.97257974253 1.0126795811820316e-16
8575.0139899272 8.022953717603718e-17
8578.05540011186 8.022290946974406e-17
8581.09681029653 8.422279954949342e-17
8584.1382204812 9.929962826863147e-17
8587.17963066587 9.458459854840054e-17
8590.22104085053 6.548398478722335e-17
8593.2624510352 7.310118914386413e-17
8596.30386121986 9.289057959262699e-17
8599.34527140453 7.249195314773449e-17
8602.3866815892 7.841656809732575e-17
8605.42809177387 6.357403474771779e-17
8608.46950195853 7.019802765299602e-17
8611.5109121432 8.646380263013455e-17
8614.55232232787 8.3765309649338e-17
8617.59373251254 6.908022798485786e-17
8620.6351426972 8.869492992504473e-17
8623.67655288187 7.978694902115849e-17
8626.71796306654 5.588640411933462e-17
8629.7593732512 8.004121413258544e-17
8632.80078343587 5.435311099718617e-17
8635.84219362054 5.773905583644232e-17
8638.8836038052 9.086719306967361e-17
8641.92501398987 8.784804764088854e-17
8644.96642417454 1.1632209181097778e-16
8648.00783435921 1.0139917862048594e-16
8651.04924454387 5.18562659621047e-17
8654.09065472854 5.202028927205558e-17
8657.13206491321 8.718333921571074e-17
8660.17347509787 9.642767886998123e-17
8663.21488528254 9.481462049959222e-17
8666.25629546721 1.0717165698329382e-16
8669.29770565188 7.644038933337799e-17
8672.33911583654 7.705354164042876e-17
8675.38052602121 9.878741025867481e-17
8678.42193620588 7.882372468525658e-17
8681.46334639054 1.1136342150776163e-16
8684.50475657521 1.1067959182781748e-16
8687.54616675988 1.0378769954737768e-16
8690.58757694454 8.908873339826633e-17
8693.62898712921 1.2126665203430928e-16
8696.67039731388 8.342010126215348e-17
8699.71180749855 7.823988888033583e-17
8702.75321768321 1.1034110390329175e-16
8705.79462786788 9.388079903560639e-17
8708.83603805254 9.426249516294887e-17
8711.87744823721 1.1580122780476956e-16
8714.91885842188 1.0493178120262906e-16
8717.96026860655 7.799167827069821e-17
8721.00167879121 8.003158831746161e-17
8724.04308897588 9.981570135910852e-17
8727.08449916055 9.716087448453621e-17
8730.12590934521 8.450801474762152e-17
8733.16731952988 6.947098804161537e-17
8736.20872971455 8.666088331878088e-17
8739.25013989922 9.905136322281577e-17
8742.29155008388 1.1355889569460057e-16
8745.33296026855 8.725362372463757e-17
8748.37437045322 8.59169514081811e-17
8751.41578063788 1.1084879795704629e-16
8754.45719082255 1.0462100881365192e-16
8757.49860100722 7.400950278870057e-17
8760.54001119188 1.3390255927961333e-16
8763.58142137655 8.374382489927409e-17
8766.62283156122 3.935612883177537e-17
8769.66424174589 4.1793558355700403e-17
8772.70565193055 5.085259610545622e-17
8775.74706211522 1.320598096047983e-16
8778.78847229989 9.199655249447293e-17
8781.82988248455 5.086187430521328e-17
8784.87129266922 8.33545248535765e-17
8787.91270285389 1.211977434992465e-16
8790.95411303856 5.270551979580126e-17
8793.99552322322 5.0875188498732293e-17
8797.03693340789 3.7679465386129923e-17
8800.07834359256 5.1681116986108814e-17
8803.11975377722 7.066786786936851e-17
8806.16116396189 6.624152412238284e-17
8809.20257414656 5.805206608428367e-17
8812.24398433122 6.048578264206006e-17
8815.28539451589 6.43944168715965e-17
8818.32680470056 3.846732557950293e-17
8821.36821488522 1.0060779042296064e-16
8824.40962506989 1.3061037668073708e-16
8827.45103525456 3.913037528637873e-17
8830.49244543922 7.426181133252766e-17
8833.53385562389 7.875607163477068e-17
8836.57526580856 6.474989567450169e-17
8839.61667599323 6.101885360754778e-17
8842.65808617789 7.594840212447551e-17
8845.69949636256 8.619078841118934e-17
8848.74090654723 7.524818428262067e-17
8851.78231673189 6.976424161603709e-17
8854.82372691656 6.362505731535516e-17
8857.86513710123 6.525160400467315e-17
8860.9065472859 6.798258597734323e-17
8863.94795747056 5.458795718791702e-17
8866.98936765523 5.5257489706068854e-17
8870.0307778399 4.9039747229843206e-17
8873.07218802456 4.1533772315470155e-17
8876.11359820923 4.4718124028068996e-17
8879.1550083939 6.8153871634312e-17
8882.19641857856 8.977661859936656e-17
8885.23782876323 5.082058464807141e-17
8888.2792389479 6.470373279377392e-17
8891.32064913257 6.318974818258187e-17
8894.36205931723 5.656017767391126e-17
8897.4034695019 8.036448809007779e-17
8900.44487968657 7.90871131673413e-17
8903.48628987123 1.0772486151522663e-16
8906.5277000559 3.8817471950408416e-17
8909.56911024057 3.6263674380134407e-17
8912.61052042524 6.119419367704157e-17
8915.6519306099 1.0887942742204266e-16
8918.69334079457 5.388791735543078e-17
8921.73475097924 3.5489993078528555e-17
8924.7761611639 3.6196210071159604e-17
8927.81757134857 4.7744640629731665e-17
8930.85898153324 4.902840234356171e-17
8933.9003917179 4.9750904728696244e-17
8936.94180190257 7.49202964264248e-17
8939.98321208724 7.179156216571126e-17
8943.0246222719 2.052992614936733e-17
8946.06603245657 4.9644026552848127e-17
8949.10744264124 7.630058260239921e-17
8952.14885282591 6.166415007079712e-17
8955.19026301057 9.315392637424584e-17
8958.23167319524 7.276312283417419e-17
8961.27308337991 5.0564820680812227e-17
8964.31449356457 2.8983213065512726e-17
8967.35590374924 5.238522787477146e-17
8970.39731393391 1.6404165239668618e-17
8973.43872411858 2.830730717791958e-17
8976.48013430324 2.815379413354108e-17
8979.52154448791 1.7548034674677728e-17
8982.56295467258 6.247481103585108e-17
8985.60436485724 6.711946318463504e-17
8988.64577504191 1.037742690742768e-16
8991.68718522658 7.87889362969471e-17
8994.72859541124 3.226808600547426e-17
8997.77000559591 5.003622641906814e-17
9000.81141578058 3.914076691700997e-17
9003.85282596525 5.4214706632568925e-17
9006.89423614991 3.6065799696415673e-17
9009.93564633458 3.946726328277402e-17
9012.97705651924 2.0339830190357028e-17
9016.01846670391 4.645077731543076e-17
9019.05987688858 6.597506805671422e-17
9022.10128707325 7.435898432177813e-17
9025.14269725791 5.642410187063563e-17
9028.18410744258 3.993430512912496e-17
9031.22551762725 7.18766558355074e-18
9034.26692781191 2.6330419323495212e-17
9037.30833799658 4.667403670651848e-17
9040.34974818125 2.0958050424643165e-17
9043.39115836592 5.605433382233226e-17
9046.43256855058 1.6252531676543916e-17
9049.47397873525 9.981490773860417e-18
9052.51538891992 4.433108879950539e-17
9055.55679910458 2.9104280877452106e-17
9058.59820928925 3.3123709780180877e-17
9061.63961947392 3.1750460006771836e-17
9064.68102965858 1.531808137189483e-17
9067.72243984325 4.83301135354614e-17
9070.76385002792 7.090929481631681e-17
9073.80526021259 5.889360135181608e-17
9076.84667039725 4.8909695651793515e-17
9079.88808058192 6.933610920041451e-17
9082.92949076659 6.349451818033588e-17
9085.97090095125 3.48702173793303e-17
9089.01231113592 3.9860255088642056e-17
9092.05372132059 2.3012002764492517e-17
9095.09513150526 2.255453218253331e-17
9098.13654168992 5.1427776014656634e-17
9101.17795187459 3.168892010016902e-17
9104.21936205925 2.28486143432212e-17
9107.26077224392 4.131874926660331e-17
9110.30218242859 3.885081726827584e-17
9113.34359261326 5.696989900992617e-17
9116.38500279792 3.134316813627284e-17
9119.42641298259 3.8528822719099075e-17
9122.46782316726 1.0032781704967219e-17
9125.50923335192 4.761933228727803e-17
9128.55064353659 1.3170958475065942e-17
9131.59205372126 2.507437280622503e-17
9134.63346390593 8.544399270044233e-17
9137.67487409059 9.475233099440277e-17
9140.71628427526 8.443614908733284e-17
9143.75769445993 4.845256717492195e-17
9146.79910464459 3.668590149704091e-17
9149.84051482926 3.484287280238935e-17
9152.88192501393 3.473499087465455e-17
9155.9233351986 3.8788234101969326e-17
9158.96474538326 3.312342497880997e-17
9162.00615556793 2.86201580224593e-17
9165.0475657526 3.6795340494471367e-17
9168.08897593726 2.799084595197023e-17
9171.13038612193 2.3482120905114553e-17
9174.1717963066 3.142162743286439e-17
9177.21320649126 2.7387687966502773e-17
9180.25461667593 3.809089837565654e-17
9183.2960268606 7.95990148821387e-17
9186.33743704526 2.1201438059935506e-17
9189.37884722993 2.012713272594183e-17
9192.4202574146 2.877924045177048e-17
9195.46166759926 2.1690674781962596e-17
9198.50307778393 3.5476052313381013e-17
9201.5444879686 3.7238510903178276e-17
9204.58589815327 3.283690030424456e-17
9207.62730833794 4.044828873081642e-17
9210.6687185226 4.725845300328812e-17
9213.71012870727 3.280006393978549e-17
9216.75153889193 6.377815329034284e-17
9219.7929490766 4.353775974175791e-17
9222.83435926127 3.871227181555683e-17
9225.87576944594 5.993835918550531e-17
9228.9171796306 5.837103337162584e-17
9231.95858981527 3.215051147390678e-17
9234.99999999994 4.327543808740926e-17
