3483.0 1.0267130515915375e-14
3484.47 1.0218453691272416e-14
3485.94 9.411576412994109e-15
3487.41 9.11458782962445e-15
3488.88 9.067490050792569e-15
3490.35 8.823839924088302e-15
3491.82 8.57557789562733e-15
3493.29 9.110240249726594e-15
3494.76 9.088309052260829e-15
3496.23 8.938554502204828e-15
3497.7 9.483249689860029e-15
3499.17 9.266683400727698e-15
3500.64 8.99234266723694e-15
3502.11 8.794008090162493e-15
3503.58 8.585543998371637e-15
3505.05 8.718606609053136e-15
3506.52 8.694060691765494e-15
3507.99 9.043546241929949e-15
3509.46 8.865042611530282e-15
3510.93 8.457791352186722e-15
3512.4 8.941736568788476e-15
3513.87 8.2498412069341e-15
3515.34 8.097036183951275e-15
3516.81 8.478601563503102e-15
3518.28 8.677420336136048e-15
3519.75 8.798917792138744e-15
3521.22 8.759924646134201e-15
3522.69 8.99192963051784e-15
3524.16 8.81247009239868e-15
3525.63 8.978762663145282e-15
3527.1 9.088666284854424e-15
3528.57 9.034527060076738e-15
3530.04 8.854720995445343e-15
3531.51 8.66223783751687e-15
3532.98 8.666639607632393e-15
3534.45 8.948806007609091e-15
3535.92 9.218523820695434e-15
3537.39 9.301328790705476e-15
3538.86 9.628541435382283e-15
3540.33 9.677126247972237e-15
3541.8 9.385304857275572e-15
3543.27 9.369789261717788e-15
3544.74 9.591937633831873e-15
3546.21 9.295348911148184e-15
3547.68 9.246245365894147e-15
3549.15 9.293438940177309e-15
3550.62 9.019419031785563e-15
3552.09 9.196582175860667e-15
3553.56 9.243553646200429e-15
3555.03 9.12076867556921e-15
3556.5 9.2103739190099e-15
3557.97 9.410326306706817e-15
3559.44 8.981560915032522e-15
3560.91 9.481427855465021e-15
3562.38 1.0105665586996067e-14
3563.85 9.750882212585414e-15
3565.32 9.647267975451879e-15
3566.79 9.364276440352853e-15
3568.26 9.153299161434757e-15
3569.73 9.41212937362424e-15
3571.2 9.417173374564237e-15
3572.67 8.980500972432276e-15
3574.14 9.527460603903432e-15
3575.61 9.863656481754737e-15
3577.08 9.399183610438793e-15
3578.55 9.647246611117132e-15
3580.02 9.775867692590762e-15
3581.49 1.0031526024405729e-14
3582.96 1.023140211486999e-14
3584.43 1.0386357153130325e-14
3585.9 9.949994895493587e-15
3587.37 9.836633926950992e-15
3588.84 9.844766911428954e-15
3590.31 9.39159632496922e-15
3591.78 1.0003780798684933e-14
3593.25 1.0032092987652662e-14
3594.72 9.891072727714e-15
3596.19 9.588804683150874e-15
3597.66 9.387651802938994e-15
3599.13 9.540991373403455e-15
3600.6 9.447388556587069e-15
3602.07 9.408844397498226e-15
3603.54 9.69625032845204e-15
3605.01 9.809709726049642e-15
3606.48 9.807236589712396e-15
3607.95 9.602586232809422e-15
3609.42 9.409924478135095e-15
3610.89 9.357151023042238e-15
3612.36 9.231945698092459e-15
3613.83 8.859599298487166e-15
3615.3 9.479702426423129e-15
3616.77 9.683106701593495e-15
3618.24 9.493782723892896e-15
3619.71 9.648941825696028e-15
3621.18 9.58228593306635e-15
3622.65 9.61578846835366e-15
3624.12 9.721515704427899e-15
3625.59 9.723715398417354e-15
3627.06 9.517784720973675e-15
3628.53 9.413720750523069e-15
3630.0 9.59414871990525e-15
3631.47 1.0028657838103183e-14
3632.94 9.759053179198018e-15
3634.41 9.780348092008231e-15
3635.88 9.839311373559959e-15
3637.35 9.444491390923519e-15
3638.82 9.604974816699182e-15
3640.29 9.370402871600227e-15
3641.76 9.503846327230384e-15
3643.23 9.661604050070005e-15
3644.7 9.21198496949876e-15
3646.17 9.166205096951643e-15
3647.64 9.535564647025586e-15
3649.11 9.674097626798034e-15
3650.58 9.451099458134608e-15
3652.05 9.286904728765219e-15
3653.52 9.296359325793848e-15
3654.99 9.323299429079335e-15
3656.46 9.072024280702141e-15
3657.93 9.034367954663378e-15
3659.4 9.046753841549753e-15
3660.87 8.902977656481806e-15
3662.34 8.845897993587706e-15
3663.81 8.736092538145744e-15
3665.28 8.885118421706056e-15
3666.75 8.503953121827005e-15
3668.22 8.766801915768282e-15
3669.69 8.534584976241853e-15
3671.16 8.291180934961715e-15
3672.63 8.835871410652131e-15
3674.1 8.601655838236895e-15
3675.57 8.548493593817956e-15
3677.04 8.465057953457684e-15
3678.51 8.292751960553792e-15
3679.98 8.421392069962703e-15
3681.45 8.35760758616638e-15
3682.92 8.293952572233149e-15
3684.39 8.737046839360957e-15
3685.86 8.649177770081385e-15
3687.33 8.338966783486767e-15
3688.8 8.737370826252855e-15
3690.27 8.889564361519578e-15
3691.74 8.86038399149415e-15
3693.21 8.79847148376214e-15
3694.68 8.949769173916674e-15
3696.15 8.966658769560073e-15
3697.62 8.988292486390423e-15
3699.09 9.26287714457745e-15
3700.56 9.41150186806079e-15
3702.03 9.459230004106702e-15
3703.5 9.290131595153037e-15
3704.97 9.67044088869324e-15
3706.44 9.928755473809461e-15
3707.91 1.0011334557082064e-14
3709.38 9.745703497648421e-15
3710.85 1.0101487517622037e-14
3712.32 1.0406904890120156e-14
3713.79 1.0381704716194451e-14
3715.26 1.0280134902906595e-14
3716.73 1.0536652644829306e-14
3718.2 1.1031826356190809e-14
3719.67 1.1085704581404285e-14
3721.14 1.1399724509037298e-14
3722.61 1.1357457233911886e-14
3724.08 1.1220980277975518e-14
3725.55 1.159651023599151e-14
3727.02 1.1952216483947532e-14
3728.49 1.1888946624793255e-14
3729.96 1.2091501424975538e-14
3731.43 1.208784651046701e-14
3732.9 1.2254987726103259e-14
3734.37 1.2391746575124266e-14
3735.84 1.2105332911085718e-14
3737.31 1.2185902368486363e-14
3738.78 1.2349128672225963e-14
3740.25 1.2466044456682905e-14
3741.72 1.2442764459864588e-14
3743.19 1.2228465487035556e-14
3744.66 1.233289336454045e-14
3746.13 1.2632689209882372e-14
3747.6 1.260441137645601e-14
3749.07 1.257799944331606e-14
3750.54 1.293979911677264e-14
3752.01 1.2790097035982229e-14
3753.48 1.2490670342522321e-14
3754.95 1.2649435744500436e-14
3756.42 1.2734633352705317e-14
3757.89 1.2992564492218779e-14
3759.36 1.2907287010979473e-14
3760.83 1.29052366646508e-14
3762.3 1.2894676459934845e-14
3763.77 1.2955316177138931e-14
3765.24 1.3161952145964874e-14
3766.71 1.3298425496242427e-14
3768.18 1.3343978894136608e-14
3769.65 1.3259970339412487e-14
3771.12 1.3295091996832253e-14
3772.59 1.340832740555914e-14
3774.06 1.3263270585703098e-14
3775.53 1.3594745856317747e-14
3777.0 1.3652536732776984e-14
3778.47 1.3212403520942923e-14
3779.94 1.311176147976849e-14
3781.41 1.3421061852081437e-14
3782.88 1.321300057849769e-14
3784.35 1.354391925945064e-14
3785.82 1.3443611324070783e-14
3787.29 1.293224999811704e-14
3788.76 1.3601686119859e-14
3790.23 1.3526149566192811e-14
3791.7 1.3141347504299945e-14
3793.17 1.3232396728450456e-14
3794.64 1.3364123000995057e-14
3796.11 1.2830439114145447e-14
3797.58 1.2665134194158316e-14
3799.05 1.2405196266537134e-14
3800.52 1.2281054164948083e-14
3801.99 1.1868850906716113e-14
3803.46 1.200767244586473e-14
3804.93 1.2051592639409879e-14
3806.4 1.181950049512532e-14
3807.87 1.1793851145544017e-14
3809.34 1.1698901905707862e-14
3810.81 1.1567498898132114e-14
3812.28 1.1250145463136117e-14
3813.75 1.110993514270484e-14
3815.22 1.0965956154619404e-14
3816.69 1.0932033869402632e-14
3818.16 1.0817739194910538e-14
3819.63 1.0720558492422648e-14
3821.1 1.0861848434639834e-14
3822.57 1.0554487535260476e-14
3824.04 1.0372793204338317e-14
3825.51 1.0539722672574936e-14
3826.98 1.0510826011507686e-14
3828.45 1.017721429383407e-14
3829.92 1.0094280891343173e-14
3831.39 9.987822586019704e-15
3832.86 9.998717514453018e-15
3834.33 1.0006435822099792e-14
3835.8 1.0102630570862046e-14
3837.27 9.840524946602145e-15
3838.74 9.802905924690156e-15
3840.21 1.0036423453584681e-14
3841.68 9.931873576962504e-15
3843.15 9.866785232860204e-15
3844.62 9.540221266305577e-15
3846.09 9.453074863808738e-15
3847.56 9.593583193108251e-15
3849.03 9.735167471680093e-15
3850.5 9.526489368236654e-15
3851.97 9.338013985572323e-15
3853.44 9.608486699145593e-15
3854.91 9.641454258830885e-15
3856.38 9.587303920373151e-15
3857.85 9.412539703670082e-15
3859.32 9.317387781213743e-15
3860.79 9.500214640547766e-15
3862.26 9.628499154075072e-15
3863.73 9.6908693311733e-15
3865.2 9.765117448662528e-15
3866.67 9.696027021365196e-15
3868.14 9.919791696505401e-15
3869.61 1.0104281875299873e-14
3871.08 1.0234951239797373e-14
3872.55 1.0017276323956134e-14
3874.02 9.835249475286741e-15
3875.49 9.80323195110098e-15
3876.96 9.901634600479175e-15
3878.43 9.844543805268463e-15
3879.9 9.840853279140055e-15
3881.37 9.823796485768625e-15
3882.84 9.91950671499764e-15
3884.31 9.899730864145636e-15
3885.78 9.823641611175352e-15
3887.25 9.692104445344663e-15
3888.72 9.746128183483281e-15
3890.19 9.54509332417637e-15
3891.66 9.571683450095943e-15
3893.13 9.541524853706396e-15
3894.6 9.542357674540921e-15
3896.07 9.57921442046777e-15
3897.54 9.566489441858613e-15
3899.01 9.790815453545488e-15
3900.48 1.0003897114759629e-14
3901.95 1.0598339260081923e-14
3903.42 1.0830626151818704e-14
3904.89 1.0394613668030772e-14
3906.36 1.0212159747713637e-14
3907.83 1.0304754836688884e-14
3909.3 1.0426945593526313e-14
3910.77 1.0566829926072467e-14
3912.24 1.0525175511514453e-14
3913.71 1.071059392209382e-14
3915.18 1.0944072840994473e-14
3916.65 1.0934703362075546e-14
3918.12 1.1153002376527001e-14
3919.59 1.1303749979227475e-14
3921.06 1.1257338928102032e-14
3922.53 1.1476577718541219e-14
3924.0 1.1129453806081336e-14
3925.47 1.1043020263558025e-14
3926.94 1.1165908636452852e-14
3928.41 1.1178903436695346e-14
3929.88 1.1143427072319805e-14
3931.35 1.1157497071227651e-14
3932.82 1.1199809315660834e-14
3934.29 1.1378459835113173e-14
3935.76 1.140094394382014e-14
3937.23 1.1640461729154709e-14
3938.7 1.1908428604090471e-14
3940.17 1.1853747491996793e-14
3941.64 1.1679456722408248e-14
3943.11 1.1937303342167845e-14
3944.58 1.1720096419346425e-14
3946.05 1.163178182902829e-14
3947.52 1.1807949169154266e-14
3948.99 1.1927805675323929e-14
3950.46 1.200426067866632e-14
3951.93 1.2243359639056744e-14
3953.4 1.2324508674864453e-14
3954.87 1.2221342243354423e-14
3956.34 1.211869372689773e-14
3957.81 1.2442122601777785e-14
3959.28 1.2543778118888384e-14
3960.75 1.2429530953080333e-14
3962.22 1.2423403205744815e-14
3963.69 1.2322386380366736e-14
3965.16 1.2576353718765215e-14
3966.63 1.2685573526546122e-14
3968.1 1.2393425393031837e-14
3969.57 1.2713119026276706e-14
3971.04 1.2928237027283985e-14
3972.51 1.276414414189085e-14
3973.98 1.2887306090689562e-14
3975.45 1.328964401310019e-14
3976.92 1.3069427795422043e-14
3978.39 1.2909602165338745e-14
3979.86 1.3186104768689337e-14
3981.33 1.3263062790226445e-14
3982.8 1.324168984890357e-14
3984.27 1.3301229205892809e-14
3985.74 1.3261106168893278e-14
3987.21 1.3334346522156686e-14
3988.68 1.352790847507154e-14
3990.15 1.346089388784833e-14
3991.62 1.3425916062441693e-14
3993.09 1.3408499611201541e-14
3994.56 1.3408777378462591e-14
3996.03 1.356933189284257e-14
3997.5 1.3678303648695017e-14
3998.97 1.3583637627789683e-14
4000.44 1.3356286971967511e-14
4001.91 1.3245910054947218e-14
4003.38 1.3266883731226583e-14
4004.85 1.31929228225377e-14
4006.32 1.3149939130738066e-14
4007.79 1.2988849230674458e-14
4009.26 1.2937393502466443e-14
4010.73 1.2851517546369078e-14
4012.2 1.3072019976508207e-14
4013.67 1.3076335089565226e-14
4015.14 1.2937292322005969e-14
4016.61 1.3185679477972897e-14
4018.08 1.317704257096103e-14
4019.55 1.3041200302124296e-14
4021.02 1.2896923254045483e-14
4022.49 1.3032289996404557e-14
4023.96 1.3302260444264318e-14
4025.43 1.318162430420423e-14
4026.9 1.301093843458256e-14
4028.37 1.31689218697115e-14
4029.84 1.3153795957585291e-14
4031.31 1.3071453533040451e-14
4032.78 1.3124166152783244e-14
4034.25 1.285693565154527e-14
4035.72 1.3146285451910136e-14
4037.19 1.3099700042173444e-14
4038.66 1.3500155199825294e-14
4040.13 1.348344361821272e-14
4041.6 1.3200871289039722e-14
4043.07 1.3501916072279063e-14
4044.54 1.3373707409788187e-14
4046.01 1.3448428958527393e-14
4047.48 1.3611996509817426e-14
4048.95 1.3681865406043047e-14
4050.42 1.3577857984706737e-14
4051.89 1.3434125224663513e-14
4053.36 1.377628420133361e-14
4054.83 1.3963289411407576e-14
4056.3 1.4020922149923403e-14
4057.77 1.3856540116904032e-14
4059.24 1.3759505072347698e-14
4060.71 1.3942660706514275e-14
4062.18 1.4106775112884868e-14
4063.65 1.3924354631663128e-14
4065.12 1.3665274317968255e-14
4066.59 1.3826669579967121e-14
4068.06 1.40273108724499e-14
4069.53 1.3879088307684207e-14
4071.0 1.3744275472247115e-14
4072.47 1.3502144779727267e-14
4073.94 1.3351322302352394e-14
4075.41 1.3436887033228275e-14
4076.88 1.3214994418186218e-14
4078.35 1.3035546330659463e-14
4079.82 1.2879657988010377e-14
4081.29 1.2944341021828986e-14
4082.76 1.2654752090736234e-14
4084.23 1.241352650119301e-14
4085.7 1.2396241288224285e-14
4087.17 1.2267512958155467e-14
4088.64 1.2114797483322391e-14
4090.11 1.205240241749723e-14
4091.58 1.2038510920279113e-14
4093.05 1.1965352855936094e-14
4094.52 1.1911988845580292e-14
4095.99 1.1927304024385068e-14
4097.46 1.1882596615132479e-14
4098.93 1.1791777076680333e-14
4100.4 1.1772858944371905e-14
4101.87 1.1799421567173653e-14
4103.34 1.1926993529478173e-14
4104.81 1.2132911201478164e-14
4106.28 1.2262424804677944e-14
4107.75 1.2213437922271675e-14
4109.22 1.204590235104482e-14
4110.69 1.2170359377391461e-14
4112.16 1.2523332604701708e-14
4113.63 1.2438311056629203e-14
4115.1 1.2064737006009262e-14
4116.57 1.2153840934326454e-14
4118.04 1.2271716476382326e-14
4119.51 1.2332314105415028e-14
4120.98 1.2543608964521137e-14
4122.45 1.2491044203104136e-14
4123.92 1.2409977429474575e-14
4125.39 1.2507828264563071e-14
4126.86 1.2540410494879691e-14
4128.33 1.2420095695361377e-14
4129.8 1.2681426576557289e-14
4131.27 1.2692628569325302e-14
4132.74 1.2727122017414449e-14
4134.21 1.2815794132059092e-14
4135.68 1.2858317072762545e-14
4137.15 1.2858008203434723e-14
4138.62 1.279396496195862e-14
4140.09 1.2641541199462161e-14
4141.56 1.2616203266054274e-14
4143.03 1.269529849123592e-14
4144.5 1.2733934418476348e-14
4145.97 1.2652458790024192e-14
4147.44 1.249527201686648e-14
4148.91 1.2553907728728425e-14
4150.38 1.2688891700831622e-14
4151.85 1.2593386360138455e-14
4153.32 1.251389218828184e-14
4154.79 1.2367999523974197e-14
4156.26 1.2522631990039722e-14
4157.73 1.246157600165964e-14
4159.2 1.2318747248289412e-14
4160.67 1.228149933701762e-14
4162.14 1.2249155768475028e-14
4163.61 1.235964595978334e-14
4165.08 1.2280640146068897e-14
4166.55 1.2185711918255341e-14
4168.02 1.208888777432129e-14
4169.49 1.1986116659468306e-14
4170.96 1.205117044819817e-14
4172.43 1.2117921938268513e-14
4173.9 1.2372544978454577e-14
4175.37 1.239590414088476e-14
4176.84 1.2285135723342445e-14
4178.31 1.2419640839687676e-14
4179.78 1.2249592247397198e-14
4181.25 1.196138636359339e-14
4182.72 1.1918948904428213e-14
4184.19 1.1818589021495802e-14
4185.66 1.180752696150325e-14
4187.13 1.1733780646769154e-14
4188.6 1.163212676336717e-14
4190.07 1.1564499041189016e-14
4191.54 1.1341917243238461e-14
4193.01 1.1218012553758913e-14
4194.48 1.1167532487694708e-14
4195.95 1.0971976658186316e-14
4197.42 1.0660820247709867e-14
4198.89 1.0427296834127235e-14
4200.36 1.0423248797047805e-14
4201.83 1.034712600622423e-14
4203.3 1.0006609708328526e-14
4204.77 9.859055631118737e-15
4206.24 9.744855723517358e-15
4207.71 9.514725947165381e-15
4209.18 9.429082170025375e-15
4210.65 9.318332575067952e-15
4212.12 9.264917169553911e-15
4213.59 9.291124684040336e-15
4215.06 9.230090813060758e-15
4216.53 9.173010569624263e-15
4218.0 9.03410470959058e-15
4219.47 8.809403562409477e-15
4220.94 8.848967790398895e-15
4222.41 8.886045948996461e-15
4223.88 8.703158545194016e-15
4225.35 8.691186306531842e-15
4226.82 8.67516429085628e-15
4228.29 8.684102222925728e-15
4229.76 8.713511085163217e-15
4231.23 8.75552651016617e-15
4232.7 8.765039897531053e-15
4234.17 8.55890718904104e-15
4235.64 8.404853533188133e-15
4237.11 8.348174272380296e-15
4238.58 8.35851512182709e-15
4240.05 8.453770129233645e-15
4241.52 8.397520715495446e-15
4242.99 8.473875425526575e-15
4244.46 8.509618395827422e-15
4245.93 8.387821787213565e-15
4247.4 8.428824939308359e-15
4248.87 8.481707405725746e-15
4250.34 8.560788964634705e-15
4251.81 8.522970433336716e-15
4253.28 8.548363920463383e-15
4254.75 8.652262413986647e-15
4256.22 8.799221914423027e-15
4257.69 8.881111130483271e-15
4259.16 8.993721699506382e-15
4260.63 9.109049153981808e-15
4262.1 9.187026082482861e-15
4263.57 9.198012598104237e-15
4265.04 9.262938151318008e-15
4266.51 9.430315861274615e-15
4267.98 9.51015148252387e-15
4269.45 9.697507849371042e-15
4270.92 9.909085794389633e-15
4272.39 1.0006723676439593e-14
4273.86 1.0026626254469788e-14
4275.33 1.0188233330754471e-14
4276.8 1.0213960483636227e-14
4278.27 1.0264011349507475e-14
4279.74 1.0504075700651127e-14
4281.21 1.052203312221443e-14
4282.68 1.0500151224902203e-14
4284.15 1.0615138371726586e-14
4285.62 1.0727891245488067e-14
4287.09 1.0667863933205337e-14
4288.56 1.0864318261122925e-14
4290.03 1.0890872276219662e-14
4291.5 1.0816174891620485e-14
4292.97 1.0793331177659518e-14
4294.44 1.0720524818543237e-14
4295.91 1.076979072836359e-14
4297.38 1.085485780314404e-14
4298.85 1.0723731670069359e-14
4300.32 1.0731793061115857e-14
4301.79 1.0657595484094175e-14
4303.26 1.0584253895794106e-14
4304.73 1.0527593155034895e-14
4306.2 1.0477574641757899e-14
4307.67 1.0587861392212814e-14
4309.14 1.0622788940188228e-14
4310.61 1.0577893226744046e-14
4312.08 1.0513801736640965e-14
4313.55 1.059831408625872e-14
4315.02 1.0669449417175553e-14
4316.49 1.0681263607465669e-14
4317.96 1.0756717098596138e-14
4319.43 1.0731307922810705e-14
4320.9 1.0775232922459024e-14
4322.37 1.0863334859534753e-14
4323.84 1.0768719505517356e-14
4325.31 1.0685127753132181e-14
4326.78 1.0667323281978254e-14
4328.25 1.0783845019135354e-14
4329.72 1.0898665812280008e-14
4331.19 1.0947617811125767e-14
4332.66 1.125536293990399e-14
4334.13 1.1281875002648558e-14
4335.6 1.1023109622337562e-14
4337.07 1.109533386692419e-14
4338.54 1.1297147427558451e-14
4340.01 1.1297965989655508e-14
4341.48 1.1280499575945151e-14
4342.95 1.1290139125970527e-14
4344.42 1.1129039610978273e-14
4345.89 1.1204279811658982e-14
4347.36 1.1345150004128356e-14
4348.83 1.1232682621971664e-14
4350.3 1.125347384379042e-14
4351.77 1.1319175717491953e-14
4353.24 1.120653001049509e-14
4354.71 1.1224088332463195e-14
4356.18 1.1461718158129021e-14
4357.65 1.1609560180517814e-14
4359.12 1.1426528136699518e-14
4360.59 1.1051270312650356e-14
4362.06 1.1104692051832406e-14
4363.53 1.1498618561323228e-14
4365.0 1.1359972319814145e-14
4366.47 1.0998312415725371e-14
4367.94 1.1077916123903891e-14
4369.41 1.107297807630024e-14
4370.88 1.1005374101906211e-14
4372.35 1.1191843749820337e-14
4373.82 1.1150045000984658e-14
4375.29 1.0954513586259993e-14
4376.76 1.1003339966657634e-14
4378.23 1.1075093516733923e-14
4379.7 1.0992620754606301e-14
4381.17 1.0835474580808988e-14
4382.64 1.0807434482722155e-14
4384.11 1.0943351233474466e-14
4385.58 1.094780784481769e-14
4387.05 1.0932015788583263e-14
4388.52 1.1067281472632149e-14
4389.99 1.1020767749630738e-14
4391.46 1.0887804728987326e-14
4392.93 1.087469206065479e-14
4394.4 1.087831725738414e-14
4395.87 1.1037271627668807e-14
4397.34 1.0988397024358716e-14
4398.81 1.0943900238440845e-14
4400.28 1.0923197190136264e-14
4401.75 1.0876795601808722e-14
4403.22 1.0923566096899978e-14
4404.69 1.0885857238170439e-14
4406.16 1.086794856926095e-14
4407.63 1.0891179130868625e-14
4409.1 1.0762095317497237e-14
4410.57 1.0798577053784127e-14
4412.04 1.0764674188160831e-14
4413.51 1.0743159090165353e-14
4414.98 1.0783517971941601e-14
4416.45 1.071574898778069e-14
4417.92 1.0814484223107448e-14
4419.39 1.0866269108525064e-14
4420.86 1.0736069602728879e-14
4422.33 1.0735998205866058e-14
4423.8 1.0727625661963638e-14
4425.27 1.0610394397705649e-14
4426.74 1.0631860235203136e-14
4428.21 1.0536111289654468e-14
4429.68 1.0407298829155989e-14
4431.15 1.04036738546245e-14
4432.62 1.0262070141821257e-14
4434.09 1.007620635424739e-14
4435.56 1.0070176019900543e-14
4437.03 1.0246603211670271e-14
4438.5 1.0286509026545501e-14
4439.97 1.0217624426242912e-14
4441.44 9.998994477525556e-15
4442.91 9.877446706528163e-15
4444.38 9.858871231313732e-15
4445.85 9.801472942480674e-15
4447.32 9.778975381087241e-15
4448.79 9.747595970894393e-15
4450.26 9.625278642895232e-15
4451.73 9.477319493650822e-15
4453.2 9.412765165099827e-15
4454.67 9.363320210682773e-15
4456.14 9.35110868029836e-15
4457.61 9.392076847174448e-15
4459.08 9.369710712863206e-15
4460.55 9.209533626417866e-15
4462.02 9.205538873065156e-15
4463.49 9.15203487975127e-15
4464.96 9.157526021190477e-15
4466.43 9.083221190694218e-15
4467.9 9.023351618839313e-15
4469.37 9.081116174604591e-15
4470.84 8.960807178183864e-15
4472.31 8.921857917739096e-15
4473.78 8.905187814787166e-15
4475.25 8.960722140427726e-15
4476.72 9.042273613616878e-15
4478.19 8.979106531581687e-15
4479.66 8.906845329532526e-15
4481.13 9.007559189108695e-15
4482.6 9.053558184256383e-15
4484.07 9.159842198769983e-15
4485.54 9.217386319339682e-15
4487.01 9.260723961936286e-15
4488.48 9.299644204315665e-15
4489.95 9.23964993484675e-15
4491.42 9.282308097360713e-15
4492.89 9.430481430238772e-15
4494.36 9.389190672506571e-15
4495.83 9.463692450716722e-15
4497.3 9.6557326835597e-15
4498.77 9.588753593513865e-15
4500.24 9.660575554456168e-15
4501.71 9.766425512338923e-15
4503.18 9.808508530848874e-15
4504.65 9.768062483363074e-15
4506.12 9.90334395045725e-15
4507.59 1.0133463794787735e-14
4509.06 1.012398332360586e-14
4510.53 1.0212150473047875e-14
4512.0 1.0361322648325994e-14
4513.47 1.0465477574051909e-14
4514.94 1.0619428176018244e-14
4516.41 1.0716579625689263e-14
4517.88 1.0639894665582126e-14
4519.35 1.0649156340971161e-14
4520.82 1.0762423783598391e-14
4522.29 1.0916946175411406e-14
4523.76 1.1063612040440601e-14
4525.23 1.1167708728394467e-14
4526.7 1.1162289837496477e-14
4528.17 1.1295228786708368e-14
4529.64 1.127836856296919e-14
4531.11 1.11088952609251e-14
4532.58 1.1200900270814139e-14
4534.05 1.1260381985920879e-14
4535.52 1.115755657235456e-14
4536.99 1.1284790717858023e-14
4538.46 1.1450489180843718e-14
4539.93 1.1431904989443862e-14
4541.4 1.136324228922508e-14
4542.87 1.1490036181513475e-14
4544.34 1.1520419983751488e-14
4545.81 1.155372362779825e-14
4547.28 1.1764084151258929e-14
4548.75 1.1713460877677554e-14
4550.22 1.1763137128091124e-14
4551.69 1.1956986496933671e-14
4553.16 1.1886802117606538e-14
4554.63 1.1823213995910894e-14
4556.1 1.1905875206887869e-14
4557.57 1.2041325063781687e-14
4559.04 1.1933591516227788e-14
4560.51 1.1888291867629118e-14
4561.98 1.1973373530596158e-14
4563.45 1.1911575573563858e-14
4564.92 1.1846198282162046e-14
4566.39 1.196142854311307e-14
4567.86 1.2001845513062805e-14
4569.33 1.2060993176854858e-14
4570.8 1.2159359112928667e-14
4572.27 1.2111038023734812e-14
4573.74 1.2140825712041546e-14
4575.21 1.2161939029579064e-14
4576.68 1.2021047304398059e-14
4578.15 1.2142098166114078e-14
4579.62 1.2391651336200807e-14
4581.09 1.2354771162066375e-14
4582.56 1.2320991228213534e-14
4584.03 1.2421862095950575e-14
4585.5 1.2507252028846139e-14
4586.97 1.2454442661924877e-14
4588.44 1.2394210462117377e-14
4589.91 1.2495905026239512e-14
4591.38 1.242268503203381e-14
4592.85 1.2513569814674311e-14
4594.32 1.2601055462023072e-14
4595.79 1.2463279574451374e-14
4597.26 1.2520963115065295e-14
4598.73 1.2559866747301628e-14
4600.2 1.2547223760217676e-14
4601.67 1.2725049386047246e-14
4603.14 1.2691913313859874e-14
4604.61 1.2558933984767953e-14
4606.08 1.264002629260311e-14
4607.55 1.2612973932219246e-14
4609.02 1.2751396071685888e-14
4610.49 1.298587638000119e-14
4611.96 1.2871577754109547e-14
4613.43 1.266584935276202e-14
4614.9 1.2542074372838894e-14
4616.37 1.249310010182593e-14
4617.84 1.2441306514642346e-14
4619.31 1.2350970470250035e-14
4620.78 1.2370630821321585e-14
4622.25 1.239649479954921e-14
4623.72 1.243058508074183e-14
4625.19 1.2435978199974088e-14
4626.66 1.23233444799786e-14
4628.13 1.2152676334441407e-14
4629.6 1.2237373089678687e-14
4631.07 1.2395766190238872e-14
4632.54 1.236279174929762e-14
4634.01 1.234509477055846e-14
4635.48 1.2359004979139813e-14
4636.95 1.2294003953337386e-14
4638.42 1.2104943897101444e-14
4639.89 1.2006854797806612e-14
4641.36 1.215151273557432e-14
4642.83 1.2202390818574629e-14
4644.3 1.2005200930524315e-14
4645.77 1.188456914061949e-14
4647.24 1.1939375295520541e-14
4648.71 1.2051912141758848e-14
4650.18 1.2000334471501697e-14
4651.65 1.1902614173929085e-14
4653.12 1.201236734227297e-14
4654.59 1.194977034853513e-14
4656.06 1.1792277875727553e-14
4657.53 1.1857890995123723e-14
4659.0 1.181908169052854e-14
4660.47 1.1735439952728778e-14
4661.94 1.1730358041986848e-14
4663.41 1.1616469749627162e-14
4664.88 1.14905559283262e-14
4666.35 1.1390219906592538e-14
4667.82 1.115743136766602e-14
4669.29 1.1095952624688771e-14
4670.76 1.1218431042436821e-14
4672.23 1.1132919774440716e-14
4673.7 1.1102983002102604e-14
4675.17 1.1049912939837139e-14
4676.64 1.0967926223343414e-14
4678.11 1.0957910547275565e-14
4679.58 1.084102958657461e-14
4681.05 1.0820100149944369e-14
4682.52 1.0850443991483445e-14
4683.99 1.070838854782978e-14
4685.46 1.0545733794398615e-14
4686.93 1.056923127587323e-14
4688.4 1.0532678739467335e-14
4689.87 1.0530724772792786e-14
4691.34 1.0546222440909153e-14
4692.81 1.0447982350293322e-14
4694.28 1.0483859030576022e-14
4695.75 1.04712847927692e-14
4697.22 1.0291956673607067e-14
4698.69 1.024216512576896e-14
4700.16 1.0258538750026678e-14
4701.63 1.0150353453663048e-14
4703.1 1.0003107728979076e-14
4704.57 1.0036585257807855e-14
4706.04 1.0073839131957656e-14
4707.51 9.976848215187592e-15
4708.98 1.0028531111725329e-14
4710.45 9.898963988800655e-15
4711.92 9.593975199430997e-15
4713.39 9.571144806599066e-15
4714.86 9.580898375504377e-15
4716.33 9.52406775453276e-15
4717.8 9.518093963320985e-15
4719.27 9.514534427313963e-15
4720.74 9.45994153768308e-15
4722.21 9.384300713284893e-15
4723.68 9.389039473110864e-15
4725.15 9.439334047808269e-15
4726.62 9.257327440802271e-15
4728.09 9.193398338419287e-15
4729.56 9.262153134324654e-15
4731.03 9.188714951322376e-15
4732.5 9.080262908912263e-15
4733.97 8.94629561214869e-15
4735.44 8.891780271287718e-15
4736.91 8.791899429410057e-15
4738.38 8.659652236824342e-15
4739.85 8.51734886600186e-15
4741.32 8.34448432334433e-15
4742.79 8.27671149380984e-15
4744.26 8.188089704430204e-15
4745.73 8.118325868011674e-15
4747.2 8.1958201028413e-15
4748.67 8.176937882957222e-15
4750.14 8.008242836351275e-15
4751.61 7.894043927009114e-15
4753.08 7.899184819496265e-15
4754.55 7.840503483474862e-15
4756.02 7.900432869498113e-15
4757.49 7.925370022412191e-15
4758.96 7.748795182112034e-15
4760.43 7.740652829437666e-15
4761.9 7.818310458336205e-15
4763.37 7.840880044654132e-15
4764.84 7.79989207444956e-15
4766.31 7.798671856886894e-15
4767.78 7.816981513169196e-15
4769.25 7.800174584506323e-15
4770.72 7.799393024032412e-15
4772.19 7.904682285063639e-15
4773.66 8.097934704740586e-15
4775.13 8.140023470002644e-15
4776.6 8.202768466292426e-15
4778.07 8.458417498016586e-15
4779.54 8.516656979221357e-15
4781.01 8.467901816976466e-15
4782.48 8.66438015668608e-15
4783.95 8.886043507063266e-15
4785.42 9.03023442004453e-15
4786.89 9.191341460607907e-15
4788.36 9.246093788892573e-15
4789.83 9.450135677836384e-15
4791.3 9.650613526681587e-15
4792.77 9.645219085266863e-15
4794.24 9.655580965352027e-15
4795.71 9.798427329292235e-15
4797.18 1.0109796862727456e-14
4798.65 1.037269451029052e-14
4800.12 1.0506828997879778e-14
4801.59 1.0560623219528582e-14
4803.06 1.066714832946773e-14
4804.53 1.0770333787325065e-14
4806.0 1.0826616608481791e-14
4807.47 1.0906790368849298e-14
4808.94 1.1125289938354266e-14
4810.41 1.1322434976419447e-14
4811.88 1.1307729832297267e-14
4813.35 1.1271384933159374e-14
4814.82 1.1292168475491656e-14
4816.29 1.1398218895148776e-14
4817.76 1.1581784129080087e-14
4819.23 1.1704287076565945e-14
4820.7 1.175193355048552e-14
4822.17 1.1788660332053874e-14
4823.64 1.1798973728076889e-14
4825.11 1.18864277700264e-14
4826.58 1.1941474100518823e-14
4828.05 1.1961407721114447e-14
4829.52 1.2150327947984839e-14
4830.99 1.2289044916006522e-14
4832.46 1.2233416586902197e-14
4833.93 1.2178450057242268e-14
4835.4 1.2259807450061461e-14
4836.87 1.236796125382325e-14
4838.34 1.2401899958105727e-14
4839.81 1.239110306181997e-14
4841.28 1.2395812929520624e-14
4842.75 1.2403699547829617e-14
4844.22 1.2411886959728929e-14
4845.69 1.2364935134188042e-14
4847.16 1.2337834158885391e-14
4848.63 1.2409524457975425e-14
4850.1 1.2539160820203287e-14
4851.57 1.25562608171019e-14
4853.04 1.2587269758669584e-14
4854.51 1.26925753055309e-14
4855.98 1.272506898380482e-14
4857.45 1.2737655712889874e-14
4858.92 1.2785454414080187e-14
4860.39 1.2807491205153265e-14
4861.86 1.2883052455154651e-14
4863.33 1.2942940805480092e-14
4864.8 1.3006087017278142e-14
4866.27 1.3080127170997726e-14
4867.74 1.3122715472460383e-14
4869.21 1.323049969494779e-14
4870.68 1.3190119226562522e-14
4872.15 1.3063981722753073e-14
4873.62 1.3120201659721881e-14
4875.09 1.3107619398119217e-14
4876.56 1.3119313976800868e-14
4878.03 1.3299042165414305e-14
4879.5 1.3339877711441124e-14
4880.97 1.3232778393077502e-14
4882.44 1.3306901639104725e-14
4883.91 1.3471776292723686e-14
4885.38 1.331358093556104e-14
4886.85 1.3134073772756911e-14
4888.32 1.314459568303559e-14
4889.79 1.3115448199102301e-14
4891.26 1.3039675010025085e-14
4892.73 1.298111627682103e-14
4894.2 1.2983335408069127e-14
4895.67 1.3050624655858915e-14
4897.14 1.2987080886627172e-14
4898.61 1.2799657206637364e-14
4900.08 1.2749134741033452e-14
4901.55 1.2711891440256153e-14
4903.02 1.2598669409472589e-14
4904.49 1.2464916565747561e-14
4905.96 1.2373060649969479e-14
4907.43 1.2399954064525318e-14
4908.9 1.2306233668137479e-14
4910.37 1.2021922874110423e-14
4911.84 1.1975802177961055e-14
4913.31 1.2020884081776381e-14
4914.78 1.1854412873102508e-14
4916.25 1.1703957430740459e-14
4917.72 1.1675486324679984e-14
4919.19 1.1659787278225249e-14
4920.66 1.1627593007133741e-14
4922.13 1.1505220315155102e-14
4923.6 1.1372363471355115e-14
4925.07 1.134301491875789e-14
4926.54 1.1265400833332436e-14
4928.01 1.1168180778496244e-14
4929.48 1.1054960684066645e-14
4930.95 1.0969548840110706e-14
4932.42 1.1060546494918873e-14
4933.89 1.1160955320525512e-14
4935.36 1.1078717780228578e-14
4936.83 1.0865798585913212e-14
4938.3 1.0763083888818663e-14
4939.77 1.0823516188974023e-14
4941.24 1.0844118815301168e-14
4942.71 1.0829452329603653e-14
4944.18 1.0811835603338575e-14
4945.65 1.0800707465568059e-14
4947.12 1.0786956992404055e-14
4948.59 1.0723597034186035e-14
4950.06 1.0746044189043063e-14
4951.53 1.0872046249401786e-14
4953.0 1.0917491260468952e-14
4954.47 1.0917711797667454e-14
4955.94 1.0917409012239221e-14
4957.41 1.0812556663979965e-14
4958.88 1.0766482829550076e-14
4960.35 1.0865017319714554e-14
4961.82 1.0905569770512113e-14
4963.29 1.078209602110416e-14
4964.76 1.0747759270975147e-14
4966.23 1.0818928218296806e-14
4967.7 1.0757697973156227e-14
4969.17 1.0686853732826039e-14
4970.64 1.0764368942483118e-14
4972.11 1.0771230866824171e-14
4973.58 1.058233449334828e-14
4975.05 1.054718225170298e-14
4976.52 1.060359805409655e-14
4977.99 1.0608181808351354e-14
4979.46 1.060603984307692e-14
4980.93 1.0526253741206468e-14
4982.4 1.0560261717315817e-14
4983.87 1.0572709301623622e-14
4985.34 1.0477136345287389e-14
4986.81 1.0546260089549544e-14
4988.28 1.0554336480993988e-14
4989.75 1.0465369083691524e-14
4991.22 1.0487446927232114e-14
4992.69 1.056303754032709e-14
4994.16 1.0524431604678866e-14
4995.63 1.0457615679500158e-14
4997.1 1.0454273452110068e-14
4998.57 1.0369049055676515e-14
5000.04 1.0318214323799997e-14
5001.51 1.0420948426233807e-14
5002.98 1.0452738354845753e-14
5004.45 1.040468388659949e-14
5005.92 1.0337924411045423e-14
5007.39 1.0267250921585122e-14
5008.86 1.0286092224804224e-14
5010.33 1.0322212702353636e-14
5011.8 1.0262035400511893e-14
5013.27 1.0185325061891352e-14
5014.74 1.011974102556937e-14
5016.21 1.0055383331092785e-14
5017.68 1.0056418047658332e-14
5019.15 1.0082661443650105e-14
5020.62 1.004572832682149e-14
5022.09 9.960717268107584e-15
5023.56 9.908173698945015e-15
5025.03 9.976269640535764e-15
5026.5 9.956843931880704e-15
5027.97 9.716380997354333e-15
5029.44 9.625900851756125e-15
5030.91 9.632309529524178e-15
5032.38 9.608311265281827e-15
5033.85 9.663052804566712e-15
5035.32 9.674284675576615e-15
5036.79 9.660057832250717e-15
5038.26 9.684420941476571e-15
5039.73 9.635248035076927e-15
5041.2 9.459472334663233e-15
5042.67 9.375660826505706e-15
5044.14 9.396275892781823e-15
5045.61 9.404137114201485e-15
5047.08 9.407089603325498e-15
5048.55 9.4192334626614e-15
5050.02 9.453223823846193e-15
5051.49 9.393066064556636e-15
5052.96 9.331524212087903e-15
5054.43 9.281855116306217e-15
5055.9 9.114246758018571e-15
5057.37 9.043935252466188e-15
5058.84 9.062615661158324e-15
5060.31 9.01480948084488e-15
5061.78 9.01366760703639e-15
5063.25 8.977912117216344e-15
5064.72 8.927780472249576e-15
5066.19 8.893387188013916e-15
5067.66 8.811473438026378e-15
5069.13 8.794816167299236e-15
5070.6 8.803627860949982e-15
5072.07 8.804500451811895e-15
5073.54 8.737402517830437e-15
5075.01 8.62923851124622e-15
5076.48 8.625390554610768e-15
5077.95 8.554556300813267e-15
5079.42 8.51728212377451e-15
5080.89 8.525954198465439e-15
5082.36 8.389317752140275e-15
5083.83 8.267941649088028e-15
5085.3 8.282084695261728e-15
5086.77 8.338091211026941e-15
5088.24 8.342784188167065e-15
5089.71 8.377262925567416e-15
5091.18 8.44845838947451e-15
5092.65 8.441591694769512e-15
5094.12 8.41073603629642e-15
5095.59 8.318968769830394e-15
5097.06 8.368857437489872e-15
5098.53 8.458124956457463e-15
5100.0 8.396284642532473e-15
5101.47 8.4222597539864e-15
5102.94 8.53597534020442e-15
5104.41 8.601954976889691e-15
5105.88 8.508748908714235e-15
5107.35 8.434279014870627e-15
5108.82 8.535254722381688e-15
5110.29 8.53741000488183e-15
5111.76 8.506574949529383e-15
5113.23 8.541967132693102e-15
5114.7 8.509319427126761e-15
5116.17 8.504410247491526e-15
5117.64 8.642951153875491e-15
5119.11 8.651853908255856e-15
5120.58 8.554712064342155e-15
5122.05 8.50979304032476e-15
5123.52 8.515766046570544e-15
5124.99 8.494951584350251e-15
5126.46 8.449384016903357e-15
5127.93 8.54740852296763e-15
5129.4 8.572371852329726e-15
5130.87 8.564574884795333e-15
5132.34 8.714533190568705e-15
5133.81 8.632957733180917e-15
5135.28 8.499361051438734e-15
5136.75 8.571504006964183e-15
5138.22 8.764996469051702e-15
5139.69 8.668442871591702e-15
5141.16 8.630172147349332e-15
5142.63 8.725815325853362e-15
5144.1 8.683769139787661e-15
5145.57 8.732737383317891e-15
5147.04 8.768435678576307e-15
5148.51 8.686304773531817e-15
5149.98 8.722389721765936e-15
5151.45 8.792831371465758e-15
5152.92 8.762596922796149e-15
5154.39 8.877828634124877e-15
5155.86 8.912341845409976e-15
5157.33 8.783807889065365e-15
5158.8 8.740439442088764e-15
5160.27 8.852653106439926e-15
5161.74 8.84594828990976e-15
5163.21 8.759167150990855e-15
5164.68 8.786653428283403e-15
5166.15 8.94244496162676e-15
5167.62 8.88884682881846e-15
5169.09 8.834878874354125e-15
5170.56 8.867558959717462e-15
5172.03 8.810353191248747e-15
5173.5 8.781770633206847e-15
5174.97 8.772930745610653e-15
5176.44 8.817605326697558e-15
5177.91 8.893906838207704e-15
5179.38 8.946204241126344e-15
5180.85 8.934789170305372e-15
5182.32 8.996177902577237e-15
5183.79 9.056315621877562e-15
5185.26 9.120006712256871e-15
5186.73 9.104362004955645e-15
5188.2 9.055189292027989e-15
5189.67 9.054676920987242e-15
5191.14 9.096521735985426e-15
5192.61 9.079165331526368e-15
5194.08 9.119693921559725e-15
5195.55 9.184442807228031e-15
5197.02 9.199272632497207e-15
5198.49 9.064066241285972e-15
5199.96 9.060536052455149e-15
5201.43 9.133464598256888e-15
5202.9 9.176929659944335e-15
5204.37 9.23784930099897e-15
5205.84 9.160344831246514e-15
5207.31 9.194725076030259e-15
5208.78 9.099631222173148e-15
5210.25 9.065262955642691e-15
5211.72 9.110300762141844e-15
5213.19 9.224571156251628e-15
5214.66 9.323693865036281e-15
5216.13 9.288206431420985e-15
5217.6 9.16497181325889e-15
5219.07 9.01675308989774e-15
5220.54 9.033636512729532e-15
5222.01 9.141199970812888e-15
5223.48 9.095485327358186e-15
5224.95 9.077791623664051e-15
5226.42 9.071712906227524e-15
5227.89 9.085144169734816e-15
5229.36 9.091274285205792e-15
5230.83 8.978783240002127e-15
5232.3 8.9561229968141e-15
5233.77 8.914056540060866e-15
5235.24 8.901149231655496e-15
5236.71 8.989397554915437e-15
5238.18 9.04863739583852e-15
5239.65 9.010197242041354e-15
5241.12 8.841841219205538e-15
5242.59 8.919479974851787e-15
5244.06 9.123858535363654e-15
5245.53 9.02113491453505e-15
5247.0 8.987063020703806e-15
5248.47 8.97648864873868e-15
5249.94 8.917162435736711e-15
5251.41 9.113722310062303e-15
5252.88 9.260790617903103e-15
5254.35 9.166825668132057e-15
5255.82 9.135899562721172e-15
5257.29 9.155723813856118e-15
5258.76 9.245746295200322e-15
5260.23 9.268340514813379e-15
5261.7 9.179603946328355e-15
5263.17 9.186783398135223e-15
5264.64 9.292096382012414e-15
5266.11 9.265683194352533e-15
5267.58 9.3204790125237e-15
5269.05 9.363026146579351e-15
5270.52 9.24228854678555e-15
5271.99 9.279252195824053e-15
5273.46 9.230192095558068e-15
5274.93 9.193370185463934e-15
5276.4 9.153542899846867e-15
5277.87 9.152475296341503e-15
5279.34 9.198711150339166e-15
5280.81 9.226492792477425e-15
5282.28 9.12631922735738e-15
5283.75 9.158944787380748e-15
5285.22 9.10550809347764e-15
5286.69 9.142215873347264e-15
5288.16 9.21179846647502e-15
5289.63 9.222502075551881e-15
5291.1 9.22759359744855e-15
5292.57 9.173315522239891e-15
5294.04 9.150648703659091e-15
5295.51 9.11256004044781e-15
5296.98 9.199137104658984e-15
5298.45 9.277703224456431e-15
5299.92 9.140673032865509e-15
5301.39 9.094305192806882e-15
5302.86 9.113459021767909e-15
5304.33 9.065924742763813e-15
5305.8 8.970320898181063e-15
5307.27 8.90956819675967e-15
5308.74 8.977543083341863e-15
5310.21 9.06432225216619e-15
5311.68 9.038446852002437e-15
5313.15 8.987115392413801e-15
5314.62 8.97364322247754e-15
5316.09 9.014304810324197e-15
5317.56 9.032957962519008e-15
5319.03 8.938129701620415e-15
5320.5 8.912070294186631e-15
5321.97 8.954927389073422e-15
5323.44 8.98502119261487e-15
5324.91 9.116983712787828e-15
5326.38 9.179702453024327e-15
5327.85 9.067532230698777e-15
5329.32 9.004209621046595e-15
5330.79 9.055508334744134e-15
5332.26 9.005220862293684e-15
5333.73 8.96211148511404e-15
5335.2 8.918384057497664e-15
5336.67 8.933603777574782e-15
5338.14 9.018864647296567e-15
5339.61 9.107904073931773e-15
5341.08 9.152254896662931e-15
5342.55 9.117439504246607e-15
5344.02 9.097779304232096e-15
5345.49 8.953901501921413e-15
5346.96 8.970175752256103e-15
5348.43 9.06194313844591e-15
5349.9 9.075195009166773e-15
5351.37 9.144548166303337e-15
5352.84 9.145930541321159e-15
5354.31 9.079971413807124e-15
5355.78 9.010528039238474e-15
5357.25 9.024409367656433e-15
5358.72 9.036751437580445e-15
5360.19 9.077242011803388e-15
5361.66 9.047107933245721e-15
5363.13 9.018976364322359e-15
5364.6 9.069609583582778e-15
5366.07 9.112792305590685e-15
5367.54 9.082866174547367e-15
5369.01 9.034210083376455e-15
5370.48 9.056325324957533e-15
5371.95 8.977329009081228e-15
5373.42 8.910121985561482e-15
5374.89 8.98369826412923e-15
5376.36 9.018198442405567e-15
5377.83 8.97413881794471e-15
5379.3 8.964710241204904e-15
5380.77 8.901351802293035e-15
5382.24 8.789316506603868e-15
5383.71 8.766059199060424e-15
5385.18 8.797549666282399e-15
5386.65 8.777189663791388e-15
5388.12 8.750838699939398e-15
5389.59 8.683276929858743e-15
5391.06 8.589888798705966e-15
5392.53 8.67985307173904e-15
5394.0 8.826736937597517e-15
5395.47 8.700388363180928e-15
5396.94 8.59371048941814e-15
5398.41 8.673616163659084e-15
5399.88 8.60193079489011e-15
5401.35 8.637118328130575e-15
5402.82 8.553223535881651e-15
5404.29 8.489977512067617e-15
5405.76 8.609818916767671e-15
5407.23 8.633171458404304e-15
5408.7 8.671351192607385e-15
5410.17 8.54306964762574e-15
5411.64 8.514744163721813e-15
5413.11 8.569671500683525e-15
5414.58 8.515888007282781e-15
5416.05 8.469194695984624e-15
5417.52 8.482266269668386e-15
5418.99 8.528400249086324e-15
5420.46 8.53395394727415e-15
5421.93 8.580173420351386e-15
5423.4 8.56788964634514e-15
5424.87 8.54150157426571e-15
5426.34 8.524318128443868e-15
5427.81 8.50103120390853e-15
5429.28 8.514208413231923e-15
5430.75 8.565487147274047e-15
5432.22 8.637991112081205e-15
5433.69 8.522296689420837e-15
5435.16 8.609522660561928e-15
5436.63 8.661553015052579e-15
5438.1 8.548282514104401e-15
5439.57 8.525494302037495e-15
5441.04 8.620090293063191e-15
5442.51 8.643631354332171e-15
5443.98 8.642120897062236e-15
5445.45 8.656496619487453e-15
5446.92 8.539003425310778e-15
5448.39 8.617966801889892e-15
5449.86 8.648058149144782e-15
5451.33 8.708602803225254e-15
5452.8 8.656450755291612e-15
5454.27 8.659449932053423e-15
5455.74 8.635097404878365e-15
5457.21 8.64314689609921e-15
5458.68 8.721425099622207e-15
5460.15 8.630348504462208e-15
5461.62 8.558565113405874e-15
5463.09 8.65589643421317e-15
5464.56 8.652618907789902e-15
5466.03 8.695451548346122e-15
5467.5 8.64885170548215e-15
5468.97 8.688562023876406e-15
5470.44 8.624950037927401e-15
5471.91 8.64814398608558e-15
5473.38 8.69061966326707e-15
5474.85 8.623720852501102e-15
5476.32 8.657685900593537e-15
5477.79 8.760024209064497e-15
5479.26 8.679919578724943e-15
5480.73 8.609049867498138e-15
5482.2 8.45500891383727e-15
5483.67 8.50418908890064e-15
5485.14 8.592825600126871e-15
5486.61 8.564897990989855e-15
5488.08 8.586209003402465e-15
5489.55 8.505859026049997e-15
5491.02 8.49271346516186e-15
5492.49 8.568811735134209e-15
5493.96 8.47774894362241e-15
5495.43 8.31038737879796e-15
5496.9 8.392525838717665e-15
5498.37 8.436462332233956e-15
5499.84 8.316798127157177e-15
5501.31 8.356876672375313e-15
5502.78 8.485253019408894e-15
5504.25 8.4162029007258e-15
5505.72 8.290893734693451e-15
5507.19 8.396879638935413e-15
5508.66 8.383837467430442e-15
5510.13 8.35243443517115e-15
5511.6 8.371350228847133e-15
5513.07 8.37060789201477e-15
5514.54 8.258990990856731e-15
5516.01 8.251906997910887e-15
5517.48 8.311917733532999e-15
5518.95 8.31209064966696e-15
5520.42 8.28078716552651e-15
5521.89 8.331727808784181e-15
5523.36 8.360494666432264e-15
5524.83 8.199323672078549e-15
5526.3 8.143182793487679e-15
5527.77 8.232437769561789e-15
5529.24 8.188289862247284e-15
5530.71 8.136185762551701e-15
5532.18 8.145470075373255e-15
5533.65 8.202940242288973e-15
5535.12 8.066553726852353e-15
5536.59 7.925018833771299e-15
5538.06 8.086482908916186e-15
5539.53 8.147945924668903e-15
5541.0 8.051905054396586e-15
5542.47 8.06002896625292e-15
5543.94 8.115602370630327e-15
5545.41 8.01507898749019e-15
5546.88 7.911775679903646e-15
5548.35 7.913469252901706e-15
5549.82 7.967943799764849e-15
5551.29 8.049373143309325e-15
5552.76 8.039942483700953e-15
5554.23 8.015004423125982e-15
5555.7 8.012163858985891e-15
5557.17 7.957787125012691e-15
5558.64 7.852217857788792e-15
5560.11 7.866878129829754e-15
5561.58 7.894307904933033e-15
5563.05 7.892518247994322e-15
5564.52 7.870971798512988e-15
5565.99 7.782085566171317e-15
5567.46 7.88357707423797e-15
5568.93 7.928965271845148e-15
5570.4 7.816849882947783e-15
5571.87 7.82532772071951e-15
5573.34 7.860817391831734e-15
5574.81 7.87768925729388e-15
5576.28 7.838831864293418e-15
5577.75 7.849956393059558e-15
5579.22 7.77639833234249e-15
5580.69 7.896960578926325e-15
5582.16 7.92401741972102e-15
5583.63 7.750050535495105e-15
5585.1 7.833395482127131e-15
5586.57 7.839255151570289e-15
5588.04 7.821376299864302e-15
5589.51 7.837914059150185e-15
5590.98 7.784788921865025e-15
5592.45 7.791625358730428e-15
5593.92 7.744144441097541e-15
5595.39 7.748931781610532e-15
5596.86 7.777941947925323e-15
5598.33 7.772913913679872e-15
5599.8 7.761299811809017e-15
5601.27 7.666004590286904e-15
5602.74 7.738068227448831e-15
5604.21 7.765560257706765e-15
5605.68 7.803209318449115e-15
5607.15 7.715477285681592e-15
5608.62 7.637915896462526e-15
5610.09 7.686530399925012e-15
5611.56 7.837779872266999e-15
5613.03 7.787231170477358e-15
5614.5 7.706844942933735e-15
5615.97 7.778526559480926e-15
5617.44 7.711423160226232e-15
5618.91 7.757031289228855e-15
5620.38 7.692422563726294e-15
5621.85 7.602297867485362e-15
5623.32 7.66953818886391e-15
5624.79 7.72847879346984e-15
5626.26 7.673993954221169e-15
5627.73 7.682731888070527e-15
5629.2 7.653465869589841e-15
5630.67 7.678835563724129e-15
5632.14 7.75031069518571e-15
5633.61 7.64739313257928e-15
5635.08 7.563432172725322e-15
5636.55 7.494436406827963e-15
5638.02 7.555685096457616e-15
5639.49 7.611529362839618e-15
5640.96 7.594577687993283e-15
5642.43 7.639907339540232e-15
5643.9 7.616319790081739e-15
5645.37 7.56923720861781e-15
5646.84 7.667765080380419e-15
5648.31 7.776281256024206e-15
5649.78 7.571141108724984e-15
5651.25 7.628696193665137e-15
5652.72 7.622080772514555e-15
5654.19 7.56285874411577e-15
5655.66 7.568373633896308e-15
5657.13 7.562600623822307e-15
5658.6 7.601228273957739e-15
5660.07 7.60935720473084e-15
5661.54 7.54792182920354e-15
5663.01 7.517764402450645e-15
5664.48 7.454623910175103e-15
5665.95 7.493608001686727e-15
5667.42 7.486534471173933e-15
5668.89 7.482944542979195e-15
5670.36 7.528609361626199e-15
5671.83 7.53337983073514e-15
5673.3 7.493006227236642e-15
5674.77 7.54854366471196e-15
5676.24 7.488984185898906e-15
5677.71 7.481672210769824e-15
5679.18 7.444965849170254e-15
5680.65 7.444820554798746e-15
5682.12 7.469264859706405e-15
5683.59 7.362220936571154e-15
5685.06 7.279677630783552e-15
5686.53 7.314699824215525e-15
5688.0 7.3139423452408e-15
5689.47 7.425404501073418e-15
5690.94 7.355834306699725e-15
5692.41 7.285837114077167e-15
5693.88 7.338940611716863e-15
5695.35 7.218026920008943e-15
5696.82 7.178596281912542e-15
5698.29 7.259148418966923e-15
5699.76 7.282659984972445e-15
5701.23 7.282932568688488e-15
5702.7 7.255351508712467e-15
5704.17 7.22336737957778e-15
5705.64 7.259389354291916e-15
5707.11 7.267678229210912e-15
5708.58 7.22748357830013e-15
5710.05 7.199705229002673e-15
5711.52 7.210997317584975e-15
5712.99 7.199306305202593e-15
5714.46 7.204360730058395e-15
5715.93 7.18965802342452e-15
5717.4 7.094280138632803e-15
5718.87 7.156717940006363e-15
5720.34 7.282959433885243e-15
5721.81 7.203811274373644e-15
5723.28 7.0657479907946e-15
5724.75 7.108656102007094e-15
5726.22 7.091438732362986e-15
5727.69 7.030057036835098e-15
5729.16 7.0689362388776575e-15
5730.63 7.121287908909372e-15
5732.1 7.121846461159458e-15
5733.57 7.036947239973564e-15
5735.04 7.00595414925154e-15
5736.51 7.041578403952445e-15
5737.98 6.949840418658421e-15
5739.45 6.8297879150438674e-15
5740.92 6.863577696468836e-15
5742.39 6.94351533605225e-15
5743.86 6.984508846087516e-15
5745.33 6.888471362389913e-15
5746.8 6.819979837875036e-15
5748.27 6.863115767811827e-15
5749.74 6.979286887370466e-15
5751.21 6.88967818214088e-15
5752.68 6.826759068162121e-15
5754.15 6.85422558338503e-15
5755.62 6.873583191572052e-15
5757.09 6.8177216578107654e-15
5758.56 6.7900853502128535e-15
5760.03 6.863716789394845e-15
5761.5 6.873223872408237e-15
5762.97 6.790056598570819e-15
5764.44 6.7685308966128744e-15
5765.91 6.831863714254624e-15
5767.38 6.8314630714773955e-15
5768.85 6.740184313079797e-15
5770.32 6.803016625942438e-15
5771.79 6.900432068993836e-15
5773.26 6.836276839963064e-15
5774.73 6.885921196760252e-15
5776.2 6.88632381955123e-15
5777.67 6.8388120460532374e-15
5779.14 6.8305188715122675e-15
5780.61 6.7364422410962775e-15
5782.08 6.717735528465577e-15
5783.55 6.746533175495183e-15
5785.02 6.758406894468468e-15
5786.49 6.805325537900072e-15
5787.96 6.7162580687015605e-15
5789.43 6.7621004722401006e-15
5790.9 6.743157400492532e-15
5792.37 6.778453956455727e-15
5793.84 6.869028930414404e-15
5795.31 6.803797022221696e-15
5796.78 6.78818792952655e-15
5798.25 6.768981945158125e-15
5799.72 6.7323524088030955e-15
5801.19 6.776865889331695e-15
5802.66 6.8800932204696085e-15
5804.13 6.857747428984186e-15
5805.6 6.804466428740256e-15
5807.07 6.8834080787862136e-15
5808.54 6.8161862374518096e-15
5810.01 6.8973713087767e-15
5811.48 6.864568825999802e-15
5812.95 6.874233458881193e-15
5814.42 6.920392906876236e-15
5815.89 6.889851299018257e-15
5817.36 6.8788058343126026e-15
5818.83 7.0398189563481746e-15
5820.3 7.128701422122322e-15
5821.77 7.066476291451299e-15
5823.24 7.05465628727599e-15
5824.71 7.02168546802477e-15
5826.18 6.9332058242004316e-15
5827.65 7.0186476504833085e-15
5829.12 7.10831452988516e-15
5830.59 7.050228401220794e-15
5832.06 7.0442423346491926e-15
5833.53 7.122410910378376e-15
5835.0 7.045348132683268e-15
5836.47 7.012421869546483e-15
5837.94 7.0519614039230984e-15
5839.41 7.076973055582829e-15
5840.88 7.120561228768464e-15
5842.35 7.112238431459243e-15
5843.82 7.220225966483687e-15
5845.29 7.204194564206226e-15
5846.76 7.103317523762687e-15
5848.23 7.136745018427399e-15
5849.7 7.213922058185728e-15
5851.17 7.173330305093726e-15
5852.64 7.054457080715851e-15
5854.11 7.165297486513573e-15
5855.58 7.277143833386245e-15
5857.05 7.212105333254207e-15
5858.52 7.290662927368627e-15
5859.99 7.307804654630858e-15
5861.46 7.18353817700898e-15
5862.93 7.223171957943993e-15
5864.4 7.301850677745171e-15
5865.87 7.242671565244303e-15
5867.34 7.151962630035926e-15
5868.81 7.22133933439705e-15
5870.28 7.279122762144672e-15
5871.75 7.213344689040296e-15
5873.22 7.2610762818448e-15
5874.69 7.330441683125733e-15
5876.16 7.287345379126284e-15
5877.63 7.24363189970748e-15
5879.1 7.153232112397318e-15
5880.57 7.043342723609057e-15
5882.04 7.1683327670348e-15
5883.51 7.210099013650587e-15
5884.98 7.143374868119546e-15
5886.45 7.099702731230446e-15
5887.92 6.8680034196749125e-15
5889.39 6.758155805717088e-15
5890.86 6.799013138446233e-15
5892.33 6.884605736175528e-15
5893.8 6.937775471090806e-15
5895.27 6.86305976229536e-15
5896.74 6.732931972260191e-15
5898.21 6.825616479672707e-15
5899.68 6.9747661115645394e-15
5901.15 7.045693105544645e-15
5902.62 7.108065033219143e-15
5904.09 7.143216294843259e-15
5905.56 7.05552677254646e-15
5907.03 7.089531049845936e-15
5908.5 7.08960565424593e-15
5909.97 7.135390289753238e-15
5911.44 7.128729827113266e-15
5912.91 7.06999464900703e-15
5914.38 7.040280401016085e-15
5915.85 7.017268116468712e-15
5917.32 6.8888234625395286e-15
5918.79 6.925391111247216e-15
5920.26 6.944238321271584e-15
5921.73 7.0939485448556064e-15
5923.2 7.033357647235488e-15
5924.67 6.903516112015958e-15
5926.14 6.876069647275011e-15
5927.61 7.028107989016331e-15
5929.08 6.967903915575362e-15
5930.55 6.9807215380295155e-15
5932.02 6.966198715594579e-15
5933.49 6.9870720348742514e-15
5934.96 7.0797293175768375e-15
5936.43 7.001554144568654e-15
5937.9 6.8973466203303305e-15
5939.37 6.953489234644825e-15
5940.84 6.826311736704809e-15
5942.31 6.801863082312157e-15
5943.78 6.796194477375975e-15
5945.25 6.895384811247764e-15
5946.72 6.87525783323483e-15
5948.19 6.98710862957107e-15
5949.66 6.934114454325296e-15
5951.13 6.9889774951235576e-15
5952.6 7.090666635016038e-15
5954.07 6.986853046834878e-15
5955.54 6.844573104054772e-15
5957.01 6.8754542362697775e-15
5958.48 6.914235287165478e-15
5959.95 6.9473756260394604e-15
5961.42 6.925585173898901e-15
5962.89 6.954809471155706e-15
5964.36 6.907986688895967e-15
5965.83 6.841153081712785e-15
5967.3 6.8170784269768454e-15
5968.77 6.8641066081539985e-15
5970.24 6.890391822512563e-15
5971.71 6.83320661977572e-15
5973.18 6.831486384540402e-15
5974.65 6.89823307859585e-15
5976.12 6.859257338950146e-15
5977.59 6.756108142599234e-15
5979.06 6.858965532354849e-15
5980.53 6.888488495403916e-15
5982.0 6.922398713136726e-15
5983.47 6.839027803291209e-15
5984.94 6.817429857496867e-15
5986.41 6.873979408898774e-15
5987.88 6.862729178543651e-15
5989.35 6.846180590631474e-15
5990.82 6.815639370048204e-15
5992.29 6.806737740853234e-15
5993.76 6.802422597763174e-15
5995.23 6.783823931733612e-15
5996.7 6.815387103735378e-15
5998.17 6.876784892657871e-15
5999.64 6.9158914930048045e-15
6001.11 6.892653411686624e-15
6002.58 6.807231059908235e-15
6004.05 6.788988167144113e-15
6005.52 6.88776084458977e-15
6006.99 6.8885456209053176e-15
6008.46 6.793870293270192e-15
6009.93 6.8373009765745615e-15
6011.4 6.865689473839166e-15
6012.87 6.8122963855746076e-15
6014.34 6.791197322921722e-15
6015.81 6.750384743869443e-15
6017.28 6.7964427098595535e-15
6018.75 6.8349148180733614e-15
6020.22 6.77589837825732e-15
6021.69 6.792704182221274e-15
6023.16 6.812034037241476e-15
6024.63 6.7915383376749644e-15
6026.1 6.720120521040081e-15
6027.57 6.73223676716127e-15
6029.04 6.8356457752710476e-15
6030.51 6.775403750498358e-15
6031.98 6.784613987176975e-15
6033.45 6.8081054548940246e-15
6034.92 6.767230444588082e-15
6036.39 6.739446831517616e-15
6037.86 6.790129458099877e-15
6039.33 6.8264284981138496e-15
6040.8 6.842769480141725e-15
6042.27 6.797501246687871e-15
6043.74 6.681194955114389e-15
6045.21 6.6725361679596184e-15
6046.68 6.69127344648009e-15
6048.15 6.74003828383271e-15
6049.62 6.763070555344547e-15
6051.09 6.769869790914378e-15
6052.56 6.671667430344488e-15
6054.03 6.601707607382449e-15
6055.5 6.733899645924734e-15
6056.97 6.7436612720945616e-15
6058.44 6.7734244452348955e-15
6059.91 6.792665408051596e-15
6061.38 6.7598639531629696e-15
6062.85 6.745308727065329e-15
6064.32 6.694353911692901e-15
6065.79 6.650623534067136e-15
6067.26 6.751022999603351e-15
6068.73 6.6647355061767126e-15
6070.2 6.654096851928656e-15
6071.67 6.7478305986264564e-15
6073.14 6.708000460815031e-15
6074.61 6.778385063508613e-15
6076.08 6.6899363802147136e-15
6077.55 6.703059762042191e-15
6079.02 6.745846980382216e-15
6080.49 6.705477702185361e-15
6081.96 6.7288707286673046e-15
6083.43 6.701306335433055e-15
6084.9 6.69669366641533e-15
6086.37 6.721751695883285e-15
6087.84 6.731998918062319e-15
6089.31 6.668632457760988e-15
6090.78 6.7000913165308115e-15
6092.25 6.689132114059271e-15
6093.72 6.628955859631608e-15
6095.19 6.70418531938371e-15
6096.66 6.6876553119232795e-15
6098.13 6.626755622368481e-15
6099.6 6.618045240001192e-15
6101.07 6.599058226886484e-15
6102.54 6.678634505550698e-15
6104.01 6.656550180570176e-15
6105.48 6.553294774187575e-15
6106.95 6.623756438653156e-15
6108.42 6.636941919594523e-15
6109.89 6.548853310021076e-15
6111.36 6.5149087673369935e-15
6112.83 6.563144476369881e-15
6114.3 6.563571325831528e-15
6115.77 6.6108496068530325e-15
6117.24 6.531649451937163e-15
6118.71 6.56055833798706e-15
6120.18 6.61435487267963e-15
6121.65 6.559543313260635e-15
6123.12 6.56978144370561e-15
6124.59 6.572823081651099e-15
6126.06 6.552910829949632e-15
6127.53 6.483158455123024e-15
6129.0 6.499597951519486e-15
6130.47 6.553933374986515e-15
6131.94 6.5173924106498616e-15
6133.41 6.5014237394341145e-15
6134.88 6.51510103211532e-15
6136.35 6.5163499867489885e-15
6137.82 6.458982896011088e-15
6139.29 6.478557107417776e-15
6140.76 6.511975139232066e-15
6142.23 6.441552419658974e-15
6143.7 6.526292046882822e-15
6145.17 6.5911041628634974e-15
6146.64 6.434895794696998e-15
6148.11 6.3958607510971466e-15
6149.58 6.47367505568177e-15
6151.05 6.503558516158216e-15
6152.52 6.5042323150010854e-15
6153.99 6.5041683279815444e-15
6155.46 6.529519523093063e-15
6156.93 6.4546926210067564e-15
6158.4 6.443608179794302e-15
6159.87 6.510566621476369e-15
6161.34 6.43580381033113e-15
6162.81 6.457148090425339e-15
6164.28 6.4608962740226696e-15
6165.75 6.416142640409696e-15
6167.22 6.4893267407968796e-15
6168.69 6.390748240780229e-15
6170.16 6.439597195001535e-15
6171.63 6.542291101100939e-15
6173.1 6.521451326459764e-15
6174.57 6.429576066585074e-15
6176.04 6.374044841995634e-15
6177.51 6.435574428758288e-15
6178.98 6.445710604926883e-15
6180.45 6.422035736336119e-15
6181.92 6.3646177592336296e-15
6183.39 6.424423079031472e-15
6184.86 6.4254530752357406e-15
6186.33 6.4054161526714125e-15
6187.8 6.461962156183287e-15
6189.27 6.481819408400874e-15
6190.74 6.47718942742345e-15
6192.21 6.447461124322754e-15
6193.68 6.568391842697612e-15
6195.15 6.4641529665281594e-15
6196.62 6.5063214316050426e-15
6198.09 6.4685939976292534e-15
6199.56 6.411497618549279e-15
6201.03 6.355248225849302e-15
6202.5 6.404515957132762e-15
6203.97 6.3744738591739196e-15
6205.44 6.351207439224512e-15
6206.91 6.472634788474477e-15
6208.38 6.37995137659472e-15
6209.85 6.434732130373009e-15
6211.32 6.434858486172915e-15
6212.79 6.357819135440703e-15
6214.26 6.447306756832468e-15
6215.73 6.364469510772083e-15
6217.2 6.291476663953285e-15
6218.67 6.47130810541635e-15
6220.14 6.411427373287998e-15
6221.61 6.315356068349249e-15
6223.08 6.238351304224276e-15
6224.55 6.3311497527937245e-15
6226.02 6.3936091823803494e-15
6227.49 6.336912204913999e-15
6228.96 6.3475168334241675e-15
6230.43 6.337339287243593e-15
6231.9 6.266374838133516e-15
6233.37 6.245885500517384e-15
6234.84 6.2776946392942326e-15
6236.31 6.2947588052476345e-15
6237.78 6.165635525597356e-15
6239.25 6.214089313176666e-15
6240.72 6.148005670257077e-15
6242.19 6.18411093501576e-15
6243.66 6.221599949371591e-15
6245.13 6.235047384548036e-15
6246.6 6.160916786459567e-15
6248.07 6.1617990008672865e-15
6249.54 6.135522283438036e-15
6251.01 6.057237940293236e-15
6252.48 6.2306821287313264e-15
6253.95 6.177882487198543e-15
6255.42 6.1713585605545326e-15
6256.89 6.104783317106733e-15
6258.36 6.015159254852204e-15
6259.83 6.032268859003851e-15
6261.3 6.009518508417397e-15
6262.77 5.9381851598887245e-15
6264.24 6.016319030386958e-15
6265.71 6.0791969247993805e-15
6267.18 6.080918862747624e-15
6268.65 6.003728695946986e-15
6270.12 5.90081677591781e-15
6271.59 5.8923322150823914e-15
6273.06 5.993009076748512e-15
6274.53 5.979149130071722e-15
6276.0 5.944483617278827e-15
6277.47 5.921640408903264e-15
6278.94 5.975351689912381e-15
6280.41 6.008005374411143e-15
6281.88 5.95845469680908e-15
6283.35 6.016338561392177e-15
6284.82 6.008138649172675e-15
6286.29 5.913637687762531e-15
6287.76 5.933140827160481e-15
6289.23 5.973915470665119e-15
6290.7 5.99233745432171e-15
6292.17 5.994743734771281e-15
6293.64 5.963528635545847e-15
6295.11 5.9864231328120345e-15
6296.58 5.9878848093725634e-15
6298.05 6.0451625836172595e-15
6299.52 5.998469609387137e-15
6300.99 6.016024459281835e-15
6302.46 6.104600847678604e-15
6303.93 6.139536903305394e-15
6305.4 6.0472576804157975e-15
6306.87 5.970131056471407e-15
6308.34 5.914690893294834e-15
6309.81 6.036609552614931e-15
6311.28 6.138823936740098e-15
6312.75 6.029971501761671e-15
6314.22 6.0550210064270645e-15
6315.69 6.0742921955335034e-15
6317.16 6.024753026570356e-15
6318.63 5.921722168185376e-15
6320.1 6.050069267852166e-15
6321.57 6.014426583629034e-15
6323.04 5.9646154862967346e-15
6324.51 6.02452362961009e-15
6325.98 6.052410202613236e-15
6327.45 6.049075006313931e-15
6328.92 6.074122173352786e-15
6330.39 6.056516940251293e-15
6331.86 6.055058166991565e-15
6333.33 6.0635583097671825e-15
6334.8 5.987633990059585e-15
6336.27 6.0693124788275085e-15
6337.74 5.992575465518354e-15
6339.21 6.009422342381302e-15
6340.68 6.075363482742374e-15
6342.15 6.068431784262879e-15
6343.62 6.0404881641215095e-15
6345.09 5.9330623634015254e-15
6346.56 5.986872760646663e-15
6348.03 5.908268885492603e-15
6349.5 5.9360094843986956e-15
6350.97 5.957351179213515e-15
6352.44 5.996441590316886e-15
6353.91 5.951360981619065e-15
6355.38 5.93260582376371e-15
6356.85 5.8474671415214824e-15
6358.32 5.842795447375351e-15
6359.79 5.8613257878445805e-15
6361.26 5.805099505743065e-15
6362.73 5.824144042679716e-15
6364.2 5.886261645009385e-15
6365.67 5.8345422128813176e-15
6367.14 5.76590571122293e-15
6368.61 5.769670207783048e-15
6370.08 5.795286173471128e-15
6371.55 5.809188629176391e-15
6373.02 5.8516325831181655e-15
6374.49 5.7959425866594695e-15
6375.96 5.866605973811051e-15
6377.43 5.708658219486378e-15
6378.9 5.71628140880042e-15
6380.37 5.78821477724586e-15
6381.84 5.744199973511667e-15
6383.31 5.633090107793282e-15
6384.78 5.642914764628871e-15
6386.25 5.6110497194783945e-15
6387.72 5.5006998927616344e-15
6389.19 5.5696035480988584e-15
6390.66 5.483235553096553e-15
6392.13 5.4634184716744506e-15
6393.6 5.4601543917311294e-15
6395.07 5.375440276340114e-15
6396.54 5.358397590386849e-15
6398.01 5.340326903834891e-15
6399.48 5.277599613635897e-15
6400.95 5.247615009806694e-15
6402.42 5.226064981580419e-15
6403.89 5.201804194085917e-15
6405.36 5.211249246664228e-15
6406.83 5.1465128626133924e-15
6408.3 5.056444480658363e-15
6409.77 5.0332117057051494e-15
6411.24 5.0751750459846434e-15
6412.71 5.036837198810593e-15
6414.18 4.962964779702006e-15
6415.65 4.927233308104691e-15
6417.12 4.951191767767265e-15
6418.59 4.972667765446788e-15
6420.06 4.934949688181161e-15
6421.53 4.934122568271423e-15
6423.0 4.980025770171257e-15
6424.47 4.9695554779495875e-15
6425.94 4.902746110547369e-15
6427.41 4.942095978108441e-15
6428.88 5.002580235722827e-15
6430.35 5.0237619824823416e-15
6431.82 5.0358463312967144e-15
6433.29 5.056094977404533e-15
6434.76 5.15421203033037e-15
6436.23 5.203536664598724e-15
6437.7 5.262222170777512e-15
6439.17 5.361847149131275e-15
6440.64 5.408081080025308e-15
6442.11 5.434244639094793e-15
6443.58 5.487137495084491e-15
6445.05 5.5789667785523635e-15
6446.52 5.631750327995686e-15
6447.99 5.681797104702596e-15
6449.46 5.747067152825847e-15
6450.93 5.770041202462523e-15
6452.4 5.8633995025230106e-15
6453.87 6.00530117908688e-15
6455.34 6.114341272878287e-15
6456.81 6.158009488364774e-15
6458.28 6.248279804551564e-15
6459.75 6.2655022148243926e-15
6461.22 6.415218146380515e-15
6462.69 6.56608980063093e-15
6464.16 6.653854549400686e-15
6465.63 6.690932462524941e-15
6467.1 6.7531147461602635e-15
6468.57 6.974308149636824e-15
6470.04 7.15075405769234e-15
6471.51 7.31055732819342e-15
6472.98 7.303831900475195e-15
6474.45 7.305311090136813e-15
6475.92 7.433994615493127e-15
6477.39 7.524819671869923e-15
6478.86 7.675737990350948e-15
6480.33 7.750490530538003e-15
6481.8 7.922163324946706e-15
6483.27 7.902030471459436e-15
6484.74 7.835629255128676e-15
6486.21 7.821941955207248e-15
6487.68 7.999343225230415e-15
6489.15 8.211334389286275e-15
6490.62 8.275130735215426e-15
6492.09 8.291811682851058e-15
6493.56 8.375777178063266e-15
6495.03 8.461644704026228e-15
6496.5 8.63650885165539e-15
6497.97 8.584350447142251e-15
6499.44 8.659621910878912e-15
6500.91 8.694130768957812e-15
6502.38 8.82791053497725e-15
6503.85 8.864039068427232e-15
6505.32 8.91185255740459e-15
6506.79 8.9657561501134e-15
6508.26 9.037091825099107e-15
6509.73 9.177039516049713e-15
6511.2 9.118577519123287e-15
6512.67 9.182988265111986e-15
6514.14 9.083683256124977e-15
6515.61 8.924019293836381e-15
6517.08 8.959461495431711e-15
6518.55 9.060831256086775e-15
6520.02 9.120423435732421e-15
6521.49 9.169067387570469e-15
6522.96 9.23359258107522e-15
6524.43 9.204903645566501e-15
6525.9 9.289228700812455e-15
6527.37 9.319240631351429e-15
6528.84 9.335298618120213e-15
6530.31 9.427936032940791e-15
6531.78 9.369606019382602e-15
6533.25 9.328391726809857e-15
6534.72 9.460130547931312e-15
6536.19 9.380058520861292e-15
6537.66 9.426779575344258e-15
6539.13 9.499085652223939e-15
6540.6 9.541436636392704e-15
6542.07 9.637541270256793e-15
6543.54 9.570000708797762e-15
6545.01 9.515734043319533e-15
6546.48 9.401998014528801e-15
6547.95 9.42544364658428e-15
6549.42 9.4422468982898e-15
6550.89 9.366341703845971e-15
6552.36 9.34852525227203e-15
6553.83 9.323463361525505e-15
6555.3 9.272859280122145e-15
6556.77 9.255580532652269e-15
6558.24 9.281709780334345e-15
6559.71 9.267319123446224e-15
6561.18 9.320047267865561e-15
6562.65 9.27586949076026e-15
6564.12 9.320444268057282e-15
6565.59 9.235495778232496e-15
6567.06 9.156412401305261e-15
6568.53 9.275212671651322e-15
6570.0 9.312531605445798e-15
6571.47 9.32407465574235e-15
6572.94 9.270150057466823e-15
6574.41 9.303600925198457e-15
6575.88 9.408498139355769e-15
6577.35 9.351085935602106e-15
6578.82 9.403759902552851e-15
6580.29 9.446387782612118e-15
6581.76 9.340507905282007e-15
6583.23 9.371247821759663e-15
6584.7 9.393032270672494e-15
6586.17 9.266036920890622e-15
6587.64 9.221544195436459e-15
6589.11 9.329343078136155e-15
6590.58 9.327594006775328e-15
6592.05 9.222013934762854e-15
6593.52 9.221736158993012e-15
6594.99 9.258246955750198e-15
6596.46 9.289958820170864e-15
6597.93 9.341315291597962e-15
6599.4 9.316382505390534e-15
6600.87 9.287638062972152e-15
6602.34 9.298751637123858e-15
6603.81 9.247674341714684e-15
6605.28 9.212167591291607e-15
6606.75 9.192217916239591e-15
6608.22 9.116415195110874e-15
6609.69 9.095031690782981e-15
6611.16 9.134016101539953e-15
6612.63 9.063749505037798e-15
6614.1 9.051902297186202e-15
6615.57 8.864742263600176e-15
6617.04 8.86313455363864e-15
6618.51 8.824650383564043e-15
6619.98 8.770182284362622e-15
6621.45 8.760359291472829e-15
6622.92 8.708204441377341e-15
6624.39 8.687385167845849e-15
6625.86 8.711838713826299e-15
6627.33 8.660944804670399e-15
6628.8 8.616035222246104e-15
6630.27 8.646745986247154e-15
6631.74 8.610052568931323e-15
6633.21 8.476609879751861e-15
6634.68 8.548442391511948e-15
6636.15 8.51318019274994e-15
6637.62 8.525282981081082e-15
6639.09 8.450276412676509e-15
6640.56 8.444460248231386e-15
6642.03 8.40283988778739e-15
6643.5 8.372049735831916e-15
6644.97 8.263673576339015e-15
6646.44 8.285960685454882e-15
6647.91 8.408946464088621e-15
6649.38 8.235675801219679e-15
6650.85 8.141543086914991e-15
6652.32 8.182226651363333e-15
6653.79 8.22694779199573e-15
6655.26 8.088511030276712e-15
6656.73 8.012335557736122e-15
6658.2 7.894430039351333e-15
6659.67 7.883175179108262e-15
6661.14 7.880929389134719e-15
6662.61 7.803587619755374e-15
6664.08 7.761281299004654e-15
6665.55 7.711739257822135e-15
6667.02 7.551945969456983e-15
6668.49 7.599561947613702e-15
6669.96 7.621269382234039e-15
6671.43 7.60921830979623e-15
6672.9 7.532001981043161e-15
6674.37 7.458387159246296e-15
6675.84 7.456195094201089e-15
6677.31 7.51569220856242e-15
6678.78 7.559324320033392e-15
6680.25 7.563393908724279e-15
6681.72 7.377611716745132e-15
6683.19 7.24970252239459e-15
6684.66 7.254341231584364e-15
6686.13 7.235060157684e-15
6687.6 7.273318631684473e-15
6689.07 7.265726540018167e-15
6690.54 7.136812275072082e-15
6692.01 7.025732363211567e-15
6693.48 7.04617489303931e-15
6694.95 6.972167222649645e-15
6696.42 6.901639981832158e-15
6697.89 6.868548104956761e-15
6699.36 6.87851315008248e-15
6700.83 6.878841138651271e-15
6702.3 6.788781912114972e-15
6703.77 6.765155372726966e-15
6705.24 6.8266571037914975e-15
6706.71 6.756171199896203e-15
6708.18 6.711668150267495e-15
6709.65 6.673093811782552e-15
6711.12 6.65969101652028e-15
6712.59 6.63299533557291e-15
6714.06 6.621846737408813e-15
6715.53 6.66676242955101e-15
6717.0 6.6712972938545005e-15
6718.47 6.531311282701529e-15
6719.94 6.534234053343142e-15
6721.41 6.610373888380772e-15
6722.88 6.474999663931902e-15
6724.35 6.399321820624803e-15
6725.82 6.4054086369767414e-15
6727.29 6.401249120294048e-15
6728.76 6.470004165793075e-15
6730.23 6.415375232075761e-15
6731.7 6.271677824666498e-15
6733.17 6.2559890238308374e-15
6734.64 6.249219324436052e-15
6736.11 6.182154969210901e-15
6737.58 6.244769376461404e-15
6739.05 6.262199953361865e-15
6740.52 6.218188573656674e-15
6741.99 6.198362655156844e-15
6743.46 6.172568355205023e-15
6744.93 6.107824579366073e-15
6746.4 6.1226737124873446e-15
6747.87 6.086915175783773e-15
6749.34 6.035194733627078e-15
6750.81 6.051796892543631e-15
6752.28 6.014883372806385e-15
6753.75 6.017944012300572e-15
6755.22 6.07610219003124e-15
6756.69 6.044464331622867e-15
6758.16 6.040852566224355e-15
6759.63 6.090592075313386e-15
6761.1 6.045110732814918e-15
6762.57 5.979863447368996e-15
6764.04 5.987058648975625e-15
6765.51 6.002066044985576e-15
6766.98 5.897238706014594e-15
6768.45 5.91770160740686e-15
6769.92 5.989138948898318e-15
6771.39 6.029752608953332e-15
6772.86 5.974719670926973e-15
6774.33 5.8460914288802956e-15
6775.8 5.8342998183816094e-15
6777.27 5.916328712937356e-15
6778.74 5.874384790827139e-15
6780.21 5.804078387802774e-15
6781.68 5.811400239231612e-15
6783.15 5.766276076684632e-15
6784.62 5.836432636861579e-15
6786.09 5.882563762741552e-15
6787.56 5.8085138688287564e-15
6789.03 5.749312515774411e-15
6790.5 5.8080259093798455e-15
6791.97 5.7901294896176535e-15
6793.44 5.740982451519196e-15
6794.91 5.732349983779299e-15
6796.38 5.7628078828234024e-15
6797.85 5.743602742925488e-15
6799.32 5.67478237428837e-15
6800.79 5.716870164987597e-15
6802.26 5.687043043419115e-15
6803.73 5.784270979566076e-15
6805.2 5.691449240767137e-15
6806.67 5.6442121694068924e-15
6808.14 5.674188821638168e-15
6809.61 5.693936368262527e-15
6811.08 5.684127447408463e-15
6812.55 5.715841665494459e-15
6814.02 5.762158564589743e-15
6815.49 5.6672422731966195e-15
6816.96 5.593073876001328e-15
6818.43 5.649088960247338e-15
6819.9 5.55690458639745e-15
6821.37 5.552632711975882e-15
6822.84 5.577937873068438e-15
6824.31 5.593406195507932e-15
6825.78 5.544994817981374e-15
6827.25 5.483520872534911e-15
6828.72 5.436362972553208e-15
6830.19 5.504336404784335e-15
6831.66 5.427303474017592e-15
6833.13 5.37681635256039e-15
6834.6 5.562223589324632e-15
6836.07 5.487239395696341e-15
6837.54 5.492592871734687e-15
6839.01 5.510168027656571e-15
6840.48 5.442770845546566e-15
6841.95 5.464199382035676e-15
6843.42 5.432047823863304e-15
6844.89 5.471926298402171e-15
6846.36 5.431308846301595e-15
6847.83 5.3839768461176204e-15
6849.3 5.388787419665271e-15
6850.77 5.380794270592988e-15
6852.24 5.34267569164791e-15
6853.71 5.329404001212881e-15
6855.18 5.334995187671554e-15
6856.65 5.265263495733159e-15
6858.12 5.276047958575139e-15
6859.59 5.261875636376281e-15
6861.06 5.28905815160325e-15
6862.53 5.341201248796904e-15
6864.0 5.258598547011803e-15
6865.47 5.2926117775905935e-15
6866.94 5.264720958376668e-15
6868.41 5.275132880194062e-15
6869.88 5.244183587780602e-15
6871.35 5.217946888085755e-15
6872.82 5.264855170228424e-15
6874.29 5.252582591631324e-15
6875.76 5.18712886521651e-15
6877.23 5.188434824244782e-15
6878.7 5.181233315472882e-15
6880.17 5.122036510401336e-15
6881.64 5.091467096471812e-15
6883.11 5.183969710179138e-15
6884.58 5.305672596923214e-15
6886.05 5.3546584885001904e-15
6887.52 5.164104427498623e-15
6888.99 5.162697775889041e-15
6890.46 5.207550711705379e-15
6891.93 5.2828182444977706e-15
6893.4 5.299114961452618e-15
6894.87 5.207408905091661e-15
6896.34 5.066869649738353e-15
6897.81 5.15505667147861e-15
6899.28 5.230483844465409e-15
6900.75 5.1571207121779396e-15
6902.22 5.018419314002878e-15
6903.69 5.058908088350864e-15
6905.16 5.110429799596159e-15
6906.63 5.12287362067754e-15
6908.1 5.146210631551665e-15
6909.57 5.1373035992105705e-15
6911.04 5.093636436373947e-15
6912.51 5.167988181854456e-15
6913.98 5.177678675199043e-15
6915.45 5.108079154430481e-15
6916.92 5.116326385806988e-15
6918.39 5.067030806040137e-15
6919.86 5.151574705215902e-15
6921.33 5.1642460608461994e-15
6922.8 5.143465470108321e-15
6924.27 5.1409481529194e-15
6925.74 5.157895018870056e-15
6927.21 5.215152163976599e-15
6928.68 5.163220000056596e-15
6930.15 5.099500621704032e-15
6931.62 5.067826059137613e-15
6933.09 5.197616804324591e-15
6934.56 5.2565826954106426e-15
6936.03 5.199295028268751e-15
6937.5 5.158339533538798e-15
6938.97 5.177433616942981e-15
6940.44 5.2305158880145345e-15
6941.91 5.166934503539765e-15
6943.38 5.199070008331993e-15
6944.85 5.2042463944784596e-15
6946.32 5.19488535948127e-15
6947.79 5.169195421017556e-15
6949.26 5.116873452552719e-15
6950.73 5.118691519093516e-15
6952.2 5.1524452918031195e-15
6953.67 5.207319855561276e-15
6955.14 5.145343394400841e-15
6956.61 5.1150171949918666e-15
6958.08 5.116450863534195e-15
6959.55 5.118898655030651e-15
6961.02 5.209997515805254e-15
6962.49 5.248710433156401e-15
6963.96 5.146089405359353e-15
6965.43 5.132443724171416e-15
6966.9 5.2399309073725045e-15
6968.37 5.251895091900399e-15
6969.84 5.207617492954623e-15
6971.31 5.209711937978711e-15
6972.78 5.1762725461309255e-15
6974.25 5.2256977802277955e-15
6975.72 5.214639752425104e-15
6977.19 5.085766852255852e-15
6978.66 5.069736541026715e-15
6980.13 5.1160595631960225e-15
6981.6 5.1928272936478e-15
6983.07 5.209708391313776e-15
6984.54 5.2052019341159574e-15
6986.01 5.224455604726867e-15
6987.48 5.1763150403977466e-15
6988.95 5.0857780745351494e-15
6990.42 5.029277548092827e-15
6991.89 5.056338236584786e-15
6993.36 5.157638757671216e-15
6994.83 5.216297967887226e-15
6996.3 5.0941790012091475e-15
6997.77 5.073476684854197e-15
6999.24 5.185086116836781e-15
7000.71 5.210220498056924e-15
7002.18 5.165958686065807e-15
7003.65 5.132109989917947e-15
7005.12 5.130366652580604e-15
7006.59 5.1265574002219625e-15
7008.06 5.149214679341975e-15
7009.53 5.1248182605109245e-15
7011.0 5.136462314986883e-15
7012.47 5.1165589559240266e-15
7013.94 5.076264212336966e-15
7015.41 5.0806168971157895e-15
7016.88 5.084969545503098e-15
7018.35 5.08932194425988e-15
7019.82 5.093674200170796e-15
7021.29 5.0980264200112945e-15
7022.76 5.102378390555863e-15
7024.23 5.106730325243733e-15
7027.17 5.127358243118284e-15
7028.64 5.079317667468495e-15
7030.11 5.051310238403497e-15
7031.58 5.122147400163719e-15
7033.05 5.081040980621455e-15
7034.52 5.003980435963207e-15
7035.99 5.054556964633344e-15
7037.46 5.09754866144134e-15
7038.93 5.04287621657357e-15
7040.4 5.055998138466014e-15
7041.87 5.112783542649119e-15
7043.34 5.102551824236421e-15
7044.81 5.004405465908247e-15
7046.28 5.039287493679098e-15
7047.75 5.081508167960787e-15
7049.22 4.9931694279638884e-15
7050.69 5.020322793344411e-15
7052.16 5.090260097700055e-15
7053.63 5.062106144137299e-15
7055.1 4.951820247951804e-15
7056.57 4.970941188465465e-15
7058.04 5.082641668720005e-15
7059.51 4.993007812413048e-15
7060.98 4.955707609425392e-15
7062.45 5.032166162756711e-15
7063.92 5.067486435500086e-15
7065.39 5.0355161018683896e-15
7066.86 4.974402868821146e-15
7068.33 4.855291640739345e-15
7069.8 5.024038257861545e-15
7071.27 5.12494677284853e-15
7072.74 5.1112446220496166e-15
7074.21 5.078915815108065e-15
7075.68 4.989597063658283e-15
7077.15 4.970782694980957e-15
7078.62 4.857006156851334e-15
7080.09 4.758146311973769e-15
7081.56 4.8147812883763415e-15
7083.03 4.920757800158431e-15
7084.5 4.943554594341611e-15
7085.97 4.899937950514088e-15
7087.44 4.928363046417615e-15
7088.91 4.879167222023723e-15
7090.38 4.861749289132835e-15
7091.85 4.911107020495215e-15
7093.32 4.7790325277125805e-15
7094.79 4.831681865155956e-15
7096.26 4.894776163621886e-15
7097.73 4.968289196781895e-15
7099.2 4.935388364915737e-15
7100.67 4.894946989178114e-15
7102.14 4.893648720538366e-15
7103.61 4.944375624873758e-15
7105.08 4.9363509440100084e-15
7106.55 4.921916609120216e-15
7108.02 4.9005763629597796e-15
7109.49 4.940746294099738e-15
7110.96 4.9453907258405805e-15
7112.43 4.919562629040652e-15
7113.9 4.857462481090018e-15
7115.37 4.797968151011675e-15
7116.84 4.8420066434811404e-15
7118.31 4.9675192233444595e-15
7119.78 4.987503564993203e-15
7121.25 4.992047580399727e-15
7122.72 5.008292656195098e-15
7124.19 4.955412910515523e-15
7125.66 4.9383447717582736e-15
7127.13 4.9392823958505345e-15
7128.6 4.931486088468659e-15
7130.07 4.9001156056884165e-15
7131.54 4.882003640387172e-15
7133.01 4.930055140479619e-15
7134.48 4.924140190779349e-15
7135.95 4.986040974129416e-15
7137.42 4.975037784687044e-15
7138.89 4.840162338896239e-15
7140.36 4.911894359648941e-15
7141.83 4.894025178690853e-15
7143.3 4.828175709504807e-15
7144.77 4.790278745016709e-15
7146.24 4.819612667794402e-15
7147.71 4.856261012279553e-15
7149.18 4.943275808799099e-15
7150.65 4.882251652653971e-15
7152.12 4.88936259330358e-15
7153.59 4.898068338504899e-15
7155.06 4.899991560145964e-15
7156.53 4.968556567753477e-15
7158.0 4.9519262777776974e-15
7159.47 4.987206740200838e-15
7160.94 4.951509443509809e-15
7162.41 4.892927487833232e-15
7163.88 4.857953488565643e-15
7165.35 4.8858645391982365e-15
7166.82 4.844617683450542e-15
7168.29 4.764638482291057e-15
7169.76 4.775262263023923e-15
7171.23 4.825822384649039e-15
7172.7 4.831086650580987e-15
7174.17 4.7926116785734674e-15
7175.64 4.790908910862491e-15
7177.11 4.781127795265935e-15
7178.58 4.786635785076086e-15
7180.05 4.7166279385508466e-15
7181.52 4.713126975783112e-15
7182.99 4.858524391280889e-15
7184.46 4.90053863006258e-15
7185.93 4.676887510826975e-15
7187.4 4.555726116697998e-15
7188.87 4.7192207004528985e-15
7190.34 4.86151479701465e-15
7191.81 4.788692454623186e-15
7193.28 4.7247945196676016e-15
7194.75 4.785772470909987e-15
7196.22 4.716192231604958e-15
7197.69 4.754521662943215e-15
7199.16 4.760418269505118e-15
7200.63 4.6773402894927636e-15
7202.1 4.654909448064041e-15
7203.57 4.660320777555311e-15
7205.04 4.7003364592647746e-15
7206.51 4.720064975152615e-15
7207.98 4.763136344822983e-15
7209.45 4.7977395744893915e-15
7210.92 4.673428168194006e-15
7212.39 4.6609561335597055e-15
7213.86 4.680178462567836e-15
7215.33 4.714460221078888e-15
7216.8 4.736504930145642e-15
7218.27 4.6189691149124526e-15
7219.74 4.678512144157853e-15
7221.21 4.737768279318205e-15
7222.68 4.6527350341166865e-15
7224.15 4.612492286786372e-15
7225.62 4.596208691713002e-15
7227.09 4.652913981718802e-15
7228.56 4.7297604263323905e-15
7230.03 4.761894099290297e-15
7231.5 4.721033166000386e-15
7232.97 4.63655309215838e-15
7234.44 4.653399293956573e-15
7235.91 4.609603575692985e-15
7237.38 4.629561694681488e-15
7238.85 4.673069173441881e-15
7240.32 4.6356722101688875e-15
7241.79 4.618430898905351e-15
7243.26 4.631945951004799e-15
7244.73 4.591477729728296e-15
7246.2 4.626252955106593e-15
7247.67 4.690381987686574e-15
7249.14 4.668380822128013e-15
7250.61 4.697869374935185e-15
7252.08 4.6654557018732834e-15
7253.55 4.624549723291154e-15
7255.02 4.6662844505005896e-15
7256.49 4.671641331145836e-15
7257.96 4.679902257288904e-15
7259.43 4.6514873799921925e-15
7260.9 4.634310580782627e-15
7262.37 4.6533663220344044e-15
7263.84 4.6752326339645494e-15
7265.31 4.699064787095749e-15
7266.78 4.721172072069724e-15
7268.25 4.726806548611402e-15
7269.72 4.6759805020505514e-15
7271.19 4.615328918881636e-15
7272.66 4.561995334472422e-15
7274.13 4.5769014502466835e-15
7275.6 4.66716447814233e-15
7277.07 4.6538147970179595e-15
7278.54 4.613499707343954e-15
7280.01 4.6450804604132985e-15
7281.48 4.6570200748912706e-15
7282.95 4.568308641615494e-15
7284.42 4.595100792468146e-15
7285.89 4.6728983941642154e-15
7287.36 4.658673570005095e-15
7288.83 4.655374258125833e-15
7290.3 4.577767403265129e-15
7291.77 4.50073662790537e-15
7293.24 4.619762183153313e-15
7294.71 4.7159854457181975e-15
7296.18 4.675496399320868e-15
7297.65 4.599813627908662e-15
7299.12 4.5909106322217165e-15
7300.59 4.615323702662078e-15
7302.06 4.590042961848826e-15
7303.53 4.560872304967529e-15
7305.0 4.619886232120988e-15
7306.47 4.705236128494465e-15
7307.94 4.757346161161749e-15
7309.41 4.695511394530673e-15
7310.88 4.631731691603657e-15
7312.35 4.666490012521576e-15
7313.82 4.6796638205781105e-15
7315.29 4.647886655737256e-15
7316.76 4.590837357378682e-15
7318.23 4.579833715793563e-15
7319.7 4.5412590193619466e-15
7321.17 4.608757071738461e-15
7322.64 4.687653114950585e-15
7324.11 4.653610645831214e-15
7325.58 4.555003507154503e-15
7327.05 4.557291647254226e-15
7328.52 4.549909030626769e-15
7329.99 4.5290861350026635e-15
7331.46 4.503577192314159e-15
7332.93 4.453252467997378e-15
7334.4 4.566186727187023e-15
7335.87 4.6187603776814945e-15
7337.34 4.579730546185901e-15
7338.81 4.539582223509766e-15
7340.28 4.599174238852568e-15
7341.75 4.652414740055631e-15
7343.22 4.579317435707816e-15
7344.69 4.508171991198688e-15
7346.16 4.571402717783269e-15
7347.63 4.59895601336893e-15
7349.1 4.5466432381798954e-15
7350.57 4.553124549576988e-15
7352.04 4.5803248289060544e-15
7353.51 4.5794829080403736e-15
7354.98 4.568434597546013e-15
7356.45 4.502852429571321e-15
7357.92 4.511586525328125e-15
7359.39 4.518726109390947e-15
7360.86 4.485982243149142e-15
7362.33 4.535078133778393e-15
7363.8 4.539078937375473e-15
7365.27 4.522032096634727e-15
7366.74 4.538471913728849e-15
7368.21 4.579636216725048e-15
7369.68 4.53640208118164e-15
7371.15 4.514353334005725e-15
7372.62 4.5459150867895945e-15
7374.09 4.549569139638503e-15
7375.56 4.601893836993241e-15
7377.03 4.579191727547278e-15
7378.5 4.522458663425944e-15
7379.97 4.4469825844480055e-15
7381.44 4.429566025570861e-15
7382.91 4.486806865463341e-15
7384.38 4.577556002867136e-15
7385.85 4.566426904022911e-15
7387.32 4.537631295367326e-15
7388.79 4.523642830383241e-15
7390.26 4.485631164081808e-15
7391.73 4.43868147046791e-15
7393.2 4.479262503323816e-15
7394.67 4.494488369804834e-15
7396.14 4.4335078854594674e-15
7397.61 4.447440797504092e-15
7399.08 4.488716479205863e-15
7400.55 4.534869657341802e-15
7402.02 4.5347823237518606e-15
7403.49 4.547424134451121e-15
7404.96 4.493940903486307e-15
7406.43 4.4532451380113554e-15
7407.9 4.5136698502869985e-15
7409.37 4.546119383976466e-15
7410.84 4.5698453652136006e-15
7412.31 4.543870426987219e-15
7413.78 4.4760608311078355e-15
7415.25 4.391776536103635e-15
7416.72 4.361635753307685e-15
7418.19 4.395484375579342e-15
7419.66 4.4167447048880275e-15
7421.13 4.4007423464213934e-15
7422.6 4.3855540505030334e-15
