3103.3999023438 -1.0880815066743563e-15
3105.5371274824 2.31999215114841e-16
3107.67435262101 -3.4985634830554546e-16
3109.81157775961 -8.539355852172542e-16
3111.94880289821 -9.30694010837033e-16
3114.08602803682 7.090438552699216e-16
3116.22325317542 6.765028468853163e-16
3118.36047831403 7.489759573854368e-16
3120.49770345263 1.1590237269797568e-15
3122.63492859123 -2.6471373204437453e-16
3124.77215372984 1.7071934399181046e-16
3126.90937886844 2.839163353775112e-16
3129.04660400704 -3.8124839311493603e-16
3131.18382914565 1.3764856548685266e-17
3133.32105428425 3.215167637936882e-16
3135.45827942285 4.779209929016028e-16
3137.59550456146 6.656732430371686e-16
3139.73272970006 4.2016488287053567e-16
3141.86995483866 -3.403428582642514e-16
3144.00717997727 -6.612886000888324e-16
3146.14440511587 -5.175179809761456e-16
3148.28163025448 1.6043428120226301e-16
3150.41885539308 -1.0987682317115805e-16
3152.55608053168 4.660298217132818e-16
3154.69330567029 1.4166392904631637e-15
3156.83053080889 1.2895823720756113e-15
3158.96775594749 1.3886434426171667e-16
3161.1049810861 -4.825984391068316e-18
3163.2422062247 2.517981960845966e-16
3165.3794313633 2.508973600274468e-16
3167.51665650191 2.743378145665378e-16
3169.65388164051 6.234230501756563e-16
3171.79110677912 1.562771596513941e-15
3173.92833191772 1.3797315178079997e-15
3176.06555705632 7.724353711473271e-16
3178.20278219493 8.620825267085602e-17
3180.34000733353 1.768751810060552e-16
3182.47723247213 5.406420777662451e-16
3184.61445761074 6.94546382278322e-16
3186.75168274934 7.804254273238818e-16
3188.88890788794 9.269598963136747e-16
3191.02613302655 4.859030557938445e-16
3193.16335816515 6.289484339548727e-16
3195.30058330376 5.690069468191437e-16
3197.43780844236 5.185144285314599e-16
3199.57503358096 3.544355098717107e-16
3201.71225871957 -6.816883474921725e-18
3203.84948385817 -2.4596693135946942e-17
3205.98670899677 7.59604430648754e-16
3208.12393413538 1.1243514877030924e-15
3210.26115927398 7.746487255356759e-16
3212.39838441258 8.047486803390322e-16
3214.53560955119 4.330410294654288e-16
3216.67283468979 2.410243194801308e-16
3218.81005982839 2.881000113349764e-16
3220.947284967 4.0411813761617543e-16
3223.0845101056 2.712322484883239e-16
3225.22173524421 -2.2890579266142866e-17
3227.35896038281 1.5575976425119724e-16
3229.49618552141 5.916442027125498e-16
3231.63341066002 7.171285281636647e-16
3233.77063579862 7.1077869407244465e-16
3235.90786093722 6.526712544758097e-16
3238.04508607583 6.131760077728431e-16
3240.18231121443 4.61693006498202e-16
3242.31953635303 3.4948244111043893e-16
3244.45676149164 4.308386469317573e-16
3246.59398663024 3.8653235939008515e-16
3248.73121176884 4.3758940585689645e-16
3250.86843690745 4.699035868017988e-16
3253.00566204605 2.936758223382611e-16
3255.14288718466 1.7242365708148284e-16
3257.28011232326 3.41098569535887e-16
3259.41733746186 2.755491540510529e-16
3261.55456260047 2.903888703402878e-16
3263.69178773907 3.078325047515856e-16
3265.82901287767 3.9613181953276637e-16
3267.96623801628 5.522266662425518e-16
3270.10346315488 4.1668926521543373e-16
3272.24068829348 4.487258561621656e-16
3274.37791343209 4.6830547603822155e-16
3276.51513857069 4.2190414959221364e-16
3278.6523637093 5.062440584869888e-16
3280.7895888479 6.368869336346128e-16
3282.9268139865 5.971638311374195e-16
3285.06403912511 5.275180361246076e-16
3287.20126426371 4.683751577468777e-16
3289.33848940231 4.881403813213954e-16
3291.47571454092 5.112443198412576e-16
3293.61293967952 4.3538800978085427e-16
3295.75016481812 5.825124093666044e-16
3297.88738995673 8.627087230824728e-16
3300.02461509533 9.219508691761265e-16
3302.16184023393 9.535416094513415e-16
3304.29906537254 9.128093394509036e-16
3306.43629051114 7.456267247189359e-16
3308.57351564975 6.342574896330546e-16
3310.71074078835 5.453602725484847e-16
3312.84796592695 5.278632124935797e-16
3314.98519106556 7.037631527533359e-16
3317.12241620416 7.831700505367954e-16
3319.25964134276 7.662833691705418e-16
3321.39686648137 6.977000032767015e-16
3323.53409161997 6.906361641574656e-16
3325.67131675857 8.117514597993456e-16
3327.80854189718 7.756184202463446e-16
3329.94576703578 6.8633997195280765e-16
3332.08299217439 7.174814056596626e-16
3334.22021731299 8.736788379490592e-16
3336.35744245159 8.952956752301592e-16
3338.4946675902 8.09554472956075e-16
3340.6318927288 7.620366665087066e-16
3342.7691178674 8.438247848078464e-16
3344.90634300601 8.79211270523147e-16
3347.04356814461 8.491155283693247e-16
3349.18079328321 8.387800997008157e-16
3351.31801842182 9.471197585203302e-16
3353.45524356042 9.889883236171154e-16
3355.59246869902 1.0138515331362015e-15
3357.72969383763 1.091017172521972e-15
3359.86691897623 1.0006760686346145e-15
3362.00414411484 9.818324447279264e-16
3364.14136925344 9.705816038379207e-16
3366.27859439204 9.263795007662081e-16
3368.41581953065 9.796175819847618e-16
3370.55304466925 1.024448290048071e-15
3372.69026980785 9.578633608656511e-16
3374.82749494646 1.0053282250004398e-15
3376.96472008506 8.924336737488188e-16
3379.10194522366 8.761553650163247e-16
3381.23917036227 9.668606686915817e-16
3383.37639550087 8.854375302537225e-16
3385.51362063948 7.358359406887781e-16
3387.65084577808 6.465382006305287e-16
3389.78807091668 6.951702466088604e-16
3391.92529605529 8.226801260890127e-16
3394.06252119389 1.0186700312003817e-15
3396.19974633249 1.0370119763523891e-15
3398.3369714711 1.0594346197573451e-15
3400.4741966097 1.08331111886323e-15
3402.6114217483 1.1538327225752466e-15
3404.74864688691 1.1011435978608206e-15
3406.88587202551 1.179348474230536e-15
3409.02309716411 1.3032667794751755e-15
3411.16032230272 1.3187176037862007e-15
3413.29754744132 1.3081602009236963e-15
3415.43477257993 1.3910843105390337e-15
3417.57199771853 1.5158346751724108e-15
3419.70922285713 1.5708519721801361e-15
3421.84644799574 1.426574051735919e-15
3423.98367313434 1.3280143042593192e-15
3426.12089827294 1.4450939995436142e-15
3428.25812341155 1.3861532524730153e-15
3430.39534855015 1.3585993586733132e-15
3432.53257368875 1.3531049383000005e-15
3434.66979882736 1.3755891302853283e-15
3436.80702396596 1.4521900023541787e-15
3438.94424910457 1.3622435786476315e-15
3441.08147424317 1.2722754280476443e-15
3443.21869938177 1.387729137386253e-15
3445.35592452038 1.3203640172927456e-15
3447.49314965898 1.2379715236317486e-15
3449.63037479758 1.2113574110717528e-15
3451.76759993619 1.2770656327681209e-15
3453.90482507479 1.414353982093466e-15
3456.04205021339 1.4935650501037733e-15
3458.179275352 1.5968819462676276e-15
3460.3165004906 1.6134910647800472e-15
3462.4537256292 1.6746780752880429e-15
3464.59095076781 1.758668512154721e-15
3466.72817590641 1.877329642785257e-15
3468.86540104502 2.0195501825473954e-15
3471.00262618362 2.0874268302606722e-15
3473.13985132222 2.0849897855244553e-15
3475.27707646083 2.0960955240552897e-15
3477.41430159943 2.1942335245208683e-15
3479.55152673803 2.1052977589899675e-15
3481.68875187664 1.944392746294915e-15
3483.82597701524 1.899335873283244e-15
3485.96320215384 1.949650346597877e-15
3488.10042729245 1.944594036860118e-15
3490.23765243105 1.917261329867754e-15
3492.37487756966 1.9048828954650297e-15
3494.51210270826 1.8430769470564994e-15
3496.64932784686 1.6940062977806881e-15
3498.78655298547 1.62824080314484e-15
3500.92377812407 1.699338302840423e-15
3503.06100326267 1.7284218251940253e-15
3505.19822840128 1.6591997260721956e-15
3507.33545353988 1.5812942491373419e-15
3509.47267867848 1.5494482994221593e-15
3511.60990381709 1.5063671367766104e-15
3513.74712895569 1.4791253551587666e-15
3515.88435409429 1.4934827136946007e-15
3518.0215792329 1.4554065779057176e-15
3520.1588043715 1.5794811360298585e-15
3522.29602951011 1.6698726798373228e-15
3524.43325464871 1.6565718795995488e-15
3526.57047978731 1.6587781610466629e-15
3528.70770492592 1.67640783265306e-15
3530.84493006452 1.6688373244314887e-15
3532.98215520312 1.654586345287203e-15
3535.11938034173 1.7419471395054753e-15
3537.25660548033 1.8459426453478897e-15
3539.39383061893 1.955793566659397e-15
3541.53105575754 1.937514743294605e-15
3543.66828089614 1.841661195018031e-15
3545.80550603475 1.838319698111181e-15
3547.94273117335 1.8807689186861768e-15
3550.07995631195 1.8285959892716184e-15
3552.21718145056 1.8010918889159295e-15
3554.35440658916 1.7954388779301793e-15
3556.49163172776 1.7215960498240508e-15
3558.62885686637 1.677102983193704e-15
3560.76608200497 1.6611398247469248e-15
3562.90330714357 1.6512575185581358e-15
3565.04053228218 1.6673927153919944e-15
3567.17775742078 1.6685103853129525e-15
3569.31498255938 1.7583825529330607e-15
3571.45220769799 1.7673254144425876e-15
3573.58943283659 1.7265404065397655e-15
3575.7266579752 1.7366435299937683e-15
3577.8638831138 1.7964980600657755e-15
3580.0011082524 1.8854058843213196e-15
3582.13833339101 1.8730079232489166e-15
3584.27555852961 1.903971293189659e-15
3586.41278366821 1.8938630685536494e-15
3588.55000880682 1.7938334869363435e-15
3590.68723394542 1.7796150929398767e-15
3592.82445908402 1.8620102522127422e-15
3594.96168422263 1.926030366854561e-15
3597.09890936123 1.9484083860341777e-15
3599.23613449984 1.826762837109295e-15
3601.37335963844 1.778013765641365e-15
3603.51058477704 1.856003352395857e-15
3605.64780991565 1.93204748008395e-15
3607.78503505425 1.9259474690053144e-15
3609.92226019285 1.867942051846729e-15
3612.05948533146 1.772574648295092e-15
3614.19671047006 1.7644810030024802e-15
3616.33393560866 1.838127224361094e-15
3618.47116074727 1.78283125326391e-15
3620.60838588587 1.7324792335202922e-15
3622.74561102447 1.791626552798811e-15
3624.88283616308 1.7512087239563827e-15
3627.02006130168 1.659786234009176e-15
3629.15728644029 1.7076025684005505e-15
3631.29451157889 1.769867455362316e-15
3633.43173671749 1.78726817275831e-15
3635.5689618561 1.7881569010448502e-15
3637.7061869947 1.777641606208309e-15
3639.8434121333 1.822924852496194e-15
3641.98063727191 1.808378012026454e-15
3644.11786241051 1.7868122782168303e-15
3646.25508754911 1.7965336697854193e-15
3648.39231268772 1.8192999640095285e-15
3650.52953782632 1.8846864332929564e-15
3652.66676296493 1.9320116763475895e-15
3654.80398810353 1.9277059252776533e-15
3656.94121324213 1.9923525273649475e-15
3659.07843838074 2.0607058945928605e-15
3661.21566351934 2.0718416858120477e-15
3663.35288865794 2.163333799871975e-15
3665.49011379655 2.2349575525321046e-15
3667.62733893515 2.219155666186431e-15
3669.76456407375 2.157066707194639e-15
3671.90178921236 2.199573815267722e-15
3674.03901435096 2.2289322943695152e-15
3676.17623948956 2.2591809561726496e-15
3678.31346462817 2.3475122460098253e-15
3680.45068976677 2.362912871490232e-15
3682.58791490538 2.3782059793270906e-15
3684.72514004398 2.386919444635045e-15
3686.86236518258 2.4847437661728334e-15
3688.99959032119 2.5213105763696044e-15
3691.13681545979 2.5371762453109633e-15
3693.27404059839 2.5751189400057154e-15
3695.411265737 2.651244446280622e-15
3697.5484908756 2.8065887653220015e-15
3699.6857160142 2.9486765419890535e-15
3701.82294115281 2.882612782798557e-15
3703.96016629141 2.7991252209286225e-15
3706.09739143002 2.813217345125988e-15
3708.23461656862 2.8315219626834365e-15
3710.37184170722 2.78954612261807e-15
3712.50906684583 2.6818355242639536e-15
3714.64629198443 2.643175563163265e-15
3716.78351712303 2.607025665276789e-15
3718.92074226164 2.5731899963674043e-15
3721.05796740024 2.497112365369131e-15
3723.19519253884 2.264324378538657e-15
3725.33241767745 2.095272319699826e-15
3727.46964281605 2.0549619799854047e-15
3729.60686795465 1.9781608277760584e-15
3731.74409309326 1.7602836842104571e-15
3733.88131823186 1.6831803087131975e-15
3736.01854337047 1.635984988658219e-15
3738.15576850907 1.52206626501776e-15
3740.29299364767 1.4884986849803105e-15
3742.43021878628 1.4467130965143193e-15
3744.56744392488 1.3838498249283746e-15
3746.70466906348 1.3255305933429065e-15
3748.84189420209 1.2665417836985145e-15
3750.97911934069 1.224984518687695e-15
3753.11634447929 1.1669331434468292e-15
3755.2535696179 1.0721411917452548e-15
3757.3907947565 1.078158810501637e-15
3759.5280198951 1.0926686703493596e-15
3761.66524503371 1.00804123653139e-15
3763.80247017231 9.593928644480384e-16
3765.93969531092 8.970918325367298e-16
3768.07692044952 8.438369968836831e-16
3770.21414558812 8.312831734763216e-16
3772.35137072673 8.151942287517625e-16
3774.48859586533 8.956513211076258e-16
3776.62582100393 9.049699951250632e-16
3778.76304614254 8.242722736035662e-16
3780.90027128114 7.669621203250766e-16
3783.03749641974 7.315310126703842e-16
3785.17472155835 7.578453392595563e-16
3787.31194669695 7.299110091439343e-16
3789.44917183556 7.174878163457767e-16
3791.58639697416 7.238544326882597e-16
3793.72362211276 6.992592331325982e-16
3795.86084725137 6.809052647823293e-16
3797.99807238997 7.395493470961765e-16
3800.13529752857 7.4356502570521185e-16
3802.27252266718 7.069285971864986e-16
3804.40974780578 7.011945403508854e-16
3806.54697294438 7.621344859028341e-16
3808.68419808299 7.741663102343639e-16
3810.82142322159 7.699738178879053e-16
3812.9586483602 7.592100620559754e-16
3815.0958734988 7.368175515056177e-16
3817.2330986374 7.287107504312763e-16
3819.37032377601 7.562149308013542e-16
3821.50754891461 8.491286838846458e-16
3823.64477405321 9.148936746931756e-16
3825.78199919182 8.760918070739431e-16
3827.91922433042 8.970546177653464e-16
3830.05644946902 9.225569507824276e-16
3832.19367460763 9.205985212394605e-16
3834.33089974623 9.559591329664247e-16
3836.46812488483 1.0207773976188177e-15
3838.60535002344 1.0484493020671767e-15
3840.74257516204 1.0837101158620256e-15
3842.87980030065 1.1225483238323042e-15
3845.01702543925 1.0812045424428063e-15
3847.15425057785 1.1448166205164814e-15
3849.29147571646 1.1627145932304255e-15
3851.42870085506 1.2073699435360991e-15
3853.56592599366 1.2575282568031696e-15
3855.70315113227 1.2964867637323045e-15
3857.84037627087 1.4006234409343251e-15
3859.97760140947 1.4624442512074524e-15
3862.11482654808 1.5421333720758455e-15
3864.25205168668 1.6021357412956054e-15
3866.38927682529 1.6204035817205262e-15
3868.52650196389 1.7107710162527111e-15
3870.66372710249 1.820377356982499e-15
3872.8009522411 1.8842346373128315e-15
3874.9381773797 1.935125969287288e-15
3877.0754025183 2.016773433552453e-15
3879.21262765691 2.1609802800686678e-15
3881.34985279551 2.3257350411480122e-15
3883.48707793411 2.4212331965716057e-15
3885.62430307272 2.5410620675123314e-15
3887.76152821132 2.721648463459927e-15
3889.89875334992 2.878699098976021e-15
3892.03597848853 3.0782400672796346e-15
3894.17320362713 3.2404970271012673e-15
3896.31042876574 3.3128432639193606e-15
3898.44765390434 3.4491923179802336e-15
3900.58487904294 3.6795925678456325e-15
3902.72210418155 3.823652510773825e-15
3904.85932932015 3.926140727368629e-15
3906.99655445875 4.0489431786497306e-15
3909.13377959736 4.1330183891105985e-15
3911.27100473596 4.168925495443288e-15
3913.40822987456 4.261325455327988e-15
3915.54545501317 4.349524623168598e-15
3917.68268015177 4.4422760123665985e-15
3919.81990529038 4.423406874151731e-15
3921.95713042898 4.397435255217052e-15
3924.09435556758 4.494513579716476e-15
3926.23158070619 4.518584136572783e-15
3928.36880584479 4.437308845553577e-15
3930.50603098339 4.362374372812509e-15
3932.643256122 4.439150305009509e-15
3934.7804812606 4.55761485740405e-15
3936.9177063992 4.5968469141149725e-15
3939.05493153781 4.367075540790861e-15
3941.19215667641 4.243063034753889e-15
3943.32938181502 4.470776297138668e-15
3945.46660695362 4.8608050058877915e-15
3947.60383209222 5.1054532994033265e-15
3949.74105723083 5.245314512577754e-15
3951.87828236943 5.538427913072456e-15
3954.01550750803 5.67056841054553e-15
3956.15273264664 5.716785142889306e-15
3958.28995778524 5.805539610325475e-15
3960.42718292384 5.958655235875852e-15
3962.56440806245 6.020897536048457e-15
3964.70163320105 6.126286059940109e-15
3966.83885833965 6.2913210834814124e-15
3968.97608347826 6.3995763785132106e-15
3971.11330861686 6.4827423758387466e-15
3973.25053375547 6.514856076016489e-15
3975.38775889407 6.4608325781991805e-15
3977.52498403267 6.535057344920884e-15
3979.66220917128 6.724860470150786e-15
3981.79943430988 7.024407731088616e-15
3983.93665944848 7.17645051449052e-15
3986.07388458709 7.04554150909981e-15
3988.21110972569 7.062809647950753e-15
3990.34833486429 7.065434585652945e-15
3992.4855600029 7.002008020348386e-15
3994.6227851415 6.889522682594108e-15
3996.7600102801 6.983897392844685e-15
3998.89723541871 6.95946908437548e-15
4001.03446055731 7.061955087477473e-15
4003.17168569592 7.144572434547381e-15
4005.30891083452 7.116770786348759e-15
4007.44613597312 7.202518192753181e-15
4009.58336111173 7.196904909040952e-15
4011.72058625033 7.25679208546296e-15
4013.85781138893 7.285461056719487e-15
4015.99503652754 7.292181818276093e-15
4018.13226166614 7.305473420890222e-15
4020.26948680474 7.223481457881676e-15
4022.40671194335 7.263259853257562e-15
4024.54393708195 7.277107911728022e-15
4026.68116222056 7.235767909920099e-15
4028.81838735916 7.221942258445832e-15
4030.95561249776 7.16682243535205e-15
4033.09283763637 7.052991283999577e-15
4035.23006277497 6.983867707003788e-15
4037.36728791357 6.984748434005249e-15
4039.50451305218 6.882247238147189e-15
4041.64173819078 6.8175691448078905e-15
4043.77896332938 6.871504372645229e-15
4045.91618846799 7.053930456003131e-15
4048.05341360659 7.0180682272105125e-15
4050.19063874519 6.990019381197949e-15
4052.3278638838 7.028986715841444e-15
4054.4650890224 6.991375570887274e-15
4056.60231416101 6.974063059522808e-15
4058.73953929961 6.883571592435492e-15
4060.87676443821 6.8730387492550475e-15
4063.01398957682 7.007057407390506e-15
4065.15121471542 7.016795493611293e-15
4067.28843985402 6.9435715097330746e-15
4069.42566499263 6.890005565828215e-15
4071.56289013123 6.568358260736989e-15
4073.70011526983 6.364111781359574e-15
4075.83734040844 6.394884167919203e-15
4077.97456554704 6.513688294408822e-15
4080.11179068565 6.492778245983922e-15
4082.24901582425 6.404418989325716e-15
4084.38624096285 6.454540091142228e-15
4086.52346610146 6.292940630964847e-15
4088.66069124006 6.146859828613022e-15
4090.79791637866 6.080550333012787e-15
4092.93514151727 6.021917630815784e-15
4095.07236665587 5.888438458427925e-15
4097.20959179447 5.846063372018092e-15
4099.34681693308 5.803076267144309e-15
4101.48404207168 5.721846724328047e-15
4103.62126721028 5.600881205791643e-15
4105.75849234889 5.555961676334298e-15
4107.89571748749 5.541458518763407e-15
4110.0329426261 5.516572575741359e-15
4112.1701677647 5.578278072191604e-15
4114.3073929033 5.585845383062286e-15
4116.44461804191 5.50583122916627e-15
4118.58184318051 5.535402016924476e-15
4120.71906831911 5.628632896324682e-15
4122.85629345772 5.632045941000265e-15
4124.99351859632 5.6097078160282634e-15
4127.13074373492 5.587230556834572e-15
4129.26796887353 5.6204358141992985e-15
4131.40519401213 5.652995601785638e-15
4133.54241915074 5.6735090635423794e-15
4135.67964428934 5.622114822619485e-15
4137.81686942794 5.469234108958961e-15
4139.95409456655 5.327603003504146e-15
4142.09131970515 5.306224101387824e-15
4144.22854484375 5.283458888090154e-15
4146.36576998236 5.244867318607248e-15
4148.50299512096 5.092928837541249e-15
4150.64022025956 4.998623979788704e-15
4152.77744539817 5.0097204159949536e-15
4154.91467053677 5.0310092942856965e-15
4157.05189567537 5.104700389458293e-15
4159.18912081398 5.146205006506478e-15
4161.32634595258 5.057594825417291e-15
4163.46357109119 5.0014812463044856e-15
4165.60079622979 5.0877162943920025e-15
4167.73802136839 5.0886239432876815e-15
4169.875246507 5.064249105720894e-15
4172.0124716456 5.194177336958223e-15
4174.1496967842 5.2428400333196125e-15
4176.28692192281 5.257271736718465e-15
4178.42414706141 5.145790969293565e-15
4180.56137220001 5.09367901337794e-15
4182.69859733862 5.133592837305427e-15
4184.83582247722 5.263843648540212e-15
4186.97304761583 5.324725021898716e-15
4189.11027275443 5.324028896113901e-15
4191.24749789303 5.335449861174811e-15
4193.38472303164 5.3342188066405155e-15
4195.52194817024 5.332685405623506e-15
4197.65917330884 5.2962827796214434e-15
4199.79639844745 5.269591590510436e-15
4201.93362358605 5.2037300871578965e-15
4204.07084872465 5.176541052103023e-15
4206.20807386326 5.13966482116883e-15
4208.34529900186 5.0783265385212854e-15
4210.48252414047 4.96661433205455e-15
4212.61974927907 4.947752411092548e-15
4214.75697441767 4.882652990133537e-15
4216.89419955628 4.788471525243931e-15
4219.03142469488 4.80419835318887e-15
4221.16864983348 4.9098587358528335e-15
4223.30587497209 4.9264303799283586e-15
4225.44310011069 4.776252207758246e-15
4227.58032524929 4.6641308242584946e-15
4229.7175503879 4.639082951816825e-15
4231.8547755265 4.73292266913901e-15
4233.9920006651 4.700810969039868e-15
4236.12922580371 4.660776406802018e-15
4238.26645094231 4.718659917319737e-15
4240.40367608092 4.7365318834317226e-15
4242.54090121952 4.703997976284225e-15
4244.67812635812 4.6885154287494755e-15
4246.81535149673 4.764585729826327e-15
4248.95257663533 4.816601941645478e-15
4251.08980177393 4.844653022192768e-15
4253.22702691254 4.833432919090234e-15
4255.36425205114 4.927265293829987e-15
4257.50147718974 4.982858722199881e-15
4259.63870232835 4.942716861063746e-15
4261.77592746695 4.878958870443959e-15
4263.91315260556 4.901647276293153e-15
4266.05037774416 4.9393502075681486e-15
4268.18760288276 4.880762989385483e-15
4270.32482802137 4.912334262935737e-15
4272.46205315997 5.018737578029424e-15
4274.59927829857 4.982209369544958e-15
4276.73650343718 4.862864127835254e-15
4278.87372857578 4.918816306360775e-15
4281.01095371438 4.976049811532983e-15
4283.14817885299 4.950974827159653e-15
4285.28540399159 4.955117513182363e-15
4287.42262913019 4.986500887152843e-15
4289.5598542688 4.9609327754362356e-15
4291.6970794074 4.848279684091157e-15
4293.83430454601 4.799105184541977e-15
4295.97152968461 4.8102445889386095e-15
4298.10875482321 4.766575431808481e-15
4300.24597996182 4.740776245177013e-15
4302.38320510042 4.7082845553359846e-15
4304.52043023902 4.614573733078976e-15
4306.65765537763 4.5265136221378545e-15
4308.79488051623 4.547878663898924e-15
4310.93210565483 4.584335774936052e-15
4313.06933079344 4.587519156787499e-15
4315.20655593204 4.534754828447686e-15
4317.34378107064 4.466222617819733e-15
4319.48100620925 4.44783491745787e-15
4321.61823134785 4.436378172422622e-15
4323.75545648646 4.4747988915536705e-15
4325.89268162506 4.382333927219537e-15
4328.02990676366 4.298190239484226e-15
4330.16713190227 4.185365653753426e-15
4332.30435704087 4.074805250647358e-15
4334.44158217947 3.965502909320639e-15
4336.57880731808 3.8095194390911886e-15
4338.71603245668 3.7449159254589846e-15
4340.85325759528 3.696291563884413e-15
4342.99048273389 3.613399718794407e-15
4345.12770787249 3.5227296090910563e-15
4347.2649330111 3.4260101331407497e-15
4349.4021581497 3.4003702632571085e-15
4351.5393832883 3.3215887482981125e-15
4353.67660842691 3.163853658485574e-15
4355.81383356551 3.1166564947692987e-15
4357.95105870411 3.1595507128059397e-15
4360.08828384272 3.1385588177957294e-15
4362.22550898132 3.1280783263201805e-15
4364.36273411992 3.1883368545521126e-15
4366.49995925853 3.219695707403969e-15
4368.63718439713 3.1994318081294543e-15
4370.77440953573 3.25678198113218e-15
4372.91163467434 3.4110178104970324e-15
4375.04885981294 3.514619904298463e-15
4377.18608495155 3.5168236464018535e-15
4379.32331009015 3.550848629075646e-15
4381.46053522875 3.610581772720626e-15
4383.59776036736 3.740981945558228e-15
4385.73498550596 3.8309530896760195e-15
4387.87221064456 3.965517737821088e-15
4390.00943578317 4.156257374322851e-15
4392.14666092177 4.260113716916411e-15
4394.28388606037 4.33418850139173e-15
4396.42111119898 4.388423019421348e-15
4398.55833633758 4.450586068499053e-15
4400.69556147619 4.547402836588112e-15
4402.83278661479 4.703680286424147e-15
4404.97001175339 4.752832562394103e-15
4407.107236892 4.8065796591957486e-15
4409.2444620306 4.864262811213142e-15
4411.3816871692 4.926611718232482e-15
4413.51891230781 4.968475038045607e-15
4415.65613744641 4.944415626977481e-15
4417.79336258501 4.8942521845809096e-15
4419.93058772362 4.919897885695631e-15
4422.06781286222 4.892157378882558e-15
4424.20503800082 4.866092187130208e-15
4426.34226313943 4.8483437719623565e-15
4428.47948827803 4.7952174476924725e-15
4430.61671341664 4.739117851873054e-15
4432.75393855524 4.721883346799988e-15
4434.89116369384 4.735610443798104e-15
4437.02838883245 4.711733353142301e-15
4439.16561397105 4.69360288142633e-15
4441.30283910965 4.767044712467247e-15
4443.44006424826 4.76754379603513e-15
4445.57728938686 4.739754599296546e-15
4447.71451452546 4.72580478674177e-15
4449.85173966407 4.751050991593795e-15
4451.98896480267 4.7830982959819964e-15
4454.12618994127 4.843694718076135e-15
4456.26341507988 4.766120728229312e-15
4458.40064021848 4.790908334859505e-15
4460.53786535709 4.816168381318476e-15
4462.67509049569 4.825086286061937e-15
4464.81231563429 4.8213011418185084e-15
4466.9495407729 4.873841897188135e-15
4469.0867659115 4.91631042563661e-15
4471.2239910501 4.890580535474014e-15
4473.36121618871 4.8973406485412225e-15
4475.49844132731 4.889197890208056e-15
4477.63566646592 4.897500042958432e-15
4479.77289160452 4.989209852359869e-15
4481.91011674312 5.009391046352615e-15
4484.04734188173 5.035116892281511e-15
4486.18456702033 5.008645479171296e-15
4488.32179215893 5.0240900959267845e-15
4490.45901729754 5.0455862701082434e-15
4492.59624243614 5.041263040843468e-15
4494.73346757474 5.140427821581207e-15
4496.87069271335 5.2368167500555496e-15
4499.00791785195 5.2380159223200965e-15
4501.14514299055 5.2791267300188814e-15
4503.28236812916 5.297642848729722e-15
4505.41959326776 5.362343957061318e-15
4507.55681840636 5.406786116740751e-15
4509.69404354497 5.441388739648224e-15
4511.83126868357 5.5371919439130814e-15
4513.96849382218 5.7125053839823e-15
4516.10571896078 5.852552641352192e-15
4518.24294409938 5.87745193914299e-15
4520.38016923799 6.002065979799199e-15
4522.51739437659 6.220315680154044e-15
4524.65461951519 6.365030405196707e-15
4526.7918446538 6.37962177914113e-15
4528.9290697924 6.448636227508521e-15
4531.066294931 6.6183394880765965e-15
4533.20352006961 6.7062637088975996e-15
4535.34074520821 6.673497891075832e-15
4537.47797034682 6.763388141700544e-15
4539.61519548542 6.835783794755019e-15
4541.75242062402 6.832551175497729e-15
4543.88964576263 6.855147494554491e-15
4546.02687090123 6.9104914198257285e-15
4548.16409603983 6.920844732248883e-15
4550.30132117844 6.94944196652596e-15
4552.43854631704 6.950710883719784e-15
4554.57577145564 6.991647428335867e-15
4556.71299659425 7.038349535792959e-15
4558.85022173285 7.198379796622557e-15
4560.98744687146 7.219995378276983e-15
4563.12467201006 7.194055676566824e-15
4565.26189714866 7.379388423992279e-15
4567.39912228727 7.472953564362215e-15
4569.53634742587 7.433284873449526e-15
4571.67357256447 7.497426989175982e-15
4573.81079770308 7.615830049077621e-15
4575.94802284168 7.69798882844436e-15
4578.08524798028 7.56848588762987e-15
4580.22247311889 7.5265612002097e-15
4582.35969825749 7.57927726144936e-15
4584.49692339609 7.580024486799217e-15
4586.6341485347 7.53745774620751e-15
4588.7713736733 7.584427482339836e-15
4590.90859881191 7.575161202955505e-15
4593.04582395051 7.388579617407815e-15
4595.18304908911 7.426401924880803e-15
4597.32027422772 7.550621655028471e-15
4599.45749936632 7.511598109136398e-15
4601.59472450492 7.579449846392596e-15
4603.73194964353 7.612107727525284e-15
4605.86917478213 7.662672019401877e-15
4608.00639992073 7.730029199369378e-15
4610.14362505934 7.787099580473371e-15
4612.28085019794 7.804693082859614e-15
4614.41807533655 7.740317848747601e-15
4616.55530047515 7.876029681682994e-15
4618.69252561375 7.951213333853645e-15
4620.82975075236 7.902852070632505e-15
4622.96697589096 7.873914216121473e-15
4625.10420102956 7.948046316271033e-15
4627.24142616817 8.029974597542648e-15
4629.37865130677 8.091087114495936e-15
4631.51587644537 8.084628869236305e-15
4633.65310158398 8.129785795201171e-15
4635.79032672258 8.34142723663359e-15
4637.92755186118 8.508563789493824e-15
4640.06477699979 8.642942469022535e-15
4642.20200213839 8.832819860395572e-15
4644.339227277 8.93207299670021e-15
4646.4764524156 9.044369279543847e-15
4648.6136775542 9.15932623216736e-15
4650.75090269281 9.164088421345615e-15
4652.88812783141 9.165798956224669e-15
4655.02535297001 9.038879512376358e-15
4657.16257810862 8.991052573741972e-15
4659.29980324722 9.006800527819615e-15
4661.43702838582 8.919247368358909e-15
4663.57425352443 8.89299556429952e-15
4665.71147866303 8.935301747590664e-15
4667.84870380164 8.90236443718198e-15
4669.98592894024 8.867058145990877e-15
4672.12315407884 8.775052538944268e-15
4674.26037921745 8.808371709794247e-15
4676.39760435605 8.835416540692817e-15
4678.53482949465 8.743044018727465e-15
4680.67205463326 8.701751927251833e-15
4682.80927977186 8.5846552622424e-15
4684.94650491046 8.476349460439528e-15
4687.08373004907 8.421349814512206e-15
4689.22095518767 8.556477850384259e-15
4691.35818032628 8.649110019476754e-15
4693.49540546488 8.729130368421183e-15
4695.63263060348 8.827909014004373e-15
4697.76985574209 8.912860990481832e-15
4699.90708088069 9.00423034861112e-15
4702.04430601929 9.119015121581973e-15
4704.1815311579 9.285278696729591e-15
4706.3187562965 9.375507041685933e-15
4708.4559814351 9.315230387886932e-15
4710.59320657371 9.344282761173707e-15
4712.73043171231 9.367409754004509e-15
4714.86765685091 9.383233322992655e-15
4717.00488198952 9.343252654954607e-15
4719.14210712812 9.238148501025824e-15
4721.27933226673 9.17519636788385e-15
4723.41655740533 9.317519432647963e-15
4725.55378254393 9.340651155546297e-15
4727.69100768254 9.191871190288858e-15
4729.82823282114 9.043754220885636e-15
4731.96545795974 8.917537133484911e-15
4734.10268309835 8.779463196980735e-15
4736.23990823695 8.697489274082148e-15
4738.37713337555 8.697585787861424e-15
4740.51435851416 8.720845631698868e-15
4742.65158365276 8.739266913945988e-15
4744.78880879137 8.708973427674968e-15
4746.92603392997 8.554605540037576e-15
4749.06325906857 8.40996114074751e-15
4751.20048420718 8.311470333585753e-15
4753.33770934578 8.197635905826355e-15
4755.47493448438 8.106735866303405e-15
4757.61215962299 7.980531839584786e-15
4759.74938476159 7.819131745091441e-15
4761.88660990019 7.691430025508292e-15
4764.0238350388 7.66437559891634e-15
4766.1610601774 7.653042013305725e-15
4768.298285316 7.587149253659271e-15
4770.43551045461 7.446476736409554e-15
4772.57273559321 7.285641135093065e-15
4774.70996073182 7.193412824745019e-15
4776.84718587042 7.149071222989035e-15
4778.98441100902 7.08604404238258e-15
4781.12163614763 7.0974171245576334e-15
4783.25886128623 7.032681025261533e-15
4785.39608642483 6.902082409318808e-15
4787.53331156344 6.803866899055644e-15
4789.67053670204 6.699326657378956e-15
4791.80776184064 6.532662376793515e-15
4793.94498697925 6.418249486495927e-15
4796.08221211785 6.289700481442456e-15
4798.21943725646 6.200074921087805e-15
4800.35666239506 6.0864568800835684e-15
4802.49388753366 6.0138141092946935e-15
4804.63111267227 5.920562036847534e-15
4806.76833781087 5.773475269888125e-15
4808.90556294947 5.733345873190984e-15
4811.04278808808 5.6879189250122216e-15
4813.18001322668 5.5634815745228606e-15
4815.31723836528 5.382080882774064e-15
4817.45446350389 5.259195420013091e-15
4819.59168864249 5.137321052517165e-15
4821.72891378109 5.011311631829195e-15
4823.8661389197 4.860150388433043e-15
4826.0033640583 4.753549777066809e-15
4828.14058919691 4.7541165744419526e-15
4830.27781433551 4.758606595173202e-15
4832.41503947411 4.7260949128192344e-15
4834.55226461272 4.6482522413837655e-15
4836.68948975132 4.60069674187179e-15
4838.82671488992 4.595788392568831e-15
4840.96394002853 4.606821054164585e-15
4843.10116516713 4.666685778402768e-15
4845.23839030573 4.619036082565299e-15
4847.37561544434 4.6105066883080936e-15
4849.51284058294 4.65732476331762e-15
4851.65006572154 4.569059839459857e-15
4853.78729086015 4.524785813290638e-15
4855.92451599875 4.471878866456186e-15
4858.06174113736 4.443633411101583e-15
4860.19896627596 4.493595079315677e-15
4862.33619141456 4.4473747696683e-15
4864.47341655317 4.407586334671766e-15
4866.61064169177 4.377565158460166e-15
4868.74786683037 4.432682588370881e-15
4870.88509196898 4.4337247900833555e-15
4873.02231710758 4.38939285601895e-15
4875.15954224618 4.375977377848712e-15
4877.29676738479 4.387657744035869e-15
4879.43399252339 4.424452782234094e-15
4881.571217662 4.384037288281189e-15
4883.7084428006 4.42064979831613e-15
4885.8456679392 4.55038066287509e-15
4887.98289307781 4.586007461191794e-15
4890.12011821641 4.583399220340916e-15
4892.25734335501 4.702050495120935e-15
4894.39456849362 4.755852905801179e-15
4896.53179363222 4.7830490542466975e-15
4898.66901877082 4.857478382651082e-15
4900.80624390943 5.041140073188919e-15
4902.94346904803 5.178711014661994e-15
4905.08069418663 5.1635372667684526e-15
4907.21791932524 5.208126656178784e-15
4909.35514446384 5.316913686513664e-15
4911.49236960245 5.405840026231466e-15
4913.62959474105 5.389593729899305e-15
4915.76681987965 5.5090192545767326e-15
4917.90404501826 5.6614032787179064e-15
4920.04127015686 5.659527892632103e-15
4922.17849529546 5.710806324934432e-15
4924.31572043407 5.873977139225572e-15
4926.45294557267 6.050688913157677e-15
4928.59017071127 6.2147403309737545e-15
4930.72739584988 6.34028411990185e-15
4932.86462098848 6.45137034557715e-15
4935.00184612709 6.614963776596305e-15
4937.13907126569 6.750237801515477e-15
4939.27629640429 6.965673919512765e-15
4941.4135215429 7.14325816864422e-15
4943.5507466815 7.199701574200121e-15
4945.6879718201 7.377728541897267e-15
4947.82519695871 7.581479293561259e-15
4949.96242209731 7.79662457290848e-15
4952.09964723591 8.05839871744089e-15
4954.23687237452 8.23391954995358e-15
4956.37409751312 8.316581777366272e-15
4958.51132265173 8.369771502430077e-15
4960.64854779033 8.583057346535377e-15
4962.78577292893 8.829660477755277e-15
4964.92299806754 9.070677243052479e-15
4967.06022320614 9.250434614431632e-15
4969.19744834474 9.438999721409673e-15
4971.33467348335 9.514518772681538e-15
4973.47189862195 9.49486280526761e-15
4975.60912376055 9.652453798902815e-15
4977.74634889916 9.916300027014452e-15
4979.88357403776 1.0124261187930823e-14
4982.02079917636 1.0106781463485135e-14
4984.15802431497 1.0206383815730978e-14
4986.29524945357 1.0500165559751991e-14
4988.43247459217 1.0755474717645374e-14
4990.56969973078 1.0871607471429196e-14
4992.70692486938 1.0827292110079944e-14
4994.84415000799 1.0835935390766685e-14
4996.98137514659 1.0958530819378891e-14
4999.11860028519 1.1108482887417452e-14
5001.2558254238 1.127023944410548e-14
5003.3930505624 1.1393620542285883e-14
5005.530275701 1.1371444284487606e-14
5007.66750083961 1.1285600469929684e-14
5009.80472597821 1.1259115539133005e-14
5011.94195111681 1.1260839086011423e-14
5014.07917625542 1.119422689709857e-14
5016.21640139402 1.1115011976465955e-14
5018.35362653263 1.0982725273342914e-14
5020.49085167123 1.0743933223198183e-14
5022.62807680983 1.0646810751746042e-14
5024.76530194844 1.0531579334360533e-14
5026.90252708704 1.0369234771151301e-14
5029.03975222564 1.0255335912912048e-14
5031.17697736425 1.0116549474578746e-14
5033.31420250285 9.891588431452456e-15
5035.45142764145 9.62756270413109e-15
5037.58865278006 9.443638566651065e-15
5039.72587791866 9.258679139997999e-15
5041.86310305727 9.08448265389781e-15
5044.00032819587 8.809614733447067e-15
5046.13755333447 8.501306311737457e-15
5048.27477847308 8.290893951874457e-15
5050.41200361168 7.982329426932905e-15
5052.54922875028 7.709418246828672e-15
5054.68645388889 7.56329867949236e-15
5056.82367902749 7.338368175149965e-15
5058.96090416609 7.0897257874114674e-15
5061.0981293047 6.951560479526549e-15
5063.2353544433 6.8149762171708585e-15
5065.3725795819 6.62469003099585e-15
5067.50980472051 6.514322575129959e-15
5069.64702985911 6.419042460348826e-15
5071.78425499772 6.291672274393983e-15
5073.92148013632 6.224583057179652e-15
5076.05870527492 6.178023009166448e-15
5078.19593041353 6.182952183585419e-15
5080.33315555213 6.24293020314448e-15
5082.47038069073 6.307710946454039e-15
5084.60760582934 6.321226336690036e-15
5086.74483096794 6.418812945764364e-15
5088.88205610654 6.472975382070188e-15
5091.01928124515 6.465031445131418e-15
5093.15650638375 6.56428846539643e-15
5095.29373152236 6.716353960041527e-15
5097.43095666096 6.918773373058881e-15
5099.56818179956 7.131497641092301e-15
5101.70540693817 7.272584195741123e-15
5103.84263207677 7.289918468427733e-15
5105.97985721537 7.289497688508562e-15
5108.11708235398 7.307984190944837e-15
5110.25430749258 7.275174097262245e-15
5112.39153263118 7.392106479274385e-15
5114.52875776979 7.55440599667152e-15
5116.66598290839 7.554550012274259e-15
5118.80320804699 7.567981834649136e-15
5120.9404331856 7.622136738612025e-15
5123.0776583242 7.632223059615958e-15
5125.21488346281 7.658571918730637e-15
5127.35210860141 7.771707101409584e-15
5129.48933374001 7.830260799861776e-15
5131.62655887862 7.875363207429759e-15
5133.76378401722 8.002487597311441e-15
5135.90100915582 8.127718115376734e-15
5138.03823429443 8.12582773783006e-15
5140.17545943303 8.06378244724785e-15
5142.31268457163 8.132639180119491e-15
5144.44990971024 8.120071653894725e-15
5146.58713484884 8.140678066139307e-15
5148.72435998745 8.206757253668776e-15
5150.86158512605 8.181423036444002e-15
5152.99881026465 8.201870493953411e-15
5155.13603540326 8.233140876010155e-15
5157.27326054186 8.239411271321454e-15
5159.41048568046 8.33807239012106e-15
5161.54771081907 8.39994252665099e-15
5163.68493595767 8.297649815919374e-15
5165.82216109627 8.18579718266216e-15
5167.95938623488 8.208211454435718e-15
5170.09661137348 8.301431672587149e-15
5172.23383651208 8.25980282613534e-15
5174.37106165069 8.161669873739282e-15
5176.50828678929 8.032956919274545e-15
5178.6455119279 7.950008280463425e-15
5180.7827370665 7.970698137594282e-15
5182.9199622051 7.96656970678701e-15
5185.05718734371 7.865302751300193e-15
5187.19441248231 7.640606838740281e-15
5189.33163762091 7.514532421688349e-15
5191.46886275952 7.583859996311151e-15
5193.60608789812 7.597052266210708e-15
5195.74331303672 7.435747699153587e-15
5197.88053817533 7.527182513301342e-15
5200.01776331393 7.594145983264154e-15
5202.15498845254 7.527976364934691e-15
5204.29221359114 7.58833568119278e-15
5206.42943872974 7.612152350810376e-15
5208.56666386835 7.546238114494435e-15
5210.70388900695 7.56049560391799e-15
5212.84111414555 7.585000386920137e-15
5214.97833928416 7.510634505607645e-15
5217.11556442276 7.43405988662076e-15
5219.25278956136 7.460443492551972e-15
5221.39001469997 7.46379909973913e-15
5223.52723983857 7.459717309553728e-15
5225.66446497718 7.365405901029911e-15
5227.80169011578 7.18531934061277e-15
5229.93891525438 7.09920999139856e-15
5232.07614039299 7.233095271303858e-15
5234.21336553159 7.364107739887261e-15
5236.35059067019 7.426899118718549e-15
5238.4878158088 7.503821229306779e-15
5240.6250409474 7.611526309202548e-15
5242.762266086 7.660678312309673e-15
5244.89949122461 7.624531694764728e-15
5247.03671636321 7.646571299394372e-15
5249.17394150181 7.841186681753645e-15
5251.31116664042 8.056945169830483e-15
5253.44839177902 8.123049631161323e-15
5255.58561691763 8.242800765466966e-15
5257.72284205623 8.411793930075738e-15
5259.86006719483 8.455366153206364e-15
5261.99729233344 8.441627183530278e-15
5264.13451747204 8.563991399543394e-15
5266.27174261064 8.673528126629385e-15
5268.40896774925 8.739784981162289e-15
5270.54619288785 8.864434690910171e-15
5272.68341802645 9.000404506471931e-15
5274.82064316506 9.204873069442718e-15
5276.95786830366 9.264347415750202e-15
5279.09509344227 9.27359910214218e-15
5281.23231858087 9.463247808351616e-15
5283.36954371947 9.569041210007904e-15
5285.50676885808 9.636531953498237e-15
5287.64399399668 9.718804129038749e-15
5289.78121913528 9.979123482290062e-15
5291.91844427389 1.0238044637455486e-14
5294.05566941249 1.0442025070394515e-14
5296.19289455109 1.048577190730527e-14
5298.3301196897 1.0477232063148798e-14
5300.4673448283 1.0584191684512184e-14
5302.6045699669 1.0691251283080767e-14
5304.74179510551 1.0780155690078464e-14
5306.87902024411 1.096072255584637e-14
5309.01624538272 1.1129783442949242e-14
5311.15347052132 1.1148942971600193e-14
5313.29069565992 1.1037339070392462e-14
5315.42792079853 1.1004098062227244e-14
5317.56514593713 1.112947426853493e-14
5319.70237107573 1.1110984675185316e-14
5321.83959621434 1.0998638740587385e-14
5323.97682135294 1.1118984366436839e-14
5326.11404649154 1.13016508844149e-14
5328.25127163015 1.1169335958159107e-14
5330.38849676875 1.1087176586172712e-14
5332.52572190736 1.1153086229412344e-14
5334.66294704596 1.1197150559279078e-14
5336.80017218456 1.1139599440321724e-14
5338.93739732317 1.1119322744886434e-14
5341.07462246177 1.1252376485401224e-14
5343.21184760037 1.1307213363618208e-14
5345.34907273898 1.1228962130224204e-14
5347.48629787758 1.1120663616124815e-14
5349.62352301618 1.1148170046223123e-14
5351.76074815479 1.1172558543237496e-14
5353.89797329339 1.1318461816871282e-14
5356.035198432 1.1201579411531452e-14
5358.1724235706 1.1193133863653407e-14
5360.3096487092 1.1205090501983238e-14
5362.44687384781 1.1161199370038444e-14
5364.58409898641 1.110955810071354e-14
5366.72132412501 1.0862182688249201e-14
5368.85854926362 1.0846874494071346e-14
5370.99577440222 1.0942404679477692e-14
5373.13299954082 1.0983123206792555e-14
5375.27022467943 1.0989234235910704e-14
5377.40744981803 1.0988300262055868e-14
5379.54467495663 1.0931456429284361e-14
5381.68190009524 1.0946461860790777e-14
5383.81912523384 1.091711060662594e-14
5385.95635037244 1.09037572435931e-14
5388.09357551105 1.0843736548135034e-14
5390.23080064965 1.0792545688325243e-14
5392.36802578826 1.0843219122426174e-14
5394.50525092686 1.0711388716805926e-14
5396.64247606546 1.0482505999547729e-14
5398.77970120407 1.0562959833033784e-14
5400.91692634267 1.0596313616132273e-14
5403.05415148127 1.0558562748574009e-14
5405.19137661988 1.0548030034497232e-14
5407.32860175848 1.084277558858394e-14
5409.46582689708 1.0807584071992864e-14
5411.60305203569 1.0651271357226618e-14
5413.74027717429 1.0570591906531152e-14
5415.87750231289 1.0523642577997241e-14
5418.0147274515 1.0669208116162005e-14
5420.1519525901 1.073104590553175e-14
5422.28917772871 1.064879652081874e-14
5424.42640286731 1.0584916796395236e-14
5426.56362800591 1.0592929599642829e-14
5428.70085314452 1.0593752305857307e-14
5430.83807828312 1.0602171987596994e-14
5432.97530342172 1.0628339396011463e-14
5435.11252856033 1.0639267772244281e-14
5437.24975369893 1.0713673672728617e-14
5439.38697883754 1.0766965469083459e-14
5441.52420397614 1.0720958476685989e-14
5443.66142911474 1.0813810458989632e-14
5445.79865425335 1.089281700739433e-14
5447.93587939195 1.069273002665778e-14
5450.07310453055 1.0584227934973814e-14
5452.21032966916 1.0602091368157137e-14
5454.34755480776 1.0809498019472808e-14
5456.48477994636 1.10818646140469e-14
5458.62200508497 1.106016649469303e-14
5460.75923022357 1.1182358831608647e-14
5462.89645536217 1.1232819740224316e-14
5465.03368050078 1.1223170692392396e-14
5467.17090563938 1.144762316818483e-14
5469.30813077798 1.1775751457333355e-14
5471.44535591659 1.1978123056746239e-14
5473.58258105519 1.200290028380231e-14
5475.7198061938 1.1872969966972328e-14
5477.8570313324 1.1748804255417813e-14
5479.994256471 0.0
5482.13148160961 0.0
5484.26870674821 0.0
5486.40593188681 0.0
5488.54315702542 0.0
5490.68038216402 0.0
5492.81760730262 0.0
5494.95483244123 0.0
5497.09205757983 0.0
5499.22928271844 0.0
5501.36650785704 0.0
5503.50373299564 0.0
5505.64095813425 0.0
5507.77818327285 0.0
5509.91540841145 0.0
5512.05263355006 0.0
5514.18985868866 0.0
5516.32708382726 0.0
5518.46430896587 0.0
5520.60153410447 0.0
5522.73875924308 0.0
5524.87598438168 0.0
5527.01320952028 0.0
5529.15043465889 0.0
5531.28765979749 0.0
5533.42488493609 0.0
5535.5621100747 0.0
5537.6993352133 0.0
5539.8365603519 0.0
5541.97378549051 0.0
5544.11101062911 0.0
5546.24823576771 0.0
5548.38546090632 0.0
5550.52268604492 0.0
5552.65991118353 0.0
5554.79713632213 0.0
5556.93436146073 0.0
5559.07158659934 0.0
5561.20881173794 0.0
5563.34603687654 0.0
5565.48326201515 0.0
5567.62048715375 0.0
5569.75771229235 0.0
5571.89493743096 0.0
5574.03216256956 0.0
5576.16938770817 0.0
5578.30661284677 0.0
5580.44383798537 0.0
5582.58106312398 0.0
5584.71828826258 0.0
5586.85551340118 0.0
5588.99273853979 0.0
5591.12996367839 0.0
5593.26718881699 0.0
5595.4044139556 0.0
5597.5416390942 0.0
5599.6788642328 0.0
5601.81608937141 0.0
5603.95331451001 0.0
5606.09053964862 0.0
5608.22776478722 0.0
5610.36498992582 0.0
5612.50221506443 0.0
5614.63944020303 0.0
5616.77666534163 0.0
5618.91389048024 0.0
5621.05111561884 0.0
5623.18834075744 0.0
5625.32556589605 0.0
5627.46279103465 0.0
5629.60001617326 0.0
5631.73724131186 0.0
5633.87446645046 0.0
5636.01169158907 0.0
5638.14891672767 0.0
5640.28614186627 0.0
5642.42336700488 0.0
5644.56059214348 0.0
5646.69781728208 0.0
5648.83504242069 0.0
5650.97226755929 7.837898029033478e-15
5653.10949269789 7.870935457639656e-15
5655.2467178365 7.854849107047023e-15
5657.3839429751 7.659190918623205e-15
5659.52116811371 7.461903261345087e-15
5661.65839325231 7.425361164442363e-15
5663.79561839091 7.376535703935982e-15
5665.93284352952 7.254861162984884e-15
5668.07006866812 7.101372863841651e-15
5670.20729380672 6.949431982038672e-15
5672.34451894533 6.780706101423193e-15
5674.48174408393 6.574879210585334e-15
5676.61896922253 6.409960676515247e-15
5678.75619436114 6.2199003797880125e-15
5680.89341949974 5.989128328645073e-15
5683.03064463835 5.8128809839711216e-15
5685.16786977695 5.707781082747009e-15
5687.30509491555 5.5755189042842094e-15
5689.44232005416 5.366183313322947e-15
5691.57954519276 5.14172812581704e-15
5693.71677033136 4.982937345988318e-15
5695.85399546997 4.9903555391526736e-15
5697.99122060857 5.0158100023968605e-15
5700.12844574717 4.934947597728468e-15
5702.26567088578 4.819472221809653e-15
5704.40289602438 4.742558667305975e-15
5706.54012116299 4.67127296754563e-15
5708.67734630159 4.6468581506578085e-15
5710.81457144019 4.636073556544012e-15
5712.9517965788 4.616601243591527e-15
5715.0890217174 4.629219423309386e-15
5717.226246856 4.654111425454527e-15
5719.36347199461 4.688320571896218e-15
5721.50069713321 4.759478851083305e-15
5723.63792227181 4.737273947150739e-15
5725.77514741042 4.7373904073013236e-15
5727.91237254902 4.833398651788645e-15
5730.04959768762 4.9608382324262986e-15
5732.18682282623 5.075374071661065e-15
5734.32404796483 5.1501917646481545e-15
5736.46127310344 5.234877820107357e-15
5738.59849824204 5.459002961378379e-15
5740.73572338064 5.6138594923245255e-15
5742.87294851925 5.7385707076878585e-15
5745.01017365785 5.894900325913137e-15
5747.14739879645 6.105781831058896e-15
5749.28462393506 6.287440362090832e-15
5751.42184907366 6.433412508855158e-15
5753.55907421226 6.658963334349552e-15
5755.69629935087 6.817354553172687e-15
5757.83352448947 7.02314223074728e-15
5759.97074962808 7.350813562665798e-15
5762.10797476668 7.65876415449176e-15
5764.24519990528 7.901040911631795e-15
5766.38242504389 8.120444804521007e-15
5768.51965018249 8.338109090747392e-15
5770.65687532109 8.642515375527424e-15
5772.7941004597 8.886536202293204e-15
5774.9313255983 9.128948087502595e-15
5777.0685507369 9.324059404440947e-15
5779.20577587551 9.54249637274661e-15
5781.34300101411 9.811943272057037e-15
5783.48022615271 1.0051734385801292e-14
5785.61745129132 1.0295097619730957e-14
5787.75467642992 1.0462424137849047e-14
5789.89190156853 1.0648092967253374e-14
5792.02912670713 1.0810881029327943e-14
5794.16635184573 1.0983939411023609e-14
5796.30357698434 1.1157280344429267e-14
5798.44080212294 1.1337785897079974e-14
5800.57802726154 1.1555407057941477e-14
5802.71525240015 1.161261279866522e-14
5804.85247753875 1.1756383581046705e-14
5806.98970267735 1.2039537030651326e-14
5809.12692781596 1.218068444791309e-14
5811.26415295456 1.2226224366052679e-14
5813.40137809317 1.2363541140319751e-14
5815.53860323177 1.2490571188777285e-14
5817.67582837037 1.2523780867298932e-14
5819.81305350898 1.2563092856302545e-14
5821.95027864758 1.2741892182914339e-14
5824.08750378618 1.2890846306619843e-14
5826.22472892479 1.3037905652387163e-14
5828.36195406339 1.3202474755518938e-14
5830.49917920199 1.3241933503619483e-14
5832.6364043406 1.3280289346867892e-14
5834.7736294792 1.3567365837632335e-14
5836.9108546178 1.3736647379483977e-14
5839.04807975641 1.3895151626953034e-14
5841.18530489501 1.4127078639104262e-14
5843.32253003362 1.4352999152831504e-14
5845.45975517222 1.4536457735571538e-14
5847.59698031082 1.4660054890756337e-14
5849.73420544943 1.4654143521160605e-14
5851.87143058803 1.4597898435630164e-14
5854.00865572663 1.4804712194278614e-14
5856.14588086524 1.500667586907992e-14
5858.28310600384 1.5069343204124825e-14
5860.42033114244 1.5133812823981226e-14
5862.55755628105 1.5224688460442922e-14
5864.69478141965 1.5298215811944863e-14
5866.83200655825 1.5345397995324435e-14
5868.96923169686 1.5394681795092573e-14
5871.10645683546 1.5385832147413327e-14
5873.24368197407 1.5401777861671026e-14
5875.38090711267 1.547411429140724e-14
5877.51813225127 1.548657432449809e-14
5879.65535738988 1.541981733513711e-14
5881.79258252848 1.5386726490153514e-14
5883.92980766708 1.5335735352949352e-14
5886.06703280569 1.5055763722586217e-14
5888.20425794429 1.4790957693377687e-14
5890.3414830829 1.4659543624123872e-14
5892.4787082215 1.4562585832261898e-14
5894.6159333601 1.4357392257867047e-14
5896.75315849871 1.3786729538206088e-14
5898.89038363731 1.3136373424998771e-14
5901.02760877591 1.3083994203018829e-14
5903.16483391452 1.2854681238394856e-14
5905.30205905312 1.2652569290879251e-14
5907.43928419172 1.2956182482804885e-14
5909.57650933033 1.3295571596398977e-14
5911.71373446893 1.3389072265911779e-14
5913.85095960753 1.356924176740862e-14
5915.98818474614 1.3956905560384502e-14
5918.12540988474 1.4098882062743602e-14
5920.26263502334 1.415103938090433e-14
5922.39986016195 1.416940319375955e-14
5924.53708530055 1.4018062634297716e-14
5926.67431043916 1.3884719883691797e-14
5928.81153557776 1.3847980436120267e-14
5930.94876071636 1.3880937946903096e-14
5933.08598585497 1.3719585027949958e-14
5935.22321099357 1.3573412232420306e-14
5937.36043613217 1.3664303361989405e-14
5939.49766127078 1.3703465780747252e-14
5941.63488640938 1.3483569260090538e-14
5943.77211154798 1.3336770021419881e-14
5945.90933668659 1.325455328998941e-14
5948.04656182519 1.3245713384552184e-14
5950.18378696379 1.3231053852080378e-14
5952.3210121024 1.3176570453998633e-14
5954.458237241 1.3139912940616706e-14
5956.59546237961 1.3156093014091604e-14
5958.73268751821 1.3151180638855675e-14
5960.86991265681 1.304735357265373e-14
5963.00713779542 1.2956835718557902e-14
5965.14436293402 1.2950530933411006e-14
5967.28158807262 1.2888062211848706e-14
5969.41881321123 1.2905653706072353e-14
5971.55603834983 1.296320729600167e-14
5973.69326348844 1.276384829850715e-14
5975.83048862704 1.25550721309863e-14
5977.96771376564 1.2573586899847286e-14
5980.10493890425 1.2573611537481612e-14
5982.24216404285 1.2381239513161222e-14
5984.37938918145 1.2285993674161397e-14
5986.51661432006 1.2312522972722795e-14
5988.65383945866 1.2194966208436075e-14
5990.79106459726 1.1999995366153226e-14
5992.92828973587 1.1833314074659689e-14
5995.06551487447 1.1809162655335429e-14
5997.20274001307 1.1687372993304235e-14
5999.33996515168 1.1523870102757113e-14
6001.47719029028 1.1485097858670455e-14
6003.61441542888 1.1552936610224543e-14
6005.75164056749 1.1525595751297828e-14
6007.88886570609 1.1279401259590058e-14
6010.0260908447 1.1280084945264414e-14
6012.1633159833 1.1268113614994633e-14
6014.3005411219 1.1027747400180641e-14
6016.43776626051 1.0933832900681912e-14
6018.57499139911 1.1024848861203222e-14
6020.71221653771 1.0944110473799634e-14
6022.84944167632 1.0854231037803175e-14
6024.98666681492 1.0867299162529434e-14
6027.12389195352 1.0705142290217044e-14
6029.26111709213 1.0621864172876578e-14
6031.39834223073 1.0509866448954737e-14
6033.53556736934 1.038292063453011e-14
6035.67279250794 1.0452633097645214e-14
6037.81001764654 1.054888799119544e-14
6039.94724278515 1.051690421768911e-14
6042.08446792375 1.0378633816706217e-14
6044.22169306235 1.021201153516296e-14
6046.35891820096 1.0185142343435171e-14
6048.49614333956 1.014279909355526e-14
6050.63336847816 1.0047876434528599e-14
6052.77059361677 1.0047005263501875e-14
6054.90781875537 9.927989765758871e-15
6057.04504389398 9.816093140479581e-15
6059.18226903258 9.840360845401665e-15
6061.31949417118 9.811728303501183e-15
6063.45671930979 9.716531748934722e-15
6065.59394444839 9.648939227307489e-15
6067.73116958699 9.605004475665706e-15
6069.8683947256 9.588058860807402e-15
6072.0056198642 9.602979703952004e-15
6074.1428450028 9.630197909846121e-15
6076.28007014141 9.670173911839299e-15
6078.41729528001 9.701207453314318e-15
6080.55452041861 9.750371742168617e-15
6082.69174555722 9.755050521270868e-15
6084.82897069582 9.664356826052439e-15
6086.96619583443 9.68580422627452e-15
6089.10342097303 9.738163164163834e-15
6091.24064611163 9.684026442297742e-15
6093.37787125024 9.620512234988884e-15
6095.51509638884 9.674573126953279e-15
6097.65232152744 9.742145049576871e-15
6099.78954666605 9.747416457542663e-15
6101.92677180465 9.803137414646787e-15
6104.06399694325 9.752995346610798e-15
6106.20122208186 9.672781652469602e-15
6108.33844722046 9.777169925912368e-15
6110.47567235907 9.869298520325467e-15
6112.61289749767 9.915059876761186e-15
6114.75012263627 9.967584026666388e-15
6116.88734777488 9.861139529380345e-15
6119.02457291348 9.797557584144779e-15
6121.16179805208 9.875365970022534e-15
6123.29902319069 9.899117065232333e-15
6125.43624832929 9.849434892539813e-15
6127.57347346789 9.829727394792006e-15
6129.7106986065 9.86745335087815e-15
6131.8479237451 9.88156603824991e-15
6133.9851488837 9.818870452782766e-15
6136.12237402231 9.802287315078603e-15
6138.25959916091 9.737151651724592e-15
6140.39682429952 9.652873838914755e-15
6142.53404943812 9.578008807034898e-15
6144.67127457672 9.477929074827117e-15
6146.80849971533 9.366636403732931e-15
6148.94572485393 9.339073372665388e-15
6151.08294999253 9.409089218150244e-15
6153.22017513114 9.351925079209265e-15
6155.35740026974 9.27922617913566e-15
6157.49462540834 9.262451845661347e-15
6159.63185054695 9.299350637154366e-15
6161.76907568555 9.366763203586166e-15
6163.90630082416 9.373738209973285e-15
6166.04352596276 9.316254473503457e-15
6168.18075110136 9.384284532020013e-15
6170.31797623997 9.358758673080974e-15
6172.45520137857 9.28401059098268e-15
6174.59242651717 9.311489293557826e-15
6176.72965165578 9.318204717502113e-15
6178.86687679438 9.207024975482034e-15
6181.00410193298 9.182533498403331e-15
6183.14132707159 9.222719639282533e-15
6185.27855221019 9.235382310878667e-15
6187.4157773488 9.246630406135509e-15
6189.5530024874 9.177167393786913e-15
6191.690227626 9.105551976789653e-15
6193.82745276461 9.168551508091672e-15
6195.96467790321 9.224460670889852e-15
6198.10190304181 9.149859290063946e-15
6200.23912818042 9.138098515147186e-15
6202.37635331902 9.15201962503833e-15
6204.51357845762 9.154727675355395e-15
6206.65080359623 9.142673790098208e-15
6208.78802873483 9.113879113009874e-15
6210.92525387343 9.034566779636621e-15
6213.06247901204 8.865003294171949e-15
6215.19970415064 8.757162272499634e-15
6217.33692928925 8.810641298928068e-15
6219.47415442785 8.85077793774533e-15
6221.61137956645 8.758997509925555e-15
6223.74860470506 8.5967648122292e-15
6225.88582984366 8.533925918352249e-15
6228.02305498226 8.567753446380909e-15
6230.16028012087 8.371605491794089e-15
6232.29750525947 8.151752100232445e-15
6234.43473039807 7.99219492993598e-15
6236.57195553668 7.857460678383544e-15
6238.70918067528 7.694176689985673e-15
6240.84640581389 7.50718345733364e-15
6242.98363095249 7.3251172291675e-15
6245.12085609109 7.137958656191725e-15
6247.2580812297 7.047699294711142e-15
6249.3953063683 7.002899256220828e-15
6251.5325315069 6.80453172377897e-15
6253.66975664551 6.51437847751125e-15
6255.80698178411 6.318908662622363e-15
6257.94420692271 6.2191483591488755e-15
6260.08143206132 6.092108667778749e-15
6262.21865719992 5.886130574573228e-15
6264.35588233852 5.698617583306495e-15
6266.49310747713 5.574477869188837e-15
6268.63033261573 5.4076830158116785e-15
6270.76755775434 5.233371672935748e-15
6272.90478289294 5.101192602249171e-15
6275.04200803154 4.912574546667317e-15
6277.17923317015 4.735530981865074e-15
6279.31645830875 4.648182704912172e-15
6281.45368344735 4.654577445715005e-15
6283.59090858596 4.715650408200143e-15
6285.72813372456 4.725218465078697e-15
6287.86535886316 4.709517523563579e-15
6290.00258400177 4.778724747465406e-15
6292.13980914037 4.8454074222817325e-15
6294.27703427898 4.85589424802585e-15
6296.41425941758 4.936559967393806e-15
6298.55148455618 5.041983188477888e-15
6300.68870969479 5.137878859968356e-15
6302.82593483339 5.282220245453328e-15
6304.96315997199 5.49775246145663e-15
6307.1003851106 5.7074785541093244e-15
6309.2376102492 5.8248945163767696e-15
6311.3748353878 5.877618360111873e-15
6313.51206052641 5.939612199066369e-15
6315.64928566501 6.035644029995124e-15
6317.78651080361 6.031722188493735e-15
6319.92373594222 5.9479311527940966e-15
6322.06096108082 5.942810846044557e-15
6324.19818621943 5.929025249545954e-15
6326.33541135803 5.980041865700667e-15
6328.47263649663 6.04864907529612e-15
6330.60986163524 6.024821077787569e-15
6332.74708677384 6.116408753604561e-15
6334.88431191244 6.377092390732497e-15
6337.02153705105 6.600904620084096e-15
6339.15876218965 6.827978685574418e-15
6341.29598732825 7.1043651988024744e-15
6343.43321246686 7.254802023966142e-15
6345.57043760546 7.360125260828529e-15
6347.70766274407 7.482563201961858e-15
6349.84488788267 7.629938634054783e-15
6351.98211302127 7.790410434975897e-15
6354.11933815988 7.948811835698027e-15
6356.25656329848 8.13706450650277e-15
6358.39378843708 8.224125666601591e-15
6360.53101357569 8.260287816247559e-15
6362.66823871429 8.294648669657151e-15
6364.80546385289 8.357766006185154e-15
6366.9426889915 8.502901143570235e-15
6369.0799141301 8.714207721151806e-15
6371.21713926871 8.881481647164076e-15
6373.35436440731 8.96836410085898e-15
6375.49158954591 8.921484033590856e-15
6377.62881468452 8.996606123031297e-15
6379.76603982312 9.16266895219268e-15
6381.90326496172 9.192840720249691e-15
6384.04049010033 9.169455727043205e-15
6386.17771523893 9.292950838357255e-15
6388.31494037753 9.343354326875019e-15
6390.45216551614 9.231715559341078e-15
6392.58939065474 9.252934418241367e-15
6394.72661579334 9.426155023144569e-15
6396.86384093195 9.519335265447873e-15
6399.00106607055 9.459736668235276e-15
6401.13829120915 9.406291404784744e-15
6403.27551634776 9.438711450588226e-15
6405.41274148636 9.42878271476027e-15
6407.54996662497 9.492449442004578e-15
6409.68719176357 9.500487142950131e-15
6411.82441690217 9.448656125584121e-15
6413.96164204078 9.489212138851793e-15
6416.09886717938 9.555532485302654e-15
6418.23609231798 9.502326729012146e-15
6420.37331745659 9.533796955073762e-15
6422.51054259519 9.570070912589796e-15
6424.64776773379 9.682016323066376e-15
6426.7849928724 9.673706665053932e-15
6428.922218011 9.65660397235744e-15
6431.0594431496 9.753067433172577e-15
6433.19666828821 9.717848350874196e-15
6435.33389342681 9.679219391664332e-15
6437.47111856542 9.659700440235679e-15
6439.60834370402 9.629944013312146e-15
6441.74556884262 9.62815419653179e-15
6443.88279398123 9.549053471891708e-15
6446.02001911983 9.416128615322768e-15
6448.15724425843 9.361086394010445e-15
6450.29446939704 9.250392968900767e-15
6452.43169453564 9.08181001351768e-15
6454.56891967425 8.958635364600048e-15
6456.70614481285 8.774725349845684e-15
6458.84336995145 8.618031752690478e-15
6460.98059509006 8.512641866063528e-15
6463.11782022866 8.360953510554578e-15
6465.25504536726 8.196413411744247e-15
6467.39227050587 7.991270017732917e-15
6469.52949564447 7.772473650040526e-15
6471.66672078307 7.719529286876786e-15
6473.80394592168 7.764686629475305e-15
6475.94117106028 7.71857829821182e-15
6478.07839619888 7.562810777826368e-15
6480.21562133749 7.394591504496003e-15
6482.35284647609 7.232887728693303e-15
6484.49007161469 7.125379260471681e-15
6486.6272967533 7.140920446019282e-15
6488.7645218919 7.1040715366072394e-15
6490.90174703051 6.9763252095245894e-15
6493.03897216911 6.879909711793604e-15
6495.17619730771 6.854934356204182e-15
6497.31342244632 6.839723296016207e-15
6499.45064758492 6.801959655565711e-15
6501.58787272352 6.797835009023185e-15
6503.72509786213 6.752057047885245e-15
6505.86232300073 6.6943818003276165e-15
6507.99954813933 6.663663504503304e-15
6510.13677327794 6.669795813608995e-15
6512.27399841654 6.7261829229546464e-15
6514.41122355515 6.763387741268574e-15
6516.54844869375 6.796650702193906e-15
6518.68567383235 6.855531064035994e-15
6520.82289897096 6.933443109722133e-15
6522.96012410956 6.9916088576463375e-15
6525.09734924816 7.069870031128995e-15
6527.23457438677 7.167257612606102e-15
6529.37179952537 7.166962414192449e-15
6531.50902466397 7.213226116180809e-15
6533.64624980258 7.394294696587617e-15
6535.78347494118 7.524239541191585e-15
6537.92070007979 7.520184523067513e-15
6540.05792521839 7.550382827364733e-15
6542.19515035699 7.697625681842545e-15
6544.3323754956 7.8399000054337e-15
6546.4696006342 7.984248585747e-15
6548.6068257728 8.11893849178009e-15
6550.74405091141 8.253151563316837e-15
6552.88127605001 8.413785677809198e-15
6555.01850118861 8.5691122612779e-15
6557.15572632722 8.754941595084242e-15
6559.29295146582 8.967565194837369e-15
6561.43017660442 9.073835207537325e-15
6563.56740174303 9.317021594967974e-15
6565.70462688163 9.492903102607891e-15
6567.84185202024 9.6912944200589e-15
6569.97907715884 9.956803308875787e-15
6572.11630229744 1.0140324424627417e-14
6574.25352743605 1.0244108140369522e-14
6576.39075257465 1.0441950448331162e-14
6578.52797771325 1.0687733562024838e-14
6580.66520285186 1.0865361695870688e-14
6582.80242799046 1.1014900252502365e-14
6584.93965312906 1.121628031946039e-14
6587.07687826767 1.1325688094511914e-14
6589.21410340627 1.1390778272311865e-14
6591.35132854488 1.1608513155698521e-14
6593.48855368348 1.170163961512613e-14
6595.62577882208 1.1775772435457086e-14
6597.76300396069 1.1848564652719302e-14
6599.90022909929 1.1856926522757092e-14
6602.03745423789 1.1869871283253326e-14
6604.1746793765 1.1950138292108225e-14
6606.3119045151 1.2023154610099438e-14
6608.4491296537 1.2015609738748578e-14
6610.58635479231 1.1962710105039355e-14
6612.72357993091 1.20651687158844e-14
6614.86080506951 1.2116971902304924e-14
6616.99803020812 1.220314062309246e-14
6619.13525534672 1.22319595257627e-14
6621.27248048533 1.2094669015367682e-14
6623.40970562393 1.2064287088198072e-14
6625.54693076253 1.2021382102385223e-14
6627.68415590114 1.198806374294411e-14
6629.82138103974 1.2188381268753156e-14
6631.95860617834 1.2390275237036615e-14
6634.09583131695 1.2403699690751236e-14
6636.23305645555 1.2406485633784768e-14
6638.37028159415 1.2556273134281217e-14
6640.50750673276 1.2734793326674552e-14
6642.64473187136 1.282789799999146e-14
6644.78195700997 1.286681872786915e-14
6646.91918214857 1.3012696905742268e-14
6649.05640728717 1.3134915237528619e-14
6651.19363242578 1.3205950427861269e-14
6653.33085756438 1.3282882365272337e-14
6655.46808270298 1.3244079557542528e-14
6657.60530784159 1.3288149273094408e-14
6659.74253298019 1.3327440104846298e-14
6661.87975811879 1.3382563839490897e-14
6664.0169832574 1.3355532187122993e-14
6666.154208396 1.3280341079947971e-14
6668.2914335346 1.3326212461690162e-14
6670.42865867321 1.3418759494527362e-14
6672.56588381181 1.3352216349390448e-14
6674.70310895042 1.3310425014922937e-14
6676.84033408902 1.3258859334935002e-14
6678.97755922762 1.3185826128934016e-14
6681.11478436623 1.3166317071663825e-14
6683.25200950483 1.3141984190499531e-14
6685.38923464343 1.3106995343739704e-14
6687.52645978204 1.3144386871906598e-14
6689.66368492064 1.2915405719230309e-14
6691.80091005924 1.2786857493405791e-14
6693.93813519785 1.2611928503844696e-14
6696.07536033645 1.2445490264169413e-14
6698.21258547506 1.2446340106116499e-14
6700.34981061366 1.2456656415619715e-14
6702.48703575226 1.2321910242086143e-14
6704.62426089087 1.214963257899576e-14
6706.76148602947 1.1859159127715927e-14
6708.89871116807 1.1736261916217857e-14
6711.03593630668 1.1838372487715708e-14
6713.17316144528 1.2051883194290135e-14
6715.31038658388 1.2164200821356807e-14
6717.44761172249 1.2057183368979465e-14
6719.58483686109 1.1953480844171236e-14
6721.7220619997 1.1899431075373422e-14
6723.8592871383 1.188756845884243e-14
6725.9965122769 1.1845162589349461e-14
6728.13373741551 1.1779666199483806e-14
6730.27096255411 1.1764331901174948e-14
6732.40818769271 1.1735760057103437e-14
6734.54541283132 1.1634225695396613e-14
6736.68263796992 1.1686959678772249e-14
6738.81986310852 1.1688107698005788e-14
6740.95708824713 1.1689603896846856e-14
6743.09431338573 1.1620251739852593e-14
6745.23153852433 1.1546941337658537e-14
6747.36876366294 1.1601953972964147e-14
6749.50598880154 1.1663769970181473e-14
6751.64321394015 1.1615588000387844e-14
6753.78043907875 1.1511959203743994e-14
6755.91766421735 1.147668026787472e-14
6758.05488935596 1.1465124145920196e-14
6760.19211449456 1.1473380041101565e-14
6762.32933963316 1.1476682319583274e-14
6764.46656477177 1.143911829818629e-14
6766.60378991037 1.1436717478894857e-14
6768.74101504897 1.1397884604443724e-14
6770.87824018758 1.1304813897446152e-14
6773.01546532618 1.1333099447382256e-14
6775.15269046479 1.1323375150678957e-14
6777.28991560339 1.1188057231369452e-14
6779.42714074199 1.113382667106834e-14
6781.5643658806 1.119495213275879e-14
6783.7015910192 1.1162299890220285e-14
6785.8388161578 1.1091371584206958e-14
6787.97604129641 1.0939173852516825e-14
6790.11326643501 1.0830801286333711e-14
6792.25049157361 1.0801933409634929e-14
6794.38771671222 1.0717483143046853e-14
6796.52494185082 1.062490635661172e-14
6798.66216698942 1.0692262127790918e-14
6800.79939212803 1.0644194276095023e-14
6802.93661726663 1.0571578117928935e-14
6805.07384240524 1.0573788240430922e-14
6807.21106754384 1.0568589739069227e-14
6809.34829268244 1.0496063186429158e-14
6811.48551782105 1.0361243811607015e-14
6813.62274295965 1.0217258331494006e-14
6815.75996809825 1.0228072538242973e-14
6817.89719323686 1.0168866673725064e-14
6820.03441837546 1.0083895217560716e-14
6822.17164351406 9.942158719306343e-15
6824.30886865267 9.861198169298774e-15
6826.44609379127 9.801590319605715e-15
6828.58331892988 9.606297058296664e-15
6830.72054406848 9.557856478143623e-15
6832.85776920708 9.38504816608698e-15
6834.99499434569 9.159394888548725e-15
6837.13221948429 9.053865954837533e-15
6839.26944462289 8.949828224814656e-15
6841.4066697615 8.783941466415849e-15
6843.5438949001 8.641116294671055e-15
6845.6811200387 8.486412624659294e-15
6847.81834517731 8.391657464802758e-15
6849.95557031591 8.249592834841154e-15
6852.09279545451 8.135140439835253e-15
6854.23002059312 7.94076556176121e-15
6856.36724573172 7.71824209168816e-15
6858.50447087033 7.663369207702495e-15
6860.64169600893 7.661405918087467e-15
6862.77892114753 7.475792640267274e-15
6864.91614628614 7.177313444857108e-15
6867.05337142474 7.148119102610239e-15
6869.19059656334 7.282574124431857e-15
6871.32782170195 7.236527124591246e-15
6873.46504684055 7.116002499760684e-15
6875.60227197915 7.152215916066662e-15
6877.73949711776 7.128938193250156e-15
6879.87672225636 7.096179003200739e-15
6882.01394739496 6.972774148715982e-15
6884.15117253357 6.856440957589731e-15
6886.28839767217 6.8619909268278514e-15
6888.42562281078 6.9633444251132245e-15
6890.56284794938 7.003670871837331e-15
6892.70007308798 6.9256257099072454e-15
6894.83729822659 6.950907559270405e-15
6896.97452336519 7.024849802974808e-15
6899.11174850379 7.089649117792032e-15
6901.2489736424 7.155302784277494e-15
6903.386198781 7.217776043994632e-15
6905.52342391961 7.270472859986355e-15
6907.66064905821 7.399496293930187e-15
6909.79787419681 7.63787212803531e-15
6911.93509933542 7.694703776845986e-15
6914.07232447402 7.75301604038883e-15
6916.20954961262 7.765908411631051e-15
6918.34677475123 7.902121699260307e-15
6920.48399988983 8.08463308694919e-15
6922.62122502843 8.13638470930675e-15
6924.75845016704 8.318308950743744e-15
6926.89567530564 8.369124592093324e-15
6929.03290044424 8.516260087690088e-15
6931.17012558285 8.670900862247041e-15
6933.30735072145 8.759498203141772e-15
6935.44457586006 8.851881415517765e-15
6937.58180099866 8.98851396796447e-15
6939.71902613726 9.137487392312873e-15
6941.85625127587 9.296412658019648e-15
6943.99347641447 9.529224753115656e-15
6946.13070155307 9.540366265916507e-15
6948.26792669168 9.64181670116197e-15
6950.40515183028 9.871439841152112e-15
6952.54237696888 1.0021266252628696e-14
6954.67960210749 1.0139393810869225e-14
6956.81682724609 1.0227970423129748e-14
6958.95405238469 1.0359053085247523e-14
6961.0912775233 1.0627381394665329e-14
6963.2285026619 1.0776742905663659e-14
6965.3657278005 1.0819188169678641e-14
6967.50295293911 1.0901444182255924e-14
6969.64017807771 1.1011352591256229e-14
6971.77740321632 1.109755379050629e-14
6973.91462835492 1.1114671277841364e-14
6976.05185349352 1.112519955260322e-14
6978.18907863213 1.1134579925835522e-14
6980.32630377073 1.1187926606477695e-14
6982.46352890933 1.123632053658752e-14
6984.60075404794 1.1231724692799595e-14
6986.73797918654 1.1162593407437578e-14
6988.87520432514 1.1006199312444823e-14
6991.01242946375 1.1085240492616059e-14
6993.14965460235 1.1185542301466594e-14
6995.28687974096 1.1188505885123196e-14
6997.42410487956 1.121029649139398e-14
6999.56133001816 1.1242787879865612e-14
7001.69855515677 1.1208964021414493e-14
7003.83578029537 1.1185265791147388e-14
7005.97300543397 1.1158207311789694e-14
7008.11023057258 1.1236216320038212e-14
7010.24745571118 1.1321554995168926e-14
7012.38468084978 1.1349368845814276e-14
7014.52190598839 1.1284940809241372e-14
7016.65913112699 1.1222113465841534e-14
7018.7963562656 1.1370235831105005e-14
7020.9335814042 1.1625065197337924e-14
7023.0708065428 1.1688859674773371e-14
7025.20803168141 1.175948147622124e-14
7027.34525682001 1.19305634248823e-14
7029.48248195861 1.2099415419954866e-14
7031.61970709722 1.221437574142344e-14
7033.75693223582 1.2248627937518214e-14
7035.89415737442 1.2167863197548545e-14
7038.03138251303 1.2178418990967068e-14
7040.16860765163 1.2257960488786218e-14
7042.30583279023 1.2386928402751123e-14
7044.44305792884 1.2472902638867017e-14
7046.58028306744 1.2438942043168564e-14
7048.71750820605 1.2335908580651657e-14
7050.85473334465 1.2300526344631953e-14
7052.99195848325 1.2397650203716046e-14
7055.12918362186 1.2377943545847374e-14
7057.26640876046 1.2353663387964187e-14
7059.40363389906 1.2318921890598038e-14
7061.54085903767 1.2203440883456099e-14
7063.67808417627 1.212274209210702e-14
7065.81530931487 1.21576223164482e-14
7067.95253445348 1.2147196290953453e-14
7070.08975959208 1.2107266171394659e-14
7072.22698473069 1.2056678655616613e-14
7074.36420986929 1.1958056641684592e-14
7076.50143500789 1.1827466951934918e-14
7078.6386601465 1.1723046399510633e-14
7080.7758852851 1.1651233319031086e-14
7082.9131104237 1.15700652928848e-14
7085.05033556231 1.1479209810790263e-14
7087.18756070091 1.1417697290205542e-14
7089.32478583951 1.1366834819409748e-14
7091.46201097812 1.1245694418811674e-14
7093.59923611672 1.1083104801585208e-14
7095.73646125532 1.0937333031991592e-14
7097.87368639393 1.0826887292770117e-14
7100.01091153253 1.0820633235483144e-14
7102.14813667114 1.076269244364706e-14
7104.28536180974 1.0730396137438794e-14
7106.42258694834 1.0553659067622778e-14
7108.55981208695 1.043677268174616e-14
7110.69703722555 1.052200279144408e-14
7112.83426236415 1.0596474513376357e-14
7114.97148750276 1.0629240911514834e-14
7117.10871264136 1.0427160375207812e-14
7119.24593777996 1.0265186195496509e-14
7121.38316291857 1.0309478570008256e-14
7123.52038805717 1.0283709232559708e-14
7125.65761319578 1.0143223502265295e-14
7127.79483833438 1.015626607848589e-14
7129.93206347298 1.0251724509809044e-14
7132.06928861159 1.0161041884137089e-14
7134.20651375019 1.0114441594285166e-14
7136.34373888879 1.0071241907326576e-14
7138.4809640274 1.006698801377957e-14
7140.618189166 1.0089459902400186e-14
7142.7554143046 1.0122704224701072e-14
7144.89263944321 1.0136594534966529e-14
7147.02986458181 9.980335510926203e-15
7149.16708972041 9.913962117588098e-15
7151.30431485902 9.79838705505716e-15
7153.44153999762 9.88668745068001e-15
7155.57876513623 1.007619086426647e-14
7157.71599027483 1.015529067581541e-14
7159.85321541343 1.0241070189178515e-14
7161.99044055204 1.0371713346268798e-14
7164.12766569064 1.0420839388106264e-14
7166.26489082924 1.039133340911654e-14
7168.40211596785 1.0445283331707008e-14
7170.53934110645 1.0554644350830768e-14
7172.67656624505 1.064879113586514e-14
7174.81379138366 1.072354435338977e-14
7176.95101652226 1.0767396483277475e-14
7179.08824166087 1.0789174386049521e-14
7181.22546679947 1.0764352876236731e-14
7183.36269193807 1.0772712877143409e-14
7185.49991707668 1.0881330791494507e-14
7187.63714221528 1.0936987441521697e-14
7189.77436735388 1.0789128843641378e-14
7191.91159249249 1.064996194226247e-14
7194.04881763109 1.0740084681180779e-14
7196.18604276969 1.0650329396005674e-14
7198.3232679083 1.0522915868530886e-14
7200.4604930469 1.0523475970962856e-14
7202.59771818551 1.0460732949646126e-14
7204.73494332411 1.0505383546129322e-14
7206.87216846271 1.0659034746086479e-14
7209.00939360132 1.044113266221111e-14
7211.14661873992 1.0279903930344006e-14
7213.28384387852 1.0278614989503363e-14
7215.42106901713 1.0288297543536599e-14
7217.55829415573 1.0219192020393526e-14
7219.69551929433 1.0150815657647959e-14
7221.83274443294 1.018383638102915e-14
7223.96996957154 1.0248844618350978e-14
7226.10719471014 1.0205131279344653e-14
7228.24441984875 1.0150319398574147e-14
7230.38164498735 1.0117978763062817e-14
7232.51887012596 1.0213407519465446e-14
7234.65609526456 1.0229090617256877e-14
7236.79332040316 1.009208143830181e-14
7238.93054554177 1.005312241997814e-14
7241.06777068037 1.0173329457159057e-14
7243.20499581897 1.0299377685993747e-14
7245.34222095758 1.02667284413126e-14
7247.47944609618 1.0332100828992349e-14
7249.61667123478 1.0331316825496715e-14
7251.75389637339 1.0294515122153831e-14
7253.89112151199 1.0367676628611298e-14
7256.0283466506 1.0395873796753091e-14
7258.1655717892 1.0465780554010756e-14
7260.3027969278 1.0502807233015046e-14
7262.44002206641 1.0437951942326929e-14
7264.57724720501 1.0416484788936079e-14
7266.71447234361 1.0358571429061847e-14
7268.85169748222 1.0261602724437883e-14
7270.98892262082 1.0283322687187826e-14
7273.12614775942 1.029429498393895e-14
7275.26337289803 1.0281406342737294e-14
7277.40059803663 1.040730490975771e-14
7279.53782317523 1.0535726797112614e-14
7281.67504831384 1.0525303683036414e-14
7283.81227345244 1.0407917768891637e-14
7285.94949859105 1.0336069837521182e-14
7288.08672372965 1.0372070953687846e-14
7290.22394886825 1.0367863949172148e-14
7292.36117400686 1.0417546663897495e-14
7294.49839914546 1.0304460367518797e-14
7296.63562428406 1.0108294296728242e-14
7298.77284942267 1.0049581902510635e-14
7300.91007456127 1.0050399978124038e-14
7303.04729969987 1.0024251496086968e-14
7305.18452483848 1.0069897445878681e-14
7307.32174997708 9.80393572512791e-15
7309.45897511568 9.731762888458786e-15
7311.59620025429 9.765899561944464e-15
7313.73342539289 9.709349898340726e-15
7315.8706505315 9.647259429300239e-15
7318.0078756701 9.625892199353076e-15
7320.1451008087 9.595541874932068e-15
7322.28232594731 9.622664406984924e-15
7324.41955108591 9.57538908177953e-15
7326.55677622451 9.467854200610983e-15
7328.69400136312 9.226676575343787e-15
7330.83122650172 9.096773906909619e-15
7332.96845164032 9.203785342326633e-15
7335.10567677893 9.30247957170375e-15
7337.24290191753 9.443386093547938e-15
7339.38012705614 9.341807863790496e-15
7341.51735219474 9.219922635759763e-15
7343.65457733334 9.115201972609157e-15
7345.79180247195 9.054318725832106e-15
7347.92902761055 9.089925470692435e-15
7350.06625274915 9.159041178389606e-15
7352.20347788776 9.187447786446324e-15
7354.34070302636 9.120942388798125e-15
7356.47792816496 9.038759498866774e-15
7358.61515330357 9.050871112786739e-15
7360.75237844217 9.013860754114971e-15
7362.88960358077 9.000220241643731e-15
7365.02682871938 9.073550556833601e-15
7367.16405385798 9.010548455603139e-15
7369.30127899659 8.985395726747473e-15
7371.43850413519 9.070911015255729e-15
7373.57572927379 9.130405145659977e-15
7375.7129544124 9.131021940544349e-15
7377.850179551 9.123537220991804e-15
7379.9874046896 9.067809651833834e-15
7382.12462982821 9.032594990362087e-15
7384.26185496681 9.202349946007082e-15
7386.39908010541 9.212701802846078e-15
7388.53630524402 9.128616478440175e-15
7390.67353038262 9.130942196071524e-15
7392.81075552123 9.182287412152483e-15
7394.94798065983 9.200009706724128e-15
7397.08520579843 9.1497010522656e-15
7399.22243093704 9.048698553409435e-15
7401.35965607564 9.067951811626144e-15
7403.49688121424 9.054345209359877e-15
7405.63410635285 9.120733650798023e-15
7407.77133149145 9.18406489631283e-15
7409.90855663005 9.143449529600675e-15
7412.04578176866 9.09492271959749e-15
7414.18300690726 9.089072175730346e-15
7416.32023204586 9.040944074202962e-15
7418.45745718447 9.022783964196522e-15
7420.59468232307 9.00650073044302e-15
7422.73190746168 9.011588668228291e-15
7424.86913260028 9.04722507676765e-15
7427.00635773888 9.117767998322342e-15
7429.14358287749 9.142180270495728e-15
7431.28080801609 9.021887286484216e-15
7433.41803315469 9.023137955693967e-15
7435.5552582933 9.141271968637439e-15
7437.6924834319 9.161808058128293e-15
7439.8297085705 9.132071711053688e-15
7441.96693370911 9.13143885792848e-15
7444.10415884771 9.15223286104815e-15
7446.24138398632 9.17642490476616e-15
7448.37860912492 9.07949479983049e-15
7450.51583426352 9.008318152467797e-15
7452.65305940213 8.977995332458885e-15
7454.79028454073 8.98915607028468e-15
7456.92750967933 9.001615779412823e-15
7459.06473481794 9.010639221425873e-15
7461.20195995654 9.022647200540779e-15
7463.33918509514 8.949256184452655e-15
7465.47641023375 8.878811910417669e-15
7467.61363537235 8.905893550758607e-15
7469.75086051096 8.941564524254273e-15
7471.88808564956 8.92418621487645e-15
7474.02531078816 8.824718983519733e-15
7476.16253592677 8.713596766460765e-15
7478.29976106537 8.747758720115833e-15
7480.43698620397 8.81506947340827e-15
7482.57421134258 8.793036783618389e-15
7484.71143648118 8.734864892069909e-15
7486.84866161978 8.680859784040488e-15
7488.98588675839 8.648597563868517e-15
7491.12311189699 8.65470642469303e-15
7493.26033703559 8.655828067105366e-15
7495.3975621742 8.58688081885614e-15
7497.5347873128 8.508875382786831e-15
7499.6720124514 8.493889798232614e-15
7501.80923759001 8.448221148542724e-15
7503.94646272861 8.415561163976764e-15
7506.08368786722 8.423703598667478e-15
7508.22091300582 8.340995604231609e-15
7510.35813814442 8.197852515919045e-15
7512.49536328303 8.21040837218408e-15
7514.63258842163 8.2391147675956e-15
7516.76981356023 8.200042645354181e-15
7518.90703869884 8.116370294588826e-15
7521.04426383744 8.028110318688753e-15
7523.18148897605 7.970116937025105e-15
7525.31871411465 7.949266967055871e-15
7527.45593925325 7.915422406911953e-15
7529.59316439186 7.857708630516978e-15
7531.73038953046 7.806856230314727e-15
7533.86761466906 7.725094337546026e-15
7536.00483980767 7.61646781754508e-15
7538.14206494627 7.53189219978176e-15
7540.27929008487 7.49158380244966e-15
7542.41651522348 7.501423339348117e-15
7544.55374036208 7.540405459470332e-15
7546.69096550068 7.489603339403981e-15
7548.82819063929 7.401745529443127e-15
7550.96541577789 7.36905319581502e-15
7553.1026409165 7.40085809824039e-15
7555.2398660551 7.389499265753824e-15
7557.3770911937 7.268679328129233e-15
7559.51431633231 7.220957931825064e-15
7561.65154147091 7.226129204817637e-15
7563.78876660951 7.170295035132138e-15
7565.92599174812 7.126682695621582e-15
7568.06321688672 7.099734615829086e-15
7570.20044202532 7.066032220906374e-15
7572.33766716393 7.076976567353801e-15
7574.47489230253 7.0843435688315404e-15
7576.61211744113 7.148281021475099e-15
7578.74934257974 7.127753672340075e-15
7580.88656771834 7.117995830356704e-15
7583.02379285695 7.111144303260947e-15
7585.16101799555 6.982843622981771e-15
7587.29824313415 6.8526134592399926e-15
7589.43546827276 6.903483744857813e-15
7591.57269341136 6.844839400844416e-15
7593.70991854996 6.5641841730225254e-15
7595.84714368857 6.745706281682191e-15
7597.98436882717 7.0120791013951466e-15
7600.12159396577 6.980054660447542e-15
7602.25881910438 7.04931872429368e-15
7604.39604424298 7.316043049634205e-15
7606.53326938159 7.407323860997971e-15
7608.67049452019 7.490288709026017e-15
7610.80771965879 7.419876844043969e-15
7612.9449447974 7.30816984042328e-15
7615.082169936 7.245242796197595e-15
7617.2193950746 7.088347819803542e-15
7619.35662021321 6.851472636967389e-15
7621.49384535181 6.790047903727328e-15
7623.63107049041 6.846910587479769e-15
7625.76829562902 6.948084928030902e-15
7627.90552076762 7.0485160348322514e-15
7630.04274590622 6.992341386433292e-15
7632.17997104483 7.038620204911608e-15
7634.31719618343 7.278102344720036e-15
7636.45442132204 7.18900630428551e-15
7638.59164646064 6.975253699987152e-15
7640.72887159924 6.8796467610109e-15
7642.86609673785 6.956075952091703e-15
7645.00332187645 7.1479753847153e-15
7647.14054701505 7.082863356886408e-15
7649.27777215366 6.829419238802252e-15
7651.41499729226 6.819259050433083e-15
7653.55222243086 6.787094516088015e-15
7655.68944756947 6.874497410193532e-15
7657.82667270807 6.7996411996391884e-15
7659.96389784668 6.830345687798992e-15
7662.10112298528 6.970590001908968e-15
7664.23834812388 7.067914920786383e-15
7666.37557326249 7.100233010340702e-15
7668.51279840109 7.051668509625275e-15
7670.65002353969 7.279551629847087e-15
7672.7872486783 7.373961451767938e-15
7674.9244738169 7.354008276712074e-15
7677.0616989555 7.314520009610212e-15
7679.19892409411 7.174001215533545e-15
7681.33614923271 7.112126773823448e-15
7683.47337437132 7.3678941879164e-15
7685.61059950992 7.529508632035861e-15
7687.74782464852 7.473154383496002e-15
7689.88504978713 7.500398261881295e-15
7692.02227492573 7.58709534837224e-15
7694.15950006433 7.657539775382982e-15
7696.29672520294 7.660913175368723e-15
7698.43395034154 7.56988089172092e-15
7700.57117548014 7.523965020334496e-15
7702.70840061875 7.460946035342176e-15
7704.84562575735 7.441749612341915e-15
7706.98285089595 7.498129699937961e-15
7709.12007603456 7.566740051609724e-15
7711.25730117316 7.533693621377204e-15
7713.39452631177 7.414344802245725e-15
7715.53175145037 7.402027691888594e-15
7717.66897658897 7.577367586558025e-15
7719.80620172758 7.784590175832399e-15
7721.94342686618 7.886740318762585e-15
7724.08065200478 7.790362208351055e-15
7726.21787714339 7.723134676929374e-15
7728.35510228199 7.735649267149353e-15
7730.49232742059 7.712705383793765e-15
7732.6295525592 7.93075664319407e-15
7734.7667776978 7.992419280396771e-15
7736.90400283641 7.864216904057311e-15
7739.04122797501 7.826471985948171e-15
7741.17845311361 8.000667066097812e-15
7743.31567825222 8.103689941869671e-15
7745.45290339082 8.010510228775541e-15
7747.59012852942 8.006910034638455e-15
7749.72735366803 7.956527637587517e-15
7751.86457880663 7.95778324246418e-15
7754.00180394523 7.996169952989449e-15
7756.13902908384 8.053006365778625e-15
7758.27625422244 8.069153995203644e-15
7760.41347936104 8.033853077034873e-15
7762.55070449965 8.072809351428565e-15
7764.68792963825 8.1751971915652e-15
7766.82515477686 8.131504430224237e-15
7768.96237991546 8.061447463766575e-15
7771.09960505406 8.148531054526067e-15
7773.23683019267 8.259213847076176e-15
7775.37405533127 8.226514767697447e-15
7777.51128046987 8.190450505085881e-15
7779.64850560848 8.291578627515923e-15
7781.78573074708 8.328759394178977e-15
7783.92295588568 8.344998151316994e-15
7786.06018102429 8.279977835374397e-15
7788.19740616289 8.24373482742549e-15
7790.3346313015 8.251497938108123e-15
7792.4718564401 8.265715550202848e-15
7794.6090815787 8.3923601466787e-15
7796.74630671731 8.46353036244192e-15
7798.88353185591 8.408266290975889e-15
7801.02075699451 8.474076072072117e-15
7803.15798213312 8.456041625177135e-15
7805.29520727172 8.370594993423464e-15
7807.43243241032 8.405353571261946e-15
7809.56965754893 8.440643450693253e-15
7811.70688268753 8.420257364216718e-15
7813.84410782613 8.389596647853531e-15
7815.98133296474 8.453511308907556e-15
7818.11855810334 8.501040868046511e-15
7820.25578324195 8.478883188636706e-15
7822.39300838055 8.41790815530723e-15
7824.53023351915 8.341789613370527e-15
7826.66745865776 8.297467343876117e-15
7828.80468379636 8.275931008645644e-15
7830.94190893496 8.232126611471781e-15
7833.07913407357 8.24349697520445e-15
7835.21635921217 8.240598370047975e-15
7837.35358435077 8.136368980653626e-15
7839.49080948938 8.042653801613164e-15
7841.62803462798 8.084900828318005e-15
7843.76525976658 8.127183429664182e-15
7845.90248490519 8.06317962649798e-15
7848.03971004379 8.116169542114609e-15
7850.1769351824 8.22540251787014e-15
7852.314160321 8.278857963639143e-15
7854.4513854596 8.26177945241202e-15
7856.58861059821 8.150703710971974e-15
7858.72583573681 8.047060576540599e-15
7860.86306087541 8.178770832657611e-15
7863.00028601402 8.240002188970141e-15
7865.13751115262 8.33773096110616e-15
7867.27473629123 8.40405241462692e-15
7869.41196142983 8.329375037419519e-15
7871.54918656843 8.267411932916212e-15
7873.68641170704 8.324348101313582e-15
7875.82363684564 8.370385336099179e-15
7877.96086198424 8.301341904099871e-15
7880.09808712285 8.32420481619914e-15
7882.23531226145 8.28919317793027e-15
7884.37253740005 8.253610449320661e-15
7886.50976253866 8.311728654978169e-15
7888.64698767726 8.269112713647257e-15
7890.78421281586 8.175952060189508e-15
7892.92143795447 8.128199120748424e-15
7895.05866309307 8.135237014390055e-15
7897.19588823167 8.18462335706434e-15
7899.33311337028 8.149733405012048e-15
7901.47033850888 8.089186782469078e-15
7903.60756364749 8.128242424149984e-15
7905.74478878609 8.119673922286041e-15
7907.88201392469 8.05038812286264e-15
7910.0192390633 8.026112196907188e-15
7912.1564642019 8.084422964557615e-15
7914.2936893405 8.148956354910462e-15
7916.43091447911 8.161820400679858e-15
7918.56813961771 8.17349560211732e-15
7920.70536475631 8.154239641425024e-15
7922.84258989492 7.979521466623745e-15
7924.97981503352 7.981427103091989e-15
7927.11704017213 8.01627260699921e-15
7929.25426531073 7.962656493292969e-15
7931.39149044933 7.94997524902454e-15
7933.52871558794 8.016724559731366e-15
7935.66594072654 8.000438478794164e-15
7937.80316586514 7.864015971836596e-15
7939.94039100375 7.791609935804047e-15
7942.07761614235 7.90066901896801e-15
7944.21484128095 7.879519601977505e-15
7946.35206641956 7.78787858900918e-15
7948.48929155816 7.745073435455359e-15
7950.62651669677 7.714369186999834e-15
7952.76374183537 7.734503320180227e-15
7954.90096697397 7.718693425137587e-15
7957.03819211258 7.752441051586102e-15
7959.17541725118 7.753444189472083e-15
7961.31264238978 7.657587632278258e-15
7963.44986752839 7.68117089571093e-15
7965.58709266699 7.782595107331193e-15
7967.72431780559 7.700046255649447e-15
7969.8615429442 7.644739402299561e-15
7971.9987680828 7.631366884733023e-15
7974.1359932214 7.664016067088436e-15
7976.27321836001 7.706625950720345e-15
7978.41044349861 7.667717395816482e-15
7980.54766863722 7.615518394085578e-15
7982.68489377582 7.682485912112256e-15
7984.82211891442 7.734788233244301e-15
7986.95934405303 7.587241973518478e-15
7989.09656919163 7.499358431154987e-15
7991.23379433023 7.552035766805316e-15
7993.37101946884 7.577100769176638e-15
7995.50824460744 7.5629960214968e-15
7997.64546974604 7.552603106739554e-15
7999.78269488465 7.516897134197206e-15
8001.91992002325 7.559644252530599e-15
8004.05714516186 7.524047500636492e-15
8006.19437030046 7.450307328765727e-15
8008.33159543906 7.412644593789936e-15
8010.46882057767 7.377491321557596e-15
8012.60604571627 7.358040282893618e-15
8014.74327085487 7.362260050448403e-15
8016.88049599348 7.300910344572645e-15
8019.01772113208 7.30229229711773e-15
8021.15494627068 7.326452053194006e-15
8023.29217140929 7.294316616031445e-15
8025.42939654789 7.265536340755802e-15
8027.56662168649 7.299159288035305e-15
8029.7038468251 7.298583172148105e-15
8031.8410719637 7.237919852141052e-15
8033.97829710231 7.31315909301371e-15
8036.11552224091 7.334432765958037e-15
8038.25274737951 7.40701515065734e-15
8040.38997251812 7.422445783381976e-15
8042.52719765672 7.345869578562986e-15
8044.66442279532 7.362353090712536e-15
8046.80164793393 7.462107395871416e-15
8048.93887307253 7.41364136209166e-15
8051.07609821113 7.34245505976873e-15
8053.21332334974 7.359889937733409e-15
8055.35054848834 7.438810754845093e-15
8057.48777362695 7.432303503442027e-15
8059.62499876555 7.325244704262141e-15
8061.76222390415 7.275369051496441e-15
8063.89944904276 7.313067256491678e-15
8066.03667418136 7.280919479717299e-15
8068.17389931996 7.267541261195829e-15
8070.31112445857 7.275873799118236e-15
8072.44834959717 7.24030272167367e-15
8074.58557473577 7.21852197511117e-15
8076.72279987438 7.270958833535442e-15
8078.86002501298 7.298980679534858e-15
8080.99725015158 7.232598512780396e-15
8083.13447529019 7.179545699155001e-15
8085.27170042879 7.178818915810366e-15
8087.4089255674 7.177422228953885e-15
8089.546150706 7.085956777101334e-15
8091.6833758446 7.046015921635604e-15
8093.82060098321 7.093089928591188e-15
8095.95782612181 6.969250846170922e-15
8098.09505126041 7.00817777060824e-15
8100.23227639902 7.1011855613704176e-15
8102.36950153762 7.017660805939641e-15
8104.50672667622 6.940983497412217e-15
8106.64395181483 6.94689758172285e-15
8108.78117695343 6.897927470792889e-15
8110.91840209203 6.859272985729997e-15
8113.05562723064 6.906014259031949e-15
8115.19285236924 6.962520639232633e-15
8117.33007750785 6.963926314221314e-15
8119.46730264645 6.954641897577055e-15
8121.60452778505 6.90202573610823e-15
8123.74175292366 6.852083781991346e-15
8125.87897806226 6.843700983485137e-15
8128.01620320086 6.691275249345624e-15
8130.15342833947 6.569627075992756e-15
8132.29065347807 6.4749867838187704e-15
8134.42787861667 6.616270559153065e-15
8136.56510375528 6.711357742608312e-15
8138.70232889388 6.5983901379021675e-15
8140.83955403249 6.530569923057841e-15
8142.97677917109 6.520019804584281e-15
8145.11400430969 6.473711908842426e-15
8147.2512294483 6.3552677699283786e-15
8149.3884545869 6.43669597188479e-15
8151.5256797255 6.392751244076497e-15
8153.66290486411 6.239413815057141e-15
8155.80013000271 6.3079879933876856e-15
8157.93735514131 6.367194780467183e-15
8160.07458027992 6.1482516605446234e-15
8162.21180541852 6.001776556712788e-15
8164.34903055712 6.074087253834559e-15
8166.48625569573 6.15577834177021e-15
8168.62348083433 6.191318630242393e-15
8170.76070597294 6.422193306044822e-15
8172.89793111154 6.632984461569528e-15
8175.03515625014 6.338481046957035e-15
