3600.0 -1.8795484221545547e-16
3604.48288393021 1.4560355042815638e-15
3608.96576786041 -2.40912404091202e-16
3613.44865179062 -2.1665823138137332e-15
3617.93153572083 4.646498102653934e-16
3622.41441965103 3.287363915523881e-15
3626.89730358124 6.127048921910882e-16
3631.38018751144 -4.652711021164802e-16
3635.86307144165 -1.004326887257738e-15
3640.34595537186 1.8508611360004847e-15
3644.82883930206 1.4310866782002302e-15
3649.31172323227 -3.9189911916100686e-16
3653.79460716248 3.397087900043722e-16
3658.27749109268 4.29081168937195e-17
3662.76037502289 -5.957410140215407e-17
3667.2432589531 -5.229569496859289e-16
3671.7261428833 -3.4993020476202597e-16
3676.20902681351 9.974850375138026e-16
3680.69191074371 4.2697798300532557e-16
3685.17479467392 -1.0754669970880113e-15
3689.65767860413 -9.110630817508528e-16
3694.14056253433 -1.3285573539146322e-17
3698.62344646454 9.952181431038868e-18
3703.10633039474 1.6447508777060154e-16
3707.58921432495 8.809070550826996e-16
3712.07209825516 -1.7775091074263845e-16
3716.55498218536 -8.222521921113613e-17
3721.03786611557 1.0394687727127304e-16
3725.52075004578 7.294589976296306e-16
3730.00363397598 1.2119143651967857e-16
3734.48651790619 2.0354241180950338e-16
3738.9694018364 5.293465403369725e-16
3743.4522857666 1.9617287334214465e-16
3747.93516969681 8.406368320613895e-17
3752.41805362702 2.6264612938557537e-16
3756.90093755722 -5.762113699816599e-17
3761.38382148743 -1.1138510543281877e-17
3765.86670541763 2.68247529359698e-16
3770.34958934784 2.852768401565674e-16
3774.83247327805 1.4285258073986103e-16
3779.31535720825 -1.7528717611101116e-17
3783.79824113846 8.361051635092048e-17
3788.28112506867 2.7198157180791246e-16
3792.76400899887 1.84563651752896e-16
3797.24689292908 1.5805681508725157e-16
3801.72977685928 1.5055615749304383e-16
3806.21266078949 4.626009714288813e-17
3810.6955447197 7.280359772791901e-17
3815.1784286499 1.1770038384303865e-16
3819.66131258011 1.2914799626601087e-16
3824.14419651032 1.0978436012304444e-16
3828.62708044052 8.68010989490289e-17
3833.10996437073 1.0488042517734725e-16
3837.59284830093 8.002048169925657e-17
3842.07573223114 6.426147766559707e-17
3846.55861616135 2.374194537833227e-17
3851.04150009155 5.998694032727079e-17
3855.52438402176 9.293000595149489e-17
3860.00726795197 5.817192700693606e-17
3864.49015188217 3.210699076704318e-17
3868.97303581238 -8.058229305715786e-18
3873.45591974258 1.574606501010488e-17
3877.93880367279 2.1065686210773577e-17
3882.421687603 7.141868173607297e-17
3886.9045715332 8.36223777395315e-17
3891.38745546341 4.4313786381201616e-17
3895.87033939362 2.9927850322472606e-17
3900.35322332382 3.09056364593476e-17
3904.83610725403 -7.3359026235301985e-19
3909.31899118424 -9.994152672859837e-18
3913.80187511444 -1.0072641373421207e-17
3918.28475904465 3.395857554146835e-17
3922.76764297485 4.0469668131551384e-17
3927.25052690506 3.6271018449121995e-17
3931.73341083527 2.0461800008531574e-17
3936.21629476547 3.718596144949413e-17
3940.69917869568 5.225402021012495e-17
3945.18206262588 6.486650259423085e-17
3949.66494655609 8.45573978097831e-17
3954.1478304863 9.883027884195211e-17
3958.63071441651 1.3011707302048531e-16
3963.11359834671 1.1664597442326933e-16
3967.59648227692 1.2268783313145244e-16
3972.07936620712 1.2075026509936568e-16
3976.56225013733 1.4772901033235678e-16
3981.04513406754 1.5847058089745765e-16
3985.52801799774 1.506279682017721e-16
3990.01090192795 1.222434521231518e-16
3994.49378585815 1.170571181211922e-16
3998.97666978836 1.357303952052543e-16
4003.45955371857 1.3597169690573474e-16
4007.94243764877 1.329633866790464e-16
4012.42532157898 1.4780715169187728e-16
4016.90820550919 1.590717244171905e-16
4021.39108943939 1.3909418259872865e-16
4025.8739733696 1.5252578315676842e-16
4030.35685729981 1.4737570439793726e-16
4034.83974123001 1.2738137718665716e-16
4039.32262516022 1.044911886613225e-16
4043.80550909042 1.1256842983206106e-16
4048.28839302063 1.022957322055828e-16
4052.77127695084 8.46766597251505e-17
4057.25416088104 9.118662743278236e-17
4061.73704481125 1.2927037157690843e-16
4066.21992874146 1.6066677350030096e-16
4070.70281267166 2.0363714688633858e-16
4075.18569660187 2.3011046944726357e-16
4079.66858053207 2.6047626058028803e-16
4084.15146446228 2.858046654643674e-16
4088.63434839249 2.868035803857783e-16
4093.11723232269 2.64429799620732e-16
4097.6001162529 2.52174973011435e-16
4102.08300018311 2.355876628672127e-16
4106.56588411331 2.2551443014896167e-16
4111.04876804352 2.2491707039638555e-16
4115.53165197373 2.1070517325074185e-16
4120.01453590393 2.2134926193303704e-16
4124.49741983414 2.27289811554316e-16
4128.98030376434 2.3168310518245385e-16
4133.46318769455 2.0955929577384427e-16
4137.94607162476 1.8342980263472513e-16
4142.42895555496 1.7547400436957864e-16
4146.91183948517 1.6037651004642012e-16
4151.39472341538 1.4619512600552286e-16
4155.87760734558 1.2623659173439896e-16
4160.36049127579 1.2909367406217277e-16
4164.84337520599 1.3493724951589123e-16
4169.3262591362 1.4992915329385369e-16
4173.80914306641 1.6331274554652945e-16
4178.29202699661 1.548362366078888e-16
4182.77491092682 1.221083819714504e-16
4187.25779485703 9.948239500011062e-17
4191.74067878723 1.0867728431820784e-16
4196.22356271744 9.908730642257023e-17
4200.70644664765 1.0139074062695295e-16
4205.18933057785 1.0960414952178363e-16
4209.67221450806 9.81295280080742e-17
4214.15509843826 1.0245933014362611e-16
4218.63798236847 1.2035531835998584e-16
4223.12086629868 1.220006419332855e-16
4227.60375022888 1.2909360818381812e-16
4232.08663415909 1.4961456759944176e-16
4236.5695180893 1.8165724831869955e-16
4241.0524020195 1.996733264295268e-16
4245.53528594971 2.076691145218117e-16
4250.01816987991 2.1040052147749975e-16
4254.50105381012 1.8641325922892333e-16
4258.98393774033 1.4723848816149626e-16
4263.46682167053 1.1661782334753444e-16
4267.94970560074 1.0298517646846458e-16
4272.43258953095 1.0056072361393654e-16
4276.91547346115 9.49709723625043e-17
4281.39835739136 7.935928756448464e-17
4285.88124132156 8.060722303490882e-17
4290.36412525177 8.269516326908477e-17
4294.84700918198 8.676223562836916e-17
4299.32989311218 8.596701162928834e-17
4303.81277704239 9.227101606473249e-17
4308.2956609726 9.805625337752467e-17
4312.7785449028 1.1853443677608985e-16
4317.26142883301 1.29069248702371e-16
4321.74431276321 1.2600770723457837e-16
4326.22719669342 1.3560744343192627e-16
4330.71008062363 1.4411214488023149e-16
4335.19296455383 1.493686639856098e-16
4339.67584848404 1.5416256703314167e-16
4344.15873241425 1.5436359787226006e-16
4348.64161634445 1.5354233568887074e-16
4353.12450027466 1.4031735042845884e-16
4357.60738420487 1.2062774463834846e-16
4362.09026813507 9.964099400013025e-17
4366.57315206528 8.906266041688397e-17
4371.05603599548 9.099368218947974e-17
4375.53891992569 1.0205661040608748e-16
4380.0218038559 1.1809835939839671e-16
4384.5046877861 1.2891756124806673e-16
4388.98757171631 1.3235975852001378e-16
4393.47045564652 1.3428987745908963e-16
4397.95333957672 1.408756758535966e-16
4402.43622350693 1.5560590438358998e-16
4406.91910743713 1.6484151534386174e-16
4411.40199136734 1.6852624548776782e-16
4415.88487529755 1.6489069325269612e-16
4420.36775922775 1.4972364505568621e-16
4424.85064315796 1.4415485454742784e-16
4429.33352708817 1.4746575942143838e-16
4433.81641101837 1.4274173068403627e-16
4438.29929494858 1.3652995660323954e-16
4442.78217887878 1.343023412901337e-16
4447.26506280899 1.4793064450037384e-16
4451.7479467392 1.6990269177761171e-16
4456.2308306694 1.9170381086245243e-16
4460.71371459961 2.2715531599424985e-16
4465.19659852982 2.3811501342907346e-16
4469.67948246002 2.1954813629421617e-16
4474.16236639023 1.9612899428328233e-16
4478.64525032044 1.8696971224789387e-16
4483.12813425064 1.8129183776214074e-16
4487.61101818085 1.751418591571059e-16
4492.09390211105 1.6438301927252847e-16
4496.57678604126 1.5176427577977184e-16
4501.05966997147 1.3876576147218182e-16
4505.54255390167 1.3343172542533262e-16
4510.02543783188 1.231874047551126e-16
4514.50832176209 1.2381025764424103e-16
4518.99120569229 1.2034210040104448e-16
4523.4740896225 1.0422583985078006e-16
4527.9569735527 9.260354079570965e-17
4532.43985748291 9.014970709057239e-17
4536.92274141312 8.991441607193229e-17
4541.40562534332 9.78369239677299e-17
4545.88850927353 1.15890241560928e-16
4550.37139320374 1.4389701367377826e-16
4554.85427713394 1.522917082644274e-16
4559.33716106415 1.5769939028259837e-16
4563.82004499436 1.7590854049755168e-16
4568.30292892456 2.016871403276366e-16
4572.78581285477 2.403828264473534e-16
4577.26869678497 2.860284305462959e-16
4581.75158071518 3.4604385730683355e-16
4586.23446464539 4.121456581747802e-16
4590.71734857559 4.596318321091895e-16
4595.2002325058 4.78164931137617e-16
4599.68311643601 4.539201573512953e-16
4604.16600036621 4.020661855494036e-16
4608.64888429642 3.500387032194058e-16
4613.13176822662 3.1235891075350175e-16
4617.61465215683 3.0999278802172793e-16
4622.09753608704 3.488903337474661e-16
4626.58042001724 3.9677120935926387e-16
4631.06330394745 4.274320753727713e-16
4635.54618787766 4.371598203750085e-16
4640.02907180786 4.1916760245525527e-16
4644.51195573807 3.956203473572327e-16
4648.99483966827 3.7985047572438766e-16
4653.47772359848 3.6927600117393846e-16
4657.96060752869 3.721750348106346e-16
4662.44349145889 4.116505115039067e-16
4666.9263753891 4.701262302277153e-16
4671.40925931931 5.003119257575471e-16
4675.89214324951 5.135961257455192e-16
4680.37502717972 5.227688555066915e-16
4684.85791110993 5.090287962371531e-16
4689.34079504013 4.836509087807189e-16
4693.82367897034 4.324849025025088e-16
4698.30656290054 4.153090210215115e-16
4702.78944683075 4.538291377658551e-16
4707.27233076096 4.595250120675373e-16
4711.75521469116 4.4102668177441915e-16
4716.23809862137 4.2950102354000527e-16
4720.72098255158 4.2884552472485574e-16
4725.20386648178 4.410118035299348e-16
4729.68675041199 4.576131244726034e-16
4734.16963434219 4.492378844975305e-16
4738.6525182724 4.2872366798369615e-16
4743.13540220261 4.051476989016069e-16
4747.61828613281 3.741384133896396e-16
4752.10117006302 3.6113801524558014e-16
4756.58405399323 3.777012362798078e-16
4761.06693792343 3.7840434925101863e-16
4765.54982185364 3.6426290207689696e-16
4770.03270578385 3.6954919027230607e-16
4774.51558971405 3.7177127666829275e-16
4778.99847364426 3.560837227848e-16
4783.48135757446 3.390936558408825e-16
4787.96424150467 3.135690202337092e-16
4792.44712543488 3.0359968994607475e-16
4796.93000936508 3.2151528072079124e-16
4801.41289329529 3.3692920387079046e-16
4805.8957772255 3.3434549692931324e-16
4810.3786611557 3.4514879192140747e-16
4814.86154508591 3.619141062338191e-16
4819.34442901611 3.7811025594515175e-16
4823.82731294632 3.8324162821705755e-16
4828.31019687653 3.560743432207841e-16
4832.79308080673 3.176776588178784e-16
4837.27596473694 2.761299504908286e-16
4841.75884866715 2.4530970624122135e-16
4846.24173259735 2.492474234481193e-16
4850.72461652756 2.7988196196814674e-16
4855.20750045776 3.124223907887147e-16
4859.69038438797 3.293726601934923e-16
4864.17326831818 3.469244718128269e-16
4868.65615224838 3.7139622991044306e-16
4873.13903617859 3.9367167737609755e-16
4877.6219201088 4.01437009417354e-16
4882.104804039 3.9298550988443727e-16
4886.58768796921 3.5966885378425164e-16
4891.07057189942 3.1481849279357215e-16
4895.55345582962 2.632191711716416e-16
4900.03633975983 2.224395888586725e-16
4904.51922369003 2.0488514076123827e-16
4909.00210762024 2.1218656952194374e-16
4913.48499155045 2.301808922633524e-16
4917.96787548065 2.81750544784299e-16
4922.45075941086 3.730696653998075e-16
4926.93364334107 4.692778765086899e-16
4931.41652727127 5.469158684079735e-16
4935.89941120148 5.938784792230501e-16
4940.38229513168 6.310699783556518e-16
4944.86517906189 6.307720283230521e-16
4949.3480629921 6.34759222123267e-16
4953.8309469223 6.369505091139179e-16
4958.31383085251 6.199553985900762e-16
4962.79671478272 5.915507454194627e-16
4967.27959871292 5.443926622935669e-16
4971.76248264313 4.981046590840811e-16
4976.24536657333 4.3053155348938647e-16
4980.72825050354 3.4953106392649263e-16
4985.21113443375 2.7896469516627757e-16
4989.69401836395 2.2670506105614576e-16
4994.17690229416 1.9749410132676177e-16
4998.65978622437 2.023996148387097e-16
5003.14267015457 2.3775279775210615e-16
5007.62555408478 2.8858120629263027e-16
5012.10843801499 3.3878916796949084e-16
5016.59132194519 3.940872736473548e-16
5021.0742058754 4.612761319397631e-16
5025.5570898056 5.311758106065745e-16
5030.03997373581 5.924524364771793e-16
5034.52285766602 6.269438572321648e-16
5039.00574159622 6.399459369741604e-16
5043.48862552643 6.338207908690288e-16
5047.97150945664 6.090077340950353e-16
5052.45439338684 5.732351399783346e-16
5056.93727731705 5.224105408924492e-16
5061.42016124725 4.832629896273546e-16
5065.90304517746 4.63637212169445e-16
5070.38592910767 4.336416035430182e-16
5074.86881303787 4.278008731916085e-16
5079.35169696808 4.3420574939017797e-16
5083.83458089829 4.4166624919923156e-16
5088.31746482849 4.486828604268704e-16
5092.8003487587 4.456191900437939e-16
5097.28323268891 4.311731480445585e-16
5101.76611661911 4.0052403843889196e-16
5106.24900054932 3.6983882745910764e-16
5110.73188447952 3.4519404952126537e-16
5115.21476840973 3.317313657113798e-16
5119.69765233994 3.342819632697577e-16
5124.18053627014 3.3122493391025363e-16
5128.66342020035 3.009442079539236e-16
5133.14630413056 2.459741160437467e-16
5137.62918806076 2.0367481929497076e-16
5142.11207199097 1.7606590187041964e-16
5146.59495592117 1.6710275422004215e-16
5151.07783985138 1.816318404139648e-16
5155.56072378159 1.9322836467474662e-16
5160.04360771179 2.0820749554941336e-16
5164.526491642 2.228545441329285e-16
5169.00937557221 2.342426450139633e-16
5173.49225950241 2.535179359525557e-16
5177.97514343262 2.7462996253273116e-16
5182.45802736283 3.0434369164729476e-16
5186.94091129303 3.4228953970175607e-16
5191.42379522324 3.681683569171383e-16
5195.90667915344 3.8151913621307972e-16
5200.38956308365 3.716405094915155e-16
5204.87244701386 3.5723006814523036e-16
5209.35533094406 3.2813947172434467e-16
5213.83821487427 3.081355248126532e-16
5218.32109880448 3.212923915689852e-16
5222.80398273468 3.564104744991818e-16
5227.28686666489 3.8925051609633504e-16
5231.76975059509 4.1750949760324123e-16
5236.2526345253 4.1602731634045273e-16
5240.73551845551 3.93128743887893e-16
5245.21840238571 3.679947871926889e-16
5249.70128631592 3.38765854865516e-16
5254.18417024613 3.1405792215844965e-16
5258.66705417633 3.143538842058797e-16
5263.14993810654 3.26574654795917e-16
5267.63282203674 3.504818956335265e-16
5272.11570596695 3.943918704620704e-16
5276.59858989716 4.3329548418699934e-16
5281.08147382736 4.3996449030042405e-16
5285.56435775757 4.105897229003507e-16
5290.04724168778 3.661418313536562e-16
5294.53012561798 3.2912850398460897e-16
5299.01300954819 3.09907564513149e-16
5303.49589347839 3.1429829961126706e-16
5307.9787774086 3.2660564871102193e-16
5312.46166133881 3.383795334183532e-16
5316.94454526902 3.5126970282119536e-16
5321.42742919922 3.7926563285470233e-16
5325.91031312943 4.2836315429094716e-16
5330.39319705963 4.699643434661729e-16
5334.87608098984 4.882426393136903e-16
5339.35896492005 4.76933357192385e-16
5343.84184885025 4.669638256662165e-16
5348.32473278046 4.60045926274383e-16
5352.80761671066 4.560436822266779e-16
5357.29050064087 4.593975664412926e-16
5361.77338457108 4.641466716291947e-16
5366.25626850128 4.728148523492555e-16
5370.73915243149 4.9061342633484e-16
5375.2220363617 5.084905456080654e-16
5379.7049202919 5.155503964896772e-16
5384.18780422211 5.107379667396272e-16
5388.67068815231 4.967036167625901e-16
5393.15357208252 4.821429424236744e-16
5397.63645601273 4.593858524755251e-16
5402.11933994293 4.427928892228577e-16
5406.60222387314 4.36603682879123e-16
5411.08510780335 4.435853284498958e-16
5415.56799173355 4.601438367040477e-16
5420.05087566376 4.977513382903247e-16
5424.53375959397 5.304688762878511e-16
5429.01664352417 5.453218480412363e-16
5433.49952745438 5.691831775924875e-16
5437.98241138458 5.866916652155665e-16
5442.46529531479 5.888987195006831e-16
5446.948179245 5.850266307444196e-16
5451.4310631752 5.7351192222512e-16
5455.91394710541 5.497200598913843e-16
5460.39683103561 5.251578151977117e-16
5464.87971496582 5.080635868668929e-16
5469.36259889603 5.035252157772185e-16
5473.84548282623 4.94486121697496e-16
5478.32836675644 4.857611894261465e-16
5482.81125068665 4.78808194146739e-16
5487.29413461685 4.636294825885477e-16
5491.77701854706 4.486376876910749e-16
5496.25990247727 4.406017941780313e-16
5500.74278640747 4.062678406152864e-16
5505.22567033768 3.70485688701176e-16
5509.70855426788 3.497258192337324e-16
5514.19143819809 3.485009525763635e-16
5518.6743221283 3.686954336500584e-16
5523.1572060585 4.18600179132425e-16
5527.64008998871 4.74197711317033e-16
5532.12297391892 5.191738336275935e-16
5536.60585784912 5.559410829086018e-16
5541.08874177933 5.915829149826304e-16
5545.57162570953 6.057843626616168e-16
5550.05450963974 6.074403337272675e-16
5554.53739356995 5.982872451555509e-16
5559.02027750015 5.859372901599268e-16
5563.50316143036 5.717418284981969e-16
5567.98604536057 5.56825920349495e-16
5572.46892929077 5.355456486075761e-16
5576.95181322098 5.009057336672184e-16
5581.43469715119 4.841929331826843e-16
5585.91758108139 5.020696496710067e-16
5590.4004650116 5.08595931437119e-16
5594.88334894181 5.079449910173513e-16
5599.36623287201 5.074578468920513e-16
5603.84911680222 5.010759198317456e-16
5608.33200073242 4.89433585279179e-16
5612.81488466263 4.673911824497309e-16
5617.29776859284 4.453402951916362e-16
5621.78065252304 4.20907697174206e-16
5626.26353645325 3.889404155909894e-16
5630.74642038346 3.487721068946134e-16
5635.22930431366 3.226973781794582e-16
5639.71218824387 3.0089586378567695e-16
5644.19507217407 2.939962645261118e-16
5648.67795610428 3.0880527433192794e-16
5653.16084003449 3.4042850934790254e-16
5657.64372396469 3.83424850666998e-16
5662.1266078949 4.174028371074352e-16
5666.6094918251 4.452252556681712e-16
5671.09237575531 4.715452247184616e-16
5675.57525968552 5.00962015774389e-16
5680.05814361572 5.261852600611521e-16
5684.54102754593 5.436192643914126e-16
5689.02391147614 5.552398762376614e-16
5693.50679540634 5.561942389700212e-16
5697.98967933655 5.438104168748589e-16
5702.47256326675 5.31116267493106e-16
5706.95544719696 5.216544540094508e-16
5711.43833112717 5.108608850846287e-16
5715.92121505737 5.042713735071971e-16
5720.40409898758 4.958310081848912e-16
5724.88698291779 4.878012555050832e-16
5729.36986684799 4.923849736929272e-16
5733.8527507782 4.918727802762891e-16
5738.33563470841 4.799522742402254e-16
5742.81851863861 4.751959021226555e-16
5747.30140256882 4.840745216524448e-16
5751.78428649902 4.828474693852996e-16
5756.26717042923 4.811702114121732e-16
5760.75005435944 4.823716894198003e-16
5765.23293828964 4.84355416798397e-16
5769.71582221985 4.850765315942688e-16
5774.19870615006 4.723088611611121e-16
5778.68159008026 4.71725963172602e-16
5783.16447401047 4.656925896757113e-16
5787.64735794068 4.592183972096154e-16
5792.13024187088 4.670274214336833e-16
5796.61312580109 4.588830945897538e-16
5801.09600973129 4.531114050863569e-16
5805.5788936615 4.585255391858095e-16
5810.06177759171 4.489410556564369e-16
5814.54466152191 4.321752134799318e-16
5819.02754545212 4.2075820225426266e-16
5823.51042938233 4.064370261701561e-16
5827.99331331253 3.8342014821054797e-16
5832.47619724274 3.684147225816714e-16
5836.95908117294 3.6815679811981756e-16
5841.44196510315 3.631122930025472e-16
5845.92484903336 3.5487002462926804e-16
5850.40773296356 3.389881890547537e-16
5854.89061689377 3.0410310848158247e-16
5859.37350082398 2.701240442999218e-16
5863.85638475418 2.3784425326136107e-16
5868.33926868439 2.1414278085716414e-16
5872.82215261459 2.203015660473306e-16
5877.3050365448 2.627106819432498e-16
5881.78792047501 3.264216711602645e-16
5886.27080440521 4.038473924197496e-16
5890.75368833542 4.80161901582344e-16
5895.23657226563 5.412372701405421e-16
5899.71945619583 5.966702391583254e-16
5904.20234012604 6.270234655223839e-16
5908.68522405625 6.085781980742322e-16
5913.16810798645 6.031924553618526e-16
5917.65099191666 6.213694659618078e-16
5922.13387584687 6.353677403379185e-16
5926.61675977707 6.318358062613345e-16
5931.09964370728 6.167993083143774e-16
5935.58252763748 5.958445498727131e-16
5940.06541156769 5.779692555969856e-16
5944.5482954979 5.664584279093549e-16
5949.0311794281 5.531542719661063e-16
5953.51406335831 5.343465627057539e-16
5957.99694728851 5.249846205196451e-16
5962.47983121872 5.191296003094952e-16
5966.96271514893 5.059097352401304e-16
5971.44559907913 4.877047159479362e-16
5975.92848300934 4.871284298400389e-16
5980.41136693954 4.966351455502762e-16
5984.89425086975 4.987657331301397e-16
5989.37713479996 4.998113768753656e-16
5993.86001873017 5.006569407242192e-16
5998.34290266037 5.106169559028108e-16
6002.82578659058 5.177371721904989e-16
6007.30867052078 5.08996767064601e-16
6011.79155445099 5.014424525156945e-16
6016.2744383812 5.067408788506974e-16
6020.7573223114 5.046736276414432e-16
6025.24020624161 4.962625088615088e-16
6029.72309017182 4.919740268158464e-16
6034.20597410202 4.892886474050436e-16
6038.68885803223 4.931037706649309e-16
6043.17174196243 4.926973094045785e-16
6047.65462589264 4.842612953973106e-16
6052.13750982285 4.805839307268204e-16
6056.62039375305 4.781510729435851e-16
6061.10327768326 4.724575316921639e-16
6065.58616161347 4.675043498273918e-16
6070.06904554367 4.671903043861189e-16
6074.55192947388 4.757704433516381e-16
6079.03481340409 4.760403374945875e-16
6083.51769733429 4.776092849343746e-16
6088.0005812645 4.803708115321452e-16
6092.4834651947 4.710169114117014e-16
6096.96634912491 4.436153789114105e-16
6101.44923305512 4.0386408816437804e-16
6105.93211698532 3.5584394765587537e-16
6110.41500091553 3.194353254644224e-16
6114.89788484573 2.8715365456146046e-16
6119.38076877594 2.6648034286303224e-16
6123.86365270615 2.7816795266206335e-16
6128.34653663635 3.021204252867268e-16
6132.82942056656 3.323501069074577e-16
6137.31230449677 3.8455312012475464e-16
6141.79518842697 4.3629581948273234e-16
6146.27807235718 4.833174509787687e-16
6150.76095628738 5.243777098119871e-16
6155.24384021759 5.473238164986416e-16
6159.7267241478 5.590302698347832e-16
6164.209608078 5.602647739151672e-16
6168.69249200821 5.659350900785602e-16
6173.17537593842 5.588668541546608e-16
6177.65825986862 5.410517610802042e-16
6182.14114379883 5.251695903527497e-16
6186.62402772904 5.195133977715939e-16
6191.10691165924 5.155049091944316e-16
6195.58979558945 4.950530300040876e-16
6200.07267951966 4.796402922635242e-16
6204.55556344986 4.649922933282908e-16
6209.03844738007 4.3409036709451223e-16
6213.52133131027 4.0117691047254435e-16
6218.00421524048 3.711206142514434e-16
6222.48709917069 3.530095520841888e-16
6226.96998310089 3.41674311110089e-16
6231.4528670311 3.4956389972975306e-16
6235.93575096131 3.862523496070195e-16
6240.41863489151 4.2759705313454963e-16
6244.90151882172 4.684046664427635e-16
6249.38440275192 4.91738178677975e-16
6253.86728668213 5.055629751902512e-16
6258.35017061234 5.159644997102213e-16
6262.83305454254 5.107912314923483e-16
6267.31593847275 5.057702269871642e-16
6271.79882240296 5.092849645340176e-16
6276.28170633316 5.084250099213111e-16
6280.76459026337 4.972512123615433e-16
6285.24747419357 4.862560109767799e-16
6289.73035812378 4.752775188185502e-16
6294.21324205399 4.660546353190227e-16
6298.69612598419 4.607254882167413e-16
6303.1790099144 4.528459910197619e-16
6307.66189384461 4.561295021460781e-16
6312.14477777481 4.65459862085939e-16
6316.62766170502 4.679734729220437e-16
6321.11054563523 4.651799865413996e-16
6325.59342956543 4.499860359911199e-16
6330.07631349564 4.381511625774561e-16
6334.55919742584 4.387236866122569e-16
6339.04208135605 4.3323023468680486e-16
6343.52496528626 4.344637438083522e-16
6348.00784921646 4.416849674687482e-16
6352.49073314667 4.341187949923895e-16
6356.97361707688 4.2809272200246343e-16
6361.45650100708 4.3222485657992324e-16
6365.93938493729 4.3264758040965427e-16
6370.42226886749 4.3169157748090245e-16
6374.9051527977 4.354232967137755e-16
6379.38803672791 4.312115163722223e-16
6383.87092065811 4.221234663756286e-16
6388.35380458832 4.0320892035970997e-16
6392.83668851853 3.7228316812677196e-16
6397.31957244873 3.4852600174601276e-16
6401.80245637894 3.311103249257938e-16
6406.28534030914 3.2752963582835955e-16
6410.76822423935 3.300664990994651e-16
6415.25110816956 3.286391877467014e-16
6419.73399209976 3.3599835241120023e-16
6424.21687602997 3.4163308512243e-16
6428.69975996018 3.3023184494586605e-16
6433.18264389038 3.1251292751444965e-16
6437.66552782059 3.042565871731202e-16
6442.14841175079 3.1132440056754223e-16
6446.631295681 3.121873539607283e-16
6451.11417961121 2.9987059958600744e-16
6455.59706354141 2.8022093029856707e-16
6460.07994747162 2.466777619334049e-16
6464.56283140183 2.1342023385402384e-16
6469.04571533203 1.870132403014225e-16
6473.52859926224 1.642641379781068e-16
6478.01148319245 1.510661745305755e-16
6482.49436712265 1.455317539128052e-16
6486.97725105286 1.4663440637112806e-16
6491.46013498306 1.5256832364585386e-16
6495.94301891327 1.658643530845112e-16
6500.42590284348 1.8294721440202409e-16
6504.90878677368 1.9943968428695334e-16
6509.39167070389 2.2418678491170515e-16
6513.8745546341 2.466019374816129e-16
6518.3574385643 2.585164356458883e-16
6522.84032249451 2.620941412898885e-16
6527.32320642471 2.706637521490366e-16
6531.80609035492 3.075551310070039e-16
6536.28897428513 3.6635083039179677e-16
6540.77185821533 4.609421065088959e-16
6545.25474214554 5.735290474680883e-16
6549.73762607575 6.963535513909056e-16
6554.22051000595 8.047552140061933e-16
6558.70339393616 8.889745035853926e-16
6563.18627786636 9.557457750356251e-16
6567.66916179657 1.0033974987309574e-15
6572.15204572678 1.0331508849967458e-15
6576.63492965698 1.043751490850346e-15
6581.11781358719 1.035966651205953e-15
6585.6006975174 1.0082399313258845e-15
6590.0835814476 9.758269756120763e-16
6594.56646537781 9.524535492169572e-16
6599.04934930802 9.248469692115633e-16
6603.53223323822 8.921738732790052e-16
6608.01511716843 8.634245479231108e-16
6612.49800109863 8.303709661335192e-16
6616.98088502884 7.966845306390136e-16
6621.46376895905 7.71958445511272e-16
6625.94665288925 7.358512058839878e-16
6630.42953681946 6.984616700211697e-16
6634.91242074967 6.830453405975117e-16
6639.39530467987 6.57437633846003e-16
6643.87818861008 6.389788161297475e-16
6648.36107254028 6.12676872967131e-16
6652.84395647049 5.862057670271488e-16
6657.3268404007 5.67054930260239e-16
6661.8097243309 5.487951708554724e-16
6666.29260826111 5.344272639030774e-16
6670.77549219132 5.29684281284199e-16
6675.25837612152 5.27939651747959e-16
6679.74126005173 5.186514309873964e-16
6684.22414398193 5.051787155494912e-16
6688.70702791214 4.946095623712276e-16
6693.18991184235 4.89847059802614e-16
6697.67279577255 4.872123825770656e-16
6702.15567970276 4.80234630926433e-16
6706.63856363297 4.68943271680796e-16
6711.12144756317 4.646505918041613e-16
6715.60433149338 4.653682192277905e-16
6720.08721542359 4.610097977124768e-16
6724.57009935379 4.613568129167868e-16
6729.052983284 4.6391791967444e-16
6733.5358672142 4.60003918417977e-16
6738.01875114441 4.558227659144483e-16
6742.50163507462 4.500844217396613e-16
6746.98451900482 4.453180344343102e-16
6751.46740293503 4.3571426097733664e-16
6755.95028686523 4.4142560049883186e-16
6760.43317079544 4.3783575308687056e-16
6764.91605472565 4.3379291128929766e-16
6769.39893865585 4.28096093317017e-16
6773.88182258606 4.1327559858076886e-16
6778.36470651627 4.141484049116287e-16
6782.84759044648 4.2338465439926195e-16
6787.33047437668 4.2510105721605124e-16
6791.81335830689 4.289967015663192e-16
6796.29624223709 4.298550923333955e-16
6800.7791261673 4.237842809760243e-16
6805.26201009751 4.2539348073386755e-16
6809.74489402771 4.2742377655066113e-16
6814.22777795792 4.244380515766836e-16
6818.71066188812 4.2435014538009276e-16
6823.19354581833 4.254652211150092e-16
6827.67642974854 4.282598902153973e-16
6832.15931367874 4.284252421318002e-16
6836.64219760895 4.2647364983991497e-16
6841.12508153916 4.2488666873386695e-16
6845.60796546936 4.165058545606314e-16
6850.09084939957 4.212301436877637e-16
6854.57373332977 4.2716688736551304e-16
6859.05661725998 4.2305065974840447e-16
6863.53950119019 4.282507983240605e-16
6868.02238512039 4.3014458792324827e-16
6872.5052690506 4.30916561461537e-16
6876.98815298081 4.2786010746392775e-16
6881.47103691101 4.1782513568692574e-16
6885.95392084122 4.2557575521820364e-16
6890.43680477142 4.3547842142694985e-16
6894.91968870163 4.3013421608756317e-16
6899.40257263184 4.200676608319535e-16
6903.88545656204 4.2095880925684013e-16
6908.36834049225 4.295215294540346e-16
6912.85122442246 4.2888252623529545e-16
6917.33410835266 4.2375141949214626e-16
6921.81699228287 4.216210057483877e-16
6926.29987621308 4.2099085669347187e-16
6930.78276014328 4.20580035910556e-16
6935.26564407349 4.186376248546296e-16
6939.74852800369 4.1750630077463314e-16
6944.2314119339 4.192237788065032e-16
6948.71429586411 4.1863797537206807e-16
6953.19717979431 4.1418150673464634e-16
6957.68006372452 4.1496492124459344e-16
6962.16294765473 4.10056554221457e-16
6966.64583158493 4.0966616517824037e-16
6971.12871551514 4.0059423041978853e-16
6975.61159944534 3.9408635337753107e-16
6980.09448337555 3.786554251484544e-16
6984.57736730576 3.7987792621685995e-16
6989.06025123596 3.96269707859424e-16
6993.54313516617 4.122193855235362e-16
6998.02601909638 4.176080225933987e-16
7002.50890302658 4.233734878181366e-16
7006.99178695679 4.245329183424745e-16
7011.474670887 4.2217688083044887e-16
7015.9575548172 4.2870319303003e-16
7020.44043874741 4.345061631792335e-16
7024.92332267761 4.3528783184600854e-16
7029.40620660782 4.32192922070682e-16
7033.88909053803 4.3088256424816955e-16
7038.37197446823 4.2746380816839056e-16
7042.85485839844 4.229988393679539e-16
7047.33774232865 4.2612064293909047e-16
7051.82062625885 4.234411679002795e-16
7056.30351018906 4.2041806732862075e-16
7060.78639411926 4.1752697533278453e-16
7065.26927804947 4.1668253688930756e-16
7069.75216197968 4.2106084346709893e-16
7074.23504590988 4.186609006998755e-16
7078.71792984009 4.1828628865651117e-16
7083.2008137703 4.1659671118957326e-16
7087.6836977005 4.1429891103795773e-16
7092.16658163071 4.104228198680527e-16
7096.64946556091 4.0619583467902427e-16
7101.13234949112 4.084861252739421e-16
7105.61523342133 4.1506646152064176e-16
7110.09811735153 4.1312786204650434e-16
7114.58100128174 4.1284860746348796e-16
7119.06388521195 4.1519574122467214e-16
7123.54676914215 4.1294558709409427e-16
7128.02965307236 4.130040546129601e-16
7132.51253700256 4.196084048647155e-16
7136.99542093277 4.199556381664883e-16
7141.47830486298 4.1438693132679046e-16
7145.96118879318 4.135379107635728e-16
7150.44407272339 4.144873223506964e-16
7154.9269566536 4.129652579729758e-16
7159.4098405838 4.1050512875089366e-16
7163.89272451401 4.0869848673481906e-16
7168.37560844421 4.0102150159142367e-16
7172.85849237442 4.0504916172387496e-16
7177.34137630463 4.058474524609662e-16
7181.82426023483 4.013650905862442e-16
7186.30714416504 3.9307534208242956e-16
7190.79002809525 3.8240089067835564e-16
7195.27291202545 3.8012646052523416e-16
7199.75579595566 3.830242884041478e-16
7204.23867988586 3.897568819368159e-16
7208.72156381607 4.0093150022470226e-16
7213.20444774628 4.1653627167988723e-16
7217.68733167649 4.217636954826801e-16
7222.17021560669 4.2512868575257366e-16
7226.6530995369 4.3577542767519347e-16
7231.1359834671 4.416894248967098e-16
7235.61886739731 4.3589090368847935e-16
7240.10175132752 4.306464564942874e-16
7244.58463525772 4.2379031617281047e-16
7249.06751918793 4.1674748337723495e-16
7253.55040311814 4.1947290201651673e-16
7258.03328704834 4.1737753482660654e-16
7262.51617097855 4.156144204140151e-16
7266.99905490875 4.10614902005371e-16
7271.48193883896 4.0856517592835403e-16
7275.96482276917 3.9581784829722567e-16
7280.44770669937 3.8907395113007994e-16
7284.93059062958 3.9190387864966203e-16
7289.41347455979 3.8720109140432117e-16
7293.89635848999 3.9564944758054544e-16
7298.3792424202 4.0792511418804184e-16
7302.8621263504 4.2034181177076703e-16
7307.34501028061 4.2537725256576095e-16
7311.82789421082 4.3871198953257755e-16
7316.31077814102 4.540909435409009e-16
7320.79366207123 4.608892199984953e-16
7325.27654600144 4.604391376677489e-16
7329.75942993164 4.557366467434592e-16
7334.24231386185 4.523421305774828e-16
7338.72519779205 4.543268723439213e-16
7343.20808172226 4.509077288472836e-16
7347.69096565247 4.442527544419779e-16
7352.17384958267 4.400388465069787e-16
7356.65673351288 4.33748566562928e-16
7361.13961744308 4.3423516490565107e-16
7365.62250137329 4.351948512600978e-16
7370.1053853035 4.3285758390900654e-16
7374.58826923371 4.2778887830534e-16
7379.07115316391 4.1509278202406414e-16
7383.55403709412 4.1177853871876074e-16
7388.03692102432 4.0989436614826164e-16
7392.51980495453 4.010023752769444e-16
7397.00268888474 3.952914498036793e-16
7401.48557281494 3.934696422994642e-16
7405.96845674515 3.897233407119309e-16
7410.45134067536 3.8555464944317856e-16
7414.93422460556 3.8165463595508564e-16
7419.41710853577 3.789905104090291e-16
7423.89999246597 3.805472529159265e-16
7428.38287639618 3.757667464422796e-16
7432.86576032639 3.6348820823780617e-16
7437.34864425659 3.605770472973608e-16
7441.8315281868 3.6382118649922753e-16
7446.31441211701 3.690650005765522e-16
7450.79729604721 3.839953598499219e-16
7455.28017997742 3.94940360898043e-16
7459.76306390763 4.0090656200986457e-16
7464.24594783783 4.1172909875631335e-16
7468.72883176804 4.207227623861813e-16
7473.21171569824 4.25809349130273e-16
7477.69459962845 4.2489469243836416e-16
7482.17748355866 4.2445228805082115e-16
7486.66036748886 4.14258911398797e-16
7491.14325141907 4.096403242933498e-16
7495.62613534928 4.1004309382233543e-16
7500.10901927948 4.1159759733378174e-16
7504.59190320969 4.0808291959654777e-16
7509.07478713989 4.0535653161042673e-16
7513.5576710701 4.0087668393927236e-16
7518.04055500031 3.9672094301138026e-16
7522.52343893051 4.0177710635621743e-16
7527.00632286072 4.0607644389200303e-16
7531.48920679093 4.077900370167568e-16
7535.97209072113 4.0246483445423053e-16
7540.45497465134 3.9536673013241563e-16
7544.93785858154 4.0102346813466663e-16
7549.42074251175 4.0216765718319717e-16
7553.90362644196 3.977181016337916e-16
7558.38651037216 3.896995254399179e-16
7562.86939430237 3.902395203947166e-16
7567.35227823258 4.000919028821325e-16
7571.83516216278 4.000509765313994e-16
7576.31804609299 3.8309559862669646e-16
7580.8009300232 3.83818086241712e-16
7585.2838139534 3.8048747600775803e-16
7589.76669788361 3.9224801907815896e-16
7594.24958181381 4.058508793171743e-16
7598.73246574402 3.8588300012759714e-16
7603.21534967423 3.723245678406119e-16
7607.69823360443 3.8510223504487887e-16
7612.18111753464 3.8487308331518344e-16
7616.66400146484 3.707126814376905e-16
7621.14688539505 3.761994264244933e-16
7625.62976932526 3.8090031317494607e-16
7630.11265325546 3.73513850365689e-16
7634.59553718567 3.715522503832027e-16
7639.07842111588 3.644461950324649e-16
7643.56130504608 3.61986651308475e-16
7648.04418897629 3.602750832336932e-16
7652.52707290649 3.6614744226192115e-16
7657.0099568367 3.7725077456878095e-16
7661.49284076691 3.784300109933003e-16
7665.97572469711 3.707463053654684e-16
7670.45860862732 3.696352283149703e-16
7674.94149255753 3.6253153958689515e-16
7679.42437648773 3.561349538914298e-16
7683.90726041794 3.4766041457359725e-16
7688.39014434815 3.4329406981286056e-16
7692.87302827835 3.483004640898682e-16
7697.35591220856 3.618155340680849e-16
7701.83879613877 3.777970403709625e-16
7706.32168006897 3.937866622959806e-16
7710.80456399918 4.0196846281467275e-16
7715.28744792938 4.010610229233564e-16
7719.77033185959 4.0441300911977056e-16
7724.2532157898 4.09738947507157e-16
7728.73609972 4.136966653731221e-16
7733.21898365021 4.141472067611618e-16
7737.70186758042 4.017977006708741e-16
7742.18475151062 3.754726979407233e-16
7746.66763544083 3.333488859878711e-16
7751.15051937103 2.9600619469721694e-16
7755.63340330124 2.822230684089784e-16
7760.11628723145 2.896792916206317e-16
7764.59917116165 3.009314931178909e-16
7769.08205509186 3.2291649836095793e-16
7773.56493902206 3.3573040619168544e-16
7778.04782295227 3.4877471333020405e-16
7782.53070688248 3.5876527796271294e-16
7787.01359081268 3.701587431060013e-16
7791.49647474289 3.8077092825507493e-16
7795.9793586731 3.863977815926467e-16
7800.4622426033 3.9987492484411815e-16
7804.94512653351 4.0083819609003237e-16
7809.42801046372 3.9424780599104546e-16
7813.91089439392 3.9418548701156984e-16
7818.39377832413 3.857047444366161e-16
7822.87666225433 3.730581878910041e-16
7827.35954618454 3.7411390057206853e-16
7831.84243011475 3.778275660741914e-16
7836.32531404495 3.7376057294233983e-16
7840.80819797516 3.711480879618978e-16
7845.29108190537 3.6913414534310276e-16
7849.77396583557 3.675317893052463e-16
7854.25684976578 3.60380910239672e-16
7858.73973369599 3.5094207775262606e-16
7863.22261762619 3.5111173109476305e-16
7867.7055015564 3.4755491752213795e-16
7872.1883854866 3.505990752188995e-16
7876.67126941681 3.5447294550913357e-16
7881.15415334702 3.5639762713375606e-16
7885.63703727722 3.5221011994231054e-16
7890.11992120743 3.564742609924112e-16
7894.60280513764 3.570924719728773e-16
7899.08568906784 3.5619756831657314e-16
7903.56857299805 3.570292174076293e-16
7908.05145692825 3.5828852272453355e-16
7912.53434085846 3.6106547137035453e-16
7917.01722478867 3.585695413018188e-16
7921.50010871887 3.581825530714435e-16
7925.98299264908 3.603819669067239e-16
7930.46587657929 3.586476541147335e-16
7934.94876050949 3.5918174251865117e-16
7939.4316444397 3.621819631582312e-16
7943.9145283699 3.696933934633221e-16
7948.39741230011 3.636308988185778e-16
7952.88029623032 3.575985547489205e-16
7957.36318016052 3.5763841733244345e-16
7961.84606409073 3.627767575508392e-16
7966.32894802094 3.675200623231306e-16
7970.81183195114 3.5620857098214157e-16
7975.29471588135 3.4964761972020366e-16
7979.77759981156 3.513596150156601e-16
7984.26048374176 3.605921498682785e-16
7988.74336767197 3.5900467573842874e-16
7993.22625160217 3.4784637793751284e-16
7997.70913553238 3.4710448338090366e-16
8002.19201946259 3.5308690202548873e-16
8006.67490339279 3.575521002461202e-16
8011.157787323 3.5607102954962826e-16
8015.64067125321 3.5045259755166776e-16
8020.12355518341 3.493874756612348e-16
8024.60643911362 3.4778274777898283e-16
8029.08932304382 3.4852469946819813e-16
8033.57220697403 3.5426047975112456e-16
8038.05509090424 3.549227003732253e-16
8042.53797483444 3.5551010431998303e-16
8047.02085876465 3.496071088492856e-16
8051.50374269486 3.5500335265635557e-16
8055.98662662506 3.547937452923815e-16
8060.46951055527 3.513191050224083e-16
8064.95239448547 3.443287818804843e-16
8069.43527841568 3.518068222577618e-16
8073.91816234589 3.5018504323796994e-16
8078.40104627609 3.536036273533139e-16
8082.8839302063 3.528596294489053e-16
8087.36681413651 3.484898756239269e-16
8091.84969806671 3.48943222530674e-16
8096.33258199692 3.4985278329152636e-16
8100.81546592712 3.4999868874250075e-16
8105.29834985733 3.4446864928608335e-16
8109.78123378754 3.379696004736384e-16
8114.26411771774 3.4045234422927117e-16
8118.74700164795 3.40094699561765e-16
8123.22988557816 3.4531655159170234e-16
8127.71276950836 3.5249541111846853e-16
8132.19565343857 3.4440733889297763e-16
8136.67853736878 3.4524473428064543e-16
8141.16142129898 3.4310682834397733e-16
8145.64430522919 3.4483932642678567e-16
8150.1271891594 3.487925203002232e-16
8154.6100730896 3.373371029998735e-16
8159.09295701981 3.264494476952256e-16
8163.57584095001 3.293564305007284e-16
8168.05872488022 3.2438530406736593e-16
8172.54160881043 3.285759500310637e-16
8177.02449274063 3.268990660853951e-16
8181.50737667084 3.1776265387167073e-16
8185.99026060105 3.1759224140272317e-16
8190.47314453125 3.194028869926282e-16
8194.95602846146 3.1945982154741703e-16
8199.43891239167 3.218936358211999e-16
8203.92179632187 3.280455846209367e-16
8208.40468025208 3.315177955537433e-16
8212.88756418228 3.3418700577797177e-16
8217.37044811249 3.3081934527623595e-16
8221.8533320427 3.282033083796816e-16
8226.3362159729 3.3026436098671676e-16
8230.81909990311 3.24375170497964e-16
8235.30198383332 3.280592760509677e-16
8239.78486776352 3.4372710790831213e-16
8244.26775169373 3.4950000844942325e-16
8248.75063562393 3.406128167024459e-16
8253.23351955414 3.4216635062913093e-16
8257.71640348435 3.361458409570316e-16
8262.19928741455 3.3541685800473737e-16
8266.68217134476 3.421001846021548e-16
8271.16505527497 3.427502921560193e-16
8275.64793920517 3.496559297176117e-16
8280.13082313538 3.5550852122029737e-16
8284.61370706559 3.4898790355956046e-16
8289.09659099579 3.3952315686607903e-16
8293.579474926 3.391083440760623e-16
8298.0623588562 3.3442797250526014e-16
8302.54524278641 3.2529856315044766e-16
8307.02812671662 3.2540155377165466e-16
8311.51101064682 3.276565683386098e-16
8315.99389457703 3.257893928811781e-16
8320.47677850723 3.2524177294791864e-16
8324.95966243744 3.2376199335043287e-16
8329.44254636765 3.296818991906425e-16
8333.92543029785 3.3778359229082597e-16
8338.40831422806 3.375845920378407e-16
8342.89119815827 3.4577248358031034e-16
8347.37408208847 3.4635905936874516e-16
8351.85696601868 3.343597828136565e-16
8356.33984994889 3.344586208649766e-16
8360.82273387909 3.32956372871378e-16
8365.3056178093 3.2597798136965865e-16
8369.7885017395 3.2104987756010463e-16
8374.27138566971 3.2377781922953765e-16
8378.75426959992 3.204926112953693e-16
8383.23715353012 3.0073747295864333e-16
8387.72003746033 2.7990394363419276e-16
8392.20292139054 2.5108953558380996e-16
8396.68580532074 2.1669543607367683e-16
8401.16868925095 1.7902832011357507e-16
8405.65157318115 1.463772401018204e-16
8410.13445711136 1.1192639334595785e-16
8414.61734104157 8.033539529398845e-17
8419.10022497178 6.63307701015895e-17
8423.58310890198 6.372475918186028e-17
8428.06599283218 5.374651301657673e-17
8432.54887676239 4.163238251431839e-17
8437.0317606926 4.36875489172885e-17
8441.51464462281 4.658782599229345e-17
8445.99752855301 4.8912609016048056e-17
8450.48041248322 5.0485437539137464e-17
8454.96329641342 5.47241549994088e-17
8459.44618034363 6.042106384567068e-17
8463.92906427384 6.249594014765382e-17
8468.41194820404 6.332607518071623e-17
8472.89483213425 8.480405984219302e-17
8477.37771606446 1.0416625217080393e-16
8481.86059999466 1.1719612761362816e-16
8486.34348392487 1.2765005840420798e-16
8490.82636785507 1.4295979677945805e-16
8495.30925178528 1.6106714270314035e-16
8499.79213571549 1.7531026072928725e-16
8504.27501964569 1.9348745191163596e-16
8508.7579035759 2.257478924828764e-16
8513.24078750611 2.6238486228281993e-16
8517.72367143631 2.9992074412424366e-16
8522.20655536652 3.440079693802782e-16
8526.68943929672 3.8394818373661805e-16
8531.17232322693 4.1444573486125e-16
8535.65520715714 4.4096622754087964e-16
8540.13809108734 4.545487703169489e-16
8544.62097501755 4.486889825643742e-16
8549.10385894776 4.2971459916883396e-16
8553.58674287796 3.994804871474936e-16
8558.06962680817 3.616033839916911e-16
8562.55251073838 3.250489745944087e-16
8567.03539466858 2.8798658445735757e-16
8571.51827859879 2.552299824336986e-16
8576.00116252899 2.264202151204811e-16
8580.4840464592 2.0888575975510474e-16
8584.96693038941 1.9437775698287071e-16
8589.44981431961 1.7919778977275744e-16
8593.93269824982 1.7654608102241875e-16
8598.41558218003 1.7044232334860614e-16
8602.89846611023 1.7255665573047243e-16
8607.38135004044 1.8134583258479637e-16
8611.86423397064 1.8550569756947426e-16
8616.34711790085 1.9553681864556115e-16
8620.83000183106 2.0924719248640168e-16
8625.31288576126 2.342204844759057e-16
8629.79576969147 2.6760072776652673e-16
8634.27865362167 2.9729625292302297e-16
8638.76153755188 3.2774131896042015e-16
8643.24442148209 3.630794255109493e-16
8647.72730541229 4.0689600876487633e-16
8652.2101893425 4.534607805944037e-16
8656.69307327271 4.913639083964609e-16
8661.17595720291 5.149580826445421e-16
8665.65884113312 5.273851482288105e-16
8670.14172506333 5.441495589648862e-16
8674.62460899353 5.64887117599842e-16
8679.10749292374 5.848145549840097e-16
8683.59037685395 5.851729996716644e-16
8688.07326078415 5.913340828258952e-16
8692.55614471436 5.944715037826688e-16
8697.03902864456 5.897085953614841e-16
8701.52191257477 5.745785268110253e-16
8706.00479650498 5.726325033415596e-16
8710.48768043518 5.715265230804103e-16
8714.97056436539 5.731060070152049e-16
8719.4534482956 5.551195161624906e-16
8723.9363322258 5.272794466180585e-16
8728.41921615601 5.107089934766687e-16
8732.90210008621 4.959738473646995e-16
8737.38498401642 4.868786307169637e-16
8741.86786794663 4.82962009561144e-16
8746.35075187683 4.713285819924409e-16
8750.83363580704 4.600038361975191e-16
8755.31651973725 4.481301509639451e-16
8759.79940366745 4.2949405973279547e-16
8764.28228759766 4.1880587892234466e-16
8768.76517152786 4.0960149926272243e-16
8773.24805545807 4.0106608148496216e-16
8777.73093938828 3.9603770898370235e-16
8782.21382331848 3.7217685543228137e-16
8786.69670724869 3.6566549120415565e-16
8791.1795911789 3.5778106205194547e-16
8795.6624751091 3.5577997215188243e-16
8800.14535903931 3.5524923128448564e-16
8804.62824296951 3.4394497320609275e-16
8809.11112689972 3.4442218869011095e-16
8813.59401082993 3.3945331092842654e-16
8818.07689476013 3.235038102830532e-16
8822.55977869034 3.25701432453705e-16
8827.04266262055 3.101596612217589e-16
8831.52554655075 3.094572569853251e-16
8836.00843048096 3.0546875485240973e-16
8840.49131441116 3.0390188397776655e-16
8844.97419834137 3.0012518184643824e-16
8849.45708227158 2.9607338394460403e-16
8853.93996620178 3.037942732182866e-16
8858.42285013199 3.090664211842212e-16
8862.9057340622 3.000812940556032e-16
8867.3886179924 2.951195422682592e-16
8871.87150192261 2.956233505840928e-16
8876.35438585282 2.8329694034760505e-16
8880.83726978302 2.699099500248423e-16
8885.32015371323 2.510318138327045e-16
8889.80303764344 2.3373146794861414e-16
8894.28592157364 2.2919524052493544e-16
8898.76880550385 2.2157034158857383e-16
8903.25168943405 2.201114006989786e-16
8907.73457336426 2.2608755230181377e-16
8912.21745729447 2.5057068427413922e-16
8916.70034122467 2.6014665589970055e-16
8921.18322515488 2.6463179269136833e-16
8925.66610908508 2.7819454911901647e-16
8930.14899301529 2.8276810422663824e-16
8934.6318769455 2.854236743469346e-16
8939.1147608757 2.942956672350501e-16
8943.59764480591 2.9044797080928514e-16
8948.08052873612 2.889470250568143e-16
8952.56341266632 3.1751503588018604e-16
8957.04629659653 3.305834589231047e-16
8961.52918052674 3.197569552581747e-16
8966.01206445694 3.1908058327519443e-16
8970.49494838715 3.18801846105181e-16
8974.97783231735 3.186902007645182e-16
8979.46071624756 3.0840260049135934e-16
8983.94360017777 3.000536989905761e-16
8988.42648410797 2.940841868844489e-16
8992.90936803818 2.76725529641802e-16
8997.39225196839 2.8304229567315975e-16
9001.87513589859 2.9847277014733534e-16
9006.3580198288 3.058337373805299e-16
9010.84090375901 3.1265330557189606e-16
9015.32378768921 3.1311012943842003e-16
9019.80667161942 3.133227418152592e-16
9024.28955554962 3.0944039189516075e-16
9028.77243947983 2.876083296680776e-16
9033.25532341004 2.7972546249716694e-16
9037.73820734024 2.667890300109752e-16
9042.22109127045 2.5403983737124016e-16
9046.70397520066 2.5005547906031637e-16
9051.18685913086 2.315211001438887e-16
9055.66974306107 2.269456892769127e-16
9060.15262699127 2.2144580173050388e-16
9064.63551092148 2.2032721432166492e-16
9069.11839485169 2.145438079468401e-16
9073.60127878189 2.0654136487880727e-16
9078.0841627121 2.0465132666587003e-16
9082.56704664231 2.156182712080153e-16
9087.04993057251 2.323542163119635e-16
9091.53281450272 2.456029661979664e-16
9096.01569843293 2.6145263807915294e-16
9100.49858236313 2.8102353720243504e-16
9104.98146629334 2.964428431489138e-16
9109.46435022354 3.080021338402777e-16
9113.94723415375 3.090290551677097e-16
9118.43011808396 3.032281010896396e-16
9122.91300201416 3.0392128314096386e-16
9127.39588594437 2.976953138697088e-16
9131.87876987458 2.958455319021427e-16
9136.36165380478 3.0759314888672795e-16
9140.84453773499 3.066178118085599e-16
9145.32742166519 3.006425295325879e-16
9149.8103055954 2.89148260392838e-16
9154.29318952561 3.0422964915050875e-16
9158.77607345581 3.1350416008416377e-16
9163.25895738602 3.01960170908684e-16
9167.74184131623 2.942272025091816e-16
9172.22472524643 2.742606996488247e-16
9176.70760917664 2.595347342374191e-16
9181.19049310684 2.5907343060769433e-16
9185.67337703705 2.3936219147524e-16
9190.15626096726 2.2015584535789983e-16
9194.63914489746 2.1825765975902819e-16
9199.12202882767 2.092381805811697e-16
9203.60491275788 2.0307605836083984e-16
9208.08779668808 2.0035309540611033e-16
9212.57068061829 2.068812342563399e-16
9217.05356454849 2.1823314571039308e-16
9221.5364484787 2.4127673516471504e-16
9226.01933240891 2.711732413638456e-16
9230.50221633911 3.036980437109453e-16
9234.98510026932 3.0022446289155615e-16
9239.46798419953 2.9178046843333303e-16
9243.95086812973 3.0873097032688967e-16
9248.43375205994 3.3340850515676214e-16
9252.91663599014 3.4387836845879365e-16
9257.39951992035 3.3912674993233077e-16
9261.88240385056 3.344530205060452e-16
9266.36528778076 3.4173308746347413e-16
9270.84817171097 3.227213577413041e-16
9275.33105564118 3.2295210749651345e-16
9279.81393957138 3.09285090313854e-16
9284.29682350159 2.9566467336827356e-16
9288.7797074318 3.0071161210568617e-16
9293.262591362 2.9945166926619805e-16
9297.74547529221 3.137858023410033e-16
9302.22835922242 3.385498587680207e-16
9306.71124315262 3.246900343883466e-16
9311.19412708283 2.9706004337373606e-16
9315.67701101303 3.0682376764439156e-16
9320.15989494324 3.421479584483754e-16
9324.64277887344 3.358340897273389e-16
9329.12566280365 3.1592366598404654e-16
9333.60854673386 3.2549432846365306e-16
9338.09143066407 3.2084925041608366e-16
9342.57431459427 3.101147130150825e-16
9347.05719852448 3.256923194059742e-16
9351.54008245468 3.1377790909307164e-16
9356.02296638489 2.9372259477987087e-16
9360.5058503151 2.9084762110184947e-16
9364.9887342453 2.895568557005401e-16
9369.47161817551 2.8931038687349445e-16
9373.95450210572 2.4814892138531824e-16
9378.43738603592 2.3510939766306203e-16
9382.92026996613 2.330299781817588e-16
9387.40315389633 2.424738615580032e-16
9391.88603782654 2.500767944136401e-16
9396.36892175675 2.810864534968765e-16
9400.85180568695 2.9914976035757816e-16
9405.33468961716 3.0343195838202343e-16
9409.81757354736 3.1051024062423244e-16
9414.30045747757 3.2579524425565447e-16
9418.78334140778 3.2212062013637633e-16
9423.26622533799 3.2196758309577884e-16
9427.74910926819 3.18516894533017e-16
9432.2319931984 3.233148509369187e-16
9436.7148771286 3.3921685407852915e-16
9441.19776105881 3.2792147771937723e-16
9445.68064498901 2.9417875946768505e-16
9450.16352891922 2.9455070273734024e-16
9454.64641284943 3.193113563071708e-16
9459.12929677964 3.2042271088694885e-16
9463.61218070984 3.1038410766126336e-16
9468.09506464005 3.122447588298777e-16
9472.57794857025 3.0320497220467643e-16
9477.06083250046 3.2310270778243446e-16
9481.54371643067 3.0748966345179007e-16
9486.02660036087 2.885180528177819e-16
9490.50948429108 3.026415257573958e-16
9494.99236822129 3.216130712522341e-16
9499.47525215149 3.2983507894026724e-16
9503.9581360817 3.2718931643327667e-16
9508.4410200119 3.122159446567383e-16
9512.92390394211 2.8280376143899026e-16
9517.40678787232 2.654088679384028e-16
9521.88967180252 2.493995105620395e-16
9526.37255573273 2.4758616912759744e-16
9530.85543966293 2.4722604543967813e-16
9535.33832359314 2.580281328906584e-16
9539.82120752335 2.722595102482542e-16
9544.30409145356 2.827598640261486e-16
9548.78697538376 2.810716623201849e-16
9553.26985931397 2.743350901820187e-16
9557.75274324417 2.754725280941004e-16
9562.23562717438 2.851148497754456e-16
9566.71851110459 2.7695407317225834e-16
9571.20139503479 2.592914122686251e-16
9575.684278965 2.684633698346189e-16
9580.16716289521 2.688186985884541e-16
9584.65004682541 2.561985147594851e-16
9589.13293075562 2.35284141037251e-16
9593.61581468582 2.17652052357993e-16
9598.09869861603 2.3527430049336627e-16
9602.58158254624 2.2914333885838855e-16
9607.06446647644 2.0240574367840808e-16
9611.54735040665 2.1556934218907547e-16
9616.03023433686 2.0839159548934817e-16
9620.51311826706 1.8787801227649884e-16
9624.99600219727 1.886007766999485e-16
9629.47888612747 1.9326412912930018e-16
9633.96177005768 1.9080358517058457e-16
9638.44465398789 1.6951912124210274e-16
9642.92753791809 1.7517792142528494e-16
9647.4104218483 1.801838750086368e-16
9651.89330577851 1.7691873411140948e-16
9656.37618970871 1.789408567698531e-16
9660.85907363892 1.8515729673376723e-16
9665.34195756912 1.769427343849843e-16
9669.82484149933 1.823469871899916e-16
9674.30772542954 2.0124701940946275e-16
9678.79060935974 2.168409290035203e-16
9683.27349328995 2.309425885272841e-16
9687.75637722016 2.3512995580260715e-16
9692.23926115036 2.274904905068306e-16
9696.72214508057 2.2119936454516537e-16
9701.20502901077 2.240759472803907e-16
9705.68791294098 2.2455076301398733e-16
9710.17079687119 2.0524473556779054e-16
9714.65368080139 1.8782080391698602e-16
9719.1365647316 1.778378309260694e-16
9723.61944866181 1.7904741964684528e-16
9728.10233259201 1.9202716117017367e-16
9732.58521652222 1.9036099581798897e-16
9737.06810045242 1.8481702497497865e-16
9741.55098438263 1.8244060730529251e-16
9746.03386831284 1.7881637556683504e-16
9750.51675224304 1.7188506287523137e-16
9754.99963617325 1.6064865540199812e-16
9759.48252010346 1.6292491016815408e-16
9763.96540403366 1.7922727743136841e-16
9768.44828796387 1.9161869474687587e-16
9772.93117189408 1.8671209579055271e-16
9777.41405582428 1.640706544618924e-16
9781.89693975449 1.5755751198291094e-16
9786.37982368469 1.7177513907466935e-16
9790.8627076149 1.664799546309581e-16
9795.34559154511 1.5916070040105326e-16
9799.82847547531 1.5472920557429902e-16
9804.31135940552 1.3558887427929318e-16
9808.79424333573 1.3230125341486856e-16
9813.27712726593 1.4772553233015275e-16
9817.76001119614 1.3683520939609167e-16
9822.24289512634 1.255884065130576e-16
9826.72577905655 1.176748966401651e-16
9831.20866298676 1.1441155921070782e-16
9835.69154691696 1.2018174345045082e-16
9840.17443084717 1.3329533910941113e-16
9844.65731477738 1.4250412335800587e-16
9849.14019870758 1.3937233658453716e-16
9853.62308263779 1.3690014696352818e-16
9858.10596656799 1.3872343858427345e-16
9862.5888504982 1.2485698782114493e-16
9867.07173442841 1.278110389133023e-16
9871.55461835861 1.3876024500325964e-16
9876.03750228882 1.3163782517855258e-16
9880.52038621903 1.2470873284830037e-16
9885.00327014923 1.1579713809431228e-16
9889.48615407944 1.094830164047127e-16
9893.96903800965 1.0978712068934743e-16
9898.45192193985 1.3091083281663613e-16
9902.93480587006 1.394907078220683e-16
9907.41768980027 1.436437744231842e-16
9911.90057373047 1.2698495654250629e-16
9916.38345766068 1.2765324443870754e-16
9920.86634159088 1.3318918071704427e-16
9925.34922552109 1.3675270708060554e-16
9929.8321094513 1.416991508181908e-16
9934.3149933815 1.3574359006209406e-16
9938.79787731171 1.2350879405279642e-16
9943.28076124192 1.2863356452650092e-16
9947.76364517212 1.4697007106171104e-16
9952.24652910233 1.4071367767091036e-16
9956.72941303253 1.2665704416020857e-16
9961.21229696274 1.1682053666575664e-16
9965.69518089295 1.079173425520978e-16
9970.17806482315 1.0601320555297955e-16
9974.66094875336 9.967841273323823e-17
9979.14383268357 9.266177287732307e-17
9983.62671661377 9.521616611588324e-17
9988.10960054398 1.0976664855491353e-16
9992.59248447418 1.0475517797574816e-16
9997.07536840439 9.485047043368681e-17
10001.5582523346 9.562446543026122e-17
10006.0411362648 9.547620342743159e-17
10010.524020195 9.090292968420488e-17
10015.0069041252 8.809207492576077e-17
10019.4897880554 9.873576077494212e-17
10023.9726719856 9.753653580468341e-17
10028.4555559158 9.194798594865756e-17
10032.938439846 9.47701390136489e-17
10037.4213237762 9.4443430946916e-17
10041.9042077065 9.923691930243965e-17
10046.3870916367 1.0464275496136595e-16
10050.8699755669 1.074953652470473e-16
10055.3528594971 1.0570654940016704e-16
10059.8357434273 1.0792189473415923e-16
10064.3186273575 1.0382687319017542e-16
10068.8015112877 8.277658394283915e-17
10073.2843952179 9.45972484122082e-17
10077.7672791481 1.0022250751987747e-16
10082.2501630783 8.245035752201345e-17
10086.7330470085 7.567029472761432e-17
10091.2159309387 8.018920854425322e-17
10095.6988148689 8.474771404550521e-17
10100.1816987991 8.989722866743249e-17
10104.6645827293 9.194453504960857e-17
10109.1474666595 8.476609965895908e-17
10113.6303505898 8.504751788135775e-17
10118.11323452 9.384562874350882e-17
10122.5961184502 9.751656218043952e-17
10127.0790023804 6.974560524285017e-17
10131.5618863106 6.938776100489361e-17
10136.0447702408 5.975002497564039e-17
10140.527654171 5.772254942692481e-17
10145.0105381012 5.542329074458713e-17
10149.4934220314 4.8772187979116565e-17
10153.9763059616 6.061164218650231e-17
10158.4591898918 6.970028221305124e-17
10162.942073822 6.459914261694176e-17
10167.4249577522 7.094932857449414e-17
10171.9078416824 7.515776832561054e-17
10176.3907256126 6.304002086987222e-17
10180.8736095428 6.190253199236417e-17
10185.3564934731 5.1246749535752054e-17
10189.8393774033 4.7903355360290025e-17
10194.3222613335 5.31615613236629e-17
10198.8051452637 5.210109794441047e-17
10203.2880291939 5.0357238667683225e-17
10207.7709131241 4.403939232459079e-17
10212.2537970543 5.701177743923259e-17
10216.7366809845 6.940684093840817e-17
10221.2195649147 7.515578142352257e-17
10225.7024488449 6.722825079470106e-17
10230.1853327751 6.902149514471434e-17
10234.6682167053 5.884641999439413e-17
10239.1511006355 5.902731068736713e-17
10243.6339845657 5.905062793182811e-17
10248.1168684959 6.318297947625757e-17
10252.5997524262 5.988500389905402e-17
10257.0826363564 5.232706848345969e-17
10261.5655202866 4.299779900201247e-17
10266.0484042168 3.469175281106195e-17
10270.531288147 4.584495259992997e-17
10275.0141720772 3.3861519827087545e-17
10279.4970560074 4.710891177302383e-17
10283.9799399376 5.399258749070365e-17
10288.4628238678 2.163107197208843e-17
10292.945707798 2.7002195672461644e-17
10297.4285917282 3.5942831003757944e-17
10301.9114756584 3.768791190441726e-17
10306.3943595886 3.2965445735916545e-17
10310.8772435188 4.1409792898509046e-17
10315.360127449 4.852041403781367e-17
10319.8430113792 5.965059754510704e-17
10324.3258953095 5.736046788132948e-17
10328.8087792397 5.767896149857509e-17
10333.2916631699 5.791517336338872e-17
10337.7745471001 6.38598304503011e-17
10342.2574310303 3.8009873211650687e-17
10346.7403149605 4.7531695664875405e-17
10351.2231988907 3.5309978912766285e-17
10355.7060828209 3.635723023160145e-17
10360.1889667511 4.283874658540519e-17
10364.6718506813 2.993869460346836e-17
10369.1547346115 5.314191312441181e-17
10373.6376185417 5.657295911135434e-17
10378.1205024719 3.5804704542053556e-17
10382.6033864021 3.510490462478398e-17
10387.0862703323 3.803868711165259e-17
10391.5691542625 5.012744471800097e-17
10396.0520381928 5.5397929024197427e-17
10400.534922123 2.7352156203309687e-17
10405.0178060532 4.201614267471762e-17
10409.5006899834 5.821855998868887e-17
10413.9835739136 6.322842045259674e-17
10418.4664578438 3.814643963451155e-17
10422.949341774 1.6529580917486197e-17
10427.4322257042 5.148391292246122e-17
10431.9151096344 6.499787861168734e-17
10436.3979935646 3.859970231172506e-17
10440.8808774948 5.491871927293073e-17
10445.363761425 3.53661577341231e-17
10449.8466453552 1.8708952360955944e-17
10454.3295292854 2.1441778974986233e-17
10458.8124132156 2.6359892452907052e-17
10463.2952971458 3.035930495647464e-17
10467.7781810761 4.993505452799288e-17
10472.2610650063 3.043266800473724e-17
10476.7439489365 2.0048171886367997e-17
10481.2268328667 3.693394579147781e-17
10485.7097167969 4.4510741013151185e-17
10490.1926007271 3.822155487191325e-17
10494.6754846573 3.041414153652057e-17
10499.1583685875 1.7343336928752383e-17
10503.6412525177 3.1972626279552215e-17
10508.1241364479 4.018936331590912e-17
10512.6070203781 5.342649513751759e-17
10517.0899043083 4.8821004208521076e-17
10521.5727882385 5.0266700896635924e-17
10526.0556721687 3.7077485355576477e-17
10530.5385560989 3.545991806644033e-17
10535.0214400291 4.2317172379068326e-17
10539.5043239594 3.3006058292723304e-17
10543.9872078896 5.2226612496271295e-17
10548.4700918198 6.278652480394889e-17
10552.95297575 4.219341013466818e-17
10557.4358596802 3.389332731955414e-17
10561.9187436104 3.457415960107409e-17
10566.4016275406 4.9929322675545714e-17
10570.8845114708 5.2023493568977695e-17
10575.367395401 3.0971154731722996e-17
10579.8502793312 5.706531174255016e-18
10584.3331632614 2.656747816188853e-17
10588.8160471916 4.924634233454686e-17
10593.2989311218 2.144279800765156e-17
10597.781815052 2.892342007896787e-17
10602.2646989822 4.725412052014184e-17
10606.7475829124 3.651053552270907e-17
10611.2304668427 1.221745034038771e-17
10615.7133507729 3.158345386266225e-17
10620.1962347031 6.147786623618555e-17
10624.6791186333 4.582983811589362e-17
10629.1620025635 4.121623672351995e-17
10633.6448864937 4.28768408406525e-17
10638.1277704239 3.4682792161911663e-17
10642.6106543541 3.81554682270773e-17
10647.0935382843 3.1081565361840026e-17
10651.5764222145 5.453065715761913e-17
10656.0593061447 7.329937193887458e-17
10660.5421900749 4.011226779489813e-17
10665.0250740051 2.0077482644551465e-17
10669.5079579353 3.892602776084244e-17
