6548.0 8.546892136588555e-16
6549.9852724084 9.719476468480997e-16
6551.97054481681 1.0241241926299307e-15
6553.95581722521 1.074586525197956e-15
6555.94108963361 1.1203734691895772e-15
6557.92636204202 1.1456039949078599e-15
6559.91163445042 1.1920444352216257e-15
6561.89690685882 1.2053725973001232e-15
6563.88217926723 1.232958410354634e-15
6565.86745167563 1.246881393977354e-15
6567.85272408403 1.2653316587035662e-15
6569.83799649244 1.2765233570452898e-15
6571.82326890084 1.2820366192684787e-15
6573.80854130925 1.2829606687193119e-15
6575.79381371765 1.272040377830376e-15
6577.77908612605 1.2606839248127135e-15
6579.76435853446 1.236742170032093e-15
6581.74963094286 1.2112915683492061e-15
6583.73490335126 1.204497390382511e-15
6585.72017575966 1.2021044379848802e-15
6587.70544816807 1.2095854266498661e-15
6589.69072057647 1.2066225979260693e-15
6591.67599298488 1.1980589883334716e-15
6593.66126539328 1.1806142366938464e-15
6595.64653780168 1.1694063402570502e-15
6597.63181021009 1.1501261515596602e-15
6599.61708261849 1.1401589597159229e-15
6601.60235502689 1.1140462673697335e-15
6603.5876274353 1.0854552751078392e-15
6605.5728998437 1.0748440328504236e-15
6607.5581722521 1.061103994825048e-15
6609.54344466051 1.0515227845881995e-15
6611.52871706891 1.0370021737339474e-15
6613.51398947731 1.00668479539256e-15
6615.49926188572 9.966935267047726e-16
6617.48453429412 9.857363650564209e-16
6619.46980670252 9.509512822902985e-16
6621.45507911093 9.366946465512445e-16
6623.44035151933 9.387393296042706e-16
6625.42562392773 9.189793293649982e-16
6627.41089633614 9.091503169853327e-16
6629.39616874454 8.88183831762412e-16
6631.38144115294 8.818079594448536e-16
6633.36671356135 8.653780867875849e-16
6635.35198596975 8.507646300714015e-16
6637.33725837815 8.357440201417798e-16
6639.32253078656 8.254644940077554e-16
6641.30780319496 8.116539323111802e-16
6643.29307560337 7.993385110974664e-16
6645.27834801177 7.991072381632157e-16
6647.26362042017 7.781332424251768e-16
6649.24889282857 7.637501388569862e-16
6651.23416523698 7.466521938494122e-16
6653.21943764538 7.399756616777176e-16
6655.20471005378 7.27462228669351e-16
6657.18998246219 7.216862164451015e-16
6659.17525487059 7.206263287464942e-16
6661.16052727899 7.073416349065438e-16
6663.1457996874 7.034844220994761e-16
6665.1310720958 7.007653011092774e-16
6667.1163445042 6.882322554252192e-16
6669.10161691261 6.82214239541023e-16
6671.08688932101 6.758276032810034e-16
6673.07216172942 6.696063174427218e-16
6675.05743413782 6.579321778604807e-16
6677.04270654622 6.612467483213354e-16
6679.02797895463 6.567757794992595e-16
6681.01325136303 6.5446165450944e-16
6682.99852377143 6.56345239722278e-16
6684.98379617983 6.424921164068919e-16
6686.96906858824 6.403771082619015e-16
6688.95434099664 6.335526769298404e-16
6690.93961340505 6.176882244462375e-16
6692.92488581345 6.112254363895664e-16
6694.91015822185 6.1561076373836935e-16
6696.89543063025 6.151213887872569e-16
6698.88070303866 6.038736515899356e-16
6700.86597544706 6.042625188921754e-16
6702.85124785547 6.095082792075101e-16
6704.83652026387 6.067691028947872e-16
6706.82179267227 5.956974091689586e-16
6708.80706508068 6.005556038102383e-16
6710.79233748908 5.985207781735579e-16
6712.77760989748 5.880146226901199e-16
6714.76288230589 5.805790653009592e-16
6716.74815471429 5.91507897461771e-16
6718.73342712269 5.954759340031639e-16
6720.7186995311 5.974847191752425e-16
6722.7039719395 5.813497769381287e-16
6724.6892443479 5.723471420908416e-16
6726.67451675631 5.874134562889924e-16
6728.65978916471 5.750217894629341e-16
6730.64506157311 5.776922326757788e-16
6732.63033398152 5.739313097346774e-16
6734.61560638992 5.693127766127829e-16
6736.60087879833 5.60360892727663e-16
6738.58615120673 5.659254562581097e-16
6740.57142361513 5.650796131164095e-16
6742.55669602353 5.668876083922051e-16
6744.54196843194 5.662820088271987e-16
6746.52724084034 5.639327175392054e-16
6748.51251324874 5.665373326047512e-16
6750.49778565715 5.618056240647477e-16
6752.48305806555 5.509357735665587e-16
6754.46833047395 5.512494109344604e-16
6756.45360288236 5.541913371229628e-16
6758.43887529076 5.453356952753161e-16
6760.42414769916 5.47946949063895e-16
6762.40942010757 5.470942694169447e-16
6764.39469251597 5.344622662878612e-16
6766.37996492437 5.411312407104632e-16
6768.36523733278 5.361355629939297e-16
6770.35050974118 5.323338139505829e-16
6772.33578214959 5.395165021719203e-16
6774.32105455799 5.340773333570492e-16
6776.30632696639 5.363036330084467e-16
6778.2915993748 5.338379028001348e-16
6780.2768717832 5.328361030373487e-16
6782.2621441916 5.351203536221818e-16
6784.2474166 5.359469826183042e-16
6786.23268900841 5.447643091604693e-16
6788.21796141681 5.411121917231538e-16
6790.20323382522 5.388001643835764e-16
6792.18850623362 5.427867854847322e-16
6794.17377864202 5.376350695813157e-16
6796.15905105043 5.295367331807943e-16
6798.14432345883 5.349246376101935e-16
6800.12959586723 5.370536996340388e-16
6802.11486827564 5.3610845321716e-16
6804.10014068404 5.295380038198151e-16
6806.08541309244 5.342062225431245e-16
6808.07068550085 5.364111741086091e-16
6810.05595790925 5.413869864854362e-16
6812.04123031765 5.380891720607403e-16
6814.02650272606 5.333536597488655e-16
6816.01177513446 5.374338927263378e-16
6817.99704754286 5.357801706035856e-16
6819.98231995127 5.367960423935928e-16
6821.96759235967 5.350456095164033e-16
6823.95286476807 5.3305623433984e-16
6825.93813717648 5.345276699151556e-16
6827.92340958488 5.389306888199595e-16
6829.90868199328 5.412417417107541e-16
6831.89395440169 5.34529540812403e-16
6833.87922681009 5.370354080398729e-16
6835.86449921849 5.355544556064415e-16
6837.8497716269 5.3692873805582465e-16
6839.8350440353 5.41317456899007e-16
6841.8203164437 5.414021534757422e-16
6843.80558885211 5.4033920731240825e-16
6845.79086126051 5.467731281872106e-16
6847.77613366891 5.356736608372947e-16
6849.76140607732 5.410328286823665e-16
6851.74667848572 5.415366211254256e-16
6853.73195089412 5.398078805549805e-16
6855.71722330253 5.339399683133041e-16
6857.70249571093 5.325712406057774e-16
6859.68776811934 5.257753716465899e-16
6861.67304052774 5.323388065046069e-16
6863.65831293614 5.28945303108685e-16
6865.64358534455 4.864125899324219e-16
6867.62885775295 4.817010325925484e-16
6869.61413016135 5.050832702785379e-16
6871.59940256976 5.101319056531657e-16
6873.58467497816 5.248088827006655e-16
6875.56994738656 5.260138192128678e-16
6877.55521979497 5.307646517552566e-16
6879.54049220337 5.285083734876262e-16
6881.52576461177 5.186860033200539e-16
6883.51103702018 5.204983230176472e-16
6885.49630942858 5.152499663971751e-16
6887.48158183698 5.139579475669395e-16
6889.46685424539 5.135174582307875e-16
6891.45212665379 5.189698145621914e-16
6893.43739906219 5.2503893858595e-16
6895.4226714706 5.236391183444697e-16
6897.407943879 5.239754402574016e-16
6899.3932162874 5.18984412593555e-16
6901.37848869581 5.171218426340751e-16
6903.36376110421 5.284249898870895e-16
6905.34903351261 5.228257896502776e-16
6907.33430592102 5.162711370425928e-16
6909.31957832942 5.166143328142224e-16
6911.30485073782 5.215105966473966e-16
6913.29012314623 5.259625024765309e-16
6915.27539555463 5.234392956927826e-16
6917.26066796303 5.240172311242094e-16
6919.24594037144 5.239925694226084e-16
6921.23121277984 5.20458640980455e-16
6923.21648518824 5.154885999096274e-16
6925.20175759665 5.098733878495148e-16
6927.18703000505 5.136050808737387e-16
6929.17230241345 5.18415722298695e-16
6931.15757482186 5.212901620752507e-16
6933.14284723026 5.242625554200616e-16
6935.12811963866 5.232658934410546e-16
6937.11339204707 5.18311595995906e-16
6939.09866445547 5.176730771148006e-16
6941.08393686387 5.20648256894166e-16
6943.06920927228 5.253754662661029e-16
6945.05448168068 5.183539933576245e-16
6947.03975408909 5.132479800126194e-16
6949.02502649749 5.191156623159635e-16
6951.01029890589 5.159143776444472e-16
6952.99557131429 5.177939507193197e-16
6954.9808437227 5.135274739355667e-16
6956.9661161311 5.118482653191009e-16
6958.95138853951 5.082432978792103e-16
6960.93666094791 5.016888222555618e-16
6962.92193335631 4.974186688637834e-16
6964.90720576471 4.964047204856951e-16
6966.89247817312 5.055931479594286e-16
6968.87775058152 4.924644692837242e-16
6970.86302298992 4.901733570876917e-16
6972.84829539833 4.934335905418426e-16
6974.83356780673 4.785900679026103e-16
6976.81884021514 4.788209028724422e-16
6978.80411262354 4.812211092924937e-16
6980.78938503194 4.877599567903777e-16
6982.77465744035 4.823738138121082e-16
6984.75992984875 4.928332001500478e-16
6986.74520225715 4.958473048052944e-16
6988.73047466556 4.994078932073585e-16
6990.71574707396 5.084017936411541e-16
6992.70101948236 5.133442974212689e-16
6994.68629189077 5.167509977298365e-16
6996.67156429917 5.176367398276695e-16
6998.65683670757 5.176939873672466e-16
7000.64210911598 5.241974355702898e-16
7002.62738152438 5.247824129976692e-16
7004.61265393278 5.308809221832807e-16
7006.59792634119 5.363456475736e-16
7008.58319874959 5.339087854098187e-16
7010.56847115799 5.330370280528203e-16
7012.5537435664 5.317796095152343e-16
7014.5390159748 5.261993270868051e-16
7016.5242883832 5.24427381342448e-16
7018.50956079161 5.248099290091066e-16
7020.49483320001 5.309907955573898e-16
7022.48010560841 5.315080469728094e-16
7024.46537801682 5.296373490619985e-16
7026.45065042522 5.265186477247902e-16
7028.43592283362 5.188834763454789e-16
7030.42119524203 5.224394171998725e-16
7032.40646765043 5.216238948796158e-16
7034.39174005883 5.119029239820582e-16
7036.37701246724 5.157772954245116e-16
7038.36228487564 5.19107058447924e-16
7040.34755728404 5.21794386053587e-16
7042.33282969245 5.158034701998883e-16
7044.31810210085 5.05758948817765e-16
7046.30337450925 5.100478687960354e-16
7048.28864691766 5.056812313874556e-16
7050.27391932606 5.063757600317606e-16
7052.25919173447 5.090074451091573e-16
7054.24446414287 5.047163824142393e-16
7056.22973655127 5.007730458866725e-16
7058.21500895968 5.003285176530094e-16
7060.20028136808 5.025634002508715e-16
7062.18555377648 5.070483471157462e-16
7064.17082618488 5.018441877790903e-16
7066.15609859329 5.05334284490723e-16
7068.14137100169 4.98588163478938e-16
7070.12664341009 4.964923558724003e-16
7072.1119158185 5.009585910026394e-16
7074.0971882269 5.001456703221873e-16
7076.08246063531 5.06878907364912e-16
7078.06773304371 5.019815069006138e-16
7080.05300545211 5.011891625425819e-16
7082.03827786052 4.981881626006484e-16
7084.02355026892 4.950016897282296e-16
7086.00882267732 5.018645601017155e-16
7087.99409508573 4.989032301870524e-16
7089.97936749413 4.999231231133839e-16
7091.96463990253 5.019392628026748e-16
7093.94991231094 4.937717149021494e-16
7095.93518471934 4.99839563107906e-16
7097.92045712774 4.996776111709427e-16
7099.90572953615 4.956600590447833e-16
7101.89100194455 4.98674187875799e-16
7103.87627435295 4.93883081137835e-16
7105.86154676136 4.978515156269857e-16
7107.84681916976 5.021219364228169e-16
7109.83209157816 4.967903829092934e-16
7111.81736398657 4.968397831998824e-16
7113.80263639497 4.961848142783653e-16
7115.78790880337 4.938520366147135e-16
7117.77318121178 4.918272324754099e-16
7119.75845362018 4.927284248805946e-16
7121.74372602858 4.956630346139784e-16
7123.72899843699 4.893532105819615e-16
7125.71427084539 4.949840942432689e-16
7127.69954325379 4.941534986299999e-16
7129.6848156622 4.966762534561481e-16
7131.6700880706 4.98104990714038e-16
7133.655360479 4.948299209765675e-16
7135.64063288741 4.943139876777445e-16
7137.62590529581 4.833683992927074e-16
7139.61117770421 4.875549699174663e-16
7141.59645011262 4.871198568872921e-16
7143.58172252102 4.879700961846562e-16
7145.56699492942 4.801340535605719e-16
7147.55226733783 4.810641145348187e-16
7149.53753974623 4.784622176330939e-16
7151.52281215463 4.853904701500665e-16
7153.50808456304 4.898298409156391e-16
7155.49335697144 4.848141678868723e-16
7157.47862937984 4.813161726846505e-16
7159.46390178825 4.750423820212138e-16
7161.44917419665 4.777762403575103e-16
7163.43444660505 4.81397279613012e-16
7165.41971901346 4.754748033494358e-16
7167.40499142186 4.746643621615097e-16
7169.39026383026 4.751638959919981e-16
7171.37553623867 4.739179238255963e-16
7173.36080864707 4.738908886468931e-16
7175.34608105548 4.733659021525072e-16
7177.33135346388 4.656567550422607e-16
7179.31662587228 4.592574906605177e-16
7181.30189828069 4.581572081665058e-16
7183.28717068909 4.5626768559026955e-16
7185.27244309749 4.509312620590709e-16
7187.2577155059 4.481468469380911e-16
7189.2429879143 4.465151380385404e-16
7191.2282603227 4.396913630740606e-16
7193.2135327311 4.486484079152148e-16
7195.19880513951 4.460605118367599e-16
7197.18407754791 4.393378145136644e-16
7199.16934995632 4.495575526682437e-16
7201.15462236472 4.644093746687857e-16
7203.13989477312 4.7946737290771e-16
7205.12516718153 4.79015856041744e-16
7207.11043958993 4.884182660291563e-16
7209.09571199833 4.945455749173408e-16
7211.08098440674 4.923363745074591e-16
7213.06625681514 4.956272656594558e-16
7215.05152922354 5.081838099499185e-16
7217.03680163195 5.060885981451948e-16
7219.02207404035 5.068834797474589e-16
7221.00734644875 5.104029460043933e-16
7222.99261885716 5.200040019806459e-16
7224.97789126556 5.169907376722819e-16
7226.96316367396 5.099712081220911e-16
7228.94843608237 5.134686647946403e-16
7230.93370849077 5.05995613200737e-16
7232.91898089918 5.046766478779269e-16
7234.90425330758 5.140190437166754e-16
7236.88952571598 5.144218993339165e-16
7238.87479812438 5.066670022300517e-16
7240.86007053279 5.041087522694417e-16
7242.84534294119 5.067833727518381e-16
7244.8306153496 5.119697366745453e-16
7246.815887758 4.997883177000489e-16
7248.8011601664 4.90525116143601e-16
7250.7864325748 4.933870943653802e-16
7252.77170498321 4.954375599298408e-16
7254.75697739161 4.966669169724323e-16
7256.74224980002 4.913866842044292e-16
7258.72752220842 4.827790196366818e-16
7260.71279461682 4.729685962724419e-16
7262.69806702522 4.71662947982977e-16
7264.68333943363 4.697952086628324e-16
7266.66861184203 4.736115699739337e-16
7268.65388425044 4.7079415916353e-16
7270.63915665884 4.618253293860438e-16
7272.62442906724 4.593819981238007e-16
7274.60970147565 4.512219163111304e-16
7276.59497388405 4.555716839123555e-16
7278.58024629245 4.626023358051135e-16
7280.56551870086 4.608156801082252e-16
7282.55079110926 4.554172925129062e-16
7284.53606351766 4.547069575086935e-16
7286.52133592607 4.493801938685784e-16
7288.50660833447 4.521542243103805e-16
7290.49188074287 4.641256908067056e-16
7292.47715315127 4.767463142081482e-16
7294.46242555968 4.835377271943241e-16
7296.44769796808 4.810473407979095e-16
7298.43297037649 4.908890880808176e-16
7300.41824278489 5.067380338400373e-16
7302.40351519329 5.14055246121561e-16
7304.3887876017 5.172917725504465e-16
7306.3740600101 5.101861638989115e-16
7308.3593324185 5.172780977757077e-16
7310.34460482691 5.228676974827572e-16
7312.32987723531 5.226621388622922e-16
7314.31514964371 5.297420765990531e-16
7316.30042205212 5.27132957738694e-16
7318.28569446052 5.304455871549691e-16
7320.27096686892 5.250930312193044e-16
7322.25623927733 5.239883779320175e-16
7324.24151168573 5.300534596425507e-16
7326.22678409413 5.255233153324891e-16
7328.21205650254 5.237824218023712e-16
7330.19732891094 5.242650737650233e-16
7332.18260131934 5.234049674326583e-16
7334.16787372775 5.17863565350911e-16
7336.15314613615 5.278395600976743e-16
7338.13841854455 5.253089094617543e-16
7340.12369095296 5.212153810603064e-16
7342.10896336136 5.179411300382351e-16
7344.09423576977 5.204278515769386e-16
7346.07950817817 5.100761090714115e-16
7348.06478058657 5.174256914099867e-16
7350.05005299497 5.214004252963434e-16
7352.03532540338 5.216395193149349e-16
7354.02059781178 5.182348527642682e-16
7356.00587022019 5.109405512875433e-16
7357.99114262859 5.083014875012346e-16
7359.97641503699 5.062196765940846e-16
7361.96168744539 5.004644823795508e-16
7363.9469598538 4.994898165313814e-16
7365.9322322622 4.943642928050723e-16
7367.9175046706 4.962632004674399e-16
7369.90277707901 4.889159005367589e-16
7371.88804948741 4.925890720557864e-16
7373.87332189581 4.908177123967595e-16
7375.85859430422 4.876381833367661e-16
7377.84386671262 4.814531605644601e-16
7379.82913912103 4.821517386894078e-16
7381.81441152943 4.74169402550511e-16
7383.79968393783 4.749808774059036e-16
7385.78495634624 4.789964364103862e-16
7387.77022875464 4.724556296628123e-16
7389.75550116304 4.681451624210975e-16
7391.74077357145 4.68010469829047e-16
7393.72604597985 4.735725040385e-16
7395.71131838825 4.641704164403554e-16
7397.69659079666 4.626684720301683e-16
7399.68186320506 4.677102872125334e-16
7401.66713561346 4.626636784530448e-16
7403.65240802187 4.659410645618451e-16
7405.63768043027 4.58668595002316e-16
7407.62295283867 4.588715003662862e-16
7409.60822524708 4.622907643189656e-16
7411.59349765548 4.615877814443449e-16
7413.57877006388 4.573838266758475e-16
7415.56404247229 4.519074188840656e-16
7417.54931488069 4.4727655227845e-16
7419.53458728909 4.4195875650508534e-16
7421.5198596975 4.4236210522528316e-16
7423.5051321059 4.4158832568543907e-16
7425.4904045143 4.379645113036174e-16
7427.47567692271 4.3223988976368244e-16
7429.46094933111 4.297047382387588e-16
7431.44622173951 4.295516974060081e-16
7433.43149414792 4.323002817026788e-16
7435.41676655632 4.349143078454589e-16
7437.40203896472 4.4110166775606213e-16
7439.38731137313 4.3729485545980386e-16
7441.37258378153 4.4116304143636346e-16
7443.35785618993 4.469013217484136e-16
7445.34312859834 4.519101919023343e-16
7447.32840100674 4.558918877261801e-16
7449.31367341514 4.616177107868636e-16
7451.29894582355 4.72610664677781e-16
7453.28421823195 4.776254975150306e-16
7455.26949064036 4.790652875982104e-16
7457.25476304876 4.88106411874638e-16
7459.24003545716 4.870859703114575e-16
7461.22530786556 4.847991008685283e-16
7463.21058027397 4.895224718886863e-16
7465.19585268237 4.939591212839098e-16
7467.18112509078 4.989992175990187e-16
7469.16639749918 5.016598717125492e-16
7471.15166990758 5.109000909760184e-16
7473.13694231598 5.041478290734849e-16
7475.12221472439 4.972467455467285e-16
7477.10748713279 5.022975118549526e-16
7479.09275954119 4.988322600531212e-16
7481.0780319496 4.97553030943075e-16
7483.063304358 5.010744570915883e-16
7485.04857676641 4.932891763200022e-16
7487.03384917481 4.826295081715415e-16
7489.01912158321 4.84124981233993e-16
7491.00439399162 4.828504221610239e-16
7492.98966640002 4.765375023837551e-16
7494.97493880842 4.745052706378648e-16
7496.96021121683 4.734205535040252e-16
7498.94548362523 4.721304193896764e-16
7500.93075603363 4.768517096659338e-16
7502.91602844204 4.786744916551395e-16
7504.90130085044 4.698865446302469e-16
7506.88657325884 4.708398535206628e-16
7508.87184566725 4.757089604316326e-16
7510.85711807565 4.708863238809305e-16
7512.84239048405 4.662903530040441e-16
7514.82766289246 4.6721669025391355e-16
7516.81293530086 4.704460043405487e-16
7518.79820770926 4.780981738788819e-16
7520.78348011767 4.822998621028737e-16
7522.76875252607 4.773279795551168e-16
7524.75402493447 4.758269818954015e-16
7526.73929734288 4.735529753602382e-16
7528.72456975128 4.72960550002494e-16
7530.70984215968 4.778538109682147e-16
7532.69511456809 4.753726221985248e-16
7534.68038697649 4.675398663214973e-16
7536.6656593849 4.714620521242456e-16
7538.6509317933 4.709095152621068e-16
7540.6362042017 4.620285132488959e-16
7542.6214766101 4.59860221795578e-16
7544.60674901851 4.632146328241835e-16
7546.59202142691 4.699028075135585e-16
7548.57729383531 4.728498474897128e-16
7550.56256624372 4.644952615331385e-16
7552.54783865212 4.622578584398929e-16
7554.53311106052 4.657312881314795e-16
7556.51838346893 4.669303951589113e-16
7558.50365587733 4.666374576287371e-16
7560.48892828573 4.604112867838608e-16
7562.47420069414 4.558255768615364e-16
7564.45947310254 4.581476616303751e-16
7566.44474551095 4.5668415629806e-16
7568.43001791935 4.535954712411866e-16
7570.41529032775 4.463419746653289e-16
7572.40056273616 4.489285326106733e-16
7574.38583514456 4.541478642191284e-16
7576.37110755296 4.519473065286032e-16
7578.35637996137 4.477544380062339e-16
7580.34165236977 4.4766657052241e-16
7582.32692477817 4.491012635253031e-16
7584.31219718658 4.441259672005202e-16
7586.29746959498 4.4232469429090403e-16
7588.28274200338 4.467958159465609e-16
7590.26801441179 4.312119564456473e-16
7592.25328682019 3.910000100910307e-16
7594.23855922859 3.5425531702137902e-16
7596.223831637 3.353959318149934e-16
7598.2091040454 3.159506105787846e-16
7600.1943764538 3.0456534384835053e-16
7602.17964886221 2.9502706593083316e-16
7604.16492127061 3.0979418384518547e-16
7606.15019367901 3.407041196370488e-16
7608.13546608742 3.6308280524100895e-16
7610.12073849582 3.7532125074473876e-16
7612.10601090422 3.9688109635194667e-16
7614.09128331263 4.2663181123889507e-16
7616.07655572103 4.3714779659377835e-16
7618.06182812943 4.1414674037700035e-16
7620.04710053784 3.836990257957758e-16
7622.03237294624 3.575762900780866e-16
7624.01764535464 3.6466436447847197e-16
7626.00291776305 3.583157766848598e-16
7627.98819017145 3.57445720722933e-16
7629.97346257985 3.529309114981029e-16
7631.95873498826 3.626431032298843e-16
7633.94400739666 3.6594133047920834e-16
7635.92927980506 3.660520332220202e-16
7637.91455221347 3.7297373539195456e-16
7639.89982462187 3.8372622062826605e-16
7641.88509703027 3.7758282421771943e-16
7643.87036943868 3.9126987046532067e-16
7645.85564184708 4.0141617774710064e-16
7647.84091425548 3.971099914605045e-16
7649.82618666389 4.0848898232403185e-16
7651.81145907229 4.041763167284561e-16
7653.79673148069 4.071265051154201e-16
7655.7820038891 4.1390984808056705e-16
7657.7672762975 4.1386436070981314e-16
7659.75254870591 4.160186346270274e-16
7661.73782111431 4.2574264175850054e-16
7663.72309352271 4.151047108127359e-16
7665.70836593112 4.182013806894582e-16
7667.69363833952 4.199364025016721e-16
7669.67891074792 4.079036843137267e-16
7671.66418315632 4.1080380987060694e-16
7673.64945556473 4.073041231180557e-16
7675.63472797313 4.053826839502511e-16
7677.62000038154 4.0756957209787407e-16
7679.60527278994 4.1256285216595303e-16
7681.59054519834 4.057670509651992e-16
7683.57581760675 4.0144127801798277e-16
7685.56109001515 4.0067308315989324e-16
7687.54636242355 3.991900440694092e-16
7689.53163483196 4.0538452506992884e-16
7691.51690724036 4.113587986709083e-16
7693.50217964876 4.223152048574413e-16
7695.48745205717 4.2737766432437207e-16
7697.47272446557 4.337556365340712e-16
7699.45799687397 4.3504179937489867e-16
7701.44326928238 4.462756581907079e-16
7703.42854169078 4.48627767105107e-16
7705.41381409918 4.504997157668764e-16
7707.39908650759 4.548786316179444e-16
7709.38435891599 4.653212851782476e-16
7711.36963132439 4.72694966317359e-16
7713.3549037328 4.728043719419852e-16
7715.3401761412 4.720233316159664e-16
7717.3254485496 4.668152305595173e-16
7719.31072095801 4.669421696545892e-16
7721.29599336641 4.623815758980238e-16
7723.28126577481 4.74840259379663e-16
7725.26653818322 4.667475661208204e-16
7727.25181059162 4.644280236142013e-16
7729.23708300003 4.573752279121444e-16
7731.22235540843 4.488778337868343e-16
7733.20762781683 4.3870611507817986e-16
7735.19290022523 4.227071431808175e-16
7737.17817263364 4.06578234061225e-16
7739.16344504204 3.8583949673575704e-16
7741.14871745045 3.7146588846691963e-16
7743.13398985885 3.521630604231399e-16
7745.11926226725 3.3139204919128383e-16
7747.10453467565 3.304848414522248e-16
7749.08980708406 3.3238803818903245e-16
7751.07507949246 3.3356940330992554e-16
7753.06035190086 3.278524533408958e-16
7755.04562430927 3.3732892095774414e-16
7757.03089671767 3.510635149945197e-16
7759.01616912608 3.559735358022686e-16
7761.00144153448 3.5887303638148935e-16
7762.98671394288 3.7174243992036987e-16
7764.97198635129 3.7456270475783116e-16
7766.95725875969 3.72611260871631e-16
7768.94253116809 3.8673037428698704e-16
7770.92780357649 3.936691976445451e-16
7772.9130759849 3.9918729262475626e-16
7774.8983483933 4.0897167380647787e-16
7776.88362080171 4.058209714047149e-16
7778.86889321011 4.1317423405796355e-16
7780.85416561851 4.2095101951927426e-16
7782.83943802691 4.292211726432251e-16
7784.82471043532 4.355856761265841e-16
7786.80998284372 4.476961597492051e-16
7788.79525525213 4.4019332687503713e-16
7790.78052766053 4.440793933112931e-16
7792.76580006893 4.420403116088705e-16
7794.75107247734 4.487959269479856e-16
7796.73634488574 4.483395728011787e-16
7798.72161729414 4.4350687389409447e-16
7800.70688970254 4.511002437432585e-16
7802.69216211095 4.469679206427424e-16
7804.67743451935 4.470053345657291e-16
7806.66270692776 4.462854353128918e-16
7808.64797933616 4.465920479473474e-16
7810.63325174456 4.487163714182119e-16
7812.61852415297 4.452504512639165e-16
7814.60379656137 4.409788601374846e-16
7816.58906896977 4.3689917757797916e-16
7818.57434137818 4.3599976965013385e-16
7820.55961378658 4.3100166829834484e-16
7822.54488619498 4.3005986411674257e-16
7824.53015860339 4.2962029153281434e-16
7826.51543101179 4.3183098840230613e-16
7828.50070342019 4.258190371258419e-16
7830.4859758286 4.2589999039203027e-16
7832.471248237 4.1937372532516084e-16
7834.4565206454 4.194473401276162e-16
7836.44179305381 4.2009079050044753e-16
7838.42706546221 4.1503420452172926e-16
7840.41233787062 4.133865617763143e-16
7842.39761027902 4.1493471917120336e-16
7844.38288268742 4.1291207110408806e-16
7846.36815509582 4.062545658755556e-16
7848.35342750423 4.00319377054663e-16
7850.33869991263 3.948447930934215e-16
7852.32397232104 3.8455398479294805e-16
7854.30924472944 3.9398560574202473e-16
7856.29451713784 3.965212804502728e-16
7858.27978954625 3.95782878471559e-16
7860.26506195465 3.9190574431729943e-16
7862.25033436305 3.967642430004821e-16
7864.23560677146 3.961804782571277e-16
7866.22087917986 3.9681765445585936e-16
7868.20615158826 3.965506363143279e-16
7870.19142399666 3.8569225873429777e-16
7872.17669640507 3.9093305291343625e-16
7874.16196881347 3.8905708761239e-16
7876.14724122188 3.9361127984065386e-16
7878.13251363028 3.9412449757649985e-16
7880.11778603868 3.953704189281991e-16
7882.10305844708 4.0316960781249204e-16
7884.08833085549 4.080314238884978e-16
7886.07360326389 3.98920736399059e-16
7888.0588756723 4.043790437179585e-16
7890.0441480807 4.134647634866947e-16
7892.0294204891 3.99398078832545e-16
7894.01469289751 3.9783368972456993e-16
7895.99996530591 4.0722128059099226e-16
7897.98523771431 4.103711306044019e-16
7899.97051012272 4.0307481208707557e-16
7901.95578253112 4.103878858520835e-16
7903.94105493952 4.0762027361614983e-16
7905.92632734793 4.0807067164020543e-16
7907.91159975633 4.06061009475483e-16
7909.89687216473 4.066288603140322e-16
7911.88214457314 4.064133057688138e-16
7913.86741698154 4.020481355303968e-16
7915.85268938994 4.0169243162592277e-16
7917.83796179835 4.0417068506037043e-16
7919.82323420675 4.0783607414995135e-16
7921.80850661515 4.0607663043487673e-16
7923.79377902356 4.042760988656253e-16
7925.77905143196 3.9992368055884023e-16
7927.76432384036 3.9941165401209363e-16
7929.74959624877 4.0014748576966867e-16
7931.73486865717 3.9545354549672865e-16
7933.72014106557 3.975663979573169e-16
7935.70541347398 3.984901658266632e-16
7937.69068588238 3.9913835848010565e-16
7939.67595829078 3.969145388948418e-16
7941.66123069919 3.980413668539258e-16
7943.64650310759 4.0182165917184015e-16
7945.63177551599 3.932287170702469e-16
7947.6170479244 3.907343019150263e-16
7949.6023203328 3.941263513043526e-16
7951.58759274121 3.95529202857522e-16
7953.57286514961 3.92976210815632e-16
7955.55813755801 3.9795332225283724e-16
7957.54340996641 3.96512549530725e-16
7959.52868237482 3.90037385944497e-16
7961.51395478322 3.890550155759456e-16
7963.49922719162 3.948916522106257e-16
7965.48449960003 3.968716837269484e-16
7967.46977200843 3.967687563720026e-16
7969.45504441683 3.9290068593104333e-16
7971.44031682524 3.8933789411008795e-16
7973.42558923364 3.8818329974935436e-16
7975.41086164205 3.9381246803956083e-16
7977.39613405045 3.878566046527137e-16
7979.38140645885 3.8962745959412894e-16
7981.36667886726 3.878801330558235e-16
7983.35195127566 3.8747240284648637e-16
7985.33722368406 3.8558128552761706e-16
7987.32249609247 3.863854301127072e-16
7989.30776850087 3.922618874966913e-16
7991.29304090927 3.884811075059333e-16
7993.27831331768 3.9338149749512284e-16
7995.26358572608 3.9216449107231793e-16
7997.24885813448 3.864503527803392e-16
7999.23413054289 3.8393733397021705e-16
8001.21940295129 3.8464932426268275e-16
8003.20467535969 3.8079268662792204e-16
8005.1899477681 3.857337299047607e-16
8007.1752201765 3.848724241560008e-16
8009.1604925849 3.899224194169957e-16
8011.14576499331 3.8985604258553433e-16
8013.13103740171 3.872041177700857e-16
8015.11630981011 3.8625949025266207e-16
8017.10158221852 3.8483752215840697e-16
8019.08685462692 3.8382835016326104e-16
8021.07212703532 3.806486988342504e-16
8023.05739944373 3.813583956295936e-16
8025.04267185213 3.8275271917091647e-16
8027.02794426053 3.867399623955154e-16
8029.01321666894 3.7888572943569906e-16
8030.99848907734 3.779758349348293e-16
8032.98376148574 3.747440688430986e-16
8034.96903389415 3.7602486807226017e-16
8036.95430630255 3.831045187498067e-16
8038.93957871095 3.7796876147371877e-16
8040.92485111936 3.7124465467569513e-16
8042.91012352776 3.794704091510864e-16
8044.89539593617 3.7961108298326173e-16
8046.88066834457 3.752373415634e-16
8048.86594075297 3.7559769915760596e-16
8050.85121316137 3.784124749097023e-16
8052.83648556978 3.7371844366984746e-16
8054.82175797818 3.7776932252187294e-16
8056.80703038658 3.8211316985119473e-16
8058.79230279499 3.722004026173136e-16
8060.77757520339 3.700611896526454e-16
8062.7628476118 3.7708872216967235e-16
8064.7481200202 3.7101953150447326e-16
8066.7333924286 3.6726953364477205e-16
8068.718664837 3.7131902855109643e-16
8070.70393724541 3.690959210482174e-16
8072.68920965381 3.644848011468518e-16
8074.67448206222 3.631338294928587e-16
8076.65975447062 3.6997824640948304e-16
8078.64502687902 3.666924500154525e-16
8080.63029928743 3.657408224195118e-16
8082.61557169583 3.634059038067809e-16
8084.60084410423 3.620977826362202e-16
8086.58611651264 3.606296466173604e-16
8088.57138892104 3.6042060847655245e-16
8090.55666132944 3.6277961621486623e-16
8092.54193373785 3.6692283696726595e-16
8094.52720614625 3.6637501380231426e-16
8096.51247855465 3.6498179816808387e-16
8098.49775096306 3.6287957208001333e-16
8100.48302337146 3.6037937013019786e-16
8102.46829577986 3.597039657496556e-16
8104.45356818827 3.621479638350129e-16
8106.43884059667 3.645279549882512e-16
8108.42411300507 3.6564084908580123e-16
8110.40938541348 3.6425405994728995e-16
8112.39465782188 3.627547546220851e-16
8114.37993023028 3.654629152254258e-16
8116.36520263869 3.62088600103796e-16
8118.35047504709 3.619950511030979e-16
8120.33574745549 3.600856208021749e-16
8122.3210198639 3.554563042348828e-16
8124.3062922723 3.540868655392172e-16
8126.2915646807 3.5082421089790286e-16
8128.27683708911 3.5082358768998916e-16
8130.26210949751 3.523955416566832e-16
8132.24738190591 3.5248890969029674e-16
8134.23265431432 3.488203593809533e-16
8136.21792672272 3.553662139672215e-16
8138.20319913112 3.489838148988224e-16
8140.18847153953 3.4255781429653047e-16
8142.17374394793 3.491960736837118e-16
8144.15901635634 3.514450714357076e-16
8146.14428876474 3.365077245229555e-16
8148.12956117314 3.355656865122065e-16
8150.11483358154 3.3484028437108644e-16
8152.10010598995 3.352492135137346e-16
8154.08537839835 3.393565975272777e-16
8156.07065080675 3.3632462597564933e-16
8158.05592321516 3.29880033318266e-16
8160.04119562356 3.17436632984724e-16
8162.02646803196 3.191024017695038e-16
8164.01174044037 3.299418310910742e-16
8165.99701284877 3.229076694772731e-16
8167.98228525718 3.157963689961215e-16
8169.96755766558 3.2675651398158505e-16
8171.95283007398 3.294498214031123e-16
8173.93810248239 3.196021160697335e-16
8175.92337489079 3.1582447704538016e-16
8177.90864729919 3.178304261229892e-16
8179.8939197076 3.2555254165487164e-16
8181.879192116 3.2459604089394424e-16
8183.8644645244 3.1908712544859463e-16
8185.84973693281 3.1592380738795357e-16
8187.83500934121 3.2188612434917245e-16
8189.82028174961 3.2614907208204444e-16
8191.80555415802 3.300779253266382e-16
8193.79082656642 3.2869657743921967e-16
8195.77609897482 3.226673258749746e-16
8197.76137138323 3.195789246527111e-16
8199.74664379163 3.32853767700725e-16
8201.73191620003 3.419803063592609e-16
8203.71718860844 3.37317750042136e-16
8205.70246101684 3.388855371834732e-16
8207.68773342524 3.361141208945813e-16
8209.67300583365 3.3405762222754513e-16
8211.65827824205 3.344348881600519e-16
8213.64355065045 3.366072580040398e-16
8215.62882305886 3.337215699863257e-16
8217.61409546726 3.2599380565223153e-16
8219.59936787566 3.272892114570798e-16
8221.58464028407 3.1877055064596654e-16
8223.56991269247 3.00858234257439e-16
8225.55518510087 2.754727097227861e-16
8227.54045750928 2.720361796940005e-16
8229.52572991768 2.8475503515749167e-16
8231.51100232608 3.017510293223622e-16
8233.49627473449 3.2291781879680773e-16
8235.48154714289 3.3973557498908737e-16
8237.46681955129 3.3587981092209703e-16
8239.4520919597 3.4250433092994346e-16
8241.4373643681 3.4128029941596154e-16
8243.4226367765 3.4087791439889426e-16
8245.40790918491 3.453520847261477e-16
8247.39318159331 3.465344164342974e-16
8249.37845400172 3.445894447598393e-16
8251.36372641012 3.4933309756025737e-16
8253.34899881852 3.416714296133908e-16
8255.33427122693 3.4423173336786233e-16
8257.31954363533 3.4590983093442923e-16
8259.30481604373 3.5312209359069085e-16
8261.29008845214 3.5063674435115836e-16
8263.27536086054 3.483431259318704e-16
8265.26063326894 3.549744520209279e-16
8267.24590567734 3.486847543347902e-16
8269.23117808575 3.442822178749273e-16
8271.21645049415 3.4174208632726846e-16
8273.20172290256 3.368377994889822e-16
8275.18699531096 3.353426237415955e-16
8277.17226771936 3.419536961865191e-16
8279.15754012777 3.426752171224174e-16
8281.14281253617 3.377583985571992e-16
8283.12808494457 3.3767015463477874e-16
8285.11335735298 3.357296398800303e-16
8287.09862976138 3.3195522883662664e-16
8289.08390216978 3.354045722517534e-16
8291.06917457819 3.353582348471397e-16
8293.05444698659 3.306699049943984e-16
8295.03971939499 3.286485362494243e-16
8297.02499180339 3.32098899347593e-16
8299.0102642118 3.3136343789444716e-16
8300.9955366202 3.2174599698975637e-16
8302.98080902861 3.1728706730500607e-16
8304.96608143701 3.2249432974025335e-16
8306.95135384541 3.2334620529543015e-16
8308.93662625382 3.2081380147788006e-16
8310.92189866222 3.204112668247424e-16
8312.90717107062 3.21146301801057e-16
8314.89244347903 3.189145502412372e-16
8316.87771588743 3.1561196671698974e-16
8318.86298829583 3.1515233349575913e-16
8320.84826070424 3.2283658044093066e-16
8322.83353311264 3.262743890325186e-16
8324.81880552104 3.317619520269722e-16
8326.80407792945 3.3484559199694154e-16
8328.78935033785 3.3107779898990527e-16
8330.77462274625 3.305266064157454e-16
8332.75989515466 3.2599453014320653e-16
8334.74516756306 3.2838619311057873e-16
8336.73043997147 3.3443713621253215e-16
8338.71571237987 3.356673019741335e-16
8340.70098478827 3.3661422889295495e-16
8342.68625719667 3.441855133014436e-16
8344.67152960508 3.3935990742997614e-16
8346.65680201348 3.348689303154224e-16
8348.64207442189 3.326574389391185e-16
8350.62734683029 3.2827626136238286e-16
8352.61261923869 3.314994661089474e-16
8354.59789164709 3.288985782438706e-16
8356.5831640555 3.301531736324497e-16
8358.5684364639 3.3248279454566027e-16
8360.55370887231 3.3454522471015333e-16
8362.53898128071 3.3204211123908895e-16
8364.52425368911 3.2225352619591985e-16
8366.50952609751 3.2002308955245787e-16
8368.49479850592 3.200548650244358e-16
8370.48007091432 3.212154984760528e-16
8372.46534332273 3.190038677133046e-16
8374.45061573113 3.198766024927146e-16
8376.43588813953 3.090575794761476e-16
8378.42116054794 3.082556563954883e-16
8380.40643295634 3.0054085752678995e-16
8382.39170536474 2.910117944829078e-16
8384.37697777315 2.7894751048197467e-16
8386.36225018155 2.627193677530556e-16
8388.34752258995 2.5056232216133595e-16
8390.33279499835 2.3559117738460866e-16
8392.31806740676 2.173569665184688e-16
8394.30333981516 2.0621337308470958e-16
8396.28861222357 1.8742516496126918e-16
8398.27388463197 1.7192390280677376e-16
8400.25915704037 1.5581717239833139e-16
8402.24442944878 1.3974040815576615e-16
8404.22970185718 1.2926455203040054e-16
8406.21497426558 1.141443696588968e-16
8408.20024667399 1.0214106598381176e-16
8410.18551908239 9.525249321864704e-17
8412.17079149079 8.464301927786743e-17
8414.1560638992 7.605037085143696e-17
8416.1413363076 7.10531076625998e-17
8418.12660871601 6.816050098526824e-17
8420.11188112441 6.454327204187698e-17
8422.09715353281 5.60293384748707e-17
8424.08242594121 5.522133440110766e-17
8426.06769834962 4.970376563500382e-17
8428.05297075802 5.555342033951061e-17
8430.03824316643 5.314975880766201e-17
8432.02351557483 5.144510358235592e-17
8434.00878798323 4.9641588419982223e-17
8435.99406039163 5.3399221057507746e-17
8437.97933280004 5.2771855471457455e-17
8439.96460520844 5.540538363060448e-17
8441.94987761685 5.877710201757685e-17
8443.93515002525 6.131387564084103e-17
8445.92042243365 5.813554528383265e-17
8447.90569484206 5.846744636027178e-17
8449.89096725046 6.224230047333966e-17
8451.87623965886 6.699208873434968e-17
8453.86151206726 6.896441810868077e-17
8455.84678447567 6.552354977015303e-17
8457.83205688407 6.986642665049335e-17
8459.81732929248 7.657837968662609e-17
8461.80260170088 7.653090671365407e-17
8463.78787410928 7.585038561480783e-17
8465.77314651768 8.543424407268093e-17
8467.75841892609 8.374733653099479e-17
8469.74369133449 9.077488240244207e-17
8471.72896374289 9.895076027269872e-17
8473.7142361513 9.92787625351624e-17
8475.6995085597 1.020062828913821e-16
8477.68478096811 1.0865425064316837e-16
8479.67005337651 1.1935533101666674e-16
8481.65532578491 1.243662684564828e-16
8483.64059819332 1.263360653819402e-16
8485.62587060172 1.3636870719510015e-16
8487.61114301012 1.4406104190974745e-16
8489.59641541853 1.4488159511198406e-16
8491.58168782693 1.4853342085770447e-16
8493.56696023533 1.6037367634594707e-16
8495.55223264374 1.6955722303211027e-16
8497.53750505214 1.7894894317712285e-16
8499.52277746054 1.868632815598197e-16
8501.50804986895 2.0027841301194951e-16
8503.49332227735 2.1193099397071664e-16
8505.47859468575 2.2645868182438143e-16
8507.46386709416 2.464973220442881e-16
8509.44913950256 2.5877143303954763e-16
8511.43441191096 2.7632762613141703e-16
8513.41968431937 2.992108329813279e-16
8515.40495672777 3.148279765252967e-16
8517.39022913617 3.253890416033356e-16
8519.37550154458 3.4601862634601995e-16
8521.36077395298 3.636464002361132e-16
8523.34604636138 3.7681118973615594e-16
8525.33131876979 3.9850910305457307e-16
8527.31659117819 4.0640429360782377e-16
8529.30186358659 4.152603512349001e-16
8531.287135995 4.2940929939099893e-16
8533.2724084034 4.343212270459474e-16
8535.2576808118 4.374245584157807e-16
8537.24295322021 4.389833549847848e-16
8539.22822562861 4.3970810515067943e-16
8541.21349803701 4.3747894424324347e-16
8543.19877044542 4.262219269832079e-16
8545.18404285382 4.2063769538280135e-16
8547.16931526222 4.0707587081984643e-16
8549.15458767063 3.899499044336097e-16
8551.13986007903 3.7544955594563547e-16
8553.12513248743 3.5672418177325483e-16
8555.11040489584 3.3958728782160514e-16
8557.09567730424 3.2696196342404433e-16
8559.08094971265 3.0905818020091737e-16
8561.06622212105 2.9210373462616066e-16
8563.05149452945 2.7950664382970724e-16
8565.03676693786 2.628796977344583e-16
8567.02203934626 2.5397525504658426e-16
8569.00731175466 2.443718723622118e-16
8570.99258416307 2.303377323652926e-16
8572.97785657147 2.2098037486384638e-16
8574.96312897987 2.1370534080370673e-16
8576.94840138828 2.0610643329803293e-16
8578.93367379668 1.9299073524919975e-16
8580.91894620508 1.8970092880668955e-16
8582.90421861348 1.9271091060362965e-16
8584.88949102189 1.8556144733285212e-16
8586.87476343029 1.820574965031822e-16
8588.8600358387 1.7704202786549266e-16
8590.8453082471 1.7182004235748342e-16
8592.8305806555 1.767348377290134e-16
8594.8158530639 1.7409088135142145e-16
8596.80112547231 1.7256293970252598e-16
8598.78639788071 1.6950811424399492e-16
8600.77167028912 1.750943254097039e-16
8602.75694269752 1.8216653762745521e-16
8604.74221510592 1.8328053815888694e-16
8606.72748751433 1.8857295276517605e-16
8608.71275992273 1.9035956041414735e-16
8610.69803233113 1.9453232207575105e-16
8612.68330473954 1.980013056827903e-16
8614.66857714794 2.0587140340047957e-16
8616.65384955635 2.1244600914422992e-16
8618.63912196475 2.1824852639384261e-16
8620.62439437315 2.2655774039607477e-16
8622.60966678155 2.3820834819179555e-16
8624.59493918996 2.525967080344951e-16
8626.58021159836 2.607600210164022e-16
8628.56548400676 2.7678633960662763e-16
8630.55075641517 2.928956974230811e-16
8632.53602882357 3.0906478537148245e-16
8634.52130123197 3.2564340532928324e-16
8636.50657364038 3.467482380032617e-16
8638.49184604878 3.6141543970331947e-16
8640.47711845718 3.8150468825007787e-16
8642.46239086559 4.007520574089267e-16
8644.44766327399 4.089102092890471e-16
8646.43293568239 4.2133436050231856e-16
8648.4182080908 4.3373556788414956e-16
8650.4034804992 4.485025032649706e-16
8652.3887529076 4.593004123641432e-16
8654.37402531601 4.655009258004113e-16
8656.35929772441 4.807842849899027e-16
8658.34457013282 4.933866935787003e-16
8660.32984254122 5.076844496965987e-16
8662.31511494962 5.184544102769891e-16
8664.30038735803 5.20048754333457e-16
8666.28565976643 5.216840278836137e-16
8668.27093217483 5.308523242066569e-16
8670.25620458324 5.44882382939486e-16
8672.24147699164 5.561675544385375e-16
8674.22674940004 5.516234413724201e-16
8676.21202180845 5.497418503986303e-16
8678.19729421685 5.610707725393744e-16
8680.18256662525 5.726002440383224e-16
8682.16783903365 5.790824541225297e-16
8684.15311144206 5.77323743584786e-16
8686.13838385046 5.741988748624599e-16
8688.12365625887 5.757887924667329e-16
8690.10892866727 5.776529411804943e-16
8692.09420107567 5.727811175391582e-16
8694.07947348408 5.707871213515587e-16
8696.06474589248 5.665693883761327e-16
8698.05001830088 5.604067518980342e-16
8700.03529070929 5.593377132026709e-16
8702.02056311769 5.626485904996344e-16
8704.00583552609 5.655875568802516e-16
8705.9911079345 5.602178368093179e-16
8707.9763803429 5.581072349784769e-16
8709.9616527513 5.565896862686082e-16
8711.94692515971 5.436848705328691e-16
8713.93219756811 5.368319882864731e-16
8715.91746997651 5.341496700110128e-16
8717.90274238492 5.121823298142812e-16
8719.88801479332 4.895205532878661e-16
8721.87328720172 4.87783679661964e-16
8723.85855961013 4.904928487333618e-16
8725.84383201853 4.880806405065394e-16
8727.82910442693 4.77654897941612e-16
8729.81437683534 4.790779407324258e-16
8731.79964924374 4.800056086634111e-16
8733.78492165215 4.724935341093973e-16
8735.77019406055 4.717088627775759e-16
8737.75546646895 4.642490560852721e-16
8739.74073887735 4.57002639207775e-16
8741.72601128576 4.54693806335404e-16
8743.71128369416 4.505901973679936e-16
8745.69655610256 4.478268017599833e-16
8747.68182851097 4.446562993247818e-16
8749.66710091937 4.4297700793415463e-16
8751.65237332777 4.2973451986228693e-16
8753.63764573618 4.171593618502594e-16
8755.62291814458 4.198124128265445e-16
8757.60819055299 4.160371874156861e-16
8759.59346296139 4.150067496288142e-16
8761.57873536979 4.042740121911997e-16
8763.5640077782 4.004637673379082e-16
8765.5492801866 4.0527891214049163e-16
8767.534552595 4.0240364614301195e-16
8769.51982500341 3.979131951223114e-16
8771.50509741181 3.843805104618181e-16
8773.49036982021 3.721757265842687e-16
8775.47564222862 3.802116730387592e-16
8777.46091463702 3.7165736510204743e-16
8779.44618704542 3.655519842001834e-16
8781.43145945382 3.580918617153461e-16
8783.41673186223 3.604218899214612e-16
8785.40200427063 3.6498521288567027e-16
8787.38727667904 3.5788901227207557e-16
8789.37254908744 3.548430264472934e-16
8791.35782149584 3.539819534095473e-16
8793.34309390425 3.5422157210590814e-16
8795.32836631265 3.4437119047225843e-16
8797.31363872105 3.411388628551024e-16
8799.29891112946 3.38495852402453e-16
8801.28418353786 3.4109116797995626e-16
8803.26945594626 3.3624492634172023e-16
8805.25472835467 3.3524275237856734e-16
8807.24000076307 3.2852106922285917e-16
8809.22527317147 3.232629332384838e-16
8811.21054557988 3.144266252984701e-16
8813.19581798828 3.1284442789959676e-16
8815.18109039668 3.1729740412507587e-16
8817.16636280509 3.103272863640676e-16
8819.15163521349 3.1055789328235334e-16
8821.13690762189 3.151401117764279e-16
8823.1221800303 3.175383526613437e-16
8825.1074524387 3.153861316021028e-16
8827.0927248471 3.0671677776585117e-16
8829.07799725551 3.021901035281301e-16
8831.06326966391 2.9536945477272435e-16
8833.04854207231 2.897900180974923e-16
8835.03381448072 2.89408392817502e-16
8837.01908688912 2.9046485855617244e-16
8839.00435929752 2.850564102241096e-16
8840.98963170593 2.894474708988246e-16
8842.97490411433 2.883179789082253e-16
8844.96017652274 2.9247713408548607e-16
8846.94544893114 2.942716594645207e-16
8848.93072133954 2.9598820555921667e-16
8850.91599374794 2.949640285511595e-16
8852.90126615635 2.910059889903937e-16
8854.88653856475 2.8988158283797725e-16
8856.87181097316 2.973437230685084e-16
8858.85708338156 2.9509671036572953e-16
8860.84235578996 2.9019358770810686e-16
8862.82762819837 2.8958272383666817e-16
8864.81290060677 2.898298256810805e-16
8866.79817301517 2.9023023844103744e-16
8868.78344542357 2.856579823896492e-16
8870.76871783198 2.741089794450937e-16
8872.75399024038 2.740410973677731e-16
8874.73926264878 2.706099748485018e-16
8876.72453505719 2.6295719220723405e-16
8878.70980746559 2.5215231702326896e-16
8880.695079874 2.4406271807032747e-16
8882.6803522824 2.360298810306841e-16
8884.6656246908 2.348881469723899e-16
8886.65089709921 2.2875503220739335e-16
8888.63616950761 2.261618321276253e-16
8890.62144191601 2.250983653054948e-16
8892.60671432442 2.2169140617403807e-16
8894.59198673282 2.1796387966557865e-16
8896.57725914122 2.1468666346667425e-16
8898.56253154963 2.1554794236675094e-16
8900.54780395803 2.223123162724714e-16
8902.53307636643 2.1933465653344813e-16
8904.51834877484 2.1974595702636565e-16
8906.50362118324 2.320401320168532e-16
8908.48889359164 2.3895922040155183e-16
8910.47416600005 2.4395246861991974e-16
8912.45943840845 2.481026330502137e-16
8914.44471081685 2.5488644562768576e-16
8916.42998322526 2.5797712423533324e-16
8918.41525563366 2.6716842448957716e-16
8920.40052804206 2.688168185980576e-16
8922.38580045047 2.7045769835911644e-16
8924.37107285887 2.718650016980406e-16
8926.35634526728 2.7006314807233167e-16
8928.34161767568 2.762991529542683e-16
8930.32689008408 2.815756612521442e-16
8932.31216249248 2.8487991855184866e-16
8934.29743490089 2.844671301801295e-16
8936.28270730929 2.888881170328647e-16
8938.26797971769 2.853244800266108e-16
8940.2532521261 2.951156135477344e-16
8942.2385245345 2.8991771335000493e-16
8944.2237969429 2.907772933590993e-16
8946.20906935131 2.887198841340367e-16
8948.19434175971 2.9066638498567247e-16
8950.17961416811 2.9055834711849477e-16
8952.16488657652 2.8683882106705015e-16
8954.15015898492 2.941825374183311e-16
8956.13543139332 3.099523945222883e-16
8958.12070380173 3.1056111118606653e-16
8960.10597621013 3.0030192668990396e-16
8962.09124861854 3.024448022651933e-16
8964.07652102694 3.045549404032236e-16
8966.06179343534 3.069965321186787e-16
8968.04706584375 3.056136586192403e-16
8970.03233825215 3.049284291445025e-16
8972.01761066055 3.0283026243339444e-16
8974.00288306896 3.0929350870246354e-16
8975.98815547736 3.1104462932707456e-16
8977.97342788576 3.024963754865059e-16
8979.95870029417 3.035793631343927e-16
8981.94397270257 3.0196324461125313e-16
8983.92924511097 2.823234833783767e-16
8985.91451751937 2.6988316381509836e-16
8987.89978992778 2.6703095468795443e-16
8989.88506233618 2.7061459161306405e-16
8991.87033474459 2.8331440584698783e-16
8993.85560715299 2.9323643923285965e-16
8995.84087956139 2.8846248030018426e-16
8997.82615196979 2.833340083660172e-16
8999.8114243782 2.814780036029909e-16
9001.7966967866 2.8354607478237054e-16
9003.78196919501 2.8317304661092193e-16
9005.76724160341 2.7747901413836515e-16
9007.75251401181 2.769507924790007e-16
9009.73778642022 2.751596069071853e-16
9011.72305882862 2.7951746075272483e-16
9013.70833123702 2.764878283750136e-16
9015.69360364543 2.6899728051603023e-16
9017.67887605383 2.772312715701438e-16
9019.66414846224 2.641512962612383e-16
9021.64942087064 2.5176727005737834e-16
9023.63469327904 2.471224346951717e-16
9025.61996568744 2.392435266716172e-16
9027.60523809585 2.4067622500569556e-16
9029.59051050425 2.387525493458913e-16
9031.57578291265 2.382437202862469e-16
9033.56105532106 2.42643089015622e-16
9035.54632772946 2.4500253577877396e-16
9037.53160013787 2.400793619282651e-16
9039.51687254627 2.3006901555142224e-16
9041.50214495467 2.2882213353485017e-16
9043.48741736307 2.327007684178461e-16
9045.47268977148 2.2772420439111684e-16
9047.45796217988 2.251547913562482e-16
9049.44323458829 2.2108548673960244e-16
9051.42850699669 2.1590414683792848e-16
9053.41377940509 2.1247527767544865e-16
9055.3990518135 2.1169790928753105e-16
9057.3843242219 2.1179524155052162e-16
9059.3695966303 2.013813856023624e-16
9061.35486903871 1.9667842970734879e-16
9063.34014144711 1.9967979188341314e-16
9065.32541385551 2.023268126514871e-16
9067.31068626391 1.971107915188965e-16
9069.29595867232 1.9720743918331348e-16
9071.28123108072 2.0510628475907746e-16
9073.26650348913 2.0725986295520473e-16
9075.25177589753 2.1069412622586911e-16
9077.23704830593 2.030287232297982e-16
9079.22232071434 1.9549080424901034e-16
9081.20759312274 2.0683172862523707e-16
9083.19286553114 2.086548095809442e-16
9085.17813793955 2.0964149730976069e-16
9087.16341034795 2.246162901355298e-16
9089.14868275635 2.2390174816064856e-16
9091.13395516476 2.256090562453369e-16
9093.11922757316 2.244891604686005e-16
9095.10449998156 2.348512077074769e-16
9097.08977238997 2.2649011709537987e-16
9099.07504479837 2.2670840093197416e-16
9101.06031720677 2.428086988429484e-16
9103.04558961518 2.3882109326692604e-16
9105.03086202358 2.3477025613519122e-16
9107.01613443198 2.4192902944632604e-16
9109.00140684039 2.599108300584627e-16
9110.98667924879 2.61898436128864e-16
9112.97195165719 2.5656171336423845e-16
9114.9572240656 2.589640595765409e-16
9116.942496474 2.513724641767433e-16
9118.9277688824 2.601852434196551e-16
9120.91304129081 2.6473142100953513e-16
9122.89831369921 2.6681875002999244e-16
9124.88358610761 2.691114075741509e-16
9126.86885851602 2.69546846535359e-16
9128.85413092442 2.624991420929487e-16
9130.83940333282 2.6660662459813337e-16
9132.82467574123 2.63280195310741e-16
9134.80994814963 2.5995352002779894e-16
9136.79522055803 2.7383422296815955e-16
9138.78049296644 2.7421532140874697e-16
9140.76576537484 2.7325574958332964e-16
9142.75103778324 2.680013964155626e-16
9144.73631019165 2.6479466297113254e-16
9146.72158260005 2.6839016819153123e-16
9148.70685500846 2.588102881763302e-16
9150.69212741686 2.553417514390439e-16
9152.67739982526 2.51424297431135e-16
9154.66267223366 2.5862298027668735e-16
9156.64794464207 2.7193510163342237e-16
9158.63321705047 2.5987206283579757e-16
9160.61848945888 2.5540897169563584e-16
9162.60376186728 2.525279744310286e-16
9164.58903427568 2.515005121644882e-16
9166.57430668409 2.4651268055352304e-16
9168.55957909249 2.3945653948827844e-16
9170.54485150089 2.2629819656860295e-16
9172.53012390929 2.1757696217141319e-16
9174.5153963177 2.2163112132546767e-16
9176.5006687261 2.2042888828659608e-16
9178.48594113451 2.1652051055968076e-16
9180.47121354291 2.09706583772861e-16
9182.45648595131 1.9589723561677084e-16
9184.44175835971 1.941757064107029e-16
9186.42703076812 1.953278028020287e-16
9188.41230317652 1.8538116525408414e-16
9190.39757558493 1.8414472617361537e-16
9192.38284799333 1.783864337299314e-16
9194.36812040173 1.8002602996916578e-16
9196.35339281014 1.8182461504476586e-16
9198.33866521854 1.8371276263126384e-16
9200.32393762694 1.8517124249877966e-16
9202.30921003535 1.8114739169586376e-16
9204.29448244375 1.8273631486238086e-16
9206.27975485215 1.852446631989498e-16
9208.26502726056 1.908229699100591e-16
9210.25029966896 1.8973997709865553e-16
9212.23557207737 1.9229355711722981e-16
9214.22084448577 1.9287238796300594e-16
9216.20611689417 2.047164616042735e-16
9218.19138930257 2.1291783037525013e-16
9220.17666171098 2.178484441058319e-16
9222.16193411938 2.2118652741576648e-16
9224.14720652778 2.1942998266074217e-16
9226.13247893618 2.2065753650737674e-16
9228.11775134459 2.1987721307152748e-16
9230.10302375299 2.2105918534188454e-16
9232.0882961614 2.221471556945624e-16
9234.0735685698 2.2219383870059055e-16
9236.0588409782 2.2473612721529274e-16
9238.04411338661 2.264669519600673e-16
9240.02938579501 2.331308248727914e-16
9242.01465820341 2.371903227951458e-16
9243.99993061182 2.409807177743825e-16
9245.98520302022 2.4763917412089185e-16
9247.97047542863 2.460121963686864e-16
9249.95574783703 2.472860826761587e-16
9251.94102024543 2.5450262984600302e-16
9253.92629265383 2.5570701730810343e-16
9255.91156506224 2.525038942406347e-16
9257.89683747064 2.488547189368974e-16
9259.88210987905 2.517942092545548e-16
9261.86738228745 2.529852759570582e-16
9263.85265469585 2.527149902478339e-16
9265.83792710426 2.5607549141759146e-16
9267.82319951266 2.565511939733605e-16
9269.80847192106 2.5884542167147023e-16
9271.79374432946 2.531842413111516e-16
9273.77901673787 2.4815675920835374e-16
9275.76428914627 2.3978759481050086e-16
9277.74956155468 2.341419811970761e-16
9279.73483396308 2.454084110615795e-16
9281.72010637148 2.4088977658264913e-16
9283.70537877989 2.2845945802635774e-16
9285.69065118829 2.2887713399130556e-16
9287.67592359669 2.3250876787031264e-16
9289.6611960051 2.328363346625905e-16
9291.6464684135 2.2725192627891815e-16
9293.6317408219 2.2545526820319695e-16
9295.61701323031 2.261986312111748e-16
9297.60228563871 2.2139165722132782e-16
9299.58755804711 2.1441255433688468e-16
9301.57283045552 2.1022618856569718e-16
9303.55810286392 2.1457364626131255e-16
9305.54337527232 1.9971191534740536e-16
9307.52864768073 1.8777664523096497e-16
9309.51392008913 2.1161615397951884e-16
9311.49919249753 2.1516263060282436e-16
9313.48446490594 1.8906100572898696e-16
9315.46973731434 1.7859481815467153e-16
9317.45500972274 2.0236727683159665e-16
9319.44028213115 2.0328198539906053e-16
9321.42555453955 1.849272729232553e-16
9323.41082694795 1.75860523998204e-16
9325.39609935636 1.8831520995585559e-16
9327.38137176476 2.038257062287746e-16
9329.36664417316 1.947272049954885e-16
9331.35191658157 1.7357116899887562e-16
9333.33718898997 1.7079137395041791e-16
9335.32246139837 1.783001123387844e-16
9337.30773380678 1.7865890079184805e-16
9339.29300621518 1.8050258736109518e-16
9341.27827862358 1.5262622285943892e-16
9343.26355103199 1.5082794883625612e-16
9345.24882344039 1.8937525588187249e-16
9347.23409584879 2.0805398158489795e-16
9349.2193682572 1.9907246876000897e-16
9351.2046406656 1.73296316321822e-16
9353.18991307401 1.6477048888172306e-16
9355.17518548241 1.6979210861173466e-16
9357.16045789081 1.6559937110547078e-16
9359.14573029921 1.8818038224446802e-16
9361.13100270762 1.8990226958074597e-16
9363.11627511602 1.6911607572093946e-16
9365.10154752442 1.6281297052267097e-16
9367.08681993283 1.528743292806312e-16
9369.07209234123 1.4152214917429644e-16
9371.05736474964 1.5561596019335197e-16
9373.04263715804 1.6822504926211386e-16
9375.02790956644 1.5856294797315736e-16
9377.01318197485 1.496859558465739e-16
9378.99845438325 1.414352644056361e-16
9380.98372679165 1.5449422126932485e-16
9382.96899920005 1.611305211001058e-16
9384.95427160846 1.5193716034627033e-16
9386.93954401686 1.6434686004471835e-16
9388.92481642527 1.7890717154091519e-16
9390.91008883367 1.756602880954752e-16
9392.89536124207 1.8248540250338702e-16
9394.88063365048 1.8164046987991446e-16
9396.86590605888 1.7337909101208102e-16
9398.85117846728 1.7700583961589788e-16
9400.83645087569 1.816763236021545e-16
9402.82172328409 1.8131061153024362e-16
9404.80699569249 1.8167727972204256e-16
9406.7922681009 1.799337961641277e-16
9408.7775405093 1.7813857903626784e-16
9410.7628129177 1.865953397534587e-16
9412.74808532611 1.8723897708294928e-16
9414.73335773451 1.7429983966550537e-16
9416.71863014291 1.8941998190145204e-16
9418.70390255132 2.001750438335907e-16
9420.68917495972 1.9531276683680193e-16
9422.67444736812 1.9522890089980457e-16
9424.65971977653 1.7005124196414502e-16
9426.64499218493 1.598186150402343e-16
9428.63026459333 1.813252722607931e-16
9430.61553700174 2.0311645146056441e-16
9432.60080941014 2.0953719888126082e-16
9434.58608181855 1.9688966247057336e-16
9436.57135422695 1.7637939627583912e-16
9438.55662663535 1.5634264804481637e-16
9440.54189904376 1.5655370142072286e-16
9442.52717145216 1.7541017013925135e-16
9444.51244386056 1.9452316363018108e-16
9446.49771626897 2.0475550897902212e-16
9448.48298867737 2.0506414560867461e-16
9450.46826108577 2.0283599086165203e-16
9452.45353349418 1.8212063427631774e-16
9454.43880590258 1.784397190283102e-16
9456.42407831098 1.8138685334019558e-16
9458.40935071938 1.6778195333928044e-16
9460.39462312779 1.81917247885079e-16
9462.37989553619 1.9180067641996593e-16
9464.3651679446 1.8967094990332767e-16
9466.350440353 1.794829228181004e-16
9468.3357127614 1.8472422074270633e-16
9470.32098516981 1.9994269135539974e-16
9472.30625757821 1.8845546334825162e-16
9474.29152998661 1.853773900642024e-16
9476.27680239502 1.9747714988268628e-16
9478.26207480342 1.7057376884751104e-16
9480.24734721182 1.5366649555789748e-16
9482.23261962022 1.7475978255139882e-16
9484.21789202863 1.813538812441217e-16
9486.20316443703 1.807727554077728e-16
9488.18843684544 1.8324815515882569e-16
9490.17370925384 1.6876596596105015e-16
9492.15898166224 1.5154916816289561e-16
9494.14425407065 1.546154196076273e-16
9496.12952647905 1.6033123814590327e-16
9498.11479888745 1.4677261974364403e-16
9500.10007129586 1.5396116823598046e-16
9502.08534370426 1.8035644742883645e-16
9504.07061611266 1.9054846546013178e-16
9506.05588852107 1.853834964724078e-16
9508.04116092947 1.7744314383995027e-16
9510.02643333787 1.744079602242957e-16
9512.01170574628 1.6994963220636043e-16
9513.99697815468 1.573059796146739e-16
9515.98225056308 1.520205264599113e-16
9517.96752297149 1.6090714400693437e-16
9519.95279537989 1.5975335735388836e-16
9521.93806778829 1.6473969227856428e-16
9523.9233401967 1.6972298213721572e-16
9525.9086126051 1.6550155574447939e-16
9527.8938850135 1.6955725933507337e-16
9529.87915742191 1.820436740831046e-16
9531.86442983031 1.8366415849469688e-16
9533.84970223872 1.7591596741228926e-16
9535.83497464712 1.754297026861794e-16
9537.82024705552 1.8437145261122062e-16
9539.80551946392 1.834244172955087e-16
9541.79079187233 1.7825434079864973e-16
9543.77606428073 1.8385487745621988e-16
9545.76133668914 1.9753793702392018e-16
9547.74660909754 2.0248603647309705e-16
9549.73188150594 1.9923042064925243e-16
9551.71715391434 1.8836897710545938e-16
9553.70242632275 1.8985360626190183e-16
9555.68769873115 1.8821792206526044e-16
9557.67297113956 1.9978716289654239e-16
9559.65824354796 1.9919280229003188e-16
9561.64351595636 1.8690520891241644e-16
9563.62878836477 1.8376583959352116e-16
9565.61406077317 1.8752840564664502e-16
9567.59933318157 1.8951022394121952e-16
9569.58460558998 1.9549275267642077e-16
9571.56987799838 2.044020614783036e-16
9573.55515040678 2.0028689457394183e-16
9575.54042281519 1.9552652201914444e-16
9577.52569522359 1.8624383744523757e-16
9579.51096763199 1.8139308011620844e-16
9581.4962400404 1.885683815055796e-16
9583.4815124488 1.8538938876219025e-16
9585.4667848572 1.7506530435196946e-16
9587.4520572656 1.60142200323611e-16
9589.43732967401 1.5443234924996384e-16
9591.42260208241 1.6283149862573577e-16
9593.40787449082 1.713732177408651e-16
9595.39314689922 1.6899889649064844e-16
9597.37841930762 1.7126787711621573e-16
9599.36369171603 1.7583768544983756e-16
9601.34896412443 1.7327366921798237e-16
9603.33423653284 1.633185101309746e-16
9605.31950894124 1.6374234302518444e-16
9607.30478134964 1.707181425409792e-16
9609.29005375804 1.6628237539416762e-16
9611.27532616645 1.6712505346203418e-16
9613.26059857485 1.6368413297886297e-16
9615.24587098325 1.5738671406276363e-16
9617.23114339166 1.5007534536379279e-16
9619.21641580006 1.461463772802046e-16
9621.20168820846 1.4567311737567615e-16
9623.18696061687 1.4139356426662734e-16
9625.17223302527 1.4532934951050893e-16
9627.15750543367 1.5071765968235716e-16
9629.14277784208 1.5961957950710013e-16
9631.12805025048 1.6445771963642309e-16
9633.11332265888 1.5710097151518003e-16
9635.09859506729 1.472788427724926e-16
9637.08386747569 1.5317621447395027e-16
9639.06913988409 1.629797169357297e-16
9641.0544122925 1.6554025956699612e-16
9643.0396847009 1.5974421451050734e-16
9645.02495710931 1.6029976016688328e-16
9647.01022951771 1.7043403296285956e-16
9648.99550192611 1.7971958490254695e-16
9650.98077433451 1.814342053659083e-16
9652.96604674292 1.8409270098238087e-16
9654.95131915132 1.8746582131822568e-16
9656.93659155972 1.9058309224997078e-16
9658.92186396813 1.8991846311011542e-16
9660.90713637653 1.9011933338073085e-16
9662.89240878494 1.9953544915276096e-16
9664.87768119334 2.0813009223121598e-16
9666.86295360174 2.0833316940263231e-16
9668.84822601015 2.112685434992198e-16
9670.83349841855 2.1887369042919663e-16
9672.81877082695 2.18683965743163e-16
9674.80404323536 2.189787244600446e-16
9676.78931564376 2.1969010215377874e-16
9678.77458805216 2.210163333704605e-16
9680.75986046057 2.2987106601727024e-16
9682.74513286897 2.331484446227981e-16
9684.73040527737 2.326022015272698e-16
9686.71567768578 2.362860006767617e-16
9688.70095009418 2.360653013340533e-16
9690.68622250258 2.3207660811132035e-16
9692.67149491099 2.383910102604827e-16
9694.65676731939 2.39220523530092e-16
9696.64203972779 2.300256950813463e-16
9698.6273121362 2.302293080871426e-16
9700.6125845446 2.322238115523154e-16
9702.597856953 2.3192101087107825e-16
9704.58312936141 2.3192536138751197e-16
9706.56840176981 2.2971370408082003e-16
9708.55367417821 2.2627903568304737e-16
9710.53894658662 2.282765629762564e-16
9712.52421899502 2.3141156789950935e-16
9714.50949140342 2.349800483218416e-16
9716.49476381183 2.41176359737665e-16
9718.48003622023 2.3870103309116474e-16
9720.46530862863 2.347600987502248e-16
9722.45058103704 2.2838368603097213e-16
9724.43585344544 2.304543525997299e-16
9726.42112585384 2.333328380652451e-16
9728.40639826225 2.3050948172569364e-16
9730.39167067065 2.2514679992648265e-16
9732.37694307906 2.22371467011223e-16
9734.36221548746 2.201772963122792e-16
9736.34748789586 2.288131624169715e-16
9738.33276030426 2.296133096297244e-16
9740.31803271267 2.18751588547134e-16
9742.30330512107 2.1837315100062984e-16
9744.28857752947 2.223724601467249e-16
9746.27384993788 2.1578720287102358e-16
9748.25912234628 2.1809193884598882e-16
9750.24439475469 2.1991792095051883e-16
9752.22966716309 2.1156528295770695e-16
9754.21493957149 2.1330537370036875e-16
9756.2002119799 2.1314674402250588e-16
9758.1854843883 2.0931967791757908e-16
9760.1707567967 2.1156266138129058e-16
9762.15602920511 2.0559735940639805e-16
9764.14130161351 2.039581735458946e-16
9766.12657402191 2.0169996361106595e-16
9768.11184643031 2.0051970320596332e-16
9770.09711883872 1.9435036419118755e-16
9772.08239124712 1.9435543778279263e-16
9774.06766365553 1.9197683415919805e-16
9776.05293606393 1.936165243907595e-16
9778.03820847233 1.880807488253627e-16
9780.02348088074 1.8283995861710614e-16
9782.00875328914 1.7575140403696032e-16
9783.99402569754 1.8662551908976908e-16
9785.97929810595 1.80820607171197e-16
9787.96457051435 1.781834003645983e-16
9789.94984292275 1.775091387647056e-16
9791.93511533116 1.7778941831313401e-16
9793.92038773956 1.6958419275897785e-16
9795.90566014796 1.7480472386749747e-16
9797.89093255637 1.647593680555669e-16
9799.87620496477 1.6076158801580344e-16
9801.86147737318 1.6011323036405444e-16
9803.84674978158 1.6530222011990046e-16
9805.83202218998 1.652431762934543e-16
9807.81729459838 1.6004029431197616e-16
9809.80256700679 1.6314895515332618e-16
9811.78783941519 1.6064939581409754e-16
9813.77311182359 1.6222690076219461e-16
9815.758384232 1.6583001198642727e-16
9817.7436566404 1.7330127508239452e-16
9819.7289290488 1.7161050659641182e-16
9821.71420145721 1.676266962974945e-16
9823.69947386561 1.6770531807373212e-16
9825.68474627401 1.6658993188842708e-16
9827.67001868242 1.7081645817249673e-16
9829.65529109082 1.7445945966229235e-16
9831.64056349922 1.7273311930051423e-16
9833.62583590763 1.731302392384547e-16
9835.61110831603 1.7805442627425362e-16
9837.59638072443 1.8092948622920154e-16
9839.58165313284 1.8421627313824285e-16
9841.56692554124 1.8422093716425073e-16
9843.55219794965 1.8511121840007584e-16
9845.53747035805 1.9067269193815809e-16
9847.52274276645 1.9510318322680267e-16
9849.50801517486 1.960763914364686e-16
9851.49328758326 1.9613060220705964e-16
9853.47855999166 1.973519414546166e-16
9855.46383240007 1.968383610580711e-16
9857.44910480847 1.955193810991074e-16
9859.43437721687 1.9969761918079382e-16
9861.41964962527 1.9703447428916982e-16
9863.40492203368 1.9715842564634847e-16
9865.39019444208 2.056986259014526e-16
9867.37546685048 2.0723424860930527e-16
9869.36073925889 2.0839274293541448e-16
9871.34601166729 2.1817671997887916e-16
9873.3312840757 2.184557266950543e-16
9875.3165564841 2.1973920266135663e-16
9877.3018288925 2.2442254590829173e-16
9879.28710130091 2.2182189440896685e-16
9881.27237370931 2.2772321904352325e-16
9883.25764611771 2.26581614156502e-16
9885.24291852612 2.2679336541724965e-16
9887.22819093452 2.3023323331029495e-16
9889.21346334292 2.2544592715189825e-16
9891.19873575133 2.2513714986900483e-16
9893.18400815973 2.1975600788255627e-16
9895.16928056813 2.2322687000027103e-16
9897.15455297654 2.255162431990123e-16
9899.13982538494 2.220936510261227e-16
9901.12509779334 2.274637241566559e-16
9903.11037020175 2.280370036575933e-16
9905.09564261015 2.342951296402837e-16
9907.08091501855 2.311153699639244e-16
9909.06618742696 2.2591889535954326e-16
9911.05145983536 2.299894475176143e-16
9913.03673224376 2.256344440426865e-16
9915.02200465217 2.2758888273123285e-16
9917.00727706057 2.2058017850817488e-16
9918.99254946897 2.1554865253651742e-16
9920.97782187738 2.1683195455775475e-16
9922.96309428578 2.1873862391571444e-16
9924.94836669418 2.1666639173529563e-16
9926.93363910259 2.1444819822451817e-16
9928.91891151099 2.1807968425503673e-16
9930.9041839194 2.156970457910302e-16
9932.8894563278 2.1135635311760222e-16
9934.8747287362 2.1529415579367743e-16
9936.8600011446 2.0832525671083772e-16
9938.84527355301 2.0583822235618564e-16
9940.83054596141 2.0411616417341042e-16
9942.81581836982 2.018400060473412e-16
9944.80109077822 1.9785853876877653e-16
9946.78636318662 1.8614868028159314e-16
9948.77163559503 1.8278438177439732e-16
9950.75690800343 1.8823443547235169e-16
9952.74218041183 1.9480732291173275e-16
9954.72745282023 2.0065022989330706e-16
9956.71272522864 2.0395796521938822e-16
9958.69799763704 1.9301193008470118e-16
9960.68327004545 1.9596657985048496e-16
9962.66854245385 2.0373544642191899e-16
9964.65381486225 1.959194773207934e-16
9966.63908727065 1.882169268785983e-16
9968.62435967906 1.8010526044521872e-16
9970.60963208746 1.9108319707048028e-16
9972.59490449587 1.8660908912728494e-16
9974.58017690427 1.870050349021594e-16
9976.56544931267 1.8443939827055128e-16
9978.55072172108 1.8755162940741204e-16
9980.53599412948 1.90716486458155e-16
9982.52126653788 1.8275188891515495e-16
9984.50653894629 1.905018760513251e-16
9986.49181135469 1.801454755511368e-16
9988.47708376309 1.8196512111541773e-16
9990.4623561715 1.8229963748552129e-16
9992.4476285799 1.8035598569540817e-16
9994.4329009883 1.7933290947843573e-16
9996.41817339671 1.8156200411625722e-16
9998.40344580511 1.8602917368039615e-16
10000.3887182135 1.8501485873881685e-16
10002.3739906219 1.7991052121864623e-16
10004.3592630303 1.818142736358544e-16
10006.3445354387 1.8023764368035911e-16
10008.3298078471 1.7276090501272658e-16
10010.3150802555 1.7392706904420174e-16
10012.3003526639 1.7064947826674134e-16
10014.2856250723 1.69090936841336e-16
10016.2708974807 1.689676826301096e-16
10018.2561698891 1.7183904345765041e-16
10020.2414422975 1.7738153369455797e-16
10022.226714706 1.8206125477008552e-16
10024.2119871144 1.829624632606144e-16
10026.1972595228 1.8461091413727012e-16
10028.1825319312 1.7872623056161661e-16
10030.1678043396 1.808277098253423e-16
10032.153076748 1.7863503848410594e-16
10034.1383491564 1.6801719406825317e-16
10036.1236215648 1.6652380599528324e-16
10038.1088939732 1.6619189045349365e-16
10040.0941663816 1.6585314276255857e-16
10042.07943879 1.678903360831163e-16
10044.0647111984 1.694563384941203e-16
10046.0499836068 1.7231160543412974e-16
10048.0352560152 1.7669122893554802e-16
10050.0205284236 1.761008759043318e-16
10052.005800832 1.8077328736875038e-16
10053.9910732404 1.7772554449609433e-16
10055.9763456488 1.7757389150138947e-16
10057.9616180572 1.8598327543457003e-16
10059.9468904656 1.8254718283851823e-16
10061.932162874 1.8242968593897184e-16
10063.9174352824 1.8344537331347524e-16
10065.9027076908 1.7555739079862596e-16
10067.8879800992 1.734984112549143e-16
10069.8732525076 1.8316787949297823e-16
10071.858524916 1.7608832138035083e-16
10073.8437973244 1.7947877355494984e-16
10075.8290697328 1.7639770939531116e-16
10077.8143421412 1.7373616492407228e-16
10079.7996145496 1.7323151265101133e-16
10081.7848869581 1.7372916893874667e-16
10083.7701593665 1.6419959345145454e-16
10085.7554317749 1.5609618759126394e-16
10087.7407041833 1.532368305789736e-16
10089.7259765917 1.5104307692221453e-16
10091.7112490001 1.4855274530523254e-16
10093.6965214085 1.4559922373583118e-16
10095.6817938169 1.4318069301955295e-16
10097.6670662253 1.3295012888932208e-16
10099.6523386337 1.3458495537357919e-16
10101.6376110421 1.3445067736142435e-16
10103.6228834505 1.334767080083231e-16
10105.6081558589 1.3594955408537191e-16
10107.5934282673 1.351314860534682e-16
10109.5787006757 1.3791975308149605e-16
10111.5639730841 1.3058969633166986e-16
10113.5492454925 1.2872725457786976e-16
