3401.9350585938 1.3867994683297307e-15
3404.93735283294 1.181616383586255e-15
3407.93964707208 6.722849405264573e-16
3410.94194131122 8.517877857789036e-16
3413.94423555036 1.341756917324232e-15
3416.94652978951 1.4671648691463816e-15
3419.94882402865 1.315398369214633e-15
3422.95111826779 1.5633178439974413e-15
3425.95341250693 1.4500729343962938e-15
3428.95570674607 1.5134591017872513e-15
3431.95800098521 1.6348339925524978e-15
3434.96029522435 1.684786067122767e-15
3437.96258946349 1.326243808742747e-15
3440.96488370263 1.2004047241934671e-15
3443.96717794177 1.2424228113855956e-15
3446.96947218092 1.6429300739692276e-15
3449.97176642006 2.031646369118186e-15
3452.9740606592 2.0331026997233648e-15
3455.97635489834 2.0526548457161988e-15
3458.97864913748 1.571170322893774e-15
3461.98094337662 1.3911374797471206e-15
3464.98323761576 1.6093362044296174e-15
3467.9855318549 1.5848829382993814e-15
3470.98782609404 1.2753799693098209e-15
3473.99012033318 1.3989613701379133e-15
3476.99241457232 1.605910039147556e-15
3479.99470881147 1.7294362489263649e-15
3482.99700305061 1.7041409674020773e-15
3485.99929728975 1.6638629095729543e-15
3489.00159152889 1.589380102458072e-15
3492.00388576803 1.5185665152219604e-15
3495.00618000717 1.5567305326008664e-15
3498.00847424631 1.3042830086457542e-15
3501.01076848545 1.2063294180970045e-15
3504.01306272459 1.4222613972501213e-15
3507.01535696374 1.4938890245236117e-15
3510.01765120288 1.4185868902324925e-15
3513.01994544202 1.2601352632113828e-15
3516.02223968116 1.468016009946705e-15
3519.0245339203 1.3689146838166147e-15
3522.02682815944 1.136560703728445e-15
3525.02912239858 1.0992524892131191e-15
3528.03141663772 1.4070958758351756e-15
3531.03371087686 1.5337862761090628e-15
3534.036005116 1.5103998029462133e-15
3537.03829935514 1.2209569779801672e-15
3540.04059359429 1.048756118828692e-15
3543.04288783343 1.1094421754756685e-15
3546.04518207257 9.6379376374543e-16
3549.04747631171 9.472371549956158e-16
3552.04977055085 1.1992605733327269e-15
3555.05206478999 1.4215332587858863e-15
3558.05435902913 1.3326676482879918e-15
3561.05665326827 1.270377216922548e-15
3564.05894750741 1.3822247548703047e-15
3567.06124174656 1.3413275562119796e-15
3570.0635359857 1.201878036210469e-15
3573.06583022484 1.2042902471190027e-15
3576.06812446398 1.3548073666003681e-15
3579.07041870312 1.4020361728556233e-15
3582.07271294226 1.338917444239408e-15
3585.0750071814 1.3444588695185534e-15
3588.07730142054 1.338753389628615e-15
3591.07959565968 1.2332431337316774e-15
3594.08188989882 1.3846973732825745e-15
3597.08418413797 1.459093226887702e-15
3600.08647837711 1.2798128464449751e-15
3603.08877261625 1.2315948801042382e-15
3606.09106685539 1.297094953376434e-15
3609.09336109453 1.2755255066374698e-15
3612.09565533367 1.211310477863924e-15
3615.09794957281 1.089678905948333e-15
3618.10024381195 1.1740485695313995e-15
3621.10253805109 1.254058734816105e-15
3624.10483229023 1.1661835717831277e-15
3627.10712652938 1.0765308074671404e-15
3630.10942076852 1.107377956498054e-15
3633.11171500766 9.326749265990888e-16
3636.1140092468 1.0848089303039566e-15
3639.11630348594 1.3530907090701666e-15
3642.11859772508 1.1758877788466943e-15
3645.12089196422 1.0449342050029082e-15
3648.12318620336 1.1628288184356918e-15
3651.1254804425 1.3179839688326165e-15
3654.12777468164 1.2223222315461787e-15
3657.13006892079 1.0888646353102729e-15
3660.13236315993 1.2330476977579591e-15
3663.13465739907 1.3039486794879966e-15
3666.13695163821 1.2668573717549096e-15
3669.13924587735 1.1795161486972453e-15
3672.14154011649 1.1437666958615423e-15
3675.14383435563 1.3337636160957236e-15
3678.14612859477 1.468264944713761e-15
3681.14842283391 1.4820505570214436e-15
3684.15071707305 1.5180868180570764e-15
3687.1530113122 1.4707749453803612e-15
3690.15530555134 1.450826999217566e-15
3693.15759979048 1.5367330621160342e-15
3696.15989402962 1.6373374701946411e-15
3699.16218826876 1.6523561743992578e-15
3702.1644825079 1.728707050478936e-15
3705.16677674704 1.8456112652609073e-15
3708.16907098618 1.833239653629732e-15
3711.17136522532 1.8290467086763934e-15
3714.17365946446 1.938785034260296e-15
3717.17595370361 1.985784774083569e-15
3720.17824794275 2.0564663648892494e-15
3723.18054218189 2.0230298526967767e-15
3726.18283642103 1.939001413390705e-15
3729.18513066017 1.84978330508751e-15
3732.18742489931 1.808068842734413e-15
3735.18971913845 1.8815295151168572e-15
3738.19201337759 1.8750534440230247e-15
3741.19430761673 1.799027853973245e-15
3744.19660185587 1.6533591528163899e-15
3747.19889609502 1.589645620260216e-15
3750.20119033416 1.484403343114231e-15
3753.2034845733 1.3431942623620131e-15
3756.20577881244 1.2849688902505839e-15
3759.20807305158 1.2706073150830454e-15
3762.21036729072 1.188222900020001e-15
3765.21266152986 1.0578306493607016e-15
3768.214955769 9.814351081112938e-16
3771.21725000814 8.874949010694597e-16
3774.21954424728 7.452853416664653e-16
3777.22183848642 7.017721264908229e-16
3780.22413272557 6.857626391069159e-16
3783.22642696471 7.225515978139046e-16
3786.22872120385 6.942989496266916e-16
3789.23101544299 6.247657013377291e-16
3792.23330968213 6.2218228773424255e-16
3795.23560392127 5.892381773779359e-16
3798.23789816041 5.463403485997132e-16
3801.24019239955 4.750027086804928e-16
3804.24248663869 4.3220605051973676e-16
3807.24478087784 5.046150606287161e-16
3810.24707511698 5.983814140457923e-16
3813.24936935612 5.986147435802472e-16
3816.25166359526 5.608897237405908e-16
3819.2539578344 5.048907177010615e-16
3822.25625207354 5.389714334722386e-16
3825.25854631268 5.808058142763163e-16
3828.26084055182 5.79262818096131e-16
3831.26313479096 5.487693429176733e-16
3834.2654290301 5.238344403482881e-16
3837.26772326925 5.351504387877596e-16
3840.27001750839 5.708302346129727e-16
3843.27231174753 6.01829705307371e-16
3846.27460598667 6.515484048002709e-16
3849.27690022581 7.3728656863949185e-16
3852.27919446495 7.121707947265707e-16
3855.28148870409 7.138629487558161e-16
3858.28378294323 8.072536268351267e-16
3861.28607718237 8.635553613283298e-16
3864.28837142151 9.006558833095416e-16
3867.29066566066 9.349676297451572e-16
3870.2929598998 1.0047189011113828e-15
3873.29525413894 1.050426645357492e-15
3876.29754837808 1.0414043080360092e-15
3879.29984261722 1.146001385766886e-15
3882.30213685636 1.3145607624462416e-15
3885.3044310955 1.4822395061758507e-15
3888.30672533464 1.6138125888317225e-15
3891.30901957378 1.747708175981245e-15
3894.31131381292 1.8946213331362733e-15
3897.31360805206 2.031143818192732e-15
3900.31590229121 2.1974444543312582e-15
3903.31819653035 2.440741153888508e-15
3906.32049076949 2.7352022796956266e-15
3909.32278500863 2.896268857456699e-15
3912.32507924777 3.0310772424093694e-15
3915.32737348691 3.185612068896652e-15
3918.32966772605 3.293903348088354e-15
3921.33196196519 3.36273104086034e-15
3924.33425620433 3.493016546354092e-15
3927.33655044348 3.5636922699116505e-15
3930.33884468262 3.583657391785249e-15
3933.34113892176 3.6263664939855916e-15
3936.3434331609 3.763261036616879e-15
3939.34572740004 3.8578045278901675e-15
3942.34802163918 3.7422902072802824e-15
3945.35031587832 3.6348340878866866e-15
3948.35261011746 3.725451694478729e-15
3951.3549043566 3.797542695713805e-15
3954.35719859574 3.81014924470779e-15
3957.35949283488 3.849304796116714e-15
3960.36178707403 3.829916391740243e-15
3963.36408131317 3.884226120561807e-15
3966.36637555231 4.037249375651126e-15
3969.36866979145 4.0456495583179946e-15
3972.37096403059 3.9685274937589974e-15
3975.37325826973 4.00043550848355e-15
3978.37555250887 4.0337037555950545e-15
3981.37784674801 4.068294311874907e-15
3984.38014098715 4.0960958942663384e-15
3987.3824352263 4.254629090290288e-15
3990.38472946544 4.377118178840974e-15
3993.38702370458 4.33251147419785e-15
3996.38931794372 4.389816535650673e-15
3999.39161218286 4.5359381089081105e-15
4002.393906422 4.594031421061126e-15
4005.39620066114 4.6283371761466585e-15
4008.39849490028 4.6684412162627316e-15
4011.40078913942 4.790260455397594e-15
4014.40308337856 4.840112374310818e-15
4017.4053776177 4.851268637043695e-15
4020.40767185685 4.982650873978353e-15
4023.40996609599 5.145941645829286e-15
4026.41226033513 5.222005984911451e-15
4029.41455457427 5.3495992561117915e-15
4032.41684881341 5.4463810028807644e-15
4035.41914305255 5.4691410092222535e-15
4038.42143729169 5.6184384877518475e-15
4041.42373153083 5.815800404935681e-15
4044.42602576997 5.945536384929758e-15
4047.42832000912 6.063372601017078e-15
4050.43061424826 6.124181234342445e-15
4053.4329084874 6.147440187733877e-15
4056.43520272654 6.238691460373471e-15
4059.43749696568 6.266701465201041e-15
4062.43979120482 6.174019551607788e-15
4065.44208544396 6.135877840339244e-15
4068.4443796831 6.056053591405144e-15
4071.44667392224 6.032407251743447e-15
4074.44896816138 6.0799089793239115e-15
4077.45126240053 6.056405756118909e-15
4080.45355663967 5.904183601543821e-15
4083.45585087881 5.713881249414313e-15
4086.45814511795 5.590219641004356e-15
4089.46043935709 5.455864183945002e-15
4092.46273359623 5.2666427654668205e-15
4095.46502783537 5.0930680223880706e-15
4098.46732207451 5.016210767705649e-15
4101.46961631365 4.8682157291470876e-15
4104.47191055279 4.687810952181878e-15
4107.47420479194 4.615412299110806e-15
4110.47649903108 4.5734576768533975e-15
4113.47879327022 4.447408857926588e-15
4116.48108750936 4.289852760354844e-15
4119.4833817485 4.207385464342299e-15
4122.48567598764 4.1218568554669915e-15
4125.48797022678 4.0474808182712026e-15
4128.49026446592 4.0259341244431584e-15
4131.49255870506 3.923788590648746e-15
4134.4948529442 3.837020752217674e-15
4137.49714718335 3.855380237437102e-15
4140.49944142249 3.862055115022951e-15
4143.50173566163 3.825176647521392e-15
4146.50402990077 3.748459204272209e-15
4149.50632413991 3.742368242474484e-15
4152.50861837905 3.826212212074436e-15
4155.51091261819 3.8055624393898774e-15
4158.51320685733 3.7261302279616075e-15
4161.51550109647 3.669606515875027e-15
4164.51779533561 3.694936029889964e-15
4167.52008957476 3.698812472016953e-15
4170.5223838139 3.593306776208392e-15
4173.52467805304 3.4950563505709234e-15
4176.52697229218 3.5096694495268402e-15
4179.52926653132 3.461870729961737e-15
4182.53156077046 3.331837702426229e-15
4185.5338550096 3.312059370045277e-15
4188.53614924874 3.306789205926872e-15
4191.53844348788 3.2859120795565633e-15
4194.54073772702 3.3230632773065313e-15
4197.54303196616 3.380977282299733e-15
4200.54532620531 3.392314614457119e-15
4203.54762044445 3.428424728094887e-15
4206.54991468359 3.4891761251089665e-15
4209.55220892273 3.522830977434961e-15
4212.55450316187 3.5118244257033262e-15
4215.55679740101 3.4794116513179424e-15
4218.55909164015 3.4888163352904582e-15
4221.56138587929 3.4511267626040073e-15
4224.56368011843 3.3806088900064924e-15
4227.56597435758 3.4165929255849353e-15
4230.56826859672 3.504489308690421e-15
4233.57056283586 3.52827218853157e-15
4236.572857075 3.478818669228987e-15
4239.57515131414 3.3910734364578764e-15
4242.57744555328 3.3271384493363275e-15
4245.57973979242 3.3173880081585754e-15
4248.58203403156 3.3518213356710456e-15
4251.5843282707 3.3648884246005366e-15
4254.58662250984 3.4192574484095045e-15
4257.58891674898 3.450488855854929e-15
4260.59121098813 3.4579511731405723e-15
4263.59350522727 3.4870706445310734e-15
4266.59579946641 3.5194756053476697e-15
4269.59809370555 3.633519525060523e-15
4272.60038794469 3.761290954532715e-15
4275.60268218383 3.818233398365853e-15
4278.60497642297 3.826881740311509e-15
4281.60727066211 3.861903846591961e-15
4284.60956490125 3.855512768128136e-15
4287.61185914039 3.804419677386552e-15
4290.61415337954 3.799983573395338e-15
4293.61644761868 3.846031775591734e-15
4296.61874185782 3.872287323486293e-15
4299.62103609696 3.887152238947088e-15
4302.6233303361 3.95582223995655e-15
4305.62562457524 3.967773065036734e-15
4308.62791881438 3.953497313915832e-15
4311.63021305352 3.945238116536595e-15
4314.63250729266 3.898459324198055e-15
4317.63480153181 3.869718176149046e-15
4320.63709577095 3.781621934794303e-15
4323.63939001009 3.7630886512244064e-15
4326.64168424923 3.810019707506947e-15
4329.64397848837 3.790907473826387e-15
4332.64627272751 3.7221661905767474e-15
4335.64856696665 3.74823308197562e-15
4338.65086120579 3.7722162524222994e-15
4341.65315544493 3.7591682861095765e-15
4344.65544968407 3.662226730822267e-15
4347.65774392322 3.578816732079279e-15
4350.66003816236 3.620859313911167e-15
4353.6623324015 3.654120220021392e-15
4356.66462664064 3.557340847211733e-15
4359.66692087978 3.469538442855436e-15
4362.66921511892 3.373828734598428e-15
4365.67150935806 3.2739092529023594e-15
4368.6738035972 3.2257921618960267e-15
4371.67609783634 3.1909930493811217e-15
4374.67839207548 3.12523250359348e-15
4377.68068631462 3.0282788160052334e-15
4380.68298055377 2.9554269030226734e-15
4383.68527479291 2.9400118274628497e-15
4386.68756903205 2.9683312999065953e-15
4389.68986327119 2.9499973698664213e-15
4392.69215751033 2.8816967928931806e-15
4395.69445174947 2.905798993236282e-15
4398.69674598861 2.9757694267366753e-15
4401.69904022775 3.1017831200858213e-15
4404.70133446689 3.151422460342834e-15
4407.70362870603 3.173085488496382e-15
4410.70592294518 3.2142353700155966e-15
4413.70821718432 3.224322069380795e-15
4416.71051142346 3.281791593346504e-15
4419.7128056626 3.339978267847346e-15
4422.71509990174 3.437176889622292e-15
4425.71739414088 3.5192954324731206e-15
4428.71968838002 3.4779996367365568e-15
4431.72198261916 3.497582536651127e-15
4434.7242768583 3.5637165138486395e-15
4437.72657109744 3.602603186831959e-15
4440.72886533659 3.5815905875141626e-15
4443.73115957573 3.5271045378447997e-15
4446.73345381487 3.612179001536547e-15
4449.73574805401 3.652282939681146e-15
4452.73804229315 3.630859012108453e-15
4455.74033653229 3.664331493721836e-15
4458.74263077143 3.693474881858142e-15
4461.74492501057 3.668756269969236e-15
4464.74721924971 3.66208940390407e-15
4467.74951348886 3.689632020306756e-15
4470.751807728 3.740089308027267e-15
4473.75410196714 3.7972691710640065e-15
4476.75639620628 3.83605874279991e-15
4479.75869044542 3.879731724684243e-15
4482.76098468456 3.928163209075095e-15
4485.7632789237 3.972491141537274e-15
4488.76557316284 4.007972734101144e-15
4491.76786740198 4.0464691878381044e-15
4494.77016164112 4.086896022800608e-15
4497.77245588026 4.126428991978441e-15
4500.77475011941 4.182044331406879e-15
4503.77704435855 4.233777169000966e-15
4506.77933859769 4.342377207493769e-15
4509.78163283683 4.484568992263387e-15
4512.78392707597 4.667956917710154e-15
4515.78622131511 4.841568559321955e-15
4518.78851555425 4.918891810563568e-15
4521.79080979339 5.026432910268383e-15
4524.79310403253 5.1681023430565205e-15
4527.79539827168 5.317388963561876e-15
4530.79769251082 5.5097030371469234e-15
4533.79998674996 5.667251602174042e-15
4536.8022809891 5.834386781172949e-15
4539.80457522824 6.045264337415213e-15
4542.80686946738 6.263356898079843e-15
4545.80916370652 6.3657687834432015e-15
4548.81145794566 6.545911919860312e-15
4551.8137521848 6.742806090982078e-15
4554.81604642394 6.928867671215177e-15
4557.81834066309 7.091555912684191e-15
4560.82063490223 7.234780607305168e-15
4563.82292914137 7.40325411132914e-15
4566.82522338051 7.580146104790626e-15
4569.82751761965 7.751207719986019e-15
4572.82981185879 7.882159832706502e-15
4575.83210609793 8.032667227510796e-15
4578.83440033707 8.156836049707666e-15
4581.83669457621 8.20036428457363e-15
4584.83898881535 8.247502118680281e-15
4587.84128305449 8.282287889413429e-15
4590.84357729364 8.446144820925868e-15
4593.84587153278 8.47056524974868e-15
4596.84816577192 8.419487482114835e-15
4599.85046001106 8.473387263898345e-15
4602.8527542502 8.57337718636112e-15
4605.85504848934 8.518808018172021e-15
4608.85734272848 8.479571052952943e-15
4611.85963696762 8.561569122137737e-15
4614.86193120676 8.584022611972782e-15
4617.8642254459 8.637331848121417e-15
4620.86651968505 8.658344028450378e-15
4623.86881392419 8.653541980834124e-15
4626.87110816333 8.633607739254642e-15
4629.87340240247 8.703903864803932e-15
4632.87569664161 8.812889218579749e-15
4635.87799088075 8.905198264819576e-15
4638.88028511989 9.019570990491242e-15
4641.88257935903 9.069310280876267e-15
4644.88487359817 9.206578331500685e-15
4647.88716783732 9.359045823037312e-15
4650.88946207646 9.324714166179242e-15
4653.8917563156 9.236307278413797e-15
4656.89405055474 9.193790596644055e-15
4659.89634479388 9.166972360221062e-15
4662.89863903302 9.071081295454025e-15
4665.90093327216 8.896591752580782e-15
4668.9032275113 8.664458910265341e-15
4671.90552175044 8.473745818810783e-15
4674.90781598958 8.239071945216418e-15
4677.91011022872 7.891059893027999e-15
4680.91240446787 7.650576615442696e-15
4683.91469870701 7.529545936387669e-15
4686.91699294615 7.329655032420419e-15
4689.91928718529 7.199876401623326e-15
4692.92158142443 7.149132010522661e-15
4695.92387566357 7.226715259801541e-15
4698.92616990271 7.271809148865662e-15
4701.92846414185 7.404442887761417e-15
4704.93075838099 7.626979493233646e-15
4707.93305262013 7.859803044701491e-15
4710.93534685928 8.155902875087354e-15
4713.93764109842 8.428536818462027e-15
4716.93993533756 8.684240847026194e-15
4719.9422295767 8.884592198131733e-15
4722.94452381584 9.058601994532178e-15
4725.94681805498 9.227682029034246e-15
4728.94911229412 9.271086793552207e-15
4731.95140653326 9.372080413764035e-15
4734.9537007724 9.525300390690967e-15
4737.95599501154 9.59854507830724e-15
4740.95828925069 9.574980495899886e-15
4743.96058348983 9.551397233410022e-15
4746.96287772897 9.485040995119938e-15
4749.96517196811 9.397225856892719e-15
4752.96746620725 9.39991446954697e-15
4755.96976044639 9.361805285699473e-15
4758.97205468553 9.281197519297846e-15
4761.97434892467 9.255349450595002e-15
4764.97664316381 9.222722764380184e-15
4767.97893740296 9.180301867998074e-15
4770.9812316421 9.223625183098415e-15
4773.98352588124 9.27621751370317e-15
4776.98582012038 9.24019108090506e-15
4779.98811435952 9.100252463632379e-15
4782.99040859866 9.039993924879068e-15
4785.9927028378 9.067553137804983e-15
4788.99499707694 9.04711943439919e-15
4791.99729131608 9.021483437899488e-15
4794.99958555522 8.961620031184015e-15
4798.00187979436 8.851518447223832e-15
4801.00417403351 8.70259022830291e-15
4804.00646827265 8.583049136207538e-15
4807.00876251179 8.49136312756552e-15
4810.01105675093 8.368665292902164e-15
4813.01335099007 8.14970964390404e-15
4816.01564522921 7.943984806531749e-15
4819.01793946835 7.77420570821141e-15
4822.02023370749 7.610589886391693e-15
4825.02252794663 7.466702881217276e-15
4828.02482218577 7.396946934082941e-15
4831.02711642492 7.251821663674469e-15
4834.02941066406 7.05559968489343e-15
4837.0317049032 6.936145580814656e-15
4840.03399914234 6.846760220447245e-15
4843.03629338148 6.793335724355491e-15
4846.03858762062 6.713839370171325e-15
4849.04088185976 6.6410396310177375e-15
4852.0431760989 6.525321689906788e-15
4855.04547033804 6.3470101950863106e-15
4858.04776457718 6.222121654984562e-15
4861.05005881633 6.1556600068241244e-15
4864.05235305547 6.064614366177478e-15
4867.05464729461 6.004397045143865e-15
4870.05694153375 5.923946322910412e-15
4873.05923577289 5.779247765574661e-15
4876.06153001203 5.676224665653868e-15
4879.06382425117 5.593374150930376e-15
4882.06611849031 5.533598050147263e-15
4885.06841272945 5.4560708623682245e-15
4888.0707069686 5.3969490388838396e-15
4891.07300120774 5.324833913198211e-15
4894.07529544688 5.225716018099737e-15
4897.07758968602 5.206607605879712e-15
4900.07988392516 5.246877884695164e-15
4903.0821781643 5.284314633598959e-15
4906.08447240344 5.3547367370741446e-15
4909.08676664258 5.513172576068634e-15
4912.08906088172 5.677775191687347e-15
4915.09135512086 5.838376031855712e-15
4918.09364936 5.996664222409793e-15
4921.09594359915 6.195387500288113e-15
4924.09823783829 6.443193767308245e-15
4927.10053207743 6.66171549006218e-15
4930.10282631657 6.788630252628173e-15
4933.10512055571 6.911755275309867e-15
4936.10741479485 7.068979259252048e-15
4939.10970903399 7.26026435569789e-15
4942.11200327313 7.389173377212672e-15
4945.11429751227 7.467797202174594e-15
4948.11659175141 7.598549870663836e-15
4951.11888599056 7.729602686843975e-15
4954.1211802297 7.913048897045716e-15
4957.12347446884 8.072775504066603e-15
4960.12576870798 8.19604975631448e-15
4963.12806294712 8.37816550155332e-15
4966.13035718626 8.670143179360335e-15
4969.1326514254 8.900115999683387e-15
4972.13494566454 9.097841628000895e-15
4975.13723990368 9.40104160892569e-15
4978.13953414282 9.713359356612241e-15
4981.14182838197 9.934697534943637e-15
4984.14412262111 1.0129834561927566e-14
4987.14641686025 1.0395713892505613e-14
4990.14871109939 1.0646202950109381e-14
4993.15100533853 1.095513552324694e-14
4996.15329957767 1.1266587654525082e-14
4999.15559381681 1.1511832823231745e-14
5002.15788805595 1.1750422167088581e-14
5005.16018229509 1.1938336046395403e-14
5008.16247653424 1.2083651335675467e-14
5011.16477077338 1.2211885899253364e-14
5014.16706501252 1.2290839645328434e-14
5017.16935925166 1.2206479293309557e-14
5020.1716534908 1.2099125511206496e-14
5023.17394772994 1.2087848222600962e-14
5026.17624196908 1.199159538890978e-14
5029.17853620822 1.1720857447498375e-14
5032.18083044736 1.1473112478877688e-14
5035.1831246865 1.1330067856927601e-14
5038.18541892565 1.106015206159632e-14
5041.18771316479 1.076021864534366e-14
5044.19000740393 1.0484280942454538e-14
5047.19230164307 1.0133624468880784e-14
5050.19459588221 9.73463933367929e-15
5053.19689012135 9.393638803302383e-15
5056.19918436049 9.058880589023014e-15
5059.20147859963 8.671664509877237e-15
5062.20377283877 8.307215511063718e-15
5065.20606707791 7.969068535083559e-15
5068.20836131706 7.635919247359585e-15
5071.2106555562 7.285026633543184e-15
5074.21294979534 6.982276756076471e-15
5077.21524403448 6.789733784613495e-15
5080.21753827362 6.613985730740155e-15
5083.21983251276 6.420955256004702e-15
5086.2221267519 6.296043066337219e-15
5089.22442099104 6.246720869023866e-15
5092.22671523018 6.2147844513406324e-15
5095.22900946932 6.177515121459912e-15
5098.23130370847 6.153747645602135e-15
5101.23359794761 6.200366237115136e-15
5104.23589218675 6.244894166945447e-15
5107.23818642589 6.263760551424558e-15
5110.24048066503 6.319192746064345e-15
5113.24277490417 6.391831496898436e-15
5116.24506914331 6.449668441475622e-15
5119.24736338245 6.534274973309758e-15
5122.24965762159 6.639415327249085e-15
5125.25195186073 6.783899108555867e-15
5128.25424609988 6.94600786721539e-15
5131.25654033902 7.066613655911128e-15
5134.25883457816 7.221480219450019e-15
5137.2611288173 7.365553862533075e-15
5140.26342305644 7.440032014590222e-15
5143.26571729558 7.510830714896273e-15
5146.26801153472 7.644402325425887e-15
5149.27030577386 7.751832577284903e-15
5152.272600013 7.880757841812792e-15
5155.27489425214 7.943714014270575e-15
5158.27718849129 7.962883432941545e-15
5161.27948273043 8.019923598103398e-15
5164.28177696957 8.08828380009158e-15
5167.28407120871 8.161463203240396e-15
5170.28636544785 8.205764597634313e-15
5173.28865968699 8.301691417677095e-15
5176.29095392613 8.377064422502106e-15
5179.29324816527 8.337941994125352e-15
5182.29554240441 8.30478539941236e-15
5185.29783664355 8.30107076447136e-15
5188.3001308827 8.290766247712216e-15
5191.30242512184 8.337993799159703e-15
5194.30471936098 8.416238488697303e-15
5197.30701360012 8.387701890551363e-15
5200.30930783926 8.298914274598734e-15
5203.3116020784 8.258934767937927e-15
5206.31389631754 8.220131283047234e-15
5209.31619055668 8.159689932784429e-15
5212.31848479582 8.109659014694593e-15
5215.32077903496 8.071607457389213e-15
5218.32307327411 8.068888792958729e-15
5221.32536751325 8.056961051968691e-15
5224.32766175239 8.022033501911803e-15
5227.32995599153 7.981627815958216e-15
5230.33225023067 7.985601353579129e-15
5233.33454446981 7.975066704424219e-15
5236.33683870895 7.972925702684328e-15
5239.33913294809 7.95127350748603e-15
5242.34142718723 7.966215322240282e-15
5245.34372142637 7.98474827767453e-15
5248.34601566551 7.973880021380996e-15
5251.34830990466 8.050494047034674e-15
5254.3506041438 8.132491658078996e-15
5257.35289838294 8.22416602651295e-15
5260.35519262208 8.317443687734285e-15
5263.35748686122 8.336466706575635e-15
5266.35978110036 8.44006244800927e-15
5269.3620753395 8.575056769805136e-15
5272.36436957864 8.668456012436934e-15
5275.36666381778 8.717196949115718e-15
5278.36895805693 8.782096810129227e-15
5281.37125229607 8.917068771890574e-15
5284.37354653521 9.079163900720288e-15
5287.37584077435 9.204424506154338e-15
5290.37813501349 9.2824852511175e-15
5293.38042925263 9.361138263764413e-15
5296.38272349177 9.5263833642132e-15
5299.38501773091 9.746712121064569e-15
5302.38731197005 9.90723006843872e-15
5305.38960620919 9.990758663050441e-15
5308.39190044834 1.010840189100009e-14
5311.39419468748 1.0309787010037953e-14
5314.39648892662 1.0499726938142475e-14
5317.39878316576 1.0650378257742102e-14
5320.4010774049 1.0756968465867564e-14
5323.40337164404 1.0898320171705717e-14
5326.40566588318 1.1054531143528916e-14
5329.40796012232 1.1132368259185047e-14
5332.41025436146 1.122813412642144e-14
5335.4125486006 1.127437643086184e-14
5338.41484283975 1.13525563716622e-14
5341.41713707889 1.1492884314445592e-14
5344.41943131803 1.1590772456662486e-14
5347.42172555717 1.1677957988034489e-14
5350.42401979631 1.1750920790526563e-14
5353.42631403545 1.1881032071618725e-14
5356.42860827459 1.1920462722712254e-14
5359.43090251373 1.205064343080237e-14
5362.43319675287 1.2224720923421977e-14
5365.43549099201 1.225461080152915e-14
5368.43778523116 1.2229741347975267e-14
5371.4400794703 1.2334321632822257e-14
5374.44237370944 1.2399778881928247e-14
5377.44466794858 1.2462607008833422e-14
5380.44696218772 1.256374111552748e-14
5383.44925642686 1.2649708548435276e-14
5386.451550666 1.2717618221697808e-14
5389.45384490514 1.2715333427430274e-14
5392.45613914428 1.2738548997511285e-14
5395.45843338342 1.2856053937854595e-14
5398.46072762257 1.2956828177620414e-14
5401.46302186171 1.3008302508965828e-14
5404.46531610085 1.3080144026898117e-14
5407.46761033999 1.3205694524676693e-14
5410.46990457913 1.3285009554002988e-14
5413.47219881827 1.3352415757532044e-14
5416.47449305741 1.3445713791049053e-14
5419.47678729655 1.3509892212155605e-14
5422.47908153569 1.353503270519418e-14
5425.48137577483 1.3521176593553399e-14
5428.48367001398 1.3498496292531408e-14
5431.48596425312 1.3430643986542666e-14
5434.48825849226 1.3354666411206459e-14
5437.4905527314 1.336118018200458e-14
5440.49284697054 1.3330761582377263e-14
5443.49514120968 1.3214137597551184e-14
5446.49743544882 1.3106870681671051e-14
5449.49972968796 1.3008564697300809e-14
5452.5020239271 1.2866050305344723e-14
5455.50431816624 1.2775944270623883e-14
5458.50661240539 1.2685130286575782e-14
5461.50890664453 1.2586680768623712e-14
5464.51120088367 1.2596795024480825e-14
5467.51349512281 1.251145637767939e-14
5470.51578936195 1.2356179573324663e-14
5473.51808360109 1.227500879439489e-14
5476.52037784023 1.224855301690109e-14
5479.52267207937 1.2321904951730722e-14
5482.52496631851 1.2386311247532074e-14
5485.52726055765 1.2515999937420642e-14
5488.5295547968 1.2722824549513787e-14
5491.53184903594 1.2953857790358255e-14
5494.53414327508 1.3217766870891207e-14
5497.53643751422 1.3556437517822599e-14
5500.53873175336 1.382746713116182e-14
5503.5410259925 1.4113156120457456e-14
5506.54332023164 1.4346483081250785e-14
5509.54561447078 1.46611040369679e-14
5512.54790870992 1.5091895423322207e-14
5515.55020294906 1.540550829066567e-14
5518.55249718821 1.5669731979316508e-14
5521.55479142735 1.5936741481236192e-14
5524.55708566649 1.619726901754609e-14
5527.55937990563 1.641227138355639e-14
5530.56167414477 1.6564602552768817e-14
5533.56396838391 1.662320108359271e-14
5536.56626262305 1.6630968376911638e-14
5539.56855686219 1.662616218481503e-14
5542.57085110133 1.6609167359248594e-14
5545.57314534047 1.6550842998384365e-14
5548.57543957962 1.6553159426641333e-14
5551.57773381876 1.6457737946493313e-14
5554.5800280579 1.6129831538983993e-14
5557.58232229704 1.5881099525633822e-14
5560.58461653618 1.5750618465451762e-14
5563.58691077532 1.5572134887176076e-14
5566.58920501446 1.5354196276419945e-14
5569.5914992536 1.51604593929942e-14
5572.59379349274 1.4883956718575424e-14
5575.59608773188 1.456322727137759e-14
5578.59838197103 1.433531100973519e-14
5581.60067621017 1.3968504515726424e-14
5584.60297044931 1.3572465317993047e-14
5587.60526468845 1.3252238739122356e-14
5590.60755892759 1.2905461428588513e-14
5593.60985316673 1.2545483581268457e-14
5596.61214740587 1.2182313121091465e-14
5599.61444164501 1.1877550601229103e-14
5602.61673588415 1.1591276961851146e-14
5605.61903012329 1.1276514457784244e-14
5608.62132436244 1.100781566735481e-14
5611.62361860158 1.0852627330788524e-14
5614.62591284072 1.0798299524572237e-14
5617.62820707986 1.0738536469899996e-14
5620.630501319 1.0741822328258639e-14
5623.63279555814 1.0806993448330859e-14
5626.63508979728 1.0902867558609484e-14
5629.63738403642 1.1002505243225457e-14
5632.63967827556 1.1059393795282477e-14
5635.6419725147 1.114621307264262e-14
5638.64426675385 1.126984702537126e-14
5641.64656099299 1.1327212350203017e-14
5644.64885523213 1.1357605014619022e-14
5647.65114947127 1.1409172122929892e-14
5650.65344371041 1.1456886571349596e-14
5653.65573794955 1.1441083209229143e-14
5656.65803218869 1.1335064988945445e-14
5659.66032642783 1.118087671469062e-14
5662.66262066697 1.0891256177099274e-14
5665.66491490612 1.049997536396814e-14
5668.66720914525 1.0093970379239004e-14
5671.6695033844 9.581278519072065e-15
5674.67179762354 9.00216092335594e-15
5677.67409186268 8.391835272872464e-15
5680.67638610182 7.789147226769245e-15
5683.67868034096 7.236400516128173e-15
5686.6809745801 6.630098540944484e-15
5689.68326881924 6.038678903481342e-15
5692.68556305838 5.625011808298868e-15
5695.68785729752 5.272829591829859e-15
5698.69015153667 4.873646456402258e-15
5701.69244577581 4.533952852999376e-15
5704.69474001495 4.333863661409344e-15
5707.69703425409 4.207861403245405e-15
5710.69932849323 4.047001406848599e-15
5713.70162273237 3.854424736856007e-15
5716.70391697151 3.745936635814004e-15
5719.70621121065 3.68985198953344e-15
5722.70850544979 3.651973081452668e-15
5725.71079968894 3.641209796964252e-15
5728.71309392807 3.64416041495046e-15
5731.71538816722 3.6557945992325805e-15
5734.71768240636 3.704162020381983e-15
5737.7199766455 3.777651286590563e-15
5740.72227088464 3.845123783066731e-15
5743.72456512378 3.9260072298026725e-15
5746.72685936292 4.039278697029442e-15
5749.72915360206 4.167347283879144e-15
5752.7314478412 4.286381445278938e-15
5755.73374208035 4.418848730850766e-15
5758.73603631949 4.57866610997794e-15
5761.73833055863 4.723137949918773e-15
5764.74062479777 4.8816866563498085e-15
5767.74291903691 5.108300645983446e-15
5770.74521327605 5.350050949647905e-15
5773.74750751519 5.5650479629266396e-15
5776.74980175433 5.741564954127299e-15
5779.75209599347 5.979474408491981e-15
5782.75439023261 6.2249633994241626e-15
5785.75668447176 6.458183345973719e-15
5788.7589787109 6.717222378172262e-15
5791.76127295004 7.0071434106935e-15
5794.76356718918 7.297505451494165e-15
5797.76586142832 7.574862767685029e-15
5800.76815566746 7.970499564167276e-15
5803.7704499066 8.310384114826306e-15
5806.77274414574 8.546775034678504e-15
5809.77503838488 8.904209494119378e-15
5812.77733262402 9.362466640250627e-15
5815.77962686316 9.723066618543255e-15
5818.78192110231 1.0026707803665111e-14
5821.78421534145 1.0373084565974608e-14
5824.78650958059 1.0757150251651498e-14
5827.78880381973 1.1093992705365257e-14
5830.79109805887 1.1454898188724525e-14
5833.79339229801 1.1810528445819754e-14
5836.79568653715 1.2127073215872206e-14
5839.79798077629 1.2445688106860588e-14
5842.80027501543 1.2804207893563294e-14
5845.80256925458 1.3229114122359366e-14
5848.80486349372 1.3654351691271014e-14
5851.80715773286 1.4101727626246121e-14
5854.809451972 1.4683946445449145e-14
5857.81174621114 1.5251945827847605e-14
5860.81404045028 1.5773094016754456e-14
5863.81633468942 1.6385503715761522e-14
5866.81862892856 1.7051146309221534e-14
5869.8209231677 1.7661514512840538e-14
5872.82321740684 1.8271368469978494e-14
5875.82551164598 1.8904610143500974e-14
5878.82780588513 1.942795525099977e-14
5881.83010012427 1.9811448655606563e-14
5884.83239436341 2.0178551439124993e-14
5887.83468860255 2.0504882043651504e-14
5890.83698284169 2.0860125709211133e-14
5893.83927708083 2.1231511863916585e-14
5896.84157131997 2.1603908586497103e-14
5899.84386555911 2.1979018364450344e-14
5902.84615979825 2.232763771042927e-14
5905.84845403739 2.2628615631850834e-14
5908.85074827653 2.284547418334304e-14
5911.85304251568 2.2908544848942938e-14
5914.85533675482 2.2858813424876917e-14
5917.85763099396 2.28037332527987e-14
5920.8599252331 2.2696637450617276e-14
5923.86221947224 2.2616253125240547e-14
5926.86451371138 2.2503263952789292e-14
5929.86680795052 2.2353199139026485e-14
5932.86910218966 2.215391565125874e-14
5935.87139642881 2.187779752860041e-14
5938.87369066795 2.1530785417672272e-14
5941.87598490709 2.1225608134289083e-14
5944.87827914623 2.094778237084166e-14
5947.88057338537 2.0706751453345806e-14
5950.88286762451 2.0600775732512452e-14
5953.88516186365 2.050009959649526e-14
5956.88745610279 2.031668211757036e-14
5959.88975034193 2.0082871983013315e-14
5962.89204458107 1.988936157053692e-14
5965.89433882022 1.9713875111698875e-14
5968.89663305936 1.9473057267770378e-14
5971.8989272985 1.9302499644748e-14
5974.90122153764 1.9224834664739157e-14
5977.90351577678 1.9017840149178957e-14
5980.90581001592 1.8702923397417814e-14
5983.90810425506 1.8513804751972177e-14
5986.9103984942 1.840609421168847e-14
5989.91269273334 1.827396125382109e-14
5992.91498697248 1.813423317357143e-14
5995.91728121163 1.7964264985298765e-14
5998.91957545077 1.7841760383891307e-14
6001.92186968991 1.7779083214224026e-14
6004.92416392905 1.768359722578537e-14
6007.92645816819 1.7560654314819013e-14
6010.92875240733 1.7416546710888833e-14
6013.93104664647 1.719711604155963e-14
6016.93334088561 1.7057785359355396e-14
6019.93563512475 1.6958863098101115e-14
6022.93792936389 1.674263375133874e-14
6025.94022360304 1.648723109019728e-14
6028.94251784218 1.633718675636635e-14
6031.94481208132 1.6154727310155076e-14
6034.94710632046 1.586883125487098e-14
6037.9494005596 1.5688019782189342e-14
6040.95169479874 1.554373338783414e-14
6043.95398903788 1.5369731399709863e-14
6046.95628327702 1.5287308785759176e-14
6049.95857751616 1.516646142860445e-14
6052.9608717553 1.496556252340037e-14
6055.96316599444 1.4790010737733723e-14
6058.96546023359 1.465058205567426e-14
6061.96775447273 1.452721422309689e-14
6064.97004871187 1.437976175405255e-14
6067.97234295101 1.4212715086326905e-14
6070.97463719015 1.3983171553812539e-14
6073.97693142929 1.3841492873202736e-14
6076.97922566843 1.3721783378514625e-14
6079.98151990757 1.3533323928459179e-14
6082.98381414671 1.3409343754231929e-14
6085.98610838586 1.3296098416975644e-14
6088.98840262499 1.3145680011695964e-14
6091.99069686414 1.3002334850950845e-14
6094.99299110328 1.2950388145092391e-14
6097.99528534242 1.2960586799073206e-14
6100.99757958156 1.2917594953554188e-14
6103.9998738207 1.2886902936663047e-14
6107.00216805984 1.2952481921962996e-14
6110.00446229898 1.2968394706830815e-14
6113.00675653812 1.2956210191422346e-14
6116.00905077726 1.2993573641201131e-14
6119.0113450164 1.2990667955677616e-14
6122.01363925555 1.3000388568352413e-14
6125.01593349469 1.304384681584544e-14
6128.01822773383 1.3055270716040831e-14
6131.02052197297 1.306942588577897e-14
6134.02281621211 1.315411213428137e-14
6137.02511045125 1.3244760683141288e-14
6140.02740469039 1.3301077013162694e-14
6143.02969892953 1.329783596022782e-14
6146.03199316868 1.3248714374413486e-14
6149.03428740781 1.3301536076406783e-14
6152.03658164696 1.3283217122329864e-14
6155.0388758861 1.3174221237352668e-14
6158.04117012524 1.304888565799859e-14
6161.04346436438 1.30309839547386e-14
6164.04575860352 1.306223208175625e-14
6167.04805284266 1.2898419709672004e-14
6170.0503470818 1.2676828738811214e-14
6173.05264132094 1.253466857397758e-14
6176.05493556009 1.242633939969139e-14
6179.05722979923 1.2310922886367223e-14
6182.05952403837 1.2150087920971819e-14
6185.06181827751 1.198919499852564e-14
6188.06411251665 1.181201963883347e-14
6191.06640675579 1.1617701460286e-14
6194.06870099493 1.145108224788888e-14
6197.07099523407 1.138172618168136e-14
6200.07328947321 1.1308052997915654e-14
6203.07558371235 1.1208990094236228e-14
6206.0778779515 1.1149494232374424e-14
6209.08017219063 1.1086629824003489e-14
6212.08246642978 1.1045618781592394e-14
6215.08476066892 1.1041596139361885e-14
6218.08705490806 1.0993994132418199e-14
6221.0893491472 1.0983107780795822e-14
6224.09164338634 1.0987553142676644e-14
6227.09393762548 1.0927996772480179e-14
6230.09623186462 1.0921353199364833e-14
6233.09852610376 1.0937540656932713e-14
6236.1008203429 1.0825140063825654e-14
6239.10311458205 1.0682011024881696e-14
6242.10540882119 1.0606725450707209e-14
6245.10770306033 1.0567624604920456e-14
6248.10999729947 1.052507017008532e-14
6251.11229153861 1.050188758961881e-14
6254.11458577775 1.0492120605667484e-14
6257.11688001689 1.0441088741813011e-14
6260.11917425603 1.03262691018493e-14
6263.12146849517 1.0180906409986417e-14
6266.12376273431 9.995525362233135e-15
6269.12605697346 9.67038985532145e-15
6272.1283512126 9.259707547503364e-15
6275.13064545174 8.859664930739073e-15
6278.13293969088 8.47152045686365e-15
6281.13523393002 8.02164095376151e-15
6284.13752816916 7.512801578298717e-15
6287.1398224083 7.041900187655797e-15
6290.14211664744 6.591018794281539e-15
6293.14441088658 6.126848446866562e-15
6296.14670512572 5.6750472733869446e-15
6299.14899936486 5.209498777635591e-15
6302.15129360401 4.76480621174591e-15
6305.15358784315 4.377050252424369e-15
6308.15588208229 3.996126082892854e-15
6311.15817632143 3.691167196452121e-15
6314.16047056057 3.4861868052455094e-15
6317.16276479971 3.3063341773354182e-15
6320.16505903885 3.2097717592877937e-15
6323.16735327799 3.18978936801774e-15
6326.16964751713 3.2551448891484643e-15
6329.17194175627 3.3964296608285386e-15
6332.17423599542 3.613494284530918e-15
6335.17653023456 3.906009716995877e-15
6338.1788244737 4.26420233992189e-15
6341.18111871284 4.701659232845203e-15
6344.18341295198 5.221214954259802e-15
6347.18570719112 5.820648403270607e-15
6350.18800143026 6.420942807718137e-15
6353.1902956694 6.984800249398268e-15
6356.19258990854 7.555812525526524e-15
6359.19488414769 8.094032212711965e-15
6362.19717838683 8.562670174933908e-15
6365.19947262597 8.971983994633567e-15
6368.20176686511 9.281896195979724e-15
6371.20406110425 9.529036341574285e-15
6374.20635534339 9.772952797369326e-15
6377.20864958253 1.002718544237383e-14
6380.21094382167 1.0266651995471773e-14
6383.21323806081 1.0503115532819277e-14
6386.21553229996 1.0728482318269333e-14
6389.2178265391 1.0925890253539902e-14
6392.22012077824 1.10838855570156e-14
6395.22241501738 1.1212692299106467e-14
6398.22470925652 1.1332887638168655e-14
6401.22700349566 1.1481349319208211e-14
6404.2292977348 1.1681588560837273e-14
6407.23159197394 1.190171142833368e-14
6410.23388621308 1.2034197291760459e-14
6413.23618045222 1.2083078312545628e-14
6416.23847469137 1.2221055033195699e-14
6419.2407689305 1.2460706951761861e-14
6422.24306316965 1.2623395843926927e-14
6425.24535740879 1.2687323566213624e-14
6428.24765164793 1.2771098739776246e-14
6431.24994588707 1.2927894412115651e-14
6434.25224012621 1.304428464760814e-14
6437.25453436535 1.3165218182350025e-14
6440.25682860449 1.331865323241229e-14
6443.25912284363 1.3485756883511726e-14
6446.26141708277 1.3653316970320897e-14
6449.26371132192 1.3827025336294088e-14
6452.26600556106 1.3932492811932322e-14
6455.2682998002 1.400168691507527e-14
6458.27059403934 1.4111463645945672e-14
6461.27288827848 1.4186451939946541e-14
6464.27518251762 1.4181584058426407e-14
6467.27747675676 1.415070330442812e-14
6470.2797709959 1.4116390705735313e-14
6473.28206523504 1.4089671784626463e-14
6476.28435947418 1.3986096012935817e-14
6479.28665371333 1.3933668271793528e-14
6482.28894795247 1.3807581649718746e-14
6485.29124219161 1.3611646515232017e-14
6488.29353643075 1.3425283108440518e-14
6491.29583066989 1.333420646116179e-14
6494.29812490903 1.3156707989069406e-14
6497.30041914817 1.2882766965893506e-14
6500.30271338731 1.264336230868167e-14
6503.30500762645 1.2453779010523363e-14
6506.3073018656 1.2216136437062541e-14
6509.30959610473 1.1931020973765623e-14
6512.31189034388 1.1724475845787577e-14
6515.31418458302 1.1588883508626778e-14
6518.31647882216 1.143835101531412e-14
6521.3187730613 1.13072061334896e-14
6524.32106730044 1.1205078166187487e-14
6527.32336153958 1.116279926613292e-14
6530.32565577872 1.1061654357879354e-14
6533.32795001786 1.100789052579943e-14
6536.330244257 1.088806088151189e-14
6539.33253849614 1.0748468908347707e-14
6542.33483273529 1.07563335283051e-14
6545.33712697443 1.084953882631084e-14
6548.33942121357 1.0858674517042399e-14
6551.34171545271 1.0918340374301991e-14
6554.34400969185 1.104318472318504e-14
6557.34630393099 1.117887730362685e-14
6560.34859817013 1.1338773672790623e-14
6563.35089240927 1.1468061657826121e-14
6566.35318664841 1.1643493462101695e-14
6569.35548088755 1.1901933894930774e-14
6572.3577751267 1.2122054747792408e-14
6575.36006936584 1.234693486530868e-14
6578.36236360498 1.2624671041813054e-14
6581.36465784412 1.2922688596384291e-14
6584.36695208326 1.332687237922232e-14
6587.3692463224 1.3724020812811075e-14
6590.37154056154 1.4089737239929588e-14
6593.37383480068 1.4450297765203842e-14
6596.37612903983 1.4834341222888802e-14
6599.37842327897 1.5265637135808953e-14
6602.38071751811 1.557353454148876e-14
6605.38301175725 1.577113083114897e-14
6608.38530599639 1.5928304038908204e-14
6611.38760023553 1.6041236028637615e-14
6614.38989447467 1.6219964813026813e-14
6617.39218871381 1.637662479887676e-14
6620.39448295295 1.6467994601831665e-14
6623.39677719209 1.6634888621052692e-14
6626.39907143124 1.6658152611495552e-14
6629.40136567038 1.6572415970703252e-14
6632.40365990952 1.648192311423227e-14
6635.40595414866 1.6471101094432424e-14
6638.4082483878 1.6496565739600813e-14
6641.41054262694 1.654451161668677e-14
6644.41283686608 1.6622761416508187e-14
6647.41513110522 1.6816224475337292e-14
6650.41742534436 1.710448139698883e-14
6653.4197195835 1.7395098868157137e-14
6656.42201382264 1.7697099795052976e-14
6659.42430806179 1.8012323554327287e-14
6662.42660230093 1.8190994990367264e-14
6665.42889654007 1.8268150865537222e-14
6668.43119077921 1.849123898306091e-14
6671.43348501835 1.8790135451183197e-14
6674.43577925749 1.905322158775038e-14
6677.43807349663 1.9283519892681256e-14
6680.44036773577 1.9407164396533324e-14
6683.44266197491 1.9542502980260446e-14
6686.44495621405 1.9608544997658157e-14
6689.44725045319 1.9611879522697412e-14
6692.44954469234 1.9700517808841486e-14
6695.45183893148 1.975884343496735e-14
6698.45413317062 1.977354324963749e-14
6701.45642740976 1.9881812752110474e-14
6704.4587216489 1.9941086627765914e-14
6707.46101588804 1.9850569380597913e-14
6710.46331012718 1.9775033832494515e-14
6713.46560436632 1.9646066992666795e-14
6716.46789860546 1.9381323901222864e-14
6719.47019284461 1.9258430258636255e-14
6722.47248708375 1.9239653131197967e-14
6725.47478132289 1.908726816709418e-14
6728.47707556203 1.8883128478196202e-14
6731.47936980117 1.8718811821833178e-14
6734.48166404031 1.859410955951869e-14
6737.48395827945 1.8387767100500292e-14
6740.48625251859 1.8125515294603207e-14
6743.48854675773 1.7887830827324762e-14
6746.49084099687 1.7584197484386992e-14
6749.49313523601 1.733027188274875e-14
6752.49542947516 1.71994725466868e-14
6755.4977237143 1.708617028009168e-14
6758.50001795344 1.6962266939179742e-14
6761.50231219258 1.680226629776953e-14
6764.50460643172 1.658494044090931e-14
6767.50690067086 1.63849025779428e-14
6770.50919491 1.620112457420532e-14
6773.51148914914 1.603729031419209e-14
6776.51378338829 1.585499900523021e-14
6779.51607762742 1.580609698690962e-14
6782.51837186657 1.581752667040976e-14
6785.52066610571 1.573226876877164e-14
6788.52296034485 1.5683754540637676e-14
6791.52525458399 1.557553561502704e-14
6794.52754882313 1.5374092330740565e-14
6797.52984306227 1.5223325637734285e-14
6800.53213730141 1.51805165236087e-14
6803.53443154055 1.52063067834573e-14
6806.5367257797 1.5225773236971698e-14
6809.53902001883 1.5225045210733447e-14
6812.54131425798 1.522776683687188e-14
6815.54360849712 1.5225779916391325e-14
6818.54590273626 1.5207916750663808e-14
6821.5481969754 1.5130372961214918e-14
6824.55049121454 1.4993967963719747e-14
6827.55278545368 1.4877176397081252e-14
6830.55507969282 1.4684217098327222e-14
6833.55737393196 1.4605986899904258e-14
6836.5596681711 1.4374801280584154e-14
6839.56196241025 1.425123978813061e-14
6842.56425664939 1.4059817916384422e-14
6845.56655088853 1.3750883778638647e-14
6848.56884512767 1.3401155673620155e-14
6851.57113936681 1.3056346919099338e-14
6854.57343360595 1.2858878166983677e-14
6857.57572784509 1.268782744512519e-14
6860.57802208423 1.2211967737768267e-14
6863.58031632337 1.161008411787804e-14
6866.58261056252 1.1188441950238006e-14
6869.58490480166 1.083459695611828e-14
6872.5871990408 1.0563018489479583e-14
6875.58949327994 1.0406818095957168e-14
6878.59178751908 1.02046765525627e-14
6881.59408175822 9.813448050593756e-15
6884.59637599736 9.329929461452703e-15
6887.5986702365 8.991760445440018e-15
6890.60096447564 8.803802440280743e-15
6893.60325871478 8.621437114839971e-15
6896.60555295392 8.504590667654543e-15
6899.60784719306 8.513636282923996e-15
6902.61014143221 8.42835466464833e-15
6905.61243567135 8.20341289303105e-15
6908.61472991049 7.998521551616127e-15
6911.61702414963 7.89227363849927e-15
6914.61931838877 7.807734728805898e-15
6917.62161262791 7.697383215844408e-15
6920.62390686705 7.681617601421758e-15
6923.62620110619 7.74006789058143e-15
6926.62849534533 7.786503571805994e-15
6929.63078958447 7.91265543546441e-15
6932.63308382362 8.14669089473996e-15
6935.63537806276 8.331458308560847e-15
6938.6376723019 8.432322334829583e-15
6941.63996654104 8.50378770586669e-15
6944.64226078018 8.624953433461329e-15
6947.64455501932 8.77450979125093e-15
6950.64684925846 8.954802868215553e-15
6953.6491434976 9.18042534865264e-15
6956.65143773674 9.437209039526746e-15
6959.65373197588 9.718711038321167e-15
6962.65602621503 1.0034963807595183e-14
6965.65832045417 1.0289398461807459e-14
6968.66061469331 1.041562883837978e-14
6971.66290893245 1.0567451780179285e-14
6974.66520317159 1.0843957740945533e-14
6977.66749741073 1.126069274262087e-14
6980.66979164987 1.1691080102837312e-14
6983.67208588901 1.2034898476954115e-14
6986.67438012816 1.2326689597937559e-14
6989.67667436729 1.2437481975126464e-14
6992.67896860644 1.2559543766903846e-14
6995.68126284558 1.2913800397084073e-14
6998.68355708472 1.327146692754438e-14
7001.68585132386 1.342921600595607e-14
7004.688145563 1.3662310000531288e-14
7007.69043980214 1.38881973409362e-14
7010.69273404128 1.4074723894474004e-14
7013.69502828042 1.4342183645783013e-14
7016.69732251957 1.4490359403796477e-14
7019.69961675871 1.4449864962532616e-14
7022.70191099785 1.440503106212875e-14
7025.70420523699 1.4543297501894525e-14
7028.70649947613 1.4812258630108438e-14
7031.70879371527 1.5301841540803444e-14
7034.71108795441 1.5771149815430823e-14
7037.71338219355 1.6186265808353054e-14
7040.71567643269 1.6533637401780842e-14
7043.71797067183 1.684829741303163e-14
7046.72026491097 1.7060694053470232e-14
7049.72255915012 1.7169595194142043e-14
7052.72485338926 1.715964817700218e-14
7055.7271476284 1.7194180438928953e-14
7058.72944186754 1.7361340345635105e-14
7061.73173610668 1.7514527494068077e-14
7064.73403034582 1.7576087423926214e-14
7067.73632458496 1.7622673940272173e-14
7070.7386188241 1.7676693413194184e-14
7073.74091306324 1.7668264132576057e-14
7076.74320730238 1.762488127040998e-14
7079.74550154153 1.75195629328189e-14
7082.74779578067 1.7309355489608553e-14
7085.75009001981 1.724842380678452e-14
7088.75238425895 1.727919920832157e-14
7091.75467849809 1.7311876362416544e-14
7094.75697273723 1.720150181531704e-14
7097.75926697637 1.7123455028864967e-14
7100.76156121551 1.7114249075236903e-14
7103.76385545465 1.6966967898132264e-14
7106.76614969379 1.6669145363025312e-14
7109.76844393294 1.635753618644332e-14
7112.77073817208 1.6066016316925382e-14
7115.77303241122 1.5783398596063146e-14
7118.77532665036 1.5565453950698833e-14
7121.7776208895 1.548795149840427e-14
7124.77991512864 1.5498816451055682e-14
7127.78220936778 1.5402912944119945e-14
7130.78450360692 1.5122806865548544e-14
7133.78679784606 1.4787516418720255e-14
7136.7890920852 1.463552514125443e-14
7139.79138632435 1.437327827697421e-14
7142.79368056349 1.4110893956778545e-14
7145.79597480263 1.3912583062447535e-14
7148.79826904177 1.369378938785703e-14
7151.80056328091 1.3602830253200604e-14
7154.80285752005 1.3613539107811097e-14
7157.80515175919 1.3638740987252541e-14
7160.80744599833 1.3647163993133737e-14
7163.80974023747 1.3686409386524663e-14
7166.81203447661 1.3744276607446471e-14
7169.81432871575 1.352969874376865e-14
7172.8166229549 1.30947855070439e-14
7175.81891719404 1.2909348970286417e-14
7178.82121143318 1.2855808324196676e-14
7181.82350567232 1.2748800095388618e-14
7184.82579991146 1.2737036090781898e-14
7187.8280941506 1.2861864408910492e-14
7190.83038838974 1.2909776767921544e-14
7193.83268262888 1.2953437482886561e-14
7196.83497686802 1.3115169324886404e-14
7199.83727110717 1.3322776158604859e-14
7202.83956534631 1.3483588974745783e-14
7205.84185958545 1.3462743888023643e-14
7208.84415382459 1.3257056045257149e-14
7211.84644806373 1.3211960577691583e-14
7214.84874230287 1.3395528405504375e-14
7217.85103654201 1.3444743675286733e-14
7220.85333078115 1.335099116895742e-14
7223.85562502029 1.3260452716312245e-14
7226.85791925943 1.3145325046547166e-14
7229.86021349858 1.3299350184499974e-14
7232.86250773772 1.3521501091601659e-14
7235.86480197686 1.3434167046343504e-14
7238.867096216 1.334137411729358e-14
7241.86939045514 1.327106887670122e-14
7244.87168469428 1.2943630628333379e-14
7247.87397893342 1.263181975115485e-14
7250.87627317256 1.2649041454964228e-14
7253.8785674117 1.2783610116459605e-14
7256.88086165085 1.2917383276907158e-14
7259.88315588999 1.3033245182954406e-14
7262.88545012913 1.3084669712201856e-14
7265.88774436827 1.3169290419131522e-14
7268.89003860741 1.3328397263892093e-14
7271.89233284655 1.339413881546379e-14
7274.89462708569 1.331160279485567e-14
7277.89692132483 1.3226389712937181e-14
7280.89921556397 1.3177209449529553e-14
7283.90150980311 1.3307539552933864e-14
7286.90380404225 1.3581548174898889e-14
7289.9060982814 1.3871117448490912e-14
7292.90839252054 1.4051055827374606e-14
7295.91068675968 1.4161923675486768e-14
7298.91298099882 1.4233276801245482e-14
7301.91527523796 1.4259149031529996e-14
7304.9175694771 1.4235187069061803e-14
7307.91986371624 1.4178692739415073e-14
7310.92215795538 1.4143634199117658e-14
7313.92445219452 1.4306380355667367e-14
7316.92674643366 1.46142097512399e-14
7319.92904067281 1.4694297627035997e-14
7322.93133491195 1.4577544940681055e-14
7325.93362915109 1.459363495605869e-14
7328.93592339023 1.4652311003723193e-14
7331.93821762937 1.462232485429838e-14
7334.94051186851 1.4542931060194242e-14
7337.94280610765 1.452382843385398e-14
7340.94510034679 1.4341328688684187e-14
7343.94739458593 1.4043943896183476e-14
7346.94968882508 1.3839420781109311e-14
7349.95198306421 1.3815866812704661e-14
7352.95427730336 1.3814794245302739e-14
7355.9565715425 1.3772093411957255e-14
7358.95886578164 1.3780847431048322e-14
7361.96116002078 1.3773578333672487e-14
7364.96345425992 1.36085989490771e-14
7367.96574849906 1.3343370144279404e-14
7370.9680427382 1.3097075828533202e-14
7373.97033697734 1.2911375396811179e-14
7376.97263121648 1.2781864899807967e-14
7379.97492545563 1.2669867177660669e-14
7382.97721969477 1.2671767227602237e-14
7385.97951393391 1.2657893214025853e-14
7388.98180817305 1.2673851959228409e-14
7391.98410241219 1.2628136881967001e-14
7394.98639665133 1.2569057706769714e-14
7397.98869089047 1.2467127013474411e-14
7400.99098512961 1.2256807067690294e-14
7403.99327936875 1.2064678470231603e-14
7406.99557360789 1.1921220276919734e-14
7409.99786784704 1.1822243618529338e-14
7413.00016208618 1.1880837073050283e-14
7416.00245632532 1.1996622432293219e-14
7419.00475056446 1.202428432827307e-14
7422.0070448036 1.2062703024955816e-14
7425.00933904274 1.213082046428416e-14
7428.01163328188 1.2173955386386941e-14
7431.01392752102 1.2116258996777282e-14
7434.01622176016 1.1916292657976507e-14
7437.0185159993 1.1766090469711586e-14
7440.02081023845 1.1792284833689715e-14
7443.02310447759 1.1916358497885181e-14
7446.02539871673 1.1991071769333752e-14
7449.02769295587 1.2109254480984257e-14
7452.02998719501 1.2260020270548297e-14
7455.03228143415 1.2288659353836905e-14
7458.03457567329 1.2289756292067076e-14
7461.03686991243 1.231571516413126e-14
7464.03916415157 1.2277811486602435e-14
7467.04145839072 1.2164781362401472e-14
7470.04375262985 1.1965934027181209e-14
7473.046046869 1.1784456905669594e-14
7476.04834110814 1.1724643758950226e-14
7479.05063534728 1.1618445866021086e-14
7482.05292958642 1.162953786479928e-14
7485.05522382556 1.182091521831591e-14
7488.0575180647 1.1935422863724685e-14
7491.05981230384 1.1984358199429197e-14
7494.06210654298 1.2035575482665291e-14
7497.06440078212 1.1955416730068644e-14
7500.06669502127 1.1823904097269924e-14
7503.06898926041 1.17536294797401e-14
7506.07128349955 1.154397357326167e-14
7509.07357773869 1.1382556968495969e-14
7512.07587197783 1.1412558718170701e-14
7515.07816621697 1.1469825794935427e-14
7518.08046045611 1.1541430734718357e-14
7521.08275469525 1.1686746175747479e-14
7524.08504893439 1.1807198407451034e-14
7527.08734317353 1.1745408219484409e-14
7530.08963741268 1.1586893974283755e-14
7533.09193165182 1.1515346195695749e-14
7536.09422589096 1.1429401986147827e-14
7539.0965201301 1.1303284043392766e-14
7542.09881436924 1.1197032474581751e-14
7545.10110860838 1.1048803576081222e-14
7548.10340284752 1.0986033744442691e-14
7551.10569708666 1.1107490074437199e-14
7554.1079913258 1.114815837650718e-14
7557.11028556494 1.1086978512670373e-14
7560.11257980408 1.0983878489560647e-14
7563.11487404323 1.0832784700634706e-14
7566.11716828237 1.0715601206572436e-14
7569.11946252151 1.0535851411097713e-14
7572.12175676065 1.0294735386644732e-14
7575.12405099979 1.021825307946061e-14
7578.12634523893 1.0092400242387667e-14
7581.12863947807 9.763896851166954e-15
7584.13093371721 9.397337615601833e-15
7587.13322795635 9.122128602093732e-15
7590.13552219549 9.067146871054187e-15
7593.13781643464 8.892229813727956e-15
7596.14011067378 8.755006834447148e-15
7599.14240491292 8.814262843554249e-15
7602.14469915206 8.674092498653814e-15
7605.1469933912 8.603003631938875e-15
7608.14928763034 8.562573411546088e-15
7611.15158186948 8.282540603201512e-15
7614.15387610862 7.941899806766231e-15
7617.15617034776 7.77101646666365e-15
7620.15846458691 7.718868680344082e-15
7623.16075882605 7.63577383815407e-15
7626.16305306519 7.569351036325064e-15
7629.16534730433 7.700342825155081e-15
7632.16764154347 7.912942304465923e-15
7635.16993578261 7.93824405230799e-15
7638.17223002175 7.900821000789185e-15
7641.17452426089 7.908039532624374e-15
7644.17681850003 7.755620004602429e-15
7647.17911273917 7.568840386888793e-15
7650.18140697832 7.490305323034626e-15
7653.18370121746 7.376357750951564e-15
7656.1859954566 7.21046494460895e-15
7659.18828969574 7.119221987469683e-15
7662.19058393488 7.125703464718806e-15
7665.19287817402 7.231861775031466e-15
7668.19517241316 7.417565888915376e-15
7671.1974666523 7.518294274940617e-15
7674.19976089144 7.533403477772414e-15
7677.20205513058 7.694932457598963e-15
7680.20434936973 7.974418361321125e-15
7683.20664360887 8.225345570503123e-15
7686.20893784801 8.245256843448273e-15
7689.21123208715 7.854385705981566e-15
7692.21352632629 7.65412170457838e-15
7695.21582056543 7.742646445290668e-15
7698.21811480457 7.814193627469383e-15
7701.22040904371 7.825998161853867e-15
7704.22270328285 7.979490135860455e-15
7707.22499752199 8.201341785941945e-15
7710.22729176113 8.335648500121803e-15
7713.22958600028 8.45620321740036e-15
7716.23188023942 8.63642144267293e-15
7719.23417447856 8.844382563354853e-15
7722.2364687177 8.971122396780805e-15
7725.23876295684 8.98128606996389e-15
7728.24105719598 8.997267726650493e-15
7731.24335143512 9.00923539388087e-15
7734.24564567426 9.11460311633362e-15
7737.2479399134 9.257748570509657e-15
7740.25023415255 9.3612950803404e-15
7743.25252839169 9.557358651421324e-15
7746.25482263083 9.866752572897009e-15
7749.25711686997 1.0197133281535097e-14
7752.25941110911 1.0407543778424155e-14
7755.26170534825 1.0641659123246332e-14
7758.26399958739 1.092384788173602e-14
7761.26629382653 1.110833880208162e-14
7764.26858806567 1.1306780124262034e-14
7767.27088230481 1.1446902295460276e-14
7770.27317654396 1.1547808500554314e-14
7773.2754707831 1.174373750840156e-14
7776.27776502224 1.1793170742396521e-14
7779.28005926138 1.1798758838027774e-14
7782.28235350052 1.18009518277728e-14
7785.28464773966 1.1620798231020146e-14
7788.2869419788 1.141551221612718e-14
7791.28923621794 1.141227899561423e-14
7794.29153045708 1.157949344868845e-14
7797.29382469622 1.171539803193277e-14
7800.29611893536 1.1782942422930937e-14
7803.29841317451 1.1818616591421419e-14
7806.30070741365 1.1756480349145594e-14
7809.30300165279 1.1663970989889213e-14
7812.30529589193 1.1645027676344034e-14
7815.30759013107 1.1623872619232503e-14
7818.30988437021 1.1537227428684918e-14
7821.31217860935 1.1505486325089077e-14
7824.31447284849 1.146116446964202e-14
7827.31676708764 1.1235428249043172e-14
7830.31906132677 1.100655661323056e-14
7833.32135556592 1.0783338251404612e-14
7836.32364980506 1.0529502169983999e-14
7839.3259440442 1.0330705135718813e-14
7842.32823828334 1.0408087711656523e-14
7845.33053252248 1.0645875387165104e-14
7848.33282676162 1.0959490075963224e-14
7851.33512100076 1.1112764972261737e-14
7854.3374152399 1.0899237042614452e-14
7857.33970947904 1.0645491087475293e-14
7860.34200371819 1.0495497451974004e-14
7863.34429795733 1.0368031830652955e-14
7866.34659219647 1.029291311618215e-14
7869.34888643561 1.0311460874819443e-14
7872.35118067475 1.0405075957741008e-14
7875.35347491389 1.0553510157244716e-14
7878.35576915303 1.0667743541029491e-14
7881.35806339217 1.0596858471748139e-14
7884.36035763131 1.0461002015500594e-14
7887.36265187045 1.0475348708284379e-14
7890.3649461096 1.0606984854946644e-14
7893.36724034874 1.0851705579991518e-14
7896.36953458788 1.1219478273237934e-14
7899.37182882702 1.1482959405310759e-14
7902.37412306616 1.1088638169832746e-14
7905.3764173053 1.0512489865537929e-14
7908.37871154444 1.0354787722731809e-14
7911.38100578358 1.0770975752263146e-14
7914.38330002272 1.1060729525077787e-14
7917.38559426186 1.0955752691729962e-14
7920.387888501 1.0891366738882168e-14
7923.39018274015 1.0729861223818054e-14
7926.39247697929 1.0652897289875699e-14
7929.39477121843 1.1042453289280836e-14
7932.39706545757 1.108778853503959e-14
7935.39935969671 1.080740944987692e-14
7938.40165393585 1.0570256048580512e-14
7941.40394817499 1.0556367497629398e-14
7944.40624241413 1.0460591778519497e-14
7947.40853665327 1.0326078783667908e-14
7950.41083089241 1.0198677515014334e-14
7953.41312513156 1.0200596988399966e-14
7956.4154193707 1.0011243279115073e-14
7959.41771360984 9.843602838329829e-15
7962.42000784898 9.880210121345445e-15
7965.42230208812 1.0038880902452794e-14
7968.42459632726 1.0221861483935702e-14
7971.4268905664 1.0366436657456323e-14
7974.42918480554 1.0498561237695125e-14
7977.43147904468 1.0546519424733855e-14
7980.43377328383 1.0473638717166784e-14
7983.43606752296 1.0270655928389105e-14
7986.43836176211 9.856610489268017e-15
7989.44065600125 9.589160221914417e-15
7992.44295024039 9.333550066199801e-15
7995.44524447953 9.20197738574512e-15
7998.44753871867 9.264490337406048e-15
8001.44983295781 9.418400251969675e-15
8004.45212719695 9.57877343802242e-15
8007.45442143609 9.71319574553315e-15
8010.45671567523 9.722124595599754e-15
8013.45900991438 9.648875958935755e-15
8016.46130415352 9.611054680390963e-15
8019.46359839266 9.594807291363297e-15
8022.4658926318 9.522168795257158e-15
8025.46818687094 9.341401884750662e-15
8028.47048111008 9.136953357177117e-15
8031.47277534922 9.059974273601121e-15
8034.47506958836 9.013015654969938e-15
8037.4773638275 8.945722226894221e-15
8040.47965806664 8.960553444130777e-15
8043.48195230579 8.923888709287327e-15
8046.48424654493 8.982379201295561e-15
8049.48654078407 9.18512045154365e-15
8052.48883502321 9.220749031822927e-15
8055.49112926235 9.27232822227107e-15
8058.49342350149 9.315743888631198e-15
8061.49571774063 9.217225149586471e-15
8064.49801197977 9.140752144381106e-15
8067.50030621891 9.069521846130877e-15
8070.50260045806 8.871408018756888e-15
8073.5048946972 8.719813430200382e-15
8076.50718893634 8.73430948709712e-15
8079.50948317548 8.757075029786626e-15
8082.51177741462 8.674720526170826e-15
8085.51407165376 8.539608121822446e-15
8088.5163658929 8.567301658309059e-15
8091.51866013204 8.613255354730247e-15
8094.52095437118 8.731536222831639e-15
8097.52324861032 8.988104706778215e-15
8100.52554284946 9.05499692200936e-15
8103.52783708861 9.052119605076206e-15
8106.53013132775 9.080551056826014e-15
8109.53242556689 9.043871962632724e-15
8112.53471980603 8.973446250179073e-15
8115.53701404517 8.961741494522823e-15
8118.53930828431 8.999620827138043e-15
8121.54160252345 8.935891325768363e-15
8124.54389676259 8.767083128781295e-15
8127.54619100173 8.571978857631666e-15
8130.54848524087 8.343185906660859e-15
8133.55077948002 8.275993764932458e-15
8136.55307371916 8.239015458504434e-15
8139.5553679583 8.137110245562208e-15
8142.55766219744 8.072379465260546e-15
8145.55995643658 8.00907911184971e-15
8148.56225067572 7.914135044470489e-15
8151.56454491486 7.76898571149068e-15
8154.566839154 7.746127350717452e-15
8157.56913339314 7.71072876937388e-15
8160.57142763229 7.659788852741166e-15
8163.57372187143 7.716364193351454e-15
8166.57601611057 7.821424154116304e-15
8169.57831034971 7.837842259721292e-15
8172.58060458885 7.844005468369195e-15
8175.58289882799 7.936689472551563e-15
8178.58519306713 7.991397849198506e-15
8181.58748730627 7.942837528132948e-15
8184.58978154541 7.83133641588526e-15
8187.59207578455 7.712357008469721e-15
8190.59437002369 7.571545151096206e-15
8193.59666426284 7.539250199521877e-15
8196.59895850198 7.49200928095171e-15
8199.60125274112 7.460342567047905e-15
8202.60354698026 7.417922046331626e-15
8205.6058412194 7.417907285439011e-15
8208.60813545854 7.405430809407188e-15
8211.61042969768 7.37924894924025e-15
8214.61272393682 7.420634916585434e-15
8217.61501817596 7.36131638935048e-15
8220.6173124151 7.164011411243586e-15
8223.61960665424 7.052345632600878e-15
8226.62190089339 7.034411788135465e-15
8229.62419513253 7.021761773466693e-15
8232.62648937167 7.042321455575512e-15
8235.62878361081 7.088644005386495e-15
8238.63107784995 7.152140810342365e-15
8241.63337208909 7.139951185480164e-15
8244.63566632823 7.053465799201065e-15
8247.63796056737 6.8845106929420475e-15
8250.64025480652 6.68902510122019e-15
8253.64254904565 6.421888212469877e-15
8256.6448432848 6.1380781924915494e-15
8259.64713752394 5.918269957014279e-15
8262.64943176308 5.684857276923091e-15
8265.65172600222 5.3953502294619026e-15
8268.65402024136 5.177202348417869e-15
8271.6563144805 4.983569773584762e-15
8274.65860871964 4.700841275370233e-15
8277.66090295878 4.435537849053225e-15
8280.66319719792 4.21774640068669e-15
8283.66549143707 3.977476882636759e-15
8286.66778567621 3.75379036840669e-15
8289.67007991535 3.600245625269189e-15
8292.67237415449 3.513621072515689e-15
8295.67466839363 3.4314869625814525e-15
8298.67696263277 3.30468442074674e-15
8301.67925687191 3.1861526368258638e-15
8304.68155111105 3.113359746922193e-15
8307.68384535019 2.993776299939069e-15
8310.68613958934 2.8006872965630887e-15
8313.68843382848 2.6166236929797844e-15
8316.69072806762 2.461141053229245e-15
8319.69302230676 2.3145626022444345e-15
8322.6953165459 2.1901952172315175e-15
8325.69761078504 2.10285497171646e-15
8328.69990502418 2.043989227121248e-15
8331.70219926332 1.987738339973536e-15
8334.70449350246 1.9481577397500018e-15
8337.7067877416 1.9604564459992554e-15
8340.70908198074 1.9801037256110233e-15
8343.71137621989 1.9842007241198407e-15
8346.71367045903 1.981985376081468e-15
8349.71596469817 1.9598888382054178e-15
8352.71825893731 1.914621719113931e-15
8355.72055317645 1.9021216750408578e-15
8358.72284741559 1.969624162087265e-15
8361.72514165473 2.0431144269314796e-15
8364.72743589387 2.019453832858717e-15
8367.72973013302 1.9282066980360385e-15
8370.73202437216 1.918559739590633e-15
8373.7343186113 1.9724126961438597e-15
8376.73661285044 1.968617545197181e-15
8379.73890708958 1.9542990717769616e-15
8382.74120132872 2.018700214437528e-15
8385.74349556786 2.1689497199097886e-15
8388.745789807 2.294387023074687e-15
8391.74808404614 2.370116956669734e-15
8394.75037828528 2.4671078894350174e-15
8397.75267252443 2.5565218344060414e-15
8400.75496676356 2.623592894649824e-15
8403.75726100271 2.7641566776682768e-15
8406.75955524185 2.8262233012091607e-15
8409.76184948099 2.9156695816987118e-15
8412.76414372013 3.058723251737672e-15
8415.76643795927 3.137431691337616e-15
8418.76873219841 3.1867103275343478e-15
8421.77102643755 3.23211702826914e-15
8424.77332067669 3.1961847958446402e-15
8427.77561491584 3.183465612838352e-15
8430.77790915497 3.284247374182452e-15
8433.78020339412 3.343892173084669e-15
8436.78249763326 3.4258189899645146e-15
8439.7847918724 3.539595824338884e-15
8442.78708611154 3.5005669224735733e-15
8445.78938035068 3.4410957608511764e-15
8448.79167458982 3.411489188312761e-15
8451.79396882896 3.448732952254539e-15
8454.7962630681 3.6058096309474466e-15
8457.79855730725 3.734849255116289e-15
8460.80085154638 3.8667109201769935e-15
8463.80314578553 4.008858654222654e-15
8466.80544002467 4.02787477591387e-15
8469.80773426381 4.0486205741943646e-15
8472.81002850295 4.113380750602229e-15
8475.81232274209 4.112083653151465e-15
8478.81461698123 4.103228238889062e-15
8481.81691122037 4.0978081344513044e-15
8484.81920545951 4.084315321917292e-15
8487.82149969866 3.995543110585404e-15
8490.82379393779 3.809343984964485e-15
8493.82608817694 3.9019923306718654e-15
8496.82838241608 4.099243659121457e-15
8499.83067665522 4.3649181929801795e-15
8502.83297089436 4.602673453027325e-15
8505.8352651335 4.640828134011684e-15
8508.83755937264 4.6031248197762e-15
8511.83985361178 4.6445020704551736e-15
8514.84214785092 4.928726757452359e-15
8517.84444209006 5.216983864709425e-15
8520.84673632921 5.233385864594307e-15
8523.84903056835 5.159992301647622e-15
8526.85132480749 5.149978306889229e-15
8529.85361904663 5.220394878647248e-15
8532.85591328577 5.500194539261325e-15
8535.85820752491 5.8619678062298504e-15
8538.86050176405 6.061774131939832e-15
8541.86279600319 6.114464035020903e-15
8544.86509024233 6.1085214623394465e-15
8547.86738448147 6.153389097049493e-15
8550.86967872062 6.293369077641303e-15
8553.87197295976 6.509331872028294e-15
8556.8742671989 6.782502582090489e-15
8559.87656143804 6.994797133518571e-15
8562.87885567718 7.229400560142257e-15
8565.88114991632 7.58814104026738e-15
8568.88344415546 7.979315185468371e-15
8571.8857383946 8.288338963766375e-15
8574.88803263374 8.577572263852812e-15
8577.89032687289 8.885664138719958e-15
8580.89262111202 9.102200495972542e-15
8583.89491535117 9.240203700123513e-15
8586.89720959031 9.390739490817243e-15
8589.89950382945 9.540387871719085e-15
8592.90179806859 9.643527023012437e-15
8595.90409230773 9.668546013301343e-15
8598.90638654687 9.659186152419875e-15
8601.90868078601 9.782636901994274e-15
8604.91097502515 9.965047523280296e-15
8607.9132692643 1.0005617612755024e-14
8610.91556350343 1.0073439075476734e-14
8613.91785774258 1.0240048822525909e-14
8616.92015198172 1.043181690909051e-14
8619.92244622086 1.0790274943172739e-14
8622.92474046 1.1167817883033555e-14
8625.92703469914 1.1451675434869199e-14
8628.92932893828 1.1774827608354408e-14
8631.93162317742 1.2063275338465822e-14
8634.93391741656 1.23357655748399e-14
8637.9362116557 1.2672459389858625e-14
8640.93850589484 1.3171959856014002e-14
8643.94080013399 1.3461250640507227e-14
8646.94309437313 1.3590062783956092e-14
8649.94538861227 1.3680402488299798e-14
8652.94768285141 1.37771241660196e-14
8655.94997709055 1.3702436220847818e-14
8658.95227132969 1.3437873266857846e-14
8661.95456556883 1.3372991925141627e-14
8664.95685980797 1.3545829731966268e-14
8667.95915404712 1.3744127982181835e-14
8670.96144828625 1.3623636011764576e-14
8673.9637425254 1.3385760124887572e-14
8676.96603676454 1.342577911204305e-14
8679.96833100368 1.3415876846740438e-14
8682.97062524282 1.3245729457955409e-14
8685.97291948196 1.3270692241249423e-14
8688.9752137211 1.3370898276419583e-14
8691.97750796024 1.3534503115652104e-14
8694.97980219938 1.3804685864138439e-14
8697.98209643853 1.4011026037857471e-14
8700.98439067766 1.4209237651814237e-14
8703.98668491681 1.433806600591727e-14
8706.98897915595 1.426187647612847e-14
8709.99127339509 1.4166290682864736e-14
8712.99356763423 1.4111714506833072e-14
8715.99586187337 1.3876235968559604e-14
8718.99815611251 1.3619208481351119e-14
8722.00045035165 1.3493293875361261e-14
8725.00274459079 1.3365662491628535e-14
8728.00503882993 1.3194500635008267e-14
8731.00733306908 1.2990403247703025e-14
8734.00962730822 1.2758866975084932e-14
8737.01192154736 1.2619455707417502e-14
8740.0142157865 1.2568391846990675e-14
8743.01651002564 1.2440314777819344e-14
8746.01880426478 1.2469468671280603e-14
8749.02109850392 1.262056246964781e-14
8752.02339274306 1.2682764386147854e-14
8755.0256869822 1.2668205816713603e-14
8758.02798122134 1.2555150449587126e-14
8761.03027546049 1.244482666675915e-14
8764.03256969963 1.234330129021439e-14
8767.03486393877 1.2268972692112252e-14
8770.03715817791 1.2313560217337777e-14
8773.03945241705 1.2329034528391826e-14
8776.04174665619 1.219521798277417e-14
8779.04404089533 1.2044734097743659e-14
8782.04633513447 1.1950304398948596e-14
8785.04862937361 1.1899281106987645e-14
8788.05092361276 1.1821804975602549e-14
8791.05321785189 1.158946576947528e-14
8794.05551209104 1.1310493742236712e-14
8797.05780633018 1.1111304218989616e-14
8800.06010056932 1.0882936914828067e-14
8803.06239480846 1.0784546479250866e-14
8806.0646890476 1.0733886977513676e-14
8809.06698328674 1.0613125703176065e-14
8812.06927752588 1.0540835183769546e-14
8815.07157176502 1.0619532938855103e-14
8818.07386600417 1.0788543955649152e-14
8821.0761602433 1.0785663788756232e-14
8824.07845448245 1.0595395811131876e-14
8827.08074872159 1.048027259191217e-14
8830.08304296073 1.0493984803971282e-14
8833.08533719987 1.0468915098081777e-14
8836.08763143901 1.0281924784783808e-14
8839.08992567815 1.0082143450901219e-14
8842.09221991729 1.0094332120105567e-14
8845.09451415643 1.0027698387646682e-14
8848.09680839557 9.727193865023856e-15
8851.09910263471 9.285277739337502e-15
8854.10139687386 8.98863860241116e-15
8857.103691113 8.860681128101221e-15
8860.10598535214 8.83114267473039e-15
8863.10827959128 8.660481120446115e-15
8866.11057383042 8.497648105551993e-15
8869.11286806956 8.370477847528392e-15
8872.1151623087 8.350795559375766e-15
8875.11745654784 8.472643549539488e-15
8878.11975078699 8.572029835578626e-15
8881.12204502612 8.630805107433686e-15
8884.12433926527 8.680603060176034e-15
8887.12663350441 8.683672099251073e-15
8890.12892774355 8.624840038339594e-15
8893.13122198269 8.682727496110438e-15
8896.13351622183 9.090467218077969e-15
8899.13581046097 9.704380341685235e-15
8902.13810470011 9.77229562865785e-15
8905.14039893925 8.92989174025136e-15
8908.1426931784 8.091795126470837e-15
8911.14498741753 7.855784164097993e-15
8914.14728165668 7.995490833191752e-15
8917.14957589582 7.977439877240066e-15
8920.15187013496 7.697732703080231e-15
8923.1541643741 7.491478695881348e-15
8926.15645861324 7.355083028419108e-15
8929.15875285238 7.259416963062967e-15
8932.16104709152 7.44784178331472e-15
8935.16334133066 7.722261335038586e-15
8938.1656355698 7.775913424322002e-15
8941.16792980894 7.571040929454755e-15
8944.17022404809 7.040161343661798e-15
8947.17251828723 6.6812963318115526e-15
8950.17481252637 6.795023701799058e-15
8953.17710676551 6.967438325894053e-15
8956.17940100465 7.317040177730712e-15
8959.18169524379 7.521504296544161e-15
8962.18398948293 7.455691335006503e-15
8965.18628372207 7.381301852926297e-15
8968.18857796121 7.419583502348926e-15
8971.19087220036 7.469790221101501e-15
8974.1931664395 7.35094644922102e-15
8977.19546067864 7.13367916218934e-15
8980.19775491778 6.873525258516446e-15
8983.20004915692 6.602499663578577e-15
8986.20234339606 6.581850361282364e-15
8989.2046376352 6.632203162562838e-15
8992.20693187434 6.529494405498215e-15
8995.20922611348 6.392122049099664e-15
8998.21152035263 6.300221725948091e-15
9001.21381459176 6.376830191467129e-15
9004.21610883091 6.553567103678897e-15
9007.21840307005 6.655117511370892e-15
9010.22069730919 6.783916069801279e-15
9013.22299154833 6.9112851186662e-15
9016.22528578747 6.960589861786586e-15
9019.22758002661 6.994705421272239e-15
9022.22987426575 7.0048568588944175e-15
9025.23216850489 7.023306526079618e-15
9028.23446274404 7.096972376544064e-15
9031.23675698317 7.093203613308425e-15
9034.23905122232 6.936037080793607e-15
9037.24134546146 6.794247350084998e-15
9040.2436397006 6.833170457859021e-15
9043.24593393974 6.979976778663312e-15
9046.24822817888 7.0629908043250915e-15
9049.25052241802 7.04087994854882e-15
9052.25281665716 7.108914231914796e-15
9055.2551108963 7.128186687597848e-15
9058.25740513545 7.18274317431696e-15
9061.25969937458 7.34367834298779e-15
9064.26199361373 7.559150139938814e-15
9067.26428785287 7.587938943523361e-15
9070.26658209201 7.708517178948923e-15
9073.26887633115 7.908680019345399e-15
9076.27117057029 8.080835609074606e-15
9079.27346480943 8.159974233215973e-15
9082.27575904858 8.017947468880839e-15
9085.27805328771 7.942285943803317e-15
9088.28034752686 7.947835731723466e-15
9091.28264176599 7.79093329385862e-15
9094.28493600514 7.594309095459322e-15
9097.28723024428 7.479096105730766e-15
9100.28952448342 7.509169217942274e-15
9103.29181872256 7.731651040406814e-15
9106.2941129617 7.8753631352246e-15
9109.29640720084 7.770456762596161e-15
9112.29870143998 7.566382593046867e-15
9115.30099567912 7.619424703876325e-15
9118.30328991826 7.917775151903243e-15
9121.3055841574 7.876377644509893e-15
9124.30787839655 7.760488935630334e-15
9127.31017263569 7.889958754329271e-15
9130.31246687483 8.021137562678414e-15
9133.31476111397 8.202991990480609e-15
9136.31705535311 8.352478360069324e-15
9139.31934959225 8.343698981511602e-15
9142.32164383139 8.314366415836264e-15
9145.32393807053 8.157720167642357e-15
9148.32623230968 8.088046798168975e-15
9151.32852654881 7.983371271395763e-15
9154.33082078796 7.892275964682374e-15
9157.3331150271 7.884818745018612e-15
9160.33540926624 7.876994568811442e-15
9163.33770350538 7.705939231670628e-15
9166.33999774452 7.48825437401645e-15
9169.34229198366 7.331474570149121e-15
9172.3445862228 7.212054215182189e-15
9175.34688046194 7.0503577862771785e-15
9178.34917470108 6.922888649440093e-15
9181.35146894022 6.906192151004221e-15
9184.35376317937 6.809499516953166e-15
9187.35605741851 6.6220042362781045e-15
9190.35835165765 6.593860180216566e-15
9193.36064589679 6.683194839447635e-15
9196.36294013593 6.828988610911807e-15
9199.36523437507 7.01005178078576e-15
