3350.00000000001 4.7593532511602567e-14
3354.65880203248 4.839228657398096e-14
3359.31760406495 4.827068064511297e-14
3363.97640609742 4.731023152304408e-14
3368.63520812989 4.8440410438444885e-14
3373.29401016236 4.984307873627525e-14
3377.95281219483 4.937128346911306e-14
3382.6116142273 4.918021682361444e-14
3387.27041625977 4.975500702543194e-14
3391.92921829224 5.070521506910395e-14
3396.58802032471 5.2464304496051325e-14
3401.24682235718 5.1325247884653116e-14
3405.90562438965 5.083853814833038e-14
3410.56442642212 5.329643291735344e-14
3415.2232284546 5.4207075130317915e-14
3419.88203048707 5.2851698264632845e-14
3424.54083251954 5.279581841912973e-14
3429.19963455201 5.348584226388133e-14
3433.85843658448 5.262952789783762e-14
3438.51723861695 5.3048888991258724e-14
3443.17604064942 5.379247487875282e-14
3447.83484268189 5.3253238799895325e-14
3452.49364471436 5.312984358774028e-14
3457.15244674683 5.2849192445708876e-14
3461.8112487793 5.187004318432992e-14
3466.47005081177 5.160429731254466e-14
3471.12885284424 5.140255549910815e-14
3475.78765487671 5.194608647196765e-14
3480.44645690918 5.226178042283735e-14
3485.10525894166 5.15923443334893e-14
3489.76406097413 5.11818125558849e-14
3494.4228630066 5.070751778355247e-14
3499.08166503907 5.093724726317745e-14
3503.74046707154 5.164971975635515e-14
3508.39926910401 5.0444498193029286e-14
3513.05807113648 4.930703944421926e-14
3517.71687316895 5.0008816631511293e-14
3522.37567520142 5.026407893897221e-14
3527.03447723389 5.0353642655697854e-14
3531.69327926636 4.977406580529111e-14
3536.35208129883 4.86555979550198e-14
3541.0108833313 4.877388068486965e-14
3545.66968536378 4.872009625873482e-14
3550.32848739625 4.8994265307300517e-14
3554.98728942872 4.8717620288564813e-14
3559.64609146119 4.851502824328799e-14
3564.30489349366 4.8746277362525897e-14
3568.96369552613 4.870206823419841e-14
3573.6224975586 4.811075628158814e-14
3578.28129959107 4.78065537964291e-14
3582.94010162354 4.830994107150827e-14
3587.59890365601 4.882034471502968e-14
3592.25770568848 4.8065126209048983e-14
3596.91650772095 4.834290982838418e-14
3601.57530975342 4.8429345231896606e-14
3606.23411178589 4.754064699333757e-14
3610.89291381836 4.769279042412632e-14
3615.55171585084 4.797137648151634e-14
3620.21051788331 4.761447831699807e-14
3624.86931991578 4.7978092229367124e-14
3629.52812194825 4.813109249338174e-14
3634.18692398072 4.813185404424337e-14
3638.84572601319 4.7864638468722036e-14
3643.50452804566 4.7372923377264576e-14
3648.16333007813 4.7798422733567633e-14
3652.8221321106 4.720211894950582e-14
3657.48093414307 4.668161226515385e-14
3662.13973617554 4.6672173488125644e-14
3666.79853820801 4.630072204612235e-14
3671.45734024048 4.689157698095758e-14
3676.11614227295 4.6982565176672175e-14
3680.77494430542 4.6178766456941697e-14
3685.43374633789 4.5826025025479735e-14
3690.09254837037 4.5590578772114065e-14
3694.75135040284 4.523161667813166e-14
3699.41015243531 4.544223516730585e-14
3704.06895446778 4.552402347398318e-14
3708.72775650025 4.482403877464434e-14
3713.38655853272 4.44471288648155e-14
3718.04536056519 4.451193598842711e-14
3722.70416259766 4.3978974398690776e-14
3727.36296463013 4.402380194682255e-14
3732.0217666626 4.440528684455509e-14
3736.68056869507 4.3808606533871024e-14
3741.33937072754 4.2919040757464043e-14
3745.99817276002 4.282964747500776e-14
3750.65697479249 4.3101437707427495e-14
3755.31577682496 4.273928292296352e-14
3759.97457885743 4.2584180083284285e-14
3764.6333808899 4.242001535802553e-14
3769.29218292237 4.2206101812195486e-14
3773.95098495484 4.219623219717784e-14
3778.60978698731 4.237449658014837e-14
3783.26858901978 4.24167659232382e-14
3787.92739105225 4.2613541332185914e-14
3792.58619308472 4.2778441458475234e-14
3797.24499511719 4.262114137219171e-14
3801.90379714966 4.276557749653487e-14
3806.56259918213 4.287913650256564e-14
3811.22140121461 4.288084477868442e-14
3815.88020324708 4.3027661638503334e-14
3820.53900527955 4.2915232328039996e-14
3825.19780731202 4.25919519642111e-14
3829.85660934449 4.2406691647763983e-14
3834.51541137696 4.242290199499392e-14
3839.17421340943 4.247483327152181e-14
3843.8330154419 4.254268462451242e-14
3848.49181747437 4.252384595607486e-14
3853.15061950684 4.2681470643714785e-14
3857.80942153931 4.229219337359763e-14
3862.46822357178 4.200340798655261e-14
3867.12702560425 4.233619961386491e-14
3871.78582763672 4.218660184778723e-14
3876.44462966919 4.1762298919010377e-14
3881.10343170167 4.161575898358282e-14
3885.76223373414 4.1717629428417605e-14
3890.42103576661 4.173736182854245e-14
3895.07983779908 4.135013989970775e-14
3899.73863983155 4.0949187968446333e-14
3904.39744186402 4.152234951506313e-14
3909.05624389649 4.2026554553000255e-14
3913.71504592896 4.1879630512357923e-14
3918.37384796143 4.182357277617543e-14
3923.0326499939 4.166026299483401e-14
3927.69145202637 4.094878942707191e-14
3932.35025405884 4.076164977549302e-14
3937.00905609131 4.0961883823584364e-14
3941.66785812378 4.0952165104661325e-14
3946.32666015626 4.074181896502278e-14
3950.98546218873 4.060541327663531e-14
3955.6442642212 4.0707467798494215e-14
3960.30306625367 4.053739809000963e-14
3964.96186828614 4.009375435484647e-14
3969.62067031861 3.982137216702087e-14
3974.27947235108 3.9633726662455653e-14
3978.93827438355 3.954319625722249e-14
3983.59707641602 3.949158600063953e-14
3988.25587844849 3.945629771645759e-14
3992.91468048096 3.966118094376802e-14
3997.57348251343 3.982148254635429e-14
4002.2322845459 4.02441645079423e-14
4006.89108657837 4.0196079068963774e-14
4011.54988861084 3.9960580247483864e-14
4016.20869064332 4.009623726320863e-14
4020.86749267579 4.0218903374908594e-14
4025.52629470826 4.037662006525347e-14
4030.18509674073 4.055584789421902e-14
4034.8438987732 4.056452160445746e-14
4039.50270080567 4.032227020618223e-14
4044.16150283814 4.063861706283498e-14
4048.82030487061 4.0973517212672204e-14
4053.47910690308 4.061303600274418e-14
4058.13790893555 4.0335148805836344e-14
4062.79671096802 4.0192409968525326e-14
4067.45551300049 4.024499225141937e-14
4072.11431503296 4.029404097986375e-14
4076.77311706543 4.0252744148519465e-14
4081.4319190979 4.0021846188489376e-14
4086.09072113038 3.97112032298289e-14
4090.74952316285 3.979628984155245e-14
4095.40832519532 3.935734530931344e-14
4100.06712722779 3.8689531654302786e-14
4104.72592926026 3.8549564072072705e-14
4109.38473129273 3.8449595395058783e-14
4114.0435333252 3.835608591602583e-14
4118.70233535767 3.8042418555276e-14
4123.36113739014 3.7604771658233237e-14
4128.01993942261 3.7169957717913724e-14
4132.67874145508 3.6774626636042226e-14
4137.33754348755 3.639616046582703e-14
4141.99634552002 3.6242895303851406e-14
4146.6551475525 3.626705750266691e-14
4151.31394958497 3.60013964195976e-14
4155.97275161744 3.5971422013328676e-14
4160.63155364991 3.5608846742198645e-14
4165.29035568238 3.509167992911379e-14
4169.94915771485 3.477671177259994e-14
4174.60795974732 3.44021410276306e-14
4179.26676177979 3.421029281904639e-14
4183.92556381226 3.4023597459319304e-14
4188.58436584473 3.349429519854845e-14
4193.2431678772 3.315795791803132e-14
4197.90196990967 3.2925747508027484e-14
4202.56077194214 3.2577267090515994e-14
4207.21957397461 3.22955727283669e-14
4211.87837600708 3.24955507295153e-14
4216.53717803956 3.286780017348256e-14
4221.19598007203 3.254299088328574e-14
4225.8547821045 3.246790344859001e-14
4230.51358413697 3.26492763090218e-14
4235.17238616944 3.289605261582638e-14
4239.83118820191 3.299496278304973e-14
4244.48999023438 3.3090713713917565e-14
4249.14879226685 3.353855853208455e-14
4253.80759429932 3.4003111381655105e-14
4258.46639633179 3.433016299996407e-14
4263.12519836426 3.4308021838495804e-14
4267.78400039673 3.440286848649842e-14
4272.4428024292 3.4736124720740434e-14
4277.10160446167 3.4934190260798695e-14
4281.76040649415 3.4879336318821844e-14
4286.41920852662 3.51653769628921e-14
4291.07801055909 3.5262397317251486e-14
4295.73681259156 3.530813313484726e-14
4300.39561462403 3.524495892725733e-14
4305.0544166565 3.5145732519324425e-14
4309.71321868897 3.5379910276641213e-14
4314.37202072144 3.540552238300862e-14
4319.03082275391 3.498280760935723e-14
4323.68962478638 3.47461932185941e-14
4328.34842681885 3.4695758059199934e-14
4333.00722885132 3.4603065438148704e-14
4337.66603088379 3.461598202202858e-14
4342.32483291626 3.443747735344896e-14
4346.98363494874 3.468723726499964e-14
4351.64243698121 3.4549121514112077e-14
4356.30123901368 3.466762313291201e-14
4360.96004104615 3.503936082154417e-14
4365.61884307862 3.517839795590997e-14
4370.27764511109 3.501041268506352e-14
4374.93644714356 3.499787603716658e-14
4379.59524917603 3.5011897869326125e-14
4384.2540512085 3.478869804821934e-14
4388.91285324097 3.513130398011664e-14
4393.57165527344 3.508715216088331e-14
4398.23045730591 3.492521115727e-14
4402.88925933838 3.5148032783694713e-14
4407.54806137085 3.495533781773518e-14
4412.20686340333 3.4686090610468385e-14
4416.8656654358 3.4667391144014657e-14
4421.52446746827 3.447071435578127e-14
4426.18326950074 3.4181640590465783e-14
4430.84207153321 3.409050881022958e-14
4435.50087356568 3.3928031822447183e-14
4440.15967559815 3.402018353172378e-14
4444.81847763062 3.3365925652265653e-14
4449.47727966309 3.304586289270335e-14
4454.13608169556 3.316329591849826e-14
4458.79488372803 3.2995198480464467e-14
4463.4536857605 3.282912515028731e-14
4468.11248779297 3.2641875612893645e-14
4472.77128982544 3.240482110745562e-14
4477.43009185792 3.217486815753537e-14
4482.08889389038 3.1800230704950096e-14
4486.74769592286 3.182880188691469e-14
4491.40649795533 3.1907509103868136e-14
4496.0652999878 3.131716639886724e-14
4500.72410202027 3.103536909667169e-14
4505.38290405274 3.110645996657133e-14
4510.04170608521 3.091738095786954e-14
4514.70050811768 3.0752464657852086e-14
4519.35931015015 3.07986436244645e-14
4524.01811218262 3.05417094251131e-14
4528.67691421509 3.0359236882533324e-14
4533.33571624756 3.0530122110502784e-14
4537.99451828003 3.0326373830162114e-14
4542.65332031251 3.0039501127895796e-14
4547.31212234497 2.97906291861226e-14
4551.97092437745 2.947970473805571e-14
4556.62972640992 2.9398940978149046e-14
4561.28852844239 2.933946025877421e-14
4565.94733047486 2.9283553615740426e-14
4570.60613250733 2.9052385929283775e-14
4575.2649345398 2.8850795121056916e-14
4579.92373657227 2.88957422606438e-14
4584.58253860474 2.865425877593892e-14
4589.24134063721 2.8362757535532085e-14
4593.90014266968 2.831216081059119e-14
4598.55894470215 2.845447459350795e-14
4603.21774673462 2.784717659709297e-14
4607.87654876709 2.74010658246216e-14
4612.53535079957 2.709536989131612e-14
4617.19415283204 2.713393092814722e-14
4621.85295486451 2.7280323338961865e-14
4626.51175689698 2.719729165954605e-14
4631.17055892945 2.719645248695796e-14
4635.82936096192 2.7249650581370968e-14
4640.48816299439 2.6965704948559195e-14
4645.14696502686 2.6519099515819594e-14
4649.80576705933 2.6459657240808762e-14
4654.4645690918 2.6230270066580644e-14
4659.12337112427 2.575256400859524e-14
4663.78217315674 2.564137129092015e-14
4668.44097518921 2.537598459853953e-14
4673.09977722168 2.522506043366402e-14
4677.75857925415 2.497415977704592e-14
4682.41738128663 2.4678238200500782e-14
4687.0761833191 2.4592095515917346e-14
4691.73498535157 2.4584282192255364e-14
4696.39378738404 2.466210457138212e-14
4701.05258941651 2.4533296306355247e-14
4705.71139144898 2.427598432463885e-14
4710.37019348145 2.433726023677376e-14
4715.02899551392 2.4516497263448836e-14
4719.68779754639 2.4707883199847578e-14
4724.34659957886 2.482055430776088e-14
4729.00540161133 2.50487181004203e-14
4733.6642036438 2.5382429595443416e-14
4738.32300567627 2.5745101656822032e-14
4742.98180770874 2.5903220803392038e-14
4747.64060974122 2.610289560055744e-14
4752.29941177369 2.675995484443729e-14
4756.95821380616 2.7163570888633864e-14
4761.61701583863 2.7577980333226602e-14
4766.2758178711 2.7800145200422755e-14
4770.93461990357 2.7927457231292005e-14
4775.59342193604 2.85186757966224e-14
4780.25222396851 2.873786419012011e-14
4784.91102600098 2.889322689708761e-14
4789.56982803345 2.9340592753581176e-14
4794.22863006592 2.960791332921755e-14
4798.88743209839 2.972077981183242e-14
4803.54623413086 2.9870817050955e-14
4808.20503616333 2.994726336413575e-14
4812.86383819581 3.0080290631640505e-14
4817.52264022828 3.0271632201253244e-14
4822.18144226075 3.0411653984237365e-14
4826.84024429322 3.022990412636865e-14
4831.49904632569 3.00271054623075e-14
4836.15784835816 3.0035484793889145e-14
4840.81665039063 3.003562026502923e-14
4845.4754524231 2.9871056854366194e-14
4850.13425445557 2.9677134361397986e-14
4854.79305648804 2.977505843022122e-14
4859.45185852051 2.980452324799318e-14
4864.11066055298 2.9673701134324904e-14
4868.76946258545 2.949191313688455e-14
4873.42826461792 2.911029408070146e-14
4878.0870666504 2.893902526468975e-14
4882.74586868287 2.907355343849965e-14
4887.40467071534 2.894346990963284e-14
4892.06347274781 2.88223423655531e-14
4896.72227478028 2.87795248422257e-14
4901.38107681275 2.86291267196376e-14
4906.03987884522 2.8509768904499205e-14
4910.69868087769 2.84235040451229e-14
4915.35748291016 2.828793664386332e-14
4920.01628494263 2.8325888839176766e-14
4924.6750869751 2.8145631675724064e-14
4929.33388900757 2.768120742235279e-14
4933.99269104004 2.7772619756340326e-14
4938.65149307251 2.7796492651652705e-14
4943.31029510499 2.7527134235034845e-14
4947.96909713746 2.7371753784521083e-14
4952.62789916993 2.710408545905783e-14
4957.2867012024 2.7308557876957282e-14
4961.94550323487 2.7153625286820167e-14
4966.60430526734 2.7011152437621822e-14
4971.26310729981 2.703690280451094e-14
4975.92190933228 2.6551292061681478e-14
4980.58071136475 2.6362883985146345e-14
4985.23951339722 2.6351000004800638e-14
4989.89831542969 2.656015227669034e-14
4994.55711746216 2.650930408336562e-14
4999.21591949463 2.6210238226095258e-14
5003.8747215271 2.606072662187197e-14
5008.53352355958 2.5912429937145208e-14
5013.19232559205 2.5910602625993284e-14
5017.85112762452 2.5837350027470615e-14
5022.50992965699 2.5819858005941398e-14
5027.16873168946 2.579892975743194e-14
5031.82753372193 2.5735139329996796e-14
5036.4863357544 2.5578685702823292e-14
5041.14513778687 2.549281492759888e-14
5045.80393981934 2.5613757408047877e-14
5050.46274185181 2.541888433400344e-14
5055.12154388428 2.520650508819804e-14
5059.78034591675 2.5460338210409413e-14
5064.43914794922 2.5550589734376167e-14
5069.0979499817 2.5467435039532163e-14
5073.75675201417 2.5476060186338934e-14
5078.41555404664 2.5352902622124262e-14
5083.07435607911 2.5179438198882127e-14
5087.73315811158 2.518365759665388e-14
5092.39196014405 2.5040168045219168e-14
5097.05076217652 2.507161714762754e-14
5101.70956420899 2.502643959122844e-14
5106.36836624146 2.4840504089199086e-14
5111.02716827393 2.483890724352801e-14
5115.6859703064 2.4746958632362934e-14
5120.34477233887 2.4616936242013488e-14
5125.00357437134 2.4519872955748005e-14
5129.66237640381 2.4360979682836665e-14
5134.32117843628 2.4412367423279812e-14
5138.97998046875 2.4330940361416813e-14
5143.63878250122 2.392207624792272e-14
5148.2975845337 2.382305801697474e-14
5152.95638656617 2.3830650011383898e-14
5157.61518859864 2.3806829112476995e-14
5162.27399063111 2.380914028072759e-14
5166.93279266358 2.3575982767851195e-14
5171.59159469605 2.322510843474893e-14
5176.25039672852 2.3298810291846203e-14
5180.90919876099 2.327576635505861e-14
5185.56800079346 2.2902856748661398e-14
5190.22680282593 2.2843714034000824e-14
5194.8856048584 2.2878597284907128e-14
5199.54440689087 2.2879523462174583e-14
5204.20320892334 2.2890785919996874e-14
5208.86201095581 2.2621257954861085e-14
5213.52081298829 2.256663658222293e-14
5218.17961502076 2.26917529500489e-14
5222.83841705323 2.2523105108916562e-14
5227.4972190857 2.2217915298948984e-14
5232.15602111817 2.227761589566789e-14
5236.81482315064 2.2337147776103915e-14
5241.47362518311 2.2104939100583245e-14
5246.13242721558 2.2008196438588812e-14
5250.79122924805 2.1764458503209593e-14
5255.45003128052 2.162330337352634e-14
5260.10883331299 2.168612418458369e-14
5264.76763534546 2.1574537261770425e-14
5269.42643737793 2.1553544603091353e-14
5274.0852394104 2.1299931147101658e-14
5278.74404144288 2.1163993290146037e-14
5283.40284347535 2.1082547008342197e-14
5288.06164550782 2.0884973658084856e-14
5292.72044754029 2.0871841121013592e-14
5297.37924957276 2.079882312614999e-14
5302.03805160523 2.0877725691002474e-14
5306.6968536377 2.0951430705477938e-14
5311.35565567017 2.0803584319562916e-14
5316.01445770264 2.0579092497248695e-14
5320.67325973511 2.0394542460699983e-14
5325.33206176758 2.047444816133777e-14
5329.99086380005 2.0325052328766306e-14
5334.64966583252 2.0038933282309663e-14
5339.30846786499 2.026311370158299e-14
5343.96726989746 2.039893247388698e-14
5348.62607192994 2.0144557290786127e-14
5353.28487396241 1.9998573946649023e-14
5357.94367599488 2.0099129325634808e-14
5362.60247802735 2.0149864587304928e-14
5367.26128005982 1.994941365253263e-14
5371.92008209229 1.9875308750594817e-14
5376.57888412476 1.9861794772883533e-14
5381.23768615723 1.9704574745016774e-14
5385.8964881897 1.9576669278483305e-14
5390.55529022217 1.9588095143063757e-14
5395.21409225464 1.9712665035033072e-14
5399.87289428711 1.9610471589056898e-14
5404.53169631958 1.9508301033288596e-14
5409.19049835206 1.9528501676594934e-14
5413.84930038453 1.932430516821289e-14
5418.508102417 1.913470051247089e-14
5423.16690444947 1.9015113127625218e-14
5427.82570648194 1.908242934960604e-14
5432.48450851441 1.9062174989106913e-14
5437.14331054688 1.8958151667850937e-14
5441.80211257935 1.887203433725145e-14
5446.46091461182 1.890702983282477e-14
5451.11971664429 1.8761408672060348e-14
5455.77851867676 1.8692654558115372e-14
5460.43732070923 1.8870032914547403e-14
5465.0961227417 1.8804734993197042e-14
5469.75492477417 1.8422386819836963e-14
5474.41372680664 1.8237467873523147e-14
5479.07252883912 1.8275940631861727e-14
5483.73133087159 1.8235725440310946e-14
5488.39013290406 1.8308338998670718e-14
5493.04893493653 1.8302518680733656e-14
5497.707736969 1.8124433576868266e-14
5502.36653900147 1.7985487184172392e-14
5507.02534103394 1.7962993380998415e-14
5511.68414306641 1.794086131338771e-14
5516.34294509888 1.7643410369825918e-14
5521.00174713135 1.7616460871554198e-14
5525.66054916382 1.7733162684154134e-14
5530.31935119629 1.7600847353122775e-14
5534.97815322876 1.738093061714343e-14
5539.63695526124 1.7148120018948063e-14
5544.29575729371 1.7169060316665425e-14
5548.95455932618 1.7190750914866905e-14
5553.61336135865 1.7102185549956846e-14
5558.27216339112 1.6953126312994425e-14
5562.93096542359 1.6906792432836402e-14
5567.58976745606 1.7062282320460623e-14
5572.24856948853 1.6984575704314012e-14
5576.907371521 1.702408971680365e-14
5581.56617355347 1.7038362910780157e-14
5586.22497558594 1.7011726463960028e-14
5590.88377761841 1.6994368975133496e-14
5595.54257965088 1.7013115291332955e-14
5600.20138168335 1.6905112317114533e-14
5604.86018371582 1.6840521358016423e-14
5609.51898574829 1.6900201222391338e-14
5614.17778778077 1.6960527769393094e-14
5618.83658981324 1.6857283838192556e-14
5623.49539184571 1.688597030390984e-14
5628.15419387818 1.7006102400483303e-14
5632.81299591065 1.68662886447686e-14
5637.47179794312 1.679628027372538e-14
5642.13059997559 1.6774571159732022e-14
5646.78940200806 1.673064196848397e-14
5651.44820404053 1.6693610095776542e-14
5656.107006073 1.6648073990557146e-14
5660.76580810547 1.6712060548264694e-14
5665.42461013794 1.672692831042355e-14
5670.08341217041 1.6399953359986375e-14
5674.74221420289 1.6150862089967108e-14
5679.40101623536 1.619352909944911e-14
5684.05981826783 1.6058959709678397e-14
5688.7186203003 1.6075680091164803e-14
5693.37742233277 1.6097434502776077e-14
5698.03622436524 1.609756807086263e-14
5702.69502639771 1.6104660893764798e-14
5707.35382843018 1.6021526330625026e-14
5712.01263046265 1.6134535885744082e-14
5716.67143249512 1.6178277620595294e-14
5721.33023452759 1.6311540251371388e-14
5725.98903656006 1.6570666802856524e-14
5730.64783859253 1.6578440862195782e-14
5735.306640625 1.6659764217313638e-14
5739.96544265747 1.6829668831510963e-14
5744.62424468995 1.6980712687684387e-14
5749.28304672242 1.7132708524468064e-14
5753.94184875489 1.745143801233462e-14
5758.60065078736 1.764929276566516e-14
5763.25945281983 1.771025298046314e-14
5767.9182548523 1.798999828617685e-14
5772.57705688477 1.7735313905738285e-14
5777.23585891724 1.7677024246501797e-14
5781.89466094971 1.7878740803240812e-14
5786.55346298218 1.8210728465423422e-14
5791.21226501465 1.8208950911264386e-14
5795.87106704712 1.8170649841510302e-14
5800.52986907959 1.8320489705274795e-14
5805.18867111207 1.856660009555327e-14
5809.84747314454 1.862613939689566e-14
5814.50627517701 1.8660784616033813e-14
5819.16507720948 1.888544806532188e-14
5823.82387924195 1.8834456692032555e-14
5828.48268127442 1.8820281078193653e-14
5833.14148330689 1.8734005644183296e-14
5837.80028533936 1.872665752101448e-14
5842.45908737183 1.868022125300956e-14
5847.1178894043 1.8631725009646428e-14
5851.77669143677 1.873630723576529e-14
5856.43549346924 1.87566980349115e-14
5861.09429550171 1.8751204982425646e-14
5865.75309753418 1.85657193802205e-14
5870.41189956665 1.8495972316032755e-14
5875.07070159912 1.8715994424372116e-14
5879.7295036316 1.851649879985675e-14
5884.38830566407 1.823521240389592e-14
5889.04710769654 1.800771431046733e-14
5893.70590972901 1.7625954656734563e-14
5898.36471176148 1.7636048811165805e-14
5903.02351379395 1.7604679724341173e-14
5907.68231582642 1.7325213459923667e-14
5912.34111785889 1.7190750916779177e-14
5916.99991989136 1.7501373225292313e-14
5921.65872192383 1.7582349244977226e-14
5926.3175239563 1.752488900300352e-14
5930.97632598877 1.7681059293743196e-14
5935.63512802124 1.761934377042667e-14
5940.29393005372 1.7328394192575177e-14
5944.95273208619 1.7218749708668498e-14
5949.61153411866 1.7349927934905647e-14
5954.27033615113 1.735544112787228e-14
5958.9291381836 1.718373052392605e-14
5963.58794021607 1.6873289121158883e-14
5968.24674224854 1.6722019181626426e-14
5972.90554428101 1.6889792956484016e-14
5977.56434631348 1.6802747242024832e-14
5982.22314834595 1.655450132090696e-14
5986.88195037842 1.6657317534313047e-14
5991.54075241089 1.6651691861943304e-14
5996.19955444336 1.6392828454815555e-14
6000.85835647583 1.640155341002558e-14
6005.51715850831 1.648353909217258e-14
6010.17596054078 1.637434971746981e-14
6014.83476257325 1.6187745199392063e-14
6019.49356460572 1.6307264392529515e-14
6024.15236663819 1.6196431899687316e-14
6028.81116867066 1.5979126700773476e-14
6033.46997070313 1.606268807821553e-14
6038.1287727356 1.6002232032374385e-14
6042.78757476807 1.594906797211674e-14
6047.44637680054 1.592852843084719e-14
6052.10517883301 1.573760818077495e-14
6056.76398086548 1.5659761533814764e-14
6061.42278289795 1.5589898078168523e-14
6066.08158493042 1.543903598562688e-14
6070.74038696289 1.5387626862277696e-14
6075.39918899536 1.541390827472334e-14
6080.05799102784 1.5472427163692463e-14
6084.71679306031 1.5427022016977088e-14
6089.37559509278 1.5262233098984936e-14
6094.03439712525 1.5316854559210804e-14
6098.69319915772 1.527045200962868e-14
6103.35200119019 1.5023680690922904e-14
6108.01080322266 1.50023841760536e-14
6112.66960525513 1.4820624871769254e-14
6117.3284072876 1.4978335620516666e-14
6121.98720932007 1.5102404109175995e-14
6126.64601135254 1.4900564311696776e-14
6131.30481338501 1.4714403646204196e-14
6135.96361541748 1.4648642641991244e-14
6140.62241744996 1.4711507227216974e-14
6145.28121948243 1.47071413213222e-14
6149.9400215149 1.4532595858318595e-14
6154.59882354737 1.4326430599479455e-14
6159.25762557984 1.4231765289994392e-14
6163.91642761231 1.4203087939292743e-14
6168.57522964478 1.4252516369328984e-14
6173.23403167725 1.4191592563904741e-14
6177.89283370972 1.4079625087617239e-14
6182.55163574219 1.403424611815625e-14
6187.21043777466 1.408717804383598e-14
6191.86923980713 1.4147615722057171e-14
6196.5280418396 1.4110137133591458e-14
6201.18684387207 1.4143410528254546e-14
6205.84564590454 1.4106989160291446e-14
6210.50444793702 1.3950896338498134e-14
6215.16324996949 1.374510275033484e-14
6219.82205200196 1.3555032593094347e-14
6224.48085403443 1.3515204934755664e-14
6229.1396560669 1.3482880442867836e-14
6233.79845809937 1.3345215583726354e-14
6238.45726013184 1.3065725047006796e-14
6243.11606216431 1.2967715628816033e-14
6247.77486419678 1.3008079037293944e-14
6252.43366622925 1.3068929538797856e-14
6257.09246826172 1.3030450303206836e-14
6261.75127029419 1.2963008616616723e-14
6266.41007232667 1.2891464055973143e-14
6271.06887435914 1.2749780670478674e-14
6275.72767639161 1.2584515595977858e-14
6280.38647842408 1.2549326235426583e-14
6285.04528045655 1.256237559835656e-14
6289.70408248902 1.238506680137935e-14
6294.36288452149 1.220719843001687e-14
6299.02168655396 1.2335374306805165e-14
6303.68048858643 1.2463429072565883e-14
6308.3392906189 1.238936921595446e-14
6312.99809265137 1.2277177302892115e-14
6317.65689468384 1.2195323582537722e-14
6322.31569671631 1.2328749329766343e-14
6326.97449874878 1.2317212216583383e-14
6331.63330078125 1.2180901649732743e-14
6336.29210281372 1.214963934332632e-14
6340.95090484619 1.2284912354685261e-14
6345.60970687867 1.2440031638425256e-14
6350.26850891114 1.2399222960474496e-14
6354.92731094361 1.2448498147124563e-14
6359.58611297608 1.272173705002888e-14
6364.24491500855 1.282588129731215e-14
6368.90371704102 1.2859977720939843e-14
6373.56251907349 1.3112611389812037e-14
6378.22132110596 1.3375279332537183e-14
6382.88012313843 1.3646159603536523e-14
6387.5389251709 1.3816027038786963e-14
6392.19772720337 1.3940249415204012e-14
6396.85652923584 1.4266203687570705e-14
6401.51533126831 1.4665997245592686e-14
6406.17413330079 1.5025680199751586e-14
6410.83293533326 1.520976104462537e-14
6415.49173736573 1.567253428492777e-14
6420.1505393982 1.5961702874151043e-14
6424.80934143067 1.622031376397607e-14
6429.46814346314 1.6575335618601057e-14
6434.12694549561 1.6891462363283103e-14
6438.78574752808 1.7110318927067795e-14
6443.44454956055 1.7153369250871716e-14
6448.10335159302 1.747209309014282e-14
6452.76215362549 1.7614924769794715e-14
6457.42095565796 1.753417397152532e-14
6462.07975769043 1.7526767832278955e-14
6466.7385597229 1.7683073080357836e-14
6471.39736175537 1.7693609463346324e-14
6476.05616378785 1.7665683473837557e-14
6480.71496582032 1.766190134386462e-14
6485.37376785279 1.785864243457606e-14
6490.03256988526 1.806677433256543e-14
6494.69137191773 1.8116705790814784e-14
6499.3501739502 1.8261951536582984e-14
6504.00897598267 1.83556629094678e-14
6508.66777801514 1.8367273750755005e-14
6513.32658004761 1.827609232552056e-14
6517.98538208008 1.8138251964770723e-14
6522.64418411255 1.804144612880978e-14
6527.30298614502 1.824109201399077e-14
6531.96178817749 1.8415863343501816e-14
6536.62059020996 1.8311204489394662e-14
6541.27939224243 1.8384560220648288e-14
6545.93819427491 1.833470391392091e-14
6550.59699630738 1.80804970633861e-14
6555.25579833985 1.8046505296301868e-14
6559.91460037232 1.8198871856516108e-14
6564.57340240479 1.8357070819413565e-14
6569.23220443726 1.8324497897722353e-14
6573.89100646973 1.8168050706191473e-14
6578.5498085022 1.8158770670619102e-14
6583.20861053467 1.813447298209964e-14
6587.86741256714 1.8024961872766447e-14
6592.52621459961 1.8110227299556794e-14
6597.18501663208 1.7975700315130255e-14
6601.84381866455 1.802512419750385e-14
6606.50262069703 1.796161486804142e-14
6611.1614227295 1.7827819972955784e-14
6615.82022476197 1.761416087267231e-14
6620.47902679444 1.745589555091754e-14
6625.13782882691 1.7432896659652015e-14
6629.79663085938 1.729277515618437e-14
6634.45543289185 1.7283176716048365e-14
6639.11423492432 1.7086957025078515e-14
6643.77303695679 1.673626452412111e-14
6648.43183898926 1.6803841475655776e-14
6653.09064102173 1.6668948453773275e-14
6657.7494430542 1.6545028708663004e-14
6662.40824508667 1.6352065871567962e-14
6667.06704711914 1.6006086564251528e-14
6671.72584915162 1.585650245428717e-14
6676.38465118409 1.569902909977458e-14
6681.04345321656 1.5631386043826665e-14
6685.70225524903 1.5509840534089913e-14
6690.3610572815 1.5357687386012165e-14
6695.01985931397 1.5113363552052695e-14
6699.67866134644 1.4868836404061424e-14
6704.33746337891 1.4941545389263808e-14
6708.99626541138 1.487879054248742e-14
6713.65506744385 1.475236066303252e-14
6718.31386947632 1.4622036472733e-14
6722.97267150879 1.4452245189331626e-14
6727.63147354126 1.439380316145943e-14
6732.29027557373 1.425954126941806e-14
6736.9490776062 1.412737080050126e-14
6741.60787963868 1.4004929105945619e-14
6746.26668167115 1.383398140721554e-14
6750.92548370362 1.3825387393380654e-14
6755.58428573609 1.3771608524583668e-14
6760.24308776856 1.3585201268015046e-14
6764.90188980103 1.3453044214039651e-14
6769.5606918335 1.3344661293979199e-14
6774.21949386597 1.3359490119532183e-14
6778.87829589844 1.328336942534029e-14
6783.53709793091 1.3010081489083478e-14
6788.19589996338 1.2935464237418875e-14
6792.85470199585 1.2829691986395607e-14
6797.51350402832 1.274553530945167e-14
6802.17230606079 1.2865491071972538e-14
6806.83110809327 1.2768764018614202e-14
6811.48991012573 1.2536998504523756e-14
6816.14871215821 1.2351034641270123e-14
6820.80751419068 1.2434088704313005e-14
6825.46631622315 1.2327590421180497e-14
6830.12511825562 1.2192406105508141e-14
6834.78392028809 1.2276752133347139e-14
6839.44272232056 1.2183035703053898e-14
6844.10152435303 1.213522766078701e-14
6848.7603263855 1.193115974364043e-14
6853.41912841797 1.1895955174408227e-14
6858.07793045044 1.18319398220462e-14
6862.73673248291 1.1650415055384241e-14
6867.39553451538 1.1602189770949881e-14
6872.05433654786 1.164708205719607e-14
6876.71313858033 1.170279349248817e-14
6881.3719406128 1.1640524030988643e-14
6886.03074264527 1.16181741075448e-14
6890.68954467774 1.1727461884529744e-14
6895.34834671021 1.1682113012223417e-14
6900.00714874268 1.1717737876417574e-14
6904.66595077515 1.1820643829647265e-14
6909.32475280762 1.1772355629754751e-14
6913.98355484009 1.155570748831727e-14
6918.64235687256 1.1650460363045551e-14
6923.30115890503 1.1638743359720539e-14
6927.9599609375 1.1344655043191283e-14
6932.61876296997 1.1291941298697757e-14
6937.27756500244 1.1417456550905367e-14
6941.93636703492 1.1415468943453147e-14
6946.59516906738 1.1315226303255123e-14
6951.25397109986 1.1393525850187481e-14
6955.91277313233 1.1403070126614932e-14
6960.5715751648 1.1268116775900737e-14
6965.23037719727 1.128266973581966e-14
6969.88917922974 1.1319801557135444e-14
6974.54798126221 1.1244195594314212e-14
6979.20678329468 1.1187046691201195e-14
6983.86558532715 1.1147763653257837e-14
6988.52438735962 1.1184340994729384e-14
6993.18318939209 1.1147878809623305e-14
6997.84199142456 1.1132932854797055e-14
7002.50079345703 1.100585675307723e-14
7007.15959548951 1.1016306130111472e-14
7011.81839752198 1.1097592102819215e-14
7016.47719955445 1.1053323793712478e-14
7021.13600158692 1.1050718477585017e-14
7025.79480361939 1.0945818067750029e-14
7030.45360565186 1.078545772341242e-14
7035.11240768433 1.0918133073965355e-14
7039.7712097168 1.081113695175999e-14
7044.43001174927 1.0730755350904961e-14
7049.08881378174 1.0717232891765143e-14
7053.74761581421 1.0646050821666642e-14
7058.40641784668 1.0595607813507049e-14
7063.06521987915 1.0602186184993107e-14
7067.72402191162 1.0741514256246575e-14
7072.3828239441 1.07979380276747e-14
7077.04162597657 1.0850232397103145e-14
7081.70042800904 1.0691233729283437e-14
7086.35923004151 1.0574834768206111e-14
7091.01803207398 1.0516789611696734e-14
7095.67683410645 1.0476328062560799e-14
7100.33563613892 1.0594138873441603e-14
7104.99443817139 1.0708279115332247e-14
7109.65324020386 1.0706536093546436e-14
7114.31204223633 1.0665790549192095e-14
7118.9708442688 1.0604982594242006e-14
7123.62964630127 1.058026484509245e-14
7128.28844833374 1.0565598563460786e-14
7132.94725036621 1.0588860223097799e-14
7137.60605239869 1.0469870960436095e-14
7142.26485443116 1.0412678997905838e-14
7146.92365646363 1.062972340424657e-14
7151.5824584961 1.0692439743013274e-14
7156.24126052857 1.0566732475652274e-14
7160.90006256104 1.0522833448493216e-14
7165.55886459351 1.045218143464327e-14
7170.21766662598 1.0288850615637957e-14
7174.87646865845 1.0382753216137097e-14
7179.53527069092 1.0520385043875622e-14
7184.19407272339 1.0329356660637896e-14
7188.85287475586 1.0287124599939494e-14
7193.51167678833 1.0329888499387285e-14
7198.1704788208 1.03829528407369e-14
7202.82928085328 1.0490143836801525e-14
7207.48808288575 1.0457726256507908e-14
7212.14688491822 1.0284844402068103e-14
7216.80568695069 1.0337647527127826e-14
7221.46448898316 1.0173629308218511e-14
7226.12329101563 1.0002511997620955e-14
7230.7820930481 1.0140091536082696e-14
7235.44089508057 1.0198893169020511e-14
7240.09969711304 1.0033918604522483e-14
7244.75849914551 1.0074197265194411e-14
7249.41730117798 9.854421229597512e-15
7254.07610321045 9.87789036933042e-15
7258.73490524292 1.0117425984811192e-14
7263.39370727539 1.0064320720979148e-14
7268.05250930786 9.818951751701917e-15
7272.71131134034 9.847621447090666e-15
7277.37011337281 9.841382073125298e-15
7282.02891540528 9.727071789415633e-15
7286.68771743775 9.825337211221132e-15
7291.34651947022 9.75783995365617e-15
7296.00532150269 9.673231478951669e-15
7300.66412353516 9.708650438494575e-15
7305.32292556763 9.752066401011553e-15
7309.9817276001 9.625649332304722e-15
7314.64052963257 9.576184297577641e-15
7319.29933166504 9.520138034831988e-15
7323.95813369751 9.404041169749153e-15
7328.61693572998 9.414188421411841e-15
7333.27573776245 9.540772609379112e-15
7337.93453979493 9.355572893022731e-15
7342.5933418274 9.387987186929062e-15
7347.25214385987 9.45086079641609e-15
7351.91094589234 9.439843813018267e-15
7356.56974792481 9.337835675821807e-15
7361.22854995728 9.397258874316111e-15
7365.88735198975 9.325657730313492e-15
7370.54615402222 9.237652099916673e-15
7375.20495605469 9.322332174100912e-15
7379.86375808716 9.192063485097898e-15
7384.52256011963 9.026244583897932e-15
7389.1813621521 9.0362129052524e-15
7393.84016418457 9.098851245256002e-15
7398.49896621704 9.125702610127715e-15
7403.15776824951 9.181989657084539e-15
7407.81657028199 9.143353377126877e-15
7412.47537231446 9.029821953368046e-15
7417.13417434693 9.040367903209337e-15
7421.7929763794 8.923677842368664e-15
7426.45177841187 8.982668119751596e-15
7431.11058044434 9.006583854709451e-15
7435.76938247681 9.032136389663651e-15
7440.42818450928 9.087194478124535e-15
7445.08698654175 9.068132861280288e-15
7449.74578857422 9.04002724821915e-15
7454.40459060669 9.052340993300256e-15
7459.06339263916 8.924774270092974e-15
7463.72219467163 8.849663715538858e-15
7468.3809967041 8.882766808440396e-15
7473.03979873658 8.88605066114482e-15
7477.69860076905 8.861056745599329e-15
7482.35740280152 8.792054616646805e-15
7487.01620483399 8.735308493531746e-15
7491.67500686646 8.711351451019361e-15
7496.33380889893 8.698939896226673e-15
7500.9926109314 8.648738982428839e-15
7505.65141296387 8.593991547716325e-15
7510.31021499634 8.617024107541059e-15
7514.96901702881 8.565057903094936e-15
7519.62781906128 8.510053484913264e-15
7524.28662109375 8.435253238973193e-15
7528.94542312622 8.410235714608375e-15
7533.60422515869 8.512480015104226e-15
7538.26302719116 8.49097826237337e-15
7542.92182922364 8.532541411567341e-15
7547.58063125611 8.445083542933654e-15
7552.23943328858 8.439764046955757e-15
7556.89823532105 8.607504796961275e-15
7561.55703735352 8.634025399865947e-15
7566.21583938599 8.60851377824997e-15
7570.87464141846 8.507612994174728e-15
7575.53344345093 8.435244696059355e-15
7580.1922454834 8.441101288065825e-15
7584.85104751587 8.42509437711509e-15
7589.50984954834 8.32928277786776e-15
7594.16865158081 8.282076589623592e-15
7598.82745361328 8.252500241196625e-15
7603.48625564575 8.286713549653179e-15
7608.14505767822 8.215405377684953e-15
7612.8038597107 8.377324499355698e-15
7617.46266174317 8.308442149448425e-15
7622.12146377564 8.445955157980575e-15
7626.78026580811 8.474622469268847e-15
7631.43906784058 8.270665737259433e-15
7636.09786987305 8.30111216194304e-15
7640.75667190552 8.50290992724343e-15
7645.41547393799 8.560236092160585e-15
7650.07427597046 8.35848616368568e-15
7654.73307800293 8.40246289050744e-15
7659.3918800354 8.462022355673812e-15
7664.05068206787 8.562493733754548e-15
7668.70948410034 8.498574927983654e-15
7673.36828613282 8.317105785530073e-15
7678.02708816529 8.172480734106119e-15
7682.68589019776 8.267582164681639e-15
7687.34469223023 8.211871855691677e-15
7692.0034942627 8.393204523894542e-15
7696.66229629517 8.483883324381905e-15
7701.32109832764 8.411660880046962e-15
7705.97990036011 8.336652002810499e-15
7710.63870239258 8.47116329736843e-15
7715.29750442505 8.249287157135144e-15
7719.95630645752 8.10419322841035e-15
7724.61510848999 8.092203998183532e-15
7729.27391052246 7.989446405861858e-15
7733.93271255493 8.070921038881437e-15
7738.5915145874 8.098915802480557e-15
7743.25031661988 8.123358661822536e-15
7747.90911865235 8.190219048485951e-15
7752.56792068482 8.047572971370476e-15
7757.22672271729 7.923428243206808e-15
7761.88552474976 7.957822832874286e-15
7766.54432678223 8.115138953036118e-15
7771.2031288147 8.13044483461567e-15
7775.86193084717 8.192874823445304e-15
7780.52073287964 8.246585907697508e-15
7785.17953491211 8.014923722465844e-15
7789.83833694458 7.972122218793303e-15
7794.49713897705 8.010016721854734e-15
7799.15594100952 7.996662530410011e-15
7803.814743042 8.077891830907163e-15
7808.47354507447 8.093691642282539e-15
7813.13234710694 7.971849642570031e-15
7817.79114913941 7.89221611454877e-15
7822.44995117188 7.959331355518056e-15
7827.10875320435 7.842954504539577e-15
7831.76755523682 7.883247670230217e-15
7836.42635726929 7.838020010195893e-15
7841.08515930176 7.761874872041947e-15
7845.74396133423 7.925359362438743e-15
7850.4027633667 7.893102680135889e-15
7855.06156539917 7.936345826670675e-15
7859.72036743164 7.80515578047973e-15
7864.37916946411 7.644721498014476e-15
7869.03797149658 7.631472573666373e-15
7873.69677352906 7.653189004762924e-15
7878.35557556153 7.746429638798824e-15
7883.014377594 7.775040293904613e-15
7887.67317962647 7.61702487883075e-15
7892.33198165894 7.458228018719536e-15
7896.99078369141 7.687890251469214e-15
7901.64958572388 7.564013721370352e-15
7906.30838775635 7.53355659921858e-15
7910.96718978882 7.604416725582294e-15
7915.62599182129 7.530481783758852e-15
7920.28479385376 7.345902809095521e-15
7924.94359588623 7.400188202848832e-15
7929.6023979187 7.484408096753907e-15
7934.26119995117 7.450100039619962e-15
7938.92000198365 7.473120270674214e-15
7943.57880401612 7.643949374372893e-15
7948.23760604859 7.595180265132203e-15
7952.89640808106 7.477357864091573e-15
7957.55521011353 7.371128618428232e-15
7962.214012146 7.236785432426556e-15
7966.87281417847 7.327725050090563e-15
7971.53161621094 7.233969383403395e-15
7976.19041824341 7.235347485423953e-15
7980.84922027588 7.44783069563663e-15
7985.50802230835 7.400377682100085e-15
7990.16682434082 7.328104399830863e-15
7994.82562637329 7.2389785066459e-15
7999.48442840576 7.408227860474077e-15
8004.14323043823 7.32744100842605e-15
8008.80203247071 7.24446695570322e-15
8013.46083450317 7.16686695082878e-15
8018.11963653565 7.080876296498792e-15
8022.77843856812 7.0769943427520776e-15
8027.43724060059 7.114902337253619e-15
8032.09604263306 7.102992243676244e-15
8036.75484466553 7.10592070856762e-15
8041.413646698 7.12164360228859e-15
8046.07244873047 7.059098101358604e-15
8050.73125076294 7.175359495881823e-15
8055.39005279541 7.132478233414664e-15
8060.04885482788 7.147880989495597e-15
8064.70765686035 7.153966909892062e-15
8069.36645889283 7.226849019308534e-15
8074.0252609253 7.12667308841512e-15
8078.68406295777 7.103276652530155e-15
8083.34286499024 7.097121658585085e-15
8088.00166702271 6.925831548549682e-15
8092.66046905518 7.019822524269294e-15
8097.31927108765 6.958119486409448e-15
8101.97807312012 7.085813409283771e-15
8106.63687515259 7.040371247522082e-15
8111.29567718506 6.909182810312854e-15
8115.95447921753 6.952376004347405e-15
8120.61328125 6.744638593227628e-15
8125.27208328247 6.740153540451508e-15
8129.93088531494 6.797011435862935e-15
8134.58968734741 6.8730408793147575e-15
8139.24848937988 6.872285048823385e-15
8143.90729141236 6.74438653066433e-15
8148.56609344483 6.7948335918797255e-15
8153.2248954773 6.8330732037456305e-15
8157.88369750977 6.753627543958222e-15
8162.54249954224 6.680446525417777e-15
8167.20130157471 6.6201876364965224e-15
8171.86010360718 6.611232627392045e-15
8176.51890563965 6.745101857313056e-15
8181.17770767212 6.6791401815665175e-15
8185.83650970459 6.700957316385163e-15
8190.49531173706 6.601544410524256e-15
8195.15411376953 6.600707285450126e-15
8199.812915802 6.77406920307202e-15
8204.47171783447 6.8035010354436925e-15
8209.13051986695 6.685538354893586e-15
8213.78932189942 6.686477491118302e-15
8218.44812393189 6.507983703402976e-15
8223.10692596436 6.442297097309015e-15
8227.76572799683 6.5661164316842355e-15
8232.4245300293 6.411147288809934e-15
8237.08333206177 6.475560569851098e-15
8241.74213409424 6.586616194740662e-15
8246.40093612671 6.662679613882461e-15
8251.05973815918 6.475318912894062e-15
8255.71854019165 6.401859735009216e-15
8260.37734222412 6.4845478599561295e-15
8265.0361442566 6.415743832591123e-15
8269.69494628907 6.448873616123491e-15
8274.35374832154 6.589325020395972e-15
8279.01255035401 6.45179881419845e-15
8283.67135238648 6.2497620875889086e-15
8288.33015441895 6.32503428681298e-15
8292.98895645142 6.284608069892e-15
8297.64775848389 6.341280476968349e-15
8302.30656051636 6.4963322157813604e-15
8306.96536254883 6.540772034988345e-15
8311.6241645813 6.44045502350814e-15
8316.28296661377 6.403640355407722e-15
8320.94176864624 6.353097361540331e-15
8325.60057067871 6.22454424153464e-15
8330.25937271118 6.292575559722714e-15
8334.91817474365 6.449331807570212e-15
8339.57697677613 6.4193422205248626e-15
8344.2357788086 6.397698343066662e-15
8348.89458084107 6.4096794284929126e-15
8353.55338287354 6.355992846297211e-15
8358.21218490601 6.2848432404900546e-15
8362.87098693848 6.2671749591425874e-15
8367.52978897095 6.211315277353625e-15
8372.18859100342 6.204654508072364e-15
8376.84739303589 6.154915818579917e-15
8381.50619506836 6.042141080814289e-15
8386.16499710083 6.125628964484306e-15
8390.8237991333 6.190406088279789e-15
8395.48260116577 6.067124646224804e-15
8400.14140319825 6.1189929240528675e-15
8404.80020523072 6.057088537373943e-15
8409.45900726319 5.970776432841335e-15
8414.11780929566 5.985067232756011e-15
8418.77661132813 6.093815300328979e-15
8423.4354133606 5.988003113291836e-15
8428.09421539307 5.997586527126803e-15
8432.75301742554 5.9707834690562444e-15
8437.41181945801 6.0468138994228664e-15
8442.07062149048 5.9836341347279895e-15
8446.72942352295 5.975487084000542e-15
8451.38822555542 6.12445827911581e-15
8456.04702758789 5.960725479825341e-15
8460.70582962036 5.9897037835046964e-15
8465.36463165283 6.0661675231547985e-15
8470.0234336853 6.078178403374844e-15
8474.68223571778 5.916099664332474e-15
8479.34103775025 5.90410001299875e-15
8483.99983978272 5.927153621473253e-15
8488.65864181519 5.814778495993629e-15
8493.31744384766 5.879190007589646e-15
8497.97624588013 5.771524139990339e-15
8502.6350479126 5.6815972404069406e-15
8507.29384994507 5.6687482704783676e-15
8511.95265197754 5.676066843177163e-15
8516.61145401001 5.7629841111259866e-15
8521.27025604248 5.85131224292388e-15
8525.92905807496 5.816514877226589e-15
8530.58786010742 5.7110950991828215e-15
8535.24666213989 5.633490460225145e-15
8539.90546417237 5.7189248823393246e-15
8544.56426620484 5.772705476161413e-15
8549.22306823731 5.621372417185107e-15
8553.88187026978 5.60190972739101e-15
8558.54067230225 5.584422895338666e-15
8563.19947433472 5.524308307573285e-15
8567.85827636719 5.525977318717679e-15
8572.51707839966 5.578011948802655e-15
8577.17588043213 5.64006191534614e-15
8581.8346824646 5.660789463539215e-15
8586.49348449707 5.631280654784492e-15
8591.15228652954 5.4998351676329415e-15
8595.81108856201 5.570697504447427e-15
8600.46989059448 5.600732054942823e-15
8605.12869262696 5.663054348782549e-15
8609.78749465943 5.577038982879767e-15
8614.4462966919 5.4443928025981745e-15
8619.10509872437 5.465915307413988e-15
8623.76390075684 5.49113918220966e-15
8628.42270278931 5.473869919320682e-15
8633.08150482178 5.533062113291424e-15
8637.74030685425 5.558929146347957e-15
8642.39910888672 5.467893399760745e-15
8647.05791091919 5.4911173864796006e-15
8651.71671295166 5.417924227383093e-15
8656.37551498413 5.361574752384695e-15
8661.0343170166 5.3894586182575775e-15
8665.69311904907 5.324789949060601e-15
8670.35192108154 5.275979491506778e-15
8675.01072311402 5.241749549560335e-15
8679.66952514649 5.313088421909748e-15
8684.32832717896 5.4064985309765365e-15
8688.98712921143 5.394850320643071e-15
8693.6459312439 5.310453614535307e-15
8698.30473327637 5.445767223657758e-15
8702.96353530884 5.281020764297969e-15
8707.62233734131 5.207165261893041e-15
8712.28113937378 5.309499551085518e-15
8716.93994140625 5.3241223311081285e-15
8721.59874343872 5.3233957934171116e-15
8726.25754547119 5.258364393648344e-15
8730.91634750366 5.121601395860381e-15
8735.57514953614 5.0767026254377635e-15
8740.23395156861 5.098388215383434e-15
8744.89275360108 5.039480665379475e-15
8749.55155563355 5.028605640757569e-15
8754.21035766602 5.029505791506198e-15
8758.86915969849 4.927383682311224e-15
8763.52796173096 5.007712858424864e-15
8768.18676376343 5.119491433959326e-15
8772.8455657959 5.107639195495147e-15
8777.50436782837 4.980024180031052e-15
8782.16316986084 4.992227365645388e-15
8786.82197189331 5.0130369703572984e-15
8791.48077392578 4.960244833760122e-15
8796.13957595825 4.965973106075612e-15
