4020.0 2.2450155125170476e-15
4029.2 9.443333398768772e-16
4038.4 1.7495019110670387e-15
4047.6 1.035129036386487e-15
4056.8 1.323857143728889e-15
4066.0 8.135849199262735e-16
4075.2 7.82768026878296e-15
4084.4 7.4440027454209e-16
4093.6 7.730826949787575e-16
4102.8 9.539187076543514e-16
4112.0 9.718296016492677e-16
4121.2 1.091775645523434e-15
4130.4 8.908331897042495e-16
4139.6 9.836696283103825e-16
4148.8 9.53002784762913e-16
4158.0 9.44456359088041e-16
4167.2 8.323520998592375e-16
4176.4 9.991294739069374e-16
4185.6 9.114405494573698e-16
4194.8 1.0835562580201913e-15
4204.0 8.762724794538388e-16
4213.2 9.141072911484683e-16
4222.4 1.0116352340965049e-15
4231.6 9.208770020522118e-16
4240.8 9.639185793277072e-16
4250.0 8.501792468147244e-16
4259.2 9.986549914100152e-16
4268.4 8.636074854070728e-16
4277.6 8.041338236613622e-16
4286.8 8.323755474246374e-16
4296.0 9.745142051167577e-16
4305.2 8.926916167515882e-16
4314.4 1.0162799750417325e-15
4323.6 1.1205453766558728e-15
4332.8 9.965400397839517e-16
4342.0 8.302915316470964e-16
4351.2 1.0609274198076254e-15
4360.4 9.422264021714745e-16
4369.6 1.0352722770181517e-15
4378.8 1.216988075531778e-15
4388.0 9.889244002814181e-16
4397.2 1.1603403125250368e-15
4406.4 1.1595586989074408e-15
4415.6 1.3602190248887734e-15
4424.8 1.4883597747062424e-15
4434.0 1.4053954545702467e-15
4443.2 1.3980104573450957e-15
4452.4 1.5259744267361801e-15
4461.6 1.6783050258202236e-15
4470.8 1.74694888238335e-15
4480.0 1.7513555946731792e-15
4489.2 1.8123379260864166e-15
4498.4 1.9154693458332936e-15
4507.6 2.0213617364907695e-15
4516.8 2.2155454139745644e-15
4526.0 2.2799528635650267e-15
4535.2 2.1988890432031822e-15
4544.4 2.218680815546985e-15
4553.6 2.263059525540802e-15
4562.8 2.4432819088986624e-15
4572.0 2.5571384505160904e-15
4581.2 2.1235471013487744e-15
4590.4 2.608501475846316e-15
4599.6 2.6015711185089038e-15
4608.8 2.3964815184383946e-15
4618.0 2.2643577154192176e-15
4627.2 2.3465935657162552e-15
4636.4 2.0683625342072617e-15
4645.6 2.269987548475487e-15
4654.8 2.1314842869645477e-15
4664.0 2.0694092700962268e-15
4673.2 1.9937701197384855e-15
4682.4 1.9891028157529056e-15
4691.6 1.9480244676713907e-15
4700.8 1.7012429802200773e-15
4710.0 1.6437858945942206e-15
4719.2 1.6017966124244221e-15
4728.4 1.5141885077358697e-15
4737.6 1.677610938958018e-15
4746.8 1.6123632300152034e-15
4756.0 1.552348549167657e-15
4765.2 1.5639678009420384e-15
4774.4 1.5495541685966393e-15
4783.6 1.723069997751729e-15
4792.8 1.6323577333432578e-15
4802.0 1.6698208709517252e-15
4811.2 1.591820859608352e-15
4820.4 1.6484801100978271e-15
4829.6 1.6811414294034936e-15
4838.8 1.7651324646397896e-15
4848.0 1.786783092105181e-15
4857.2 1.869548963435076e-15
4866.4 1.9525126714682095e-15
4875.6 2.0099475241930062e-15
4884.8 2.0009484234935228e-15
4894.0 1.8299791206406994e-15
4903.2 1.7286830186252485e-15
4912.4 1.7904082114144084e-15
4921.6 1.6832981854306665e-15
4930.8 1.7962547447379774e-15
4940.0 1.8301784135096485e-15
4949.2 1.8385885649451375e-15
4958.4 1.9106408773740844e-15
4967.6 1.916679437605524e-15
4976.8 1.884305599144517e-15
4986.0 1.8875069417622576e-15
4995.2 1.861995964355146e-15
5004.4 1.9399941795529247e-15
5013.6 1.8037676667775562e-15
5022.8 1.6973357831077921e-15
5032.0 1.7644707981373029e-15
5041.2 1.7195924086239846e-15
5050.4 1.7703538657819256e-15
5059.6 1.7080949913120021e-15
5068.8 1.7213231316639928e-15
5078.0 1.7342271440808375e-15
5087.2 1.7724901690367536e-15
5096.4 1.699679420049248e-15
5105.6 1.8045961531822622e-15
5114.8 1.7716716711971551e-15
5124.0 1.8268780235574623e-15
5133.2 2.906386470323289e-15
5142.4 6.622140459093385e-15
5151.6 1.8010287017589053e-15
5160.8 1.890697877862253e-15
5170.0 1.9864832548385187e-15
5179.2 1.938134358773007e-15
5188.4 2.0804153393024088e-15
5197.6 2.135428660218531e-15
5206.8 2.0883378451022197e-15
5216.0 2.2351505225854304e-15
5225.2 2.2271088637676283e-15
5234.4 2.2719276924594362e-15
5243.6 2.363452910284857e-15
5252.8 2.4453593161366126e-15
5262.0 2.5336473000167276e-15
5271.2 2.6115274230605367e-15
5280.4 2.5736032808422515e-15
5289.6 2.6861013885224554e-15
5298.8 2.5477179749756335e-15
5308.0 2.683563862963667e-15
5317.2 2.752491393508431e-15
5326.4 2.766121935884628e-15
5335.6 2.7570871739926736e-15
5344.8 2.871562063920637e-15
5354.0 3.0461744785359766e-15
5363.2 2.9568907510801037e-15
5372.4 2.9259819292531928e-15
5381.6 2.996903738361723e-15
5390.8 2.918159467625559e-15
5400.0 2.778327889961999e-15
5409.2 2.723056049671389e-15
5418.4 2.7843154628929662e-15
5427.6 2.814550509735959e-15
5436.8 2.732383540104817e-15
5446.0 2.828482326430863e-15
5455.2 2.798483183625442e-15
5464.4 2.9643411834163047e-15
5473.6 3.099516842346429e-15
5482.8 3.0743257721391864e-15
5492.0 3.076916395238745e-15
5501.2 2.9115028760331454e-15
5510.4 2.8622461663712306e-15
5519.6 2.841488913725639e-15
5528.8 2.6289865157437877e-15
5538.0 2.5138684255879947e-15
5547.2 2.2184712784346393e-15
5556.4 2.166351850411923e-15
5565.6 1.957393306909485e-15
5574.8 2.090518668010181e-15
5584.0 1.7975146780683623e-15
5593.2 1.8990716136902105e-15
5602.4 1.815107843505605e-15
5611.6 1.8439121404934633e-15
5620.8 1.9403387657341437e-15
5630.0 1.9511989577478365e-15
5639.2 1.9022231926202403e-15
5648.4 1.9380165115156607e-15
5657.6 1.9015953934515745e-15
5666.8 1.9427109945298856e-15
5676.0 2.024410785764363e-15
5685.2 2.059102295238537e-15
5694.4 1.9912316486312055e-15
5703.6 2.0113100344636688e-15
5712.8 2.0243463893557035e-15
5722.0 2.0863572336357723e-15
5731.2 2.072621373118069e-15
5740.4 2.1128350233620427e-15
5749.6 2.0658110728062505e-15
5758.8 2.040548703086317e-15
5768.0 2.099024857031371e-15
5777.2 2.0491035549037356e-15
5786.4 2.412690506542451e-15
5795.6 2.5101021155712516e-15
5804.8 2.738861600355166e-15
5814.0 3.1231771022004448e-15
5823.2 3.3874735415109e-15
5832.4 3.565175026501842e-15
5841.6 3.772301486326929e-15
5850.8 3.829389783874652e-15
5860.0 3.946098840342309e-15
5869.2 3.891200680526565e-15
5878.4 3.785153408713712e-15
5887.6 3.662576968932605e-15
5896.8 3.686514296767257e-15
5906.0 3.656700441613529e-15
5915.2 3.564283581190051e-15
5924.4 3.58679982870611e-15
5933.6 3.6029685462563325e-15
5942.8 3.3205834890947152e-15
5952.0 3.3239175279055173e-15
5961.2 3.216239371246533e-15
5970.4 3.0801568040212434e-15
5979.6 3.011646652336301e-15
5988.8 2.912755766392357e-15
5998.0 2.9415264787678897e-15
6007.2 2.757631763627853e-15
6016.4 2.737145578703613e-15
6025.6 2.6911880491668692e-15
6034.8 2.5636407478426475e-15
6044.0 2.561577156237433e-15
6053.2 2.53969979337106e-15
6062.4 2.3803682043136172e-15
6071.6 2.4696099934334547e-15
6080.8 2.4442712668187274e-15
6090.0 2.4993621157131134e-15
6099.2 2.445265824725072e-15
6108.4 2.5090682084461486e-15
6117.6 2.440093385740081e-15
6126.8 2.434959727480328e-15
6136.0 2.3948974837608786e-15
6145.2 2.312112996746669e-15
6154.4 2.3696783882041634e-15
6163.6 2.4674328301066814e-15
6172.8 2.5549295855873294e-15
6182.0 2.5929216573004872e-15
6191.2 2.594297261274723e-15
6200.4 2.5002042800129045e-15
6209.6 2.3516186142430505e-15
6218.8 2.398890207758976e-15
6228.0 2.35746932541628e-15
6237.2 2.246532370170905e-15
6246.4 2.319509736919722e-15
6255.6 2.3590690703451397e-15
6264.8 2.3788840653309463e-15
6274.0 2.409054554913202e-15
6283.2 2.3751751292011527e-15
6292.4 2.4215087917929345e-15
6301.6 2.4370028187551067e-15
6310.8 2.51103625040449e-15
6320.0 2.4709633310294966e-15
6329.2 2.5158767361750943e-15
6338.4 2.505692496868992e-15
6347.6 2.436832285373023e-15
6356.8 2.3934439043163075e-15
6366.0 2.4993237617042944e-15
6375.2 2.5163053972122027e-15
6384.4 2.5879917455549433e-15
6393.6 2.682016492460034e-15
6402.8 2.719548020172055e-15
6412.0 2.633218699872911e-15
6421.2 2.732543965931107e-15
6430.4 2.699140631412568e-15
6439.6 2.786337472974922e-15
6448.8 2.7742582207418544e-15
6458.0 2.709818686925696e-15
6467.2 2.8143525085702827e-15
6476.4 2.6965114370300584e-15
6485.6 2.744558128084038e-15
6494.8 2.6954960901764824e-15
6504.0 2.773219758361061e-15
6513.2 2.7021866938638183e-15
6522.4 2.7936928021485417e-15
6531.6 2.824957574872972e-15
6540.8 2.729751174073979e-15
6550.0 2.7838651610620187e-15
6559.2 2.687880607774692e-15
6568.4 2.7341462475978826e-15
6577.6 2.6381951470074327e-15
6586.8 2.773894949865528e-15
6596.0 2.761845606043604e-15
6605.2 2.8192681011302985e-15
6614.4 2.915579816425346e-15
6623.6 2.9700825991439998e-15
6632.8 3.0417521968112946e-15
6642.0 3.1328004579512098e-15
6651.2 2.9994333928853788e-15
6660.4 3.1522406209597574e-15
6669.6 2.9806123039866038e-15
6678.8 3.034234289523081e-15
6688.0 2.8773874885321607e-15
6697.2 2.8219443991937335e-15
6706.4 2.7957483319845717e-15
6715.6 2.651731400309846e-15
6724.8 2.5928743409156386e-15
6734.0 2.524855083729502e-15
6743.2 2.4762330280324e-15
6752.4 2.42904308940314e-15
6761.6 2.3792851968232975e-15
6770.8 2.4352086860687565e-15
6780.0 2.324867159974251e-15
6789.2 2.2389607774329597e-15
6798.4 2.2311033259076153e-15
6807.6 2.162581368701448e-15
6816.8 2.0757841308571274e-15
6826.0 2.3319103924670307e-15
6835.2 2.0851632438579936e-15
6844.4 1.86332420364726e-15
6853.6 2.024442407624915e-15
6862.8 1.8095626784342867e-15
6872.0 1.6402257699545734e-15
6881.2 1.7185775218890044e-15
6890.4 1.7992533461172077e-15
6899.6 1.766125653212282e-15
6908.8 1.950088454952784e-15
6918.0 2.0671723900343446e-15
6927.2 2.0760119673002356e-15
6936.4 2.359479491340797e-15
6945.6 2.303536753246833e-15
6954.8 2.3883928289349573e-15
6964.0 2.628694105040906e-15
6973.2 2.640206815757045e-15
6982.4 2.801102941074844e-15
6991.6 2.891444773761479e-15
7000.8 3.043704107501103e-15
7010.0 3.205120836150124e-15
7019.2 3.2014833925956343e-15
7028.4 3.2425777813823836e-15
7037.6 3.2154521693894227e-15
7046.8 3.1318589100668258e-15
7056.0 3.1028000789038492e-15
7065.2 2.8810509522141306e-15
7074.4 2.810256238906295e-15
7083.6 2.8848929539991537e-15
7092.8 2.6967375125956886e-15
7102.0 2.6864853409640117e-15
7111.2 2.8666605148685338e-15
7120.4 2.8156494396032775e-15
7129.6 2.81363236190402e-15
7138.8 2.778782090429025e-15
7148.0 2.8053933750755814e-15
7157.2 2.7526331201977202e-15
7166.4 2.549055810626789e-15
7175.6 2.413408102503261e-15
7184.8 2.2639560752692076e-15
7194.0 2.278313569660121e-15
7203.2 2.5197659238789437e-15
7212.4 2.8471483791849604e-15
7221.6 2.782960012612242e-15
7230.8 2.6893399383552156e-15
7240.0 2.521269798042889e-15
7249.2 2.6673679273579145e-15
7258.4 2.6709365393294168e-15
7267.6 2.575219389915409e-15
7276.8 2.502879327188913e-15
7286.0 2.5288158018638144e-15
7295.2 2.3615216495014157e-15
7304.4 2.412701393044669e-15
7313.6 2.2169306090965853e-15
7322.8 2.201541180350827e-15
7332.0 2.1921939688425217e-15
7341.2 2.253736061957852e-15
7350.4 2.2209813022091054e-15
7359.6 2.1455195803571432e-15
7368.8 2.0643868583524476e-15
7378.0 2.0806693732829713e-15
7387.2 2.2016456486799704e-15
7396.4 2.1010985981195998e-15
7405.6 2.0600667662658643e-15
7414.8 1.937262968099008e-15
7424.0 1.9945698675104994e-15
7433.2 2.028255020850182e-15
7442.4 1.7681355032547028e-15
7451.6 1.8062625523268733e-15
7460.8 1.935453772789655e-15
7470.0 1.740886168210197e-15
7479.2 1.6827109604953913e-15
7488.4 1.677467130709503e-15
7497.6 1.6980187589193165e-15
7506.8 1.7221412075268678e-15
7516.0 1.6018180452761339e-15
7525.2 1.6819129129243904e-15
7534.4 1.6542772628903258e-15
7543.6 1.3896875120330917e-15
7552.8 1.6633805461417816e-15
7562.0 1.6551243889363831e-15
7571.2 1.5126029647749378e-15
7580.4 1.497067552046481e-15
7589.6 1.162477842469049e-15
7598.8 5.785002705311484e-16
7608.0 4.454508380182088e-16
7617.2 8.739455567820769e-16
7626.4 8.89183512898305e-16
7635.6 1.0321753061573712e-15
7644.8 1.330881911445147e-15
7654.0 1.284499624075725e-15
7663.2 1.6145253623958432e-15
7672.4 1.842097779699347e-15
7681.6 2.1617865470266336e-15
7690.8 2.156857010286488e-15
7700.0 2.258714522601507e-15
7709.2 2.2785406525752554e-15
7718.4 2.3936968878700132e-15
7727.6 2.4813337041408368e-15
7736.8 2.4887042725473534e-15
7746.0 2.4491983416925377e-15
7755.2 2.313873163789713e-15
7764.4 2.346802990231281e-15
7773.6 2.0570702308832454e-15
7782.8 2.0411854001260497e-15
7792.0 1.775003796483098e-15
7801.2 1.927919363403982e-15
7810.4 1.7923719114104064e-15
7819.6 1.9675418182600045e-15
7828.8 2.0253678641917505e-15
7838.0 1.931187136609974e-15
7847.2 1.4960438994941805e-15
7856.4 1.3270510236619505e-15
7865.6 1.6254164600377128e-15
7874.8 1.4873626077667775e-15
7884.0 1.6138031998099409e-15
7893.2 1.4554092116130782e-15
7902.4 1.2885262328186364e-15
7911.6 1.34904538389798e-15
7920.8 8.892306071634056e-16
7930.0 1.6599286806917428e-15
7939.2 1.4612294703546143e-15
7948.4 1.1287338488462114e-15
7957.6 1.446044733126251e-15
7966.8 1.2296844410040248e-15
7976.0 1.388182086738035e-15
7985.2 1.249338975634938e-15
7994.4 7.877913754564885e-16
