3703.9172 8.863670460119522e-15
3708.4304 1.0148560479236624e-14
3712.9436 9.408224260069818e-15
3717.4568 1.0115494287673082e-14
3721.9697 9.162557471247486e-15
3726.4829 8.475212682441393e-15
3730.9961 9.132535665766528e-15
3735.5093 9.772842850059008e-15
3740.0222 9.833874900625465e-15
3744.5354 8.414477698219407e-15
3749.0486 8.782109229794198e-15
3753.5615 9.506783415034156e-15
3758.0747 1.0046804217526421e-14
3762.5879 9.933262296269576e-15
3767.1011 9.258783928624135e-15
3771.614 8.665059468803712e-15
3776.1272 8.643426687844423e-15
3780.6404 9.036936315396976e-15
3785.1536 9.283811013618298e-15
3789.6665 9.623642272625738e-15
3794.1797 9.179070402878827e-15
3798.6929 8.70346077545424e-15
3803.2061 8.463492393169984e-15
3807.719 8.287009021766607e-15
3812.2322 8.554814185754328e-15
3816.7454 7.852843607556963e-15
3821.2583 7.775714831432413e-15
3825.7715 7.795613276903677e-15
3830.2847 8.165546246564117e-15
3834.7979 8.128409103960684e-15
3839.3108 8.102258014175091e-15
3843.824 8.190231835715528e-15
3848.3372 7.671198155734856e-15
3852.8503 7.465654228508277e-15
3857.3633 7.901126507681619e-15
3861.8765 7.649397745139495e-15
3866.3896 7.818085012524113e-15
3870.9026 7.532502259396672e-15
3875.4158 7.765340130930241e-15
3879.929 7.994749985011727e-15
3884.4421 8.100426702643071e-15
3888.9551 7.970593075396121e-15
3893.4683 7.978049511622151e-15
3897.9814 7.795621066887436e-15
3902.4946 7.670695779562961e-15
3907.0076 7.752435947846042e-15
3911.5208 7.693699888119276e-15
3916.0339 7.534340636642565e-15
3920.5471 7.301805734788212e-15
3925.0601 7.512195159585881e-15
3929.5732 7.294536775057637e-15
3934.0864 7.47645287624672e-15
3938.5994 7.213296500129065e-15
3943.1125 7.144857948235236e-15
3947.6257 7.372510898000224e-15
3952.1389 7.596590269152149e-15
3956.6519 7.523723700736693e-15
3961.165 7.465557059558241e-15
3965.6782 7.296732691156473e-15
3970.1914 7.379594290148277e-15
3974.7043 7.468726078404965e-15
3979.2175 7.524883962910854e-15
3983.7307 7.479026461955154e-15
3988.2439 7.455270715375308e-15
3992.7568 7.560989769200563e-15
3997.27 7.75030327749112e-15
4001.7832 7.709077893804162e-15
4006.2961 7.37535635871083e-15
4010.8093 7.686025725734377e-15
4015.3225 7.371999613782862e-15
4019.8357 7.434893788083892e-15
4024.3486 7.36409218506923e-15
4028.8618 7.43654237001541e-15
4033.375 7.438101488495382e-15
4037.8882 7.146166091415121e-15
4042.4011 7.14915394338372e-15
4046.9143 7.336205899067732e-15
4051.4275 7.397389545402036e-15
4055.9404 7.284506324202512e-15
4060.4536 7.451505792532819e-15
4064.9668 7.29796877397995e-15
4069.48 7.411830390147397e-15
4073.9929 7.56909899193934e-15
4078.5061 7.348634148530013e-15
4083.0193 7.425557356966047e-15
4087.5325 7.563085407482673e-15
4092.0454 7.396770251723426e-15
4096.5586 7.172771143831665e-15
4101.0718 7.200626966942862e-15
4105.585 7.304253490291486e-15
4110.0981 7.286791522788563e-15
4114.6108 7.426211710505647e-15
4119.124 7.51771578753951e-15
4123.6372 7.35756265560368e-15
4128.1504 7.34364568692267e-15
4132.6636 7.220491631374241e-15
4137.1768 7.45030882300683e-15
4141.6899 7.136224903848003e-15
4146.2031 6.988392200443111e-15
4150.7158 6.8592768539172445e-15
4155.229 6.744329831625401e-15
4159.7422 6.741727493315296e-15
4164.2554 6.593292120627954e-15
4168.7686 6.4729359751580835e-15
4173.2817 6.6111077069012564e-15
4177.7949 6.502604068490786e-15
4182.3076 6.445691034498876e-15
4186.8208 6.292913766692165e-15
4191.334 6.3130941401314505e-15
4195.8472 6.41460997709805e-15
4200.3604 6.20937445274292e-15
4204.8735 6.244983587692334e-15
4209.3867 6.160381497555104e-15
4213.8999 6.2098173631018e-15
4218.4126 6.082456293433879e-15
4222.9258 6.04196685927418e-15
4227.439 6.1218607126291925e-15
4231.9521 6.085606597459958e-15
4236.4653 5.904924083029978e-15
4240.9785 5.9525384363897416e-15
4245.4917 5.760494581187009e-15
4250.0044 5.8159755797562754e-15
4254.5176 5.915936922882579e-15
4259.0308 5.88694247234897e-15
4263.5439 5.8937734132779085e-15
4268.0571 5.830013805462702e-15
4272.5703 5.89251773319354e-15
4277.0835 5.869270728829685e-15
4281.5967 5.853745047076451e-15
4286.1094 5.895162940295072e-15
4290.6226 5.718521091602184e-15
4295.1357 5.6406189503335635e-15
4299.6489 5.701801343926411e-15
4304.1621 5.8175378915552336e-15
4308.6753 5.893109233484255e-15
4313.1885 6.092913767482945e-15
4317.7012 6.045553866995302e-15
4322.2144 5.909637553718414e-15
4326.7275 5.826299020910485e-15
4331.2407 6.042704635207532e-15
4335.7539 6.154286745052839e-15
4340.2671 6.3194764463994485e-15
4344.7803 6.337097387728387e-15
4349.2935 6.2537791079064284e-15
4353.8062 6.227846455718666e-15
4358.3193 6.272318643099986e-15
4362.8325 6.2570333467211375e-15
4367.3457 6.321705060165982e-15
4371.8589 6.209780452221204e-15
4376.3721 5.99301277475721e-15
4380.8853 5.972786475581852e-15
4385.3979 6.033224811465498e-15
4389.9111 5.966439048245103e-15
4394.4243 5.9820203732516334e-15
4398.9375 5.991795054517795e-15
4403.4507 5.812813747728985e-15
4407.9639 5.8599252548774416e-15
4412.4771 5.841030260891561e-15
4416.9897 5.830442381158207e-15
4421.5029 5.951219054237284e-15
4426.0161 5.902094138668859e-15
4430.5293 5.7116437150820044e-15
4435.0425 5.776620657913044e-15
4439.5557 5.6913489779593224e-15
4444.0688 5.680607740266696e-15
4448.582 5.657267627910483e-15
4453.0947 5.727709994318417e-15
4457.6079 5.726086150582991e-15
4462.1211 5.658869025879235e-15
4466.6343 5.634229123168706e-15
4471.1475 5.75875566471869e-15
4475.6606 5.7466174073989055e-15
4480.1738 5.70867148109058e-15
4484.6865 5.723027016126238e-15
4489.1997 5.573910606802677e-15
4493.7129 5.63674366388059e-15
4498.2261 5.7398491317665614e-15
4502.7393 5.78312053204481e-15
4507.2524 5.707051487848136e-15
4511.7656 5.623553788581907e-15
4516.2788 5.727673794253361e-15
4520.7915 5.815613779962995e-15
4525.3047 5.6580182775740814e-15
4529.8179 5.6225409344405815e-15
4534.3311 5.589096555277398e-15
4538.8442 5.398768028163838e-15
4543.3574 5.504189875344395e-15
4547.8706 5.592085032021076e-15
4552.3833 5.402881013940938e-15
4556.8965 5.343182916323593e-15
4561.4097 5.5768067834163915e-15
4565.9229 5.502158300552678e-15
4570.436 5.427131943833675e-15
4574.9492 5.364151946195986e-15
4579.4624 5.222563478288932e-15
4583.9756 5.3762261538633004e-15
4588.4883 5.3648650636996946e-15
4593.0015 5.367046652561793e-15
4597.5146 5.463682936065153e-15
4602.0278 5.413080985342807e-15
4606.541 5.479867949627994e-15
4611.0542 5.374610724768271e-15
4615.5674 5.437329107121372e-15
4620.0801 5.64042266661263e-15
4624.5933 5.714495880655377e-15
4629.1064 5.782343540741393e-15
4633.6196 5.977048619434685e-15
4638.1328 6.206925614339333e-15
4642.646 6.404817413716771e-15
4647.1592 6.378608653077592e-15
4651.6719 6.426729957638854e-15
4656.1851 6.215296419752575e-15
4660.6982 6.2535096924530476e-15
4665.2114 6.034939658263132e-15
4669.7246 5.812476896203767e-15
4674.2378 5.908008323560019e-15
4678.751 5.754184549732837e-15
4683.2642 5.6919987715955844e-15
4687.7769 5.817847958765267e-15
4692.29 5.729303523992984e-15
4696.8032 5.653537533137409e-15
4701.3164 5.643520058326222e-15
4705.8296 5.38085884049542e-15
4710.3428 5.256317794461339e-15
4714.856 5.294381800934942e-15
4719.3687 5.17598366700152e-15
4723.8818 5.05587449648744e-15
4728.395 4.873712178950326e-15
4732.9082 4.680234053615257e-15
4737.4214 4.737010469026062e-15
4741.9346 4.626008409308725e-15
4746.4478 4.54774988196572e-15
4750.9609 4.460532790811014e-15
4755.4736 4.366982281419463e-15
4759.9868 4.496141993660619e-15
4764.5 4.44604964632688e-15
4769.0132 4.434746122484506e-15
4773.5264 4.282337246347229e-15
4778.0396 4.280750550208394e-15
4782.5527 4.420876876398355e-15
4787.0654 4.20297933642042e-15
4791.5786 4.1583078020494866e-15
4796.0918 4.277419075302009e-15
4800.605 4.257740343036041e-15
4805.1182 4.237863494394213e-15
4809.6313 4.252665439021552e-15
4814.1445 4.269791401848255e-15
4818.6577 4.25188674295258e-15
4823.1704 4.253413928429674e-15
4827.6836 4.2930395552202785e-15
4832.1968 4.745037598489144e-15
4836.71 4.626453187116069e-15
4841.2231 4.353521024015923e-15
4845.7363 4.331675038359619e-15
4850.2495 4.351459821797583e-15
4854.7622 4.408571878861837e-15
4859.2754 4.4462457737652615e-15
4863.7886 4.611302068345586e-15
4868.3018 4.65130153406152e-15
4872.8149 4.577647912783879e-15
4877.3281 4.509345704242992e-15
4881.8413 4.4905931772582134e-15
4886.3545 4.363949810774543e-15
4890.8672 4.315714679811806e-15
4895.3804 4.291306137737992e-15
4899.8936 4.262565895195857e-15
4904.4067 4.071100809833665e-15
4908.9199 4.116875232588689e-15
4913.4331 4.096323178950917e-15
4917.9463 4.133088941035571e-15
4922.459 3.971557405956959e-15
4926.9722 4.022336914245219e-15
4931.4854 4.057752283020479e-15
4935.9985 4.036866346696317e-15
4940.5117 3.9647384443949674e-15
4945.0249 3.97083958393657e-15
4949.5381 3.880360534941484e-15
4954.0508 3.955961478810271e-15
4958.564 3.914723967199608e-15
4963.0771 3.712930250988648e-15
4967.5903 3.85239500431686e-15
4972.1035 3.842097654525458e-15
4976.6167 3.722224004864943e-15
4981.1299 3.61216409881327e-15
4985.6431 3.829821018784065e-15
4990.1558 3.7908743905617005e-15
4994.6689 3.702754832292678e-15
4999.1821 3.741257392637222e-15
5003.6953 3.810826107318951e-15
5008.2085 3.813329700197833e-15
5012.7217 3.71413277912225e-15
5017.2349 3.648916577419853e-15
5021.7476 3.7326558775625225e-15
5026.2607 3.5777720397248416e-15
5030.7739 3.6129814688225726e-15
5035.2871 3.689040270533263e-15
5039.8003 3.612642122277498e-15
5044.3135 3.607063754907777e-15
5048.8267 3.452794523187453e-15
5053.3398 3.4802575152329853e-15
5057.8525 3.5416703700850465e-15
5062.3657 3.471298709528646e-15
5066.8789 3.499164199584985e-15
5071.3921 3.532478067105189e-15
5075.9053 3.501422457822028e-15
5080.4185 3.3271907583205674e-15
5084.9316 3.3956120115103377e-15
5089.4443 3.4581283149777955e-15
5093.9575 3.4567597276914185e-15
5098.4707 3.4521077298569914e-15
5102.9839 3.3793900193985617e-15
5107.4971 3.4758884433854077e-15
5112.0103 3.667184277658905e-15
5116.5234 3.5024312604938744e-15
5121.0366 3.367155147908597e-15
5125.5493 3.2655958371712836e-15
5130.0625 3.2105518151957134e-15
5134.5757 3.339953478503e-15
5139.0889 3.363940650928602e-15
5143.6021 3.3017164952494092e-15
5148.1152 3.270298591099927e-15
5152.6284 3.3737785793812065e-15
5157.1411 3.346119554155257e-15
5161.6543 3.344282111467045e-15
5166.1675 3.2464311785844084e-15
5170.6807 3.2275380376946226e-15
5175.1938 3.2752578443768554e-15
5179.707 3.230668002267122e-15
5184.2202 3.2272295407454375e-15
5188.7334 3.2683078079879058e-15
5193.2461 3.197110668625085e-15
5197.7593 3.188943754996718e-15
5202.2725 3.2266507474358975e-15
5206.7856 3.156356681575279e-15
5211.2988 3.1647731005167897e-15
5215.812 3.2083579999035163e-15
5220.3252 3.2316823730687565e-15
5224.8379 3.244065211740639e-15
5229.3511 3.1022532018460667e-15
5233.8643 3.12358169086563e-15
5238.3774 3.1772539736297827e-15
5242.8906 3.101409250251206e-15
5247.4038 3.1324979632609994e-15
5251.917 3.1569485199470114e-15
5256.4297 3.1405031914672894e-15
5260.9429 3.1638783096465915e-15
5265.4561 3.105552253497552e-15
5269.9692 3.1288426909646582e-15
5274.4824 3.1540381734874884e-15
5278.9956 3.1459869338416175e-15
5283.5088 3.1179726888851596e-15
5288.022 3.1232096833119858e-15
5292.5347 2.9838081731322675e-15
5297.0479 3.0531205236646018e-15
5301.561 3.059185118186318e-15
5306.0742 3.112358067973325e-15
5310.5874 3.0545805986523995e-15
5315.1006 2.9228008115814333e-15
5319.6138 2.9639781540965358e-15
5324.1265 2.991576832042655e-15
5328.6396 2.928937567048946e-15
5333.1528 3.026932199036902e-15
5337.666 2.98587423284727e-15
5342.1792 2.908896789954908e-15
5346.6924 2.979619842377153e-15
5351.2056 3.0064456510843995e-15
5355.7188 2.94744813547287e-15
5360.2314 2.940057925176546e-15
5364.7446 2.9075430876647664e-15
5369.2578 2.964461830981417e-15
5373.771 2.9940598219064776e-15
5378.2842 2.9144956727731083e-15
5382.7974 2.803188153574124e-15
5387.3105 2.897926686103106e-15
5391.8232 2.889848160936789e-15
5396.3364 2.937245186962205e-15
5400.8496 2.9543120922429115e-15
5405.3628 2.9398300922739518e-15
5409.876 2.8702968687592988e-15
5414.3892 2.8153135590279314e-15
5418.9023 2.955734980886123e-15
5423.4155 2.9299694991676558e-15
5427.9282 2.905560839932501e-15
5432.4414 2.894010197045297e-15
5436.9546 2.853059776405893e-15
5441.4678 2.893575937149962e-15
5445.981 2.809009870073882e-15
5450.4941 2.7708590559466828e-15
5455.0073 2.808150554210653e-15
5459.52 2.7817771940217534e-15
5464.0332 2.800617861149817e-15
5468.5464 2.7215142324361918e-15
5473.0596 2.735539887265225e-15
5477.5728 2.7302854562558043e-15
5482.0859 2.643414474834773e-15
5486.5991 2.7369498844553022e-15
5491.1123 2.7475508673456847e-15
5495.625 2.6145118045792737e-15
5500.1382 2.7597114463232398e-15
5504.6514 2.74988616826736e-15
5509.1646 2.6585969670028098e-15
5513.6777 2.7202588836289175e-15
5518.1909 2.6753141301552444e-15
5522.7041 2.6896556613517467e-15
5527.2168 2.694110534359698e-15
5531.73 2.6605982426965745e-15
5536.2432 2.630574334810585e-15
5540.7563 2.557648432613827e-15
5545.2695 2.647741756237568e-15
5549.7827 2.628071578014315e-15
5554.2959 2.6328030799084195e-15
5558.8086 2.669029396620076e-15
5563.3218 2.6236583597828834e-15
5567.835 2.5440654686796444e-15
5572.3481 2.6393449019173678e-15
5576.8613 2.6186594037066956e-15
5581.3745 2.545227773913744e-15
5585.8877 2.579673719816218e-15
5590.4009 2.5564820003452463e-15
5594.9136 2.5608279984541432e-15
5599.4268 2.513578713126262e-15
5603.9399 2.550724984335114e-15
5608.4531 2.5654164870870025e-15
5612.9663 2.583688983608495e-15
5617.4795 2.606219518130422e-15
5621.9927 2.5418924271858605e-15
5626.5054 2.45277100112153e-15
5631.0186 2.5484390785906537e-15
5635.5317 2.5829311546604377e-15
5640.0449 2.5332723729325295e-15
5644.5581 2.481545036326421e-15
5649.0713 2.5484594081128594e-15
5653.5845 2.5530564628035513e-15
5658.0977 2.5796815073034264e-15
5662.6104 2.606513873729564e-15
5667.1235 2.5858925615992887e-15
5671.6367 2.5989980040811555e-15
5676.1499 2.5499730420506046e-15
5680.6631 2.6079390774326124e-15
5685.1763 2.6555223312767637e-15
5689.6895 2.639939845660018e-15
5694.2021 2.7163801760132517e-15
5698.7153 2.785397279177025e-15
5703.2285 2.753879770691866e-15
5707.7417 2.7348148904719446e-15
5712.2549 2.6747994869344203e-15
5716.7681 2.5734475431620903e-15
5721.2813 2.529762956242622e-15
5725.7944 2.4629564105985904e-15
5730.3071 2.494831529511029e-15
5734.8203 2.5060488052970053e-15
5739.3335 2.4844469355308735e-15
5743.8467 2.4823190901702696e-15
5748.3599 2.4821636695684606e-15
5752.873 2.403955514234694e-15
5757.3862 2.416701111108685e-15
5761.8989 2.3968277570557537e-15
5766.4121 2.3139826390167473e-15
5770.9253 2.3733368810789864e-15
5775.4385 2.4337688616523582e-15
5779.9517 2.322874356369983e-15
5784.4648 2.2892424281136305e-15
5788.978 2.3362398649519997e-15
5793.4912 2.3810925727705964e-15
5798.0039 2.3952321809907707e-15
5802.5171 2.384933659158467e-15
5807.0303 2.376372227980557e-15
5811.5435 2.3803333380681175e-15
5816.0566 2.3937664133766068e-15
5820.5698 2.3144348149982763e-15
5825.083 2.3225010945336794e-15
5829.5957 2.41275431328165e-15
5834.1089 2.3140512934206038e-15
5838.6221 2.3079209919606996e-15
5843.1353 2.4003164552453083e-15
5847.6484 2.3767317754591884e-15
5852.1616 2.4021883041684242e-15
5856.6748 2.3186665884787394e-15
5861.1875 2.238778502878458e-15
5865.7007 2.3359757397778427e-15
5870.2139 2.343637049115305e-15
5874.7271 2.3496387604869203e-15
5879.2402 2.3742682031677965e-15
5883.7534 2.3064448820553573e-15
5888.2666 2.2094289936962274e-15
5892.7798 2.3129777080112694e-15
5897.2925 2.2664756590731126e-15
5901.8057 2.2508992275582634e-15
5906.3188 2.206612827857124e-15
5910.832 2.165067027652208e-15
5915.3452 2.243766324939696e-15
5919.8584 2.2062916157157934e-15
5924.3716 2.161579548365665e-15
5928.8843 2.180432906043269e-15
5933.3975 2.200465700489184e-15
5937.9106 2.2136435344659956e-15
5942.4238 2.2369320193417877e-15
5946.937 2.166111481045601e-15
5951.4502 2.1475723533646538e-15
5955.9634 2.1197116968179382e-15
5960.4766 2.169473179245593e-15
5964.9893 2.1734849777651265e-15
5969.5024 2.1690734298233517e-15
5974.0156 2.123847752792866e-15
5978.5288 2.140151372691088e-15
5983.042 2.137334164744734e-15
5987.5552 2.0326557451369567e-15
5992.0684 2.0755648060741143e-15
5996.5811 2.1113103169317917e-15
6001.0942 2.1134173725449615e-15
6005.6074 2.0381073012646797e-15
6010.1206 2.060421866353877e-15
6014.6338 2.1078388526500387e-15
6019.147 2.0947559439206865e-15
6023.6602 2.0864553282345573e-15
6028.1733 2.0916989104620814e-15
6032.686 1.9882781023192672e-15
6037.1992 1.958109254808721e-15
6041.7124 2.036103938533572e-15
6046.2256 1.9701927405035903e-15
6050.7388 1.9813054718209204e-15
6055.252 2.0443132931210624e-15
6059.7651 2.0028059414002102e-15
6064.2778 2.0233563691529406e-15
6068.791 1.980374141608176e-15
6073.3042 1.970571102155176e-15
6077.8174 2.012055414430903e-15
6082.3306 1.9784031655746755e-15
6086.8438 2.0088810583047306e-15
6091.3569 2.0252955064879688e-15
6095.8701 2.023937279293764e-15
6100.3828 1.9789865436120376e-15
6104.896 1.9275575658342742e-15
6109.4092 1.9846447518202265e-15
6113.9224 1.97419686391412e-15
6118.4355 1.9149194950157268e-15
6122.9487 1.9429722597688784e-15
6127.4619 1.955083812080214e-15
6131.9746 1.9042898885111623e-15
6136.4878 1.939929310169925e-15
6141.001 1.9758914074733546e-15
6145.5142 1.930700290740098e-15
6150.0273 1.9147282570313426e-15
6154.5405 1.9546747456458667e-15
6159.0537 1.9085609867909393e-15
6163.5664 1.9171078290655368e-15
6168.0796 1.9096194127311336e-15
6172.5928 1.899124564775624e-15
6177.106 1.898317459611925e-15
6181.6191 1.8814271512546695e-15
6186.1323 1.8725552086084256e-15
6190.6455 1.8451826002610716e-15
6195.1587 1.851899165761185e-15
6199.6714 1.877271316671231e-15
6204.1846 1.889117837437347e-15
6208.6978 1.8908981386531343e-15
6213.2109 1.834143505057286e-15
6217.7241 1.8473096858604537e-15
6222.2373 1.880826299992993e-15
6226.7505 1.865135650147824e-15
6231.2632 1.8047393544486264e-15
6235.7764 1.794632528256755e-15
6240.2896 1.8504659250601323e-15
6244.8027 1.841142902691829e-15
6249.3159 1.84996003374559e-15
6253.8291 1.825934375657053e-15
6258.3423 1.7310211704691049e-15
6262.8555 1.7931038052119535e-15
6267.3682 1.8151013657721252e-15
6271.8813 1.7728081734685134e-15
6276.3945 1.794956507166045e-15
6280.9077 1.822646744860905e-15
6285.4209 1.793727601025936e-15
6289.9341 1.7703917173341085e-15
6294.4473 1.7872222419907334e-15
6298.96 1.800847084139801e-15
6303.4731 1.70238043662064e-15
6307.9863 1.7252627096753402e-15
6312.4995 1.7738935961579895e-15
6317.0127 1.764916577299746e-15
6321.5259 1.721104535946322e-15
6326.0391 1.7178884099047487e-15
6330.5522 1.7560236303002356e-15
6335.0649 1.7462746893350587e-15
6339.5781 1.6964662605410373e-15
6344.0913 1.6938037815169814e-15
6348.6045 1.7599728338191083e-15
6353.1177 1.7144741026885321e-15
6357.6309 1.693875366996255e-15
6362.144 1.7763836626222088e-15
6366.6567 1.7582955494673118e-15
6371.1699 1.7544936656694392e-15
6375.6831 1.7505206816624216e-15
6380.1963 1.7236375070612115e-15
6384.7095 1.728142833064779e-15
6389.2227 1.6732900813318899e-15
6393.7358 1.7303327139609059e-15
6398.249 1.750326392664365e-15
6402.7617 1.7220399545477897e-15
6407.2749 1.7336018379072966e-15
6411.7881 1.69935259281976e-15
6416.3013 1.6955215560765166e-15
6420.8145 1.7116588702673169e-15
6425.3276 1.6597760025914377e-15
6429.8408 1.6890122507706268e-15
6434.3535 1.707809063698645e-15
6438.8667 1.7129526357298315e-15
6443.3799 1.6941328419552196e-15
6447.8931 1.6420511525598265e-15
6452.4063 1.6812879824422803e-15
6456.9194 1.707412860195699e-15
6461.4326 1.6653373747703652e-15
6465.9453 1.643060379405238e-15
6470.4585 1.7393069682586572e-15
6474.9717 1.71402687691516e-15
6479.4849 1.6292371098311482e-15
6483.998 1.70813252717314e-15
6488.5112 1.714460515061778e-15
6493.0244 1.6495000150808767e-15
6497.5376 1.6948003125143298e-15
6502.0503 1.6788462652037345e-15
6506.5635 1.6620345743707788e-15
6511.0767 1.7075748564185172e-15
6515.5898 1.7289142401308515e-15
6520.103 1.7367141400284968e-15
6524.6162 1.7525029206514558e-15
6529.1294 1.7505145630287355e-15
6533.6421 1.716247160853091e-15
6538.1553 1.7589669986522952e-15
6542.6685 1.817732811678591e-15
6547.1816 1.8451568061510435e-15
6551.6948 1.864038537486074e-15
6556.208 1.8865155684224984e-15
6560.7212 1.9627682920512857e-15
6565.2344 2.056665218563838e-15
6569.7471 2.138432099848809e-15
6574.2603 2.1296667794465225e-15
6578.7734 2.042306513971527e-15
6583.2866 2.0281925248725026e-15
6587.7998 1.9224880505680135e-15
6592.313 1.8711140162298273e-15
6596.8262 1.866321594022335e-15
6601.3389 1.8386673546517594e-15
6605.8521 1.7881390547262452e-15
6610.3652 1.74233794356638e-15
6614.8784 1.7280169274913322e-15
6619.3916 1.7284702885557235e-15
6623.9048 1.664249695587251e-15
6628.418 1.6459294362980931e-15
6632.9312 1.6592836096234534e-15
6637.4438 1.6515463259380752e-15
6641.957 1.629149122608631e-15
6646.4702 1.6286429151723821e-15
6650.9834 1.616936818274648e-15
6655.4966 1.5811789328621165e-15
6660.0098 1.6030477801817367e-15
6664.5229 1.625240523783401e-15
6669.0356 1.6065776553455706e-15
6673.5488 1.6362652645404853e-15
6678.062 1.6295658612375695e-15
6682.5752 1.5809611461727803e-15
6687.0884 1.611545727632652e-15
6691.6016 1.6074985907780017e-15
6696.1147 1.5184838423795844e-15
6700.6279 1.6120956391299417e-15
6705.1406 1.6011566576000374e-15
6709.6538 1.5990729541310853e-15
6714.167 1.546004216234999e-15
6718.6802 1.6057999180870192e-15
6723.1934 1.6338977464563252e-15
6727.7065 1.6088867634183005e-15
6732.2197 1.6005104224340739e-15
6736.7324 1.542805912740778e-15
6741.2456 1.5171396890130404e-15
6745.7588 1.5684786886930571e-15
6750.272 1.5832242223381245e-15
6754.7852 1.532586246106646e-15
6759.2983 1.490279190211688e-15
6763.8115 1.4813989277798606e-15
6768.3242 1.4519296299562395e-15
6772.8374 1.5102063816600706e-15
6777.3506 1.4845189134697017e-15
6781.8638 1.4081162255812753e-15
6786.377 1.439258949103133e-15
6790.8901 1.4481744524185913e-15
6795.4033 1.4535632900621598e-15
6799.9165 1.4680109461127619e-15
6804.4292 1.4451180993954977e-15
6808.9424 1.4422267840880495e-15
6813.4556 1.411834836018445e-15
6817.9688 1.3449006562455612e-15
6822.4819 1.3540321009613764e-15
6826.9951 1.413840580795777e-15
6831.5083 1.437697616490903e-15
6836.021 1.3597858024220624e-15
6840.5342 1.3374168768880539e-15
6845.0474 1.4259011508255675e-15
6849.5605 1.3784666913782559e-15
6854.0737 1.3323012369660415e-15
6858.5869 1.4061186345386354e-15
6863.1001 1.4198449886348601e-15
6867.6133 1.416208740461305e-15
6872.126 1.4237971508382003e-15
6876.6392 1.3780906785687264e-15
6881.1523 1.3967449087868357e-15
6885.6655 1.4489030223741731e-15
6890.1787 1.4494826321696692e-15
6894.6919 1.371596562541059e-15
6899.2051 1.3796086613025464e-15
6903.7178 1.4062310231949602e-15
6908.231 1.4123283432746063e-15
6912.7441 1.3901630070359496e-15
6917.2573 1.3691737310288279e-15
6921.7705 1.373886176501216e-15
6926.2837 1.3468250625144584e-15
6930.7969 1.3436192031864822e-15
6935.3101 1.3874567667313945e-15
6939.8228 1.3389423188101392e-15
6944.3359 1.2966112101162447e-15
6948.8491 1.316245798617117e-15
6953.3623 1.3126161925808696e-15
6957.8755 1.2918548812285952e-15
6962.3887 1.319571325769729e-15
6966.9019 1.3147504015971022e-15
6971.4146 1.314717756947793e-15
6975.9277 1.3134063998011099e-15
6980.4409 1.3318327369071336e-15
6984.9541 1.2437433836464075e-15
6989.4673 1.255710438159448e-15
6993.9805 1.3347481565171385e-15
6998.4937 1.2845419386211814e-15
7003.0068 1.2730503465601477e-15
7007.5195 1.2727784951712298e-15
7012.0327 1.2815711146764854e-15
7016.5459 1.2960873407154337e-15
7021.0591 1.2982360057009186e-15
7025.5723 1.2783664123448677e-15
7030.0854 1.263590043091925e-15
7034.5986 1.2741928202640219e-15
7039.1113 1.2902501717414209e-15
7043.6245 1.295656836506284e-15
7048.1377 1.2907771086188923e-15
7052.6509 1.2873786000532642e-15
7057.1641 1.2963491687822826e-15
7061.6772 1.3038345297536872e-15
7066.1904 1.2989369142537957e-15
7070.7031 1.2920954819057148e-15
7075.2163 1.2928678429072578e-15
7079.7295 1.2998539890396542e-15
7084.2427 1.3017389140334925e-15
7088.7559 1.2946721491685737e-15
7093.269 1.2894211215264746e-15
7097.7822 1.2900537505607565e-15
7102.2954 1.2890552779977767e-15
7106.8081 1.2815101061981817e-15
7111.3213 1.2687965800396928e-15
7115.8345 1.2549438595302692e-15
7120.3477 1.244637127203191e-15
7124.8608 1.237494297892614e-15
7129.374 1.234692000728599e-15
7133.8872 1.2385127260899222e-15
7138.3999 1.2362473334516217e-15
7142.9131 1.2245013070465346e-15
7147.4263 1.2194046056231108e-15
7151.9395 1.2195614618537241e-15
7156.4526 1.2164229599114289e-15
7160.9658 1.212922161295124e-15
7165.479 1.2102027291739288e-15
7169.9922 1.202965468125127e-15
7174.5049 1.195391877347094e-15
7179.0181 1.1979074612611873e-15
7183.5313 1.2018837247685997e-15
7188.0444 1.1921309332432335e-15
7192.5576 1.1730345368688125e-15
7197.0708 1.1672164942778954e-15
7201.584 1.1795092936822235e-15
7206.0967 1.18568565445167e-15
7210.6099 1.1806175286705425e-15
7215.123 1.174938514614289e-15
7219.6362 1.1692258827186206e-15
7224.1494 1.1627175305215121e-15
7228.6626 1.1602795226305812e-15
7233.1758 1.157267781476891e-15
7237.689 1.1461443754706154e-15
7242.2017 1.1393185601168212e-15
7246.7148 1.1417541753375866e-15
7251.228 1.133590609315643e-15
7255.7412 1.1101732255055274e-15
7260.2544 1.0987068141236203e-15
7264.7676 1.103906795444996e-15
7269.2808 1.0957098637062725e-15
7273.7935 1.0793279323468447e-15
7278.3066 1.0766217430256971e-15
7282.8198 1.074718620352794e-15
7287.333 1.068399420025714e-15
7291.8462 1.073887385877737e-15
7296.3594 1.0847772763612871e-15
7300.8726 1.0878883263538645e-15
7305.3853 1.082195840531973e-15
7309.8984 1.0743227299008648e-15
7314.4116 1.0698891694446852e-15
7318.9248 1.064607274750288e-15
7323.438 1.055027544130378e-15
7327.9512 1.0500909494096138e-15
7332.4644 1.0536199219011007e-15
7336.9775 1.0559683267721565e-15
7341.4902 1.0529041970983105e-15
7346.0034 1.0470266098893062e-15
7350.5166 1.0450509954364425e-15
7355.0298 1.052286146757819e-15
7359.543 1.0576646073499244e-15
7364.0562 1.050182615772729e-15
7368.5693 1.0359384864219314e-15
7373.082 1.0239278718218435e-15
7377.5952 1.017429518677917e-15
7382.1084 1.0182838316207675e-15
7386.6216 1.0138577880493973e-15
7391.1348 9.994973008177425e-16
7395.6479 9.96974441032895e-16
7400.1611 1.0062968478153848e-15
7404.6743 1.0070453617858075e-15
7409.187 1.0002897385954676e-15
7413.7002 9.936020496949061e-16
7418.2134 9.90738129028674e-16
7422.7266 9.94650990260502e-16
7427.2397 9.985427980457958e-16
7431.7529 9.944851957677425e-16
7436.2661 9.851592672028988e-16
7440.7788 9.765410467167113e-16
7445.292 9.706005775319606e-16
7449.8052 9.709525139920851e-16
7454.3184 9.75388546993144e-16
7458.8315 9.718802082160856e-16
7463.3447 9.602302299642307e-16
7467.8579 9.57590306465435e-16
7472.3711 9.656941298887871e-16
7476.8838 9.689627395154502e-16
7481.397 9.658794209001318e-16
7485.9102 9.644211932341498e-16
7490.4233 9.656722514775345e-16
7494.9365 9.63249457960845e-16
7499.4497 9.519712525187352e-16
7503.9629 9.438389787755391e-16
7508.4756 9.504598832222874e-16
7512.9888 9.6154568629943e-16
7517.502 9.604793751927963e-16
7522.0151 9.473583063002082e-16
7526.5283 9.397657171846032e-16
7531.0415 9.388692673649343e-16
7535.5547 9.399932748071017e-16
7540.0679 9.44718392325579e-16
7544.5806 9.465102130573701e-16
7549.0938 9.425578773618808e-16
7553.6069 9.388384503944738e-16
7558.1201 9.419529236346787e-16
7562.6333 9.52629188999144e-16
7567.1465 9.610368366999677e-16
7571.6597 9.611236380682089e-16
7576.1724 9.536297845888363e-16
7580.6855 9.434458345730444e-16
7585.1987 9.415512791427418e-16
7589.7119 9.446607823950037e-16
7594.2251 9.4590451523683e-16
7598.7383 9.482951063680145e-16
7603.2515 9.490224645146399e-16
7607.7642 9.456146649529191e-16
7612.2773 9.43428612606803e-16
7616.7905 9.487961317554008e-16
7621.3037 9.557345920287298e-16
7625.8169 9.490996406956344e-16
7630.3301 9.326237019811434e-16
7634.8433 9.182170786921616e-16
7639.3564 9.058475711227776e-16
7643.8691 8.996397395093226e-16
7648.3823 9.057031058743217e-16
7652.8955 9.172510076536033e-16
7657.4087 9.254593379655265e-16
7661.9219 9.278885853111394e-16
7666.4351 9.256125448982738e-16
7670.9482 9.21604078795387e-16
7675.4609 9.221849266667937e-16
7679.9741 9.28716906232359e-16
7684.4873 9.329182184494928e-16
7689.0005 9.261670010367135e-16
7693.5137 9.176227607096125e-16
7698.0269 9.191614226348878e-16
7702.54 9.244011915976078e-16
7707.0532 9.279494394248414e-16
7711.5659 9.256682842248497e-16
7716.0791 9.148051540117774e-16
7720.5923 9.060377609499574e-16
7725.1055 9.03501323809897e-16
7729.6187 8.982105064537598e-16
7734.1318 8.943639769655332e-16
7738.645 8.982169134439857e-16
7743.1577 9.025561083482189e-16
7747.6709 9.065626000061999e-16
7752.1841 9.110758334981362e-16
7756.6973 9.04950555142385e-16
7761.2104 8.865328825592262e-16
7765.7236 8.699194489706049e-16
7770.2368 8.618250260197686e-16
7774.75 8.601258804029844e-16
7779.2627 8.657562580520295e-16
7783.7759 8.781482945172668e-16
7788.2891 8.903329507820596e-16
7792.8022 8.936005931304918e-16
7797.3154 8.874939674325692e-16
7801.8286 8.801554301000308e-16
7806.3418 8.737540616634571e-16
7810.8545 8.690655236425264e-16
7815.3677 8.699896990929228e-16
7819.8809 8.760162127024554e-16
7824.394 8.812297970224302e-16
7828.9072 8.808005979794686e-16
7833.4204 8.812561868371757e-16
7837.9336 8.90125636237262e-16
7842.4468 9.006871050154948e-16
7846.9595 9.044221509349649e-16
7851.4727 8.993833998708524e-16
7855.9858 8.91601822453009e-16
7860.499 8.885206965175597e-16
7865.0122 8.85206861991691e-16
7869.5254 8.731307983971067e-16
7874.0386 8.546267386309204e-16
7878.5513 8.46508558532449e-16
7883.0645 8.527075294519703e-16
7887.5776 8.624958914044922e-16
7892.0908 8.68142050763704e-16
7896.604 8.673581811150986e-16
7901.1172 8.588947487675479e-16
7905.6304 8.420415890318388e-16
7910.1431 8.285878967873807e-16
7914.6563 8.270575203590711e-16
7919.1694 8.240122921273649e-16
7923.6826 8.099932588630698e-16
7928.1958 7.979236001779913e-16
7932.709 8.046250787424064e-16
7937.2222 8.177789231267935e-16
7941.7354 8.178600672063284e-16
7946.248 8.063797054732273e-16
7950.7612 7.949579064095721e-16
7955.2744 7.931288264858955e-16
7959.7876 7.935750342902563e-16
7964.3008 7.887199472817707e-16
7968.814 7.911827945894121e-16
7973.3271 8.008226060968157e-16
7977.8398 8.008736289829014e-16
7982.353 7.903400586038781e-16
7986.8662 7.761064843579421e-16
7991.3794 7.663961647582432e-16
7995.8926 7.698689304868958e-16
8000.4058 7.790296069790183e-16
8004.9189 7.78561994220942e-16
8009.4321 7.67094174843152e-16
8013.9448 7.505861712747294e-16
8018.458 7.335872404345475e-16
8022.9712 7.2757559536142e-16
8027.4844 7.3429780017520455e-16
8031.9976 7.431869893765249e-16
8036.5107 7.499774236816496e-16
8041.0239 7.504661233347415e-16
8045.5366 7.410900087274649e-16
8050.0498 7.299179568598486e-16
8054.563 7.277104127329244e-16
8059.0762 7.334986722298214e-16
8063.5894 7.37342986988516e-16
8068.1025 7.406146811587901e-16
8072.6157 7.475169121476114e-16
8077.1289 7.478911971949268e-16
8081.6416 7.390729791399192e-16
8086.1548 7.321705950208714e-16
8090.668 7.33288944718319e-16
8095.1812 7.340461855704833e-16
8099.6943 7.297125752610072e-16
8104.2075 7.233491036336495e-16
8108.7207 7.190553449164429e-16
8113.2334 7.211909043667861e-16
8117.7466 7.277299724005852e-16
8122.2598 7.346557073719269e-16
8126.7729 7.395170186347293e-16
8131.2861 7.396411305492942e-16
8135.7993 7.364463342392967e-16
8140.3125 7.318917602987038e-16
8144.8257 7.250351386906789e-16
8149.3384 7.194815085474359e-16
8153.8516 7.196375584945079e-16
8158.3647 7.22694124334468e-16
8162.8779 7.235216924701882e-16
8167.3911 7.201348205372765e-16
8171.9043 7.158179017573518e-16
8176.4175 7.163977741452171e-16
8180.9302 7.192670012326186e-16
8185.4434 7.19764707182843e-16
8189.9565 7.219233169487143e-16
8194.4697 7.30152499353397e-16
8198.9824 7.416481609786482e-16
8203.4961 7.464214705462694e-16
8208.0088 7.381993581376175e-16
8212.5225 7.241607004060198e-16
8217.0352 7.168860835850038e-16
8221.5488 7.156826943462072e-16
8226.0615 7.117753898273388e-16
8230.5742 7.067515526080488e-16
8235.0879 7.149160443796115e-16
8239.6006 7.377720777046926e-16
8244.1143 7.544537021465655e-16
8248.627 7.518390103108814e-16
8253.1406 7.427009258741477e-16
8257.6533 7.406925881720949e-16
8262.167 7.390831554395669e-16
8266.6797 7.298050966146954e-16
8271.1924 7.21072514438727e-16
8275.7061 7.239918923053484e-16
8280.2188 7.364490729851679e-16
8284.7324 7.438284933347545e-16
8289.2451 7.398604653762963e-16
8293.7588 7.368397881596542e-16
8298.2715 7.427208070360511e-16
8302.7842 7.437130272774768e-16
8307.2979 7.337748711315652e-16
8311.8105 7.2588326991685e-16
8316.3242 7.248264452009938e-16
8320.8369 7.278729182531204e-16
8325.3506 7.338495291910881e-16
8329.8633 7.371925499315696e-16
8334.376 7.352967510491197e-16
8338.8896 7.353412174111745e-16
8343.4023 7.441669635643457e-16
8347.916 7.581765242878293e-16
8352.4287 7.750410156388545e-16
8356.9424 8.0088336685757e-16
8361.4551 8.265830195945876e-16
8365.9678 8.331303480632792e-16
8370.4814 8.164699766920102e-16
8374.9941 7.903151196842056e-16
8379.5078 7.699517357917376e-16
8384.0205 7.577125400037074e-16
8388.5342 7.455639457588042e-16
8393.0469 7.260688176119303e-16
8397.5596 7.022705726086825e-16
8402.0732 6.897306782584008e-16
8406.5859 6.965803606670839e-16
8411.0996 7.116999196336879e-16
8415.6123 7.217022003145258e-16
8420.126 7.268368090637259e-16
8424.6387 7.380573368864064e-16
8429.1523 7.490991754713401e-16
8433.665 7.530824095009925e-16
8438.1777 7.516201802399859e-16
8442.6914 7.417814913434673e-16
8447.2041 7.312748009959751e-16
8451.7178 7.212003811285989e-16
8456.2305 7.045583827172888e-16
8460.7441 6.915222450176119e-16
8465.2568 6.8527545268986215e-16
8469.7695 6.744142098889244e-16
8474.2832 6.670219190336189e-16
8478.7959 6.7407965083165115e-16
8483.3096 6.844194898858535e-16
8487.8223 6.945428150599816e-16
8492.3359 7.115102990638768e-16
8496.8486 7.304935789686162e-16
8501.3613 7.3935889550984e-16
8505.875 7.384970934365353e-16
8510.3877 7.349672926846102e-16
8514.9014 7.315918813314738e-16
8519.4141 7.279301080704203e-16
8523.9277 7.166394491588967e-16
8528.4404 6.964103805024561e-16
8532.9531 6.78085049875212e-16
8537.4668 6.69700647630712e-16
8541.9795 6.759436988319131e-16
8546.4932 6.959867960880865e-16
8551.0059 7.13930825465283e-16
8555.5195 7.148981445111511e-16
8560.0322 7.09249870685276e-16
8564.5459 7.087136173346652e-16
8569.0586 7.017759754454835e-16
8573.5713 6.855141762547392e-16
8578.085 6.717635585654188e-16
8582.5977 6.660550934550418e-16
8587.1113 6.645142076642342e-16
8591.624 6.658520289890428e-16
8596.1377 6.767765963077456e-16
8600.6504 6.945903315315273e-16
8605.1631 7.027532557817061e-16
8609.6768 6.979970315665235e-16
8614.1895 6.955707325180489e-16
8618.7031 7.02163689060618e-16
8623.2158 7.066640836901539e-16
8627.7295 6.997063461162636e-16
8632.2422 6.854850437226579e-16
8636.7549 6.746062044749966e-16
8641.2686 6.805100760509971e-16
8645.7813 6.999691709730935e-16
8650.2949 7.120190217654737e-16
8654.8076 7.097248458207236e-16
8659.3213 7.051756290288627e-16
8663.834 7.025865497435983e-16
8668.3467 6.926526681614913e-16
8672.8604 6.760823731004154e-16
8677.373 6.674048150520824e-16
8681.8867 6.724925302386666e-16
8686.3994 6.818594218967535e-16
8690.9131 6.876226570552399e-16
8695.4258 6.936970766719854e-16
8699.9385 7.020218403922144e-16
8704.4521 7.105760816253702e-16
8708.9648 7.210035365533498e-16
8713.4785 7.270023416530691e-16
8717.9912 7.204355942773637e-16
8722.5049 7.021455526996864e-16
8727.0176 6.857319986824538e-16
8731.5313 6.763830661256623e-16
8736.0439 6.710938284313587e-16
8740.5566 6.7072302774678895e-16
8745.0703 6.738648877575116e-16
8749.583 6.8017506468559795e-16
8754.0967 6.935328409335739e-16
8758.6094 7.112928915731194e-16
8763.123 7.224056763155333e-16
8767.6357 7.254509448469382e-16
8772.1484 7.294705877030581e-16
8776.6621 7.348506465838069e-16
