4020.0 2.259861923277064
4029.2 -2.0152711585573413
4038.4 -1.3293750827820265
4047.6 4.240745138388109
4056.8 2.9537260773507064
4066.0 -1.3479153253231746
4075.2 3.7634200593415112
4084.4 -0.7675088215948654
4093.6 1.4906343900728758
4102.8 1.3771824036092675
4112.0 -1.4046750828771764
4121.2 1.0900116802708868
4130.4 1.310158588889277
4139.6 2.426396113390615
4148.8 1.0837610811657479
4158.0 1.8317496922919458
4167.2 -1.3336048299205374
4176.4 1.8306780015699557
4185.6 1.1518276011584823
4194.8 0.06468273813600674
4204.0 0.0690562838960413
4213.2 0.3175294471661289
4222.4 0.08507934939992491
4231.6 -0.6198393434278636
4240.8 0.11230003642890767
4250.0 -0.5248856277422744
4259.2 2.210413208964917
4268.4 1.273055396785083
4277.6 0.728926983266206
4286.8 2.1028305215807475
4296.0 1.3907347737971028
4305.2 3.054793195420512
4314.4 0.7514862519977218
4323.6 1.8826189870157206
4332.8 1.4761113233141845
4342.0 1.300308616248291
4351.2 1.2276470112407212
4360.4 1.22193173847438
4369.6 0.7829950937307931
4378.8 1.680355034915053
4388.0 0.24520594464498036
4397.2 0.14549225127357188
4406.4 1.1120848838877775
4415.6 0.7386175069556262
4424.8 1.1941831723926524
4434.0 1.5269911813562351
4443.2 0.8389097717613722
4452.4 1.4365258419147677
4461.6 1.8499275088885192
4470.8 0.9085198458726241
4480.0 0.6083199946321461
4489.2 1.2414953250403964
4498.4 1.525349361653469
4507.6 0.7663879936941553
4516.8 1.0594128033599544
4526.0 1.1981306687625504
4535.2 1.570147207500354
4544.4 1.0254280337940727
4553.6 1.5893951624729965
4562.8 1.3852460180751232
4572.0 2.311172981243277
4581.2 2.675549310228735
4590.4 2.0185410247951805
4599.6 1.9248486190650078
4608.8 2.3410198140980114
4618.0 2.4510202258626737
4627.2 2.3010565940598657
4636.4 1.887448408125294
4645.6 1.3146791032946004
4654.8 1.4800560363261435
4664.0 1.486225841402278
4673.2 1.5919696987128085
4682.4 0.7126124024997543
4691.6 1.0238560534400611
4700.8 0.3995315287717573
4710.0 0.1859196203905477
4719.2 0.6918795068399212
4728.4 0.7951851729791676
4737.6 1.0200409074147092
4746.8 1.1039222893957963
4756.0 0.6673517435407793
4765.2 1.0435981954581668
4774.4 1.354885191559183
4783.6 1.571314226828599
4792.8 1.820518597839685
4802.0 1.9940974093535444
4811.2 2.173290145234644
4820.4 1.553542815183335
4829.6 2.214592925347481
4838.8 2.106477576878323
4848.0 1.561150525841108
4857.2 1.359580560893154
4866.4 1.4893582390968292
4875.6 1.5369069175368415
4884.8 1.864438724887548
4894.0 1.6767229611645955
4903.2 1.8548481611837104
4912.4 2.0820311433326357
4921.6 1.5247249953080844
4930.8 1.569785136515042
4940.0 1.7781338689839061
4949.2 1.4463154072188111
4958.4 1.6382245858599893
4967.6 1.8318132474027968
4976.8 2.312772632055487
4986.0 2.145038183624987
4995.2 2.1482585938056555
5004.4 2.7274818364951687
5013.6 2.7149397130669866
5022.8 2.421271645223642
5032.0 2.3308639106937363
5041.2 2.6524078075286224
5050.4 2.6030851404262165
5059.6 2.3313545071999813
5068.8 2.2759494107202753
5078.0 2.3852255047650983
5087.2 1.97579729425555
5096.4 2.0214272168996876
5105.6 1.9726650701386592
5114.8 1.5974197722388108
5124.0 1.684233061171238
5133.2 1.548386455747722
5142.4 1.9725242034627326
5151.6 2.003512330617343
5160.8 1.970538044712935
5170.0 1.9573224640928493
5179.2 2.0184577414825142
5188.4 2.1364499085065316
5197.6 2.1322570159327734
5206.8 2.0511064219839685
5216.0 2.080172303490192
5225.2 2.4057936504368436
5234.4 2.0704493288365087
5243.6 1.8427947095178814
5252.8 2.194040770736112
5262.0 2.1263812539946483
5271.2 2.1733399319316313
5280.4 2.337252395730119
5289.6 2.4069786122965686
5298.8 2.230490212194249
5308.0 2.178278243209433
5317.2 2.5323389978934983
5326.4 2.402606357357287
5335.6 2.4546865036806165
5344.8 2.753890120624279
5354.0 2.556072471007844
5363.2 3.0522368354222458
5372.4 2.5975362414476963
5381.6 2.759521180428577
5390.8 2.8772361802588944
5400.0 2.9541384077652006
5409.2 2.671926812723587
5418.4 2.8801082420684816
5427.6 2.753570982574831
5436.8 2.7858506515022334
5446.0 2.6219158798359232
5455.2 2.468588392699533
5464.4 2.478743575501737
5473.6 2.468049074030625
5482.8 2.739676564204458
5492.0 2.4951299039590786
5501.2 2.5320268904831496
5510.4 2.5713929106442817
5519.6 2.6689751856143764
5528.8 2.8907207912646187
5538.0 2.817953350934495
5547.2 3.053988378657145
5556.4 3.00451978994205
5565.6 2.351700919765152
5574.8 3.639597325469911
5584.0 2.823194953305109
5593.2 2.6759591891513383
5602.4 2.41686693329917
5611.6 2.5713274294648967
5620.8 2.414236908457683
5630.0 2.491304064718447
5639.2 2.40176888393248
5648.4 2.3692837601851986
5657.6 2.3876996147797502
5666.8 2.3490294608423268
5676.0 2.48325590882047
5685.2 2.241368418663966
5694.4 2.0937992772232246
5703.6 1.667386363435919
5712.8 1.8653605544764629
5722.0 1.8885303417836046
5731.2 1.3715463737145146
5740.4 1.4743404467139147
5749.6 1.2763771117198919
5758.8 1.1266739530800822
5768.0 1.0756840990003618
5777.2 1.1559709332787973
5786.4 1.1569665843496366
5795.6 1.2202980459701955
5804.8 1.3349179756814438
5814.0 1.6252795622379619
5823.2 1.936420413278575
5832.4 1.9995731527249403
5841.6 2.4314080735060997
5850.8 2.6697180537085083
5860.0 2.62918372982203
5869.2 2.72450130709225
5878.4 3.164320606335959
5887.6 3.001717239737392
5896.8 3.1917636691588336
5906.0 3.0285202762584094
5915.2 3.26259848871667
5924.4 3.3407529675439416
5933.6 3.3158376582010685
5942.8 3.068490853296932
5952.0 3.3000010908437387
5961.2 3.342867721919241
5970.4 3.1993278439669295
5979.6 2.8348810904261654
5988.8 2.9649467250413086
5998.0 3.1288479909656393
6007.2 2.9500953258115667
6016.4 2.9753666806142545
6025.6 2.7876512637276325
6034.8 2.6011321448868623
6044.0 2.60109188592572
6053.2 2.7545327761219727
6062.4 2.5895069288840755
6071.6 2.598707641187822
6080.8 2.431631440268961
6090.0 2.421905638345411
6099.2 2.4897304793931845
6108.4 2.4651541698902695
6117.6 2.4538900737959675
6126.8 2.440153334443819
6136.0 2.3590526209831615
6145.2 2.3829810573545624
6154.4 2.213632275122124
6163.6 2.3225993403241545
6172.8 2.1304813764724484
6182.0 2.21015264317882
6191.2 2.1898912976172173
6200.4 2.228034685847195
6209.6 2.0704944641912033
6218.8 1.8767079729777272
6228.0 1.976219224853719
6237.2 1.759627212122787
6246.4 1.6542502014879341
6255.6 1.4746022762550535
6264.8 1.266605142833733
6274.0 1.0743403687965651
6283.2 0.8464187772816814
6292.4 0.7311758047160678
6301.6 0.6426240453189416
6310.8 0.6304727165054617
6320.0 0.5396705042285934
6329.2 0.6023409735302286
6338.4 0.5508510109867875
6347.6 0.6480150679616793
6356.8 0.7349541971122185
6366.0 0.7399368987033129
6375.2 0.7701176666917394
6384.4 0.7692649659873122
6393.6 1.0516591441724141
6402.8 1.2083316678522666
6412.0 1.4527020123495418
6421.2 1.5675742844495963
6430.4 1.6130344194804214
6439.6 1.9728822473441734
6448.8 2.1916649273636515
6458.0 2.368162319236759
6467.2 2.8099067739690544
6476.4 2.5868554746968466
6485.6 2.7373456234820472
6494.8 2.868310662213884
6504.0 2.845191408777111
6513.2 2.537787261735624
6522.4 2.2888069474679633
6531.6 2.292083204277055
6540.8 2.2852831607096404
6550.0 2.326266016391236
6559.2 2.0267617380353604
6568.4 2.189503287632559
6577.6 2.0064176515487206
6586.8 2.1776903598250343
6596.0 2.13490466063244
6605.2 2.3977184027739344
6614.4 2.660596717180842
6623.6 2.7981914043231924
6632.8 2.9430584435942575
6642.0 2.806845269545869
6651.2 3.086295468362699
6660.4 3.266933213500701
6669.6 3.2458842502042264
6678.8 3.305396963276145
6688.0 3.443730271703357
6697.2 3.359666678042634
6706.4 3.2891898788924974
6715.6 3.1171803633254656
6724.8 3.2540438558789533
6734.0 3.1608244725934926
6743.2 3.086864041036425
6752.4 2.955881433758458
6761.6 3.131989450881756
6770.8 3.0880504030007687
6780.0 2.9868094878093623
6789.2 2.907078546804959
6798.4 2.8426449699815244
6807.6 2.6427890099263287
6816.8 2.580477210769817
6826.0 2.6096358155554618
6835.2 2.5531217464134333
6844.4 2.56772747631684
6853.6 2.6131944921319064
6862.8 2.379407717941173
6872.0 2.3337524262594793
6881.2 2.2256303503860444
6890.4 2.1300080903981353
6899.6 1.5817577429842893
6908.8 1.5938352225105943
6918.0 1.6198798538827688
6927.2 1.5210669125514205
6936.4 1.3336655874887673
6945.6 1.4505918614418942
6954.8 1.3994743253697184
6964.0 1.4926674351398515
6973.2 1.8029243711113527
6982.4 1.7666655143839018
6991.6 2.0305965445228065
7000.8 2.0785655185103717
7010.0 2.3008098255610014
7019.2 2.410331514996527
7028.4 2.5367179362860885
7037.6 2.6291203682588233
7046.8 2.6788255817962097
7056.0 2.5979746835084634
7065.2 2.521369887529368
7074.4 2.4622810718399526
7083.6 2.5845124613086186
7092.8 2.5261255646377347
7102.0 2.57724056152909
7111.2 2.545162196238626
7120.4 2.4770015156230762
7129.6 2.4371467395130684
7138.8 2.275110736710574
7148.0 2.3587033079765973
7157.2 2.071246671587454
7166.4 1.9089437911809597
7175.6 1.9047951268931531
7184.8 1.8758761360664482
7194.0 1.748550905828237
7203.2 1.7964435573115247
7212.4 1.9509140563506078
7221.6 2.0750281596067683
7230.8 1.9194842075739817
7240.0 1.908356060976156
7249.2 2.0297678246407553
7258.4 2.053653267119695
7267.6 2.0770658452088986
7276.8 1.9466408518460483
7286.0 2.1490519704748516
7295.2 2.0702121083128833
7304.4 2.037569750471683
7313.6 2.0292246189638528
7322.8 2.175614859984938
7332.0 2.1495659569206684
7341.2 2.257169512792047
7350.4 1.9887763272866865
7359.6 2.18040755448711
7368.8 2.0499373638703706
7378.0 2.230994714193102
7387.2 2.065704762150526
7396.4 2.0583693776604544
7405.6 2.1274455665060277
7414.8 2.1234946551271494
7424.0 2.0278326807665437
7433.2 2.0094420530340384
7442.4 1.8366561107044408
7451.6 1.9416466991909258
7460.8 2.030245713971709
7470.0 1.8988102825309487
7479.2 1.8693774709115096
7488.4 2.011591865681862
7497.6 1.939958277056463
7506.8 1.8360746560382726
7516.0 2.207315046648475
7525.2 2.0112462770805033
7534.4 1.8424274184576812
7543.6 1.8207375136520425
7552.8 1.8098207321497943
7562.0 1.7714476147446807
7571.2 1.880893336037507
7580.4 1.795421645095357
7589.6 2.042004807230555
7598.8 1.6672904616228066
7608.0 1.2440891461967882
7617.2 1.3139744647723925
7626.4 1.2090874588979055
7635.6 1.4518038469870196
7644.8 1.2094816197340086
7654.0 1.1513746424186826
7663.2 1.3163823007611386
7672.4 1.5455341331512529
7681.6 1.3017907840871112
7690.8 1.5364396252404593
7700.0 1.4534774201446305
7709.2 1.4716988524518795
7718.4 1.5713118171955485
7727.6 1.2495658901533686
7736.8 1.2036768325782863
7746.0 1.6283626814580647
7755.2 1.4736979691712428
7764.4 1.3760139483119227
7773.6 0.28444735118080255
7782.8 1.5641693802582457
7792.0 1.4133364513753235
7801.2 1.1954498749894662
7810.4 1.836061712665297
7819.6 1.604631228748903
7828.8 1.352005761803765
7838.0 1.565063239868249
7847.2 1.609210208696967
7856.4 1.3888164302865353
7865.6 1.4897040063020663
7874.8 1.5446781222218344
7884.0 1.423258455400859
7893.2 1.452592632174505
7902.4 1.483267141468156
7911.6 1.1671394230082452
7920.8 1.0339364808066303
7930.0 1.1324653764609818
7939.2 1.2507903513171124
7948.4 1.2126561573015215
7957.6 1.4669363110023412
7966.8 1.4174405757797424
7976.0 1.089094423276041
7985.2 1.2133283902528609
7994.4 1.5176712498138278
