4800.000000000003 1.7457620495109894e-16
4803.515625000003 1.3563868923830905e-16
4807.031250000003 9.433340236619365e-17
4810.546875000003 1.5077921176377724e-16
4814.062500000003 -1.1419444246990784e-16
4817.578125000003 -2.6548612550661195e-16
4821.093750000003 -2.5610789419251144e-16
4824.609375000003 -1.1380216961570626e-16
4828.125000000003 5.510701574107615e-17
4831.640625000003 5.4019730004671955e-17
4835.156250000003 -5.685999616416619e-17
4838.671875000003 2.250554389427513e-17
4842.187500000003 3.6914039344367466e-16
4845.703125000003 2.40863592281765e-16
4849.218750000003 4.95790244658406e-17
4852.734375000003 -3.66854101771172e-17
4856.250000000003 9.350626779975221e-17
4859.765625000003 1.0199502479461836e-16
4863.281250000003 -1.567209718122751e-16
4866.796875000003 -8.686095636563925e-17
4870.312500000003 2.965738230859677e-16
4873.828125000003 2.6150468646095975e-16
4877.343750000003 -1.4295714398497535e-17
4880.859375000003 2.686589684055228e-17
4884.375000000003 1.2843996177699974e-16
4887.890625000003 8.846041464916906e-17
4891.406250000003 -1.1044641804351974e-17
4894.921875000003 8.267828390594153e-18
4898.437500000003 1.1734173542432481e-16
4901.953125000003 1.567349376733099e-16
4905.468750000003 1.7597506939909524e-16
4908.984375000003 3.55354477058654e-16
4912.500000000003 4.299385526316594e-16
4916.015625000003 2.2053943196555335e-16
4919.531250000003 7.218713704207618e-17
4923.046875000003 4.6740503215324806e-18
4926.562500000003 3.0650448008610533e-17
4930.078125000003 9.73491375353798e-17
4933.593750000003 1.547258202426455e-16
4937.109375000003 3.377451932687952e-16
4940.625000000003 1.5627831554313217e-16
4944.140625000003 -4.0149836040674725e-17
4947.656250000003 -6.167113249995979e-17
4951.171875000003 -2.5267120440093456e-17
4954.687500000003 6.473884948113016e-17
4958.203125000003 2.1530265832412105e-16
4961.718750000003 1.1885577719205098e-16
4965.234375000003 1.2625808608652949e-16
4968.750000000003 1.7091925405181622e-16
4972.265625000003 4.760077874930755e-17
4975.781250000003 5.4554516161464323e-17
4979.296875000003 2.1859927670478171e-16
4982.812500000003 2.3030941677454433e-16
4986.328125000003 1.4360496351619267e-16
4989.843750000003 -8.03961078209199e-18
4993.359375000003 -1.5374713336594545e-17
4996.875000000003 1.4402846516667667e-16
5000.390625000003 1.0038958016480505e-17
5003.906250000003 -6.858263228887313e-18
5007.421875000003 6.503178006825734e-17
5010.937500000003 -3.87241834929273e-18
5014.453125000003 -9.671282730724775e-17
5017.968750000003 1.044150895116451e-16
5021.484375000003 1.2460960535027422e-16
5025.000000000003 9.197534494172881e-17
5028.515625000003 9.426031178490997e-17
5032.031250000003 -3.8758709272017424e-17
5035.546875000003 -8.202726692257775e-17
5039.062500000003 -7.232996014180085e-17
5042.578125000003 1.0005154043569579e-16
5046.093750000003 1.8899348712443186e-16
5049.609375000003 2.2054708897546462e-16
5053.125000000003 2.404535430948757e-16
5056.640625000003 1.281381024284624e-16
5060.156250000003 9.43234749119058e-17
5063.671875000003 1.1896231837369618e-16
5067.187500000003 7.832824524177793e-17
5070.703125000003 6.968674266003105e-17
5074.218750000003 2.8317559787676355e-17
5077.734375000003 -5.311392875633382e-17
5081.250000000003 -2.8785752806086526e-17
5084.765625000003 1.4369388658089354e-16
5088.281250000003 2.299716240768282e-16
5091.796875000003 5.651209277573377e-17
5095.312500000003 -2.3680339925088712e-17
5098.828125000003 1.6995297237436595e-16
5102.343750000003 2.174676789794282e-16
5105.859375000003 1.6901946234134494e-16
5109.375000000003 1.2076378141985169e-16
5112.890625000003 1.8394758820121745e-16
5116.406250000003 6.235118310784681e-17
5119.921875000003 -5.504617611888402e-17
5123.437500000003 1.1143433280722457e-16
5126.953125000003 9.563066033440519e-17
5130.468750000003 2.1328866925156174e-17
5133.984375000003 -1.1017016386368759e-17
5137.500000000003 -1.1028555285721461e-16
5141.015625000003 -5.263688108539878e-18
5144.531250000003 1.0259371370545962e-16
5148.046875000003 1.330473115902361e-16
5151.562500000003 1.9464088539748633e-16
5155.078125000003 9.952139442806735e-17
5158.593750000003 8.827948531723365e-17
5162.109375000003 4.216491489135227e-17
5165.625000000003 5.79989194585409e-17
5169.140625000003 1.4231622665612155e-16
5172.656250000003 1.7097658096301595e-16
5176.171875000003 9.76743322545322e-17
5179.687500000003 2.3409899024230534e-17
5183.203125000003 -7.706535029424985e-17
5186.718750000003 -2.1957479355522856e-17
5190.234375000003 -1.8384747118535784e-17
5193.750000000003 -1.493073356142235e-18
5197.265625000003 1.217768370921837e-16
5200.781250000003 9.645912755008477e-17
5204.296875000003 -1.0430217607524623e-17
5207.812500000003 -9.428467584053276e-18
5211.328125000003 4.021392453421256e-17
5214.843750000003 8.543046913909373e-17
5218.359375000003 1.3218605842795421e-17
5221.875000000003 -4.650618959800703e-17
5225.390625000003 1.2305081295884612e-16
5228.906250000003 2.5627841880612478e-16
5232.421875000003 7.521229027300827e-17
5235.937500000003 -3.645109685153357e-17
5239.453125000003 -1.1211640799772936e-17
5242.968750000003 3.311519051394027e-18
5246.484375000003 2.1429217359768234e-17
5250.000000000003 9.254984952932858e-18
5253.515625000003 1.1501734406785528e-16
5257.031250000003 1.4650311454549512e-16
5260.546875000003 8.308906928212578e-17
5264.062500000003 5.1001954056396185e-17
5267.578125000003 -4.11574382307424e-17
5271.093750000003 -1.4730214529170058e-16
5274.609375000003 -2.8378829721500942e-18
5278.125000000003 1.8948682252130684e-16
5281.640625000003 1.2580601526815068e-16
5285.156250000003 4.2555572154210684e-17
5288.671875000003 4.1041226006413285e-17
5292.187500000003 4.487581099314778e-17
5295.703125000003 1.9837149465017742e-17
5299.218750000003 6.252842880813262e-17
5302.734375000003 7.379447709730011e-17
5306.250000000003 -2.163272156983945e-17
5309.765625000003 -8.433606675077025e-17
5313.281250000003 -1.0314948894542582e-16
5316.796875000003 5.501824176289354e-17
5320.312500000003 2.2869794724406525e-16
5323.828125000003 2.200561843303483e-16
5327.343750000003 1.1334957137586622e-16
5330.859375000003 1.901032015461729e-17
5334.375000000003 4.37409474500953e-18
5337.890625000003 -8.71478534966323e-17
5341.406250000003 -7.781456865180705e-17
5344.921875000003 7.656824217390604e-17
5348.437500000003 7.189378802599032e-17
5351.953125000003 6.29832309002565e-17
5355.468750000003 1.1488225119876183e-16
5358.984375000003 9.637398264285811e-17
5362.500000000003 2.105934965680936e-18
5366.015625000003 -9.479272366813354e-17
5369.531250000003 -7.667273092884153e-17
5373.046875000003 -3.2948186395323485e-17
5376.562500000003 -8.728407565380319e-17
5380.078125000003 -1.0878669430383395e-16
5383.593750000003 -4.462567517423389e-17
5387.109375000003 -2.2979860244730513e-17
5390.625000000003 -1.977415696307474e-17
5394.140625000003 3.93909396040439e-17
5397.656250000003 7.314777434331385e-17
5401.171875000003 4.349048473398259e-17
5404.687500000003 4.7762394022660644e-17
5408.203125000003 5.940265795211198e-17
5411.718750000003 -6.734954754742524e-17
5415.234375000003 -7.25514433265434e-17
5418.750000000003 1.135639566509922e-16
5422.265625000003 1.8232907888287784e-16
5425.781250000003 7.815386814087876e-17
5429.296875000003 -1.4302264939546173e-17
5432.812500000003 1.0433631827194261e-16
5436.328125000003 1.6723553318897467e-16
5439.843750000003 1.8173178162992805e-16
5443.359375000003 1.3957142607382765e-16
5446.875000000003 -5.679896684726246e-17
5450.390625000003 -1.1534545843769171e-16
5453.906250000003 -1.0496754233802344e-16
5457.421875000003 -5.721912841227803e-17
5460.937500000003 3.5919031773656175e-17
5464.453125000003 6.783186469237019e-17
5467.968750000003 4.928898632118803e-17
5471.484375000003 8.75594395133466e-17
5475.000000000003 1.614412260813938e-16
5478.515625000003 3.9514821354566485e-17
5482.031250000003 3.128040521440329e-17
5485.546875000003 1.0996216665288588e-16
5489.062500000003 1.1465466982012618e-16
5492.578125000003 1.3316699945498128e-16
5496.093750000003 8.814742980557206e-17
5499.609375000003 7.019185634932279e-17
5503.125000000003 1.1398514447267211e-16
5506.640625000003 3.9640406666901663e-17
5510.156250000003 -2.688812702975278e-18
5513.671875000003 1.2422423677448344e-16
5517.187500000003 1.0463212531162402e-16
5520.703125000003 2.7970879108790806e-18
5524.218750000003 -2.5374792960766083e-17
5527.734375000003 3.964799344074916e-18
5531.250000000003 -1.9588251410865238e-18
5534.765625000003 -6.7720665215857594e-18
5538.281250000003 6.30237598297796e-17
5541.796875000003 7.534075409668353e-17
5545.312500000003 3.203824392862276e-17
5548.828125000003 -2.2658625244820457e-18
5552.343750000003 7.822523570470519e-17
5555.859375000003 1.8934495831592463e-16
5559.375000000003 1.9116347430421396e-16
5562.890625000003 1.232774680619219e-16
5566.406250000003 1.4518090118239108e-16
5569.921875000003 1.6764954407413546e-16
5573.437500000003 1.1416423371345554e-16
5576.953125000003 1.5242579065372076e-17
5580.468750000003 -9.046847149785181e-17
5583.984375000003 -3.664248308027565e-17
5587.500000000003 6.622001154229962e-17
5591.015625000003 -7.93805415375875e-18
5594.531250000003 5.180619702020806e-18
5598.046875000003 1.1341516157653552e-16
5601.562500000003 8.867868178566965e-17
5605.078125000003 1.0024636242591158e-16
5608.593750000003 1.5663232290265464e-16
5612.109375000003 4.589747950699381e-17
5615.625000000003 7.460720295527618e-18
5619.140625000003 7.845098170236451e-17
5622.656250000003 3.067195986936696e-17
5626.171875000003 2.9431592301737393e-18
5629.687500000003 1.2889938144281387e-16
5633.203125000003 2.2167710753794735e-16
5636.718750000003 1.9425834931741937e-16
5640.234375000003 1.888440038485846e-16
5643.750000000003 9.859467762379058e-17
5647.265625000003 4.3606044336434635e-17
5650.781250000003 7.067031708347513e-17
5654.296875000003 1.3464214650707637e-17
5657.812500000003 5.951359565019789e-17
5661.328125000003 4.306529094410733e-17
5664.843750000003 -3.114337448819452e-17
5668.359375000003 3.873624703788184e-17
5671.875000000003 2.304834917059091e-17
5675.390625000003 3.469188943392535e-17
5678.906250000003 2.3046189006365775e-17
5682.421875000003 -4.3634477874004004e-17
5685.937500000003 5.326671530137307e-17
5689.453125000003 1.3562104231963263e-16
5692.968750000003 1.0001615737370091e-16
5696.484375000003 8.731476183011221e-17
5700.000000000003 8.044034517292494e-17
5703.515625000003 1.2510253954601714e-16
5707.031250000003 8.478265268617364e-17
5710.546875000003 5.994710642849124e-17
5714.062500000003 1.2599780451271155e-16
5717.578125000003 1.4231328461807034e-16
5721.093750000003 -9.437965346131506e-18
5724.609375000003 -6.218355030946217e-17
5728.125000000003 5.033636868608445e-17
5731.640625000003 7.832354187984686e-17
5735.156250000003 2.4843790373904833e-17
5738.671875000003 -3.870220031363581e-19
5742.187500000003 5.559198019120881e-17
5745.703125000003 3.5116554490903366e-17
5749.218750000003 -9.421758569746382e-18
5752.734375000003 3.276782218392857e-17
5756.250000000003 1.4253314287577472e-18
5759.765625000003 -3.438742042660926e-17
5763.281250000003 6.830650571965507e-17
5766.796875000003 1.269834559942615e-16
5770.312500000003 6.102922054367153e-17
5773.828125000003 9.148696295867513e-17
5777.343750000003 1.483937093320626e-16
5780.859375000003 1.1465802119723887e-16
5784.375000000003 2.5648944096249143e-17
5787.890625000003 2.934123308309428e-17
5791.406250000003 3.4762278085864505e-17
5794.921875000003 4.3545067160376485e-17
5798.437500000003 9.220371801075367e-17
5801.953125000003 2.5485020752823033e-17
5805.468750000003 8.592096919753504e-17
5808.984375000003 5.272492735418552e-17
5812.500000000003 -2.178838522578262e-17
5816.015625000003 4.3879036072818203e-17
5819.531250000003 -1.6562276592466722e-17
5823.046875000003 -9.85437408759004e-17
5826.562500000003 -1.0120673567518941e-16
5830.078125000003 -3.00266575776163e-17
5833.593750000003 9.741294425340212e-17
5837.109375000003 5.047290967465503e-17
5840.625000000003 -6.633322669928507e-17
5844.140625000003 7.023422284455545e-17
5847.656250000003 2.226071658552026e-16
5851.171875000003 7.509611668495523e-17
5854.687500000003 -5.922674073312074e-17
5858.203125000003 4.748498264972404e-17
5861.718750000003 1.4160475897953245e-16
5865.234375000003 1.0416451864696743e-16
5868.750000000003 1.2966203161245817e-17
5872.265625000003 5.895640461866253e-17
5875.781250000003 8.906525910725827e-17
5879.296875000003 3.160304172808764e-17
5882.812500000003 1.3507720442685169e-17
5886.328125000003 1.1225440902705953e-16
5889.843750000003 1.9072752071792917e-16
5893.359375000003 6.970676550528026e-17
5896.875000000003 -5.581434989409665e-17
5900.390625000003 -5.58507664559894e-17
5903.906250000003 5.011308679834469e-17
5907.421875000003 8.286744562443666e-17
5910.937500000003 -2.9306956345714594e-18
5914.453125000003 2.2240908772223218e-17
5917.968750000003 7.11469633506527e-17
5921.484375000003 1.0321317917815656e-16
5925.000000000003 8.984359440833034e-17
5928.515625000003 7.017980705981559e-17
5932.031250000003 5.834748716295701e-17
5935.546875000003 7.303905334103316e-17
5939.062500000003 5.636576837150694e-17
5942.578125000003 1.5294683793305094e-16
5946.093750000003 6.738292126011322e-17
5949.609375000003 2.6047884318002332e-17
5953.125000000003 1.4175782331785098e-16
5956.640625000003 1.114646906093247e-16
5960.156250000003 6.218066469484164e-17
5963.671875000003 4.973739307798372e-17
5967.187500000003 -2.5358037916330735e-17
5970.703125000003 -4.057819489653043e-18
5974.218750000003 1.0187188777002408e-16
5977.734375000003 1.0094080098132868e-16
5981.250000000003 1.0698294182150774e-17
5984.765625000003 4.1551863618382196e-17
5988.281250000003 1.14575498025724e-16
5991.796875000003 1.870082210734017e-16
5995.312500000003 1.3934869313952419e-16
5998.828125000003 5.674573526685454e-17
6002.343750000003 1.3754237031544845e-16
6005.859375000003 1.5340259852431408e-16
6009.375000000003 1.316248532016412e-16
6012.890625000003 1.325348403698034e-16
6016.406250000003 8.595408626728558e-17
6019.921875000003 1.1437034246458282e-16
6023.437500000003 1.0347574284980332e-16
6026.953125000003 7.491798047121032e-17
6030.468750000003 3.3813581043547635e-17
6033.984375000003 1.2376313391200327e-17
6037.500000000003 3.8407574913946847e-17
6041.015625000003 -4.0135067833006296e-17
6044.531250000003 9.145200230171274e-18
6048.046875000003 2.9761743894388727e-17
6051.562500000003 -1.2196945485888222e-17
6055.078125000003 1.2268429929203036e-16
6058.593750000003 1.612698986896971e-16
6062.109375000003 2.4418382577612742e-17
6065.625000000003 1.8530006554280474e-17
6069.140625000003 8.00728523454522e-17
6072.656250000003 7.566395284761323e-17
6076.171875000003 8.756088619405703e-17
6079.687500000003 2.235067365384357e-17
6083.203125000003 3.524813243075812e-17
6086.718750000003 1.0851990719055338e-16
6090.234375000003 1.2703480030194572e-16
6093.750000000003 6.754168179211302e-17
6097.265625000003 4.96988442520536e-17
6100.781250000003 1.0789371853593861e-16
6104.296875000003 2.0724104028233043e-16
6107.812500000003 1.8857174667928233e-16
6111.328125000003 7.203155368755483e-17
6114.843750000003 1.2541809204841053e-16
6118.359375000003 1.6211542148905192e-16
6121.875000000003 8.091609323643792e-17
6125.390625000003 8.747555227147266e-17
6128.906250000003 9.4527453982414e-17
6132.421875000003 6.922352834621176e-17
6135.937500000003 1.0086580824248385e-17
6139.453125000003 -1.613526915363769e-17
6142.968750000003 -1.0370478566402201e-17
6146.484375000003 3.066246082279881e-18
6150.000000000003 7.174590358448519e-17
6153.515625000003 1.2708945687391735e-16
6157.031250000003 1.1694585425855806e-16
6160.546875000003 5.79021819112504e-17
6164.062500000003 5.3392577348685655e-18
6167.578125000003 4.388585685612903e-18
6171.093750000003 -1.1850357239508566e-18
6174.609375000003 8.238624916787005e-17
6178.125000000003 1.0027083603530285e-16
6181.640625000003 5.4170500051541925e-17
6185.156250000003 1.180055267677745e-16
6188.671875000003 8.055476187113034e-17
6192.187500000003 3.356214293930837e-17
6195.703125000003 5.135978916965783e-17
6199.218750000003 8.883705686089116e-18
6202.734375000003 -1.6568581221056453e-17
6206.250000000003 5.939725611027441e-17
6209.765625000003 1.0241028077347191e-16
6213.281250000003 9.392198956639316e-18
6216.796875000003 -6.953853871031582e-18
6220.312500000003 1.033465108492745e-16
6223.828125000003 2.087618246773586e-16
6227.343750000003 1.5410665514484373e-16
6230.859375000003 1.173065452124846e-16
6234.375000000003 4.2735125259297016e-17
6237.890625000003 9.535649154395441e-17
6241.406250000003 4.8594880269125365e-17
6244.921875000003 5.53148626045301e-17
6248.437500000003 7.856973721897317e-17
6251.953125000003 1.0149878516640235e-16
6255.468750000003 8.581161679484336e-17
6258.984375000003 1.4249150974528255e-17
6262.500000000003 1.845240666488003e-17
6266.015625000003 8.453539676807044e-17
6269.531250000003 5.0604114708497114e-17
6273.046875000003 -3.1355993777276745e-17
6276.562500000003 3.713798609586664e-17
6280.078125000003 1.0335334204979938e-16
6283.593750000003 8.400609151971608e-17
6287.109375000003 2.3464222980157096e-17
6290.625000000003 1.8347098777375242e-17
6294.140625000003 7.223621097527193e-17
6297.656250000003 2.853275174034804e-17
6301.171875000003 2.798670719610073e-17
6304.687500000003 7.66230267760114e-17
6308.203125000003 1.5141703054650715e-16
6311.718750000003 1.2754918580282724e-16
6315.234375000003 1.5883321656515336e-16
6318.750000000003 1.5629784190638277e-16
6322.265625000003 1.259732691106238e-16
6325.781250000003 9.117292649377138e-17
6329.296875000003 8.067585882041027e-18
6332.812500000003 5.998688542235508e-17
6336.328125000003 9.37028308548589e-17
6339.843750000003 5.3153749204762376e-17
6343.359375000003 6.89036570292064e-17
6346.875000000003 2.916910922041508e-17
6350.390625000003 6.369846415240021e-17
6353.906250000003 9.321829101690739e-17
6357.421875000003 2.486041474066793e-17
6360.937500000003 9.484216014206036e-18
6364.453125000003 6.378671883225313e-18
6367.968750000003 8.894610525991117e-17
6371.484375000003 1.391978526594931e-16
6375.000000000003 6.917874936983935e-17
6378.515625000003 7.145432535451803e-18
6382.031250000003 3.0897510830359554e-17
6385.546875000003 7.280131102008082e-17
6389.062500000003 9.953421362509516e-17
6392.578125000003 1.2593058217955758e-16
6396.093750000003 1.0361557229247937e-16
6399.609375000003 1.5605112871065072e-16
6403.125000000003 1.9864491525716985e-16
6406.640625000003 1.443920511971103e-16
6410.156250000003 1.3145102319938479e-16
6413.671875000003 1.266821506107179e-16
6417.187500000003 6.191900562886943e-17
6420.703125000003 2.455284632454727e-17
6424.218750000003 -6.49916055371892e-18
6427.734375000003 7.558082672156415e-17
6431.250000000003 1.1362785424773356e-16
6434.765625000003 1.5274723131036248e-16
6438.281250000003 1.535204660194792e-16
6441.796875000003 6.897053395753672e-17
6445.312500000003 8.18287722015521e-17
6448.828125000003 1.2857776729128167e-16
6452.343750000003 5.0340550788748056e-17
6455.859375000003 -6.048772814075499e-18
6459.375000000003 3.9391327615700995e-17
6462.890625000003 6.325092583756166e-17
6466.406250000003 1.2213133996790685e-16
6469.921875000003 8.827181923977906e-17
6473.437500000003 5.5137694563481134e-17
6476.953125000003 1.886183182301811e-16
6480.468750000003 1.6416896921430477e-16
6483.984375000003 1.3212476486719575e-16
6487.500000000003 1.0645347447382662e-16
6491.015625000003 9.241221084164337e-17
6494.531250000003 8.9061845167569e-17
6498.046875000003 1.056064534695424e-16
6501.562500000003 1.658996325037006e-16
6505.078125000003 2.232671909504902e-16
6508.593750000003 3.5005859412800703e-16
6512.109375000003 3.486863796854386e-16
6515.625000000003 2.8936839624656466e-16
6519.140625000003 2.9551050226255035e-16
6522.656250000003 3.577468683705246e-16
6526.171875000003 3.843052047621209e-16
6529.687500000003 3.8606092719355213e-16
6533.203125000003 3.944142953460943e-16
6536.718750000003 4.827021918899171e-16
6540.234375000003 4.2778040155343604e-16
6543.750000000003 4.534866983210612e-16
6547.265625000003 5.805931373622059e-16
6550.781250000003 6.268760051336101e-16
6554.296875000003 6.322306620301068e-16
6557.812500000003 6.30135738925419e-16
6561.328125000003 6.579947145574819e-16
6564.843750000003 6.375536765397343e-16
6568.359375000003 6.172010987884498e-16
6571.875000000003 7.157346307015643e-16
6575.390625000003 7.317639371339562e-16
6578.906250000003 6.936007610423384e-16
6582.421875000003 7.398882758452141e-16
6585.937500000003 6.988627369769781e-16
6589.453125000003 6.798793914804072e-16
6592.968750000003 8.250608499693365e-16
6596.484375000003 7.474720278781475e-16
6600.000000000003 7.101712761480357e-16
6603.515625000003 7.065169721057727e-16
6607.031250000003 6.828007169627634e-16
6610.546875000003 7.149300940570522e-16
6614.062500000003 6.930777988092215e-16
6617.578125000003 6.861710763209349e-16
6621.093750000003 5.951033520619348e-16
6624.609375000003 5.604392553962121e-16
6628.125000000003 6.422417351351804e-16
6631.640625000003 6.356539972544978e-16
6635.156250000003 6.117344400962168e-16
6638.671875000003 4.866526605686391e-16
6642.187500000003 5.568862862614549e-16
6645.703125000003 6.331516053124607e-16
6649.218750000003 5.26024190062825e-16
6652.734375000003 5.177484598200026e-16
6656.250000000003 4.822088140058089e-16
6659.765625000003 4.836533279951877e-16
6663.281250000003 4.586464067363934e-16
6666.796875000003 4.530069017626186e-16
6670.312500000003 3.607107826882174e-16
6673.828125000003 3.2500687993908263e-16
6677.343750000003 3.9483320484639277e-16
6680.859375000003 4.117570877819983e-16
6684.375000000003 4.496422990468678e-16
6687.890625000003 4.255216818573881e-16
6691.406250000003 4.1353154406047737e-16
6694.921875000003 3.8457337964068893e-16
6698.437500000003 3.47431769338543e-16
6701.953125000003 2.565203676126239e-16
6705.468750000003 2.752891703862405e-16
6708.984375000003 2.7434705466188785e-16
6712.500000000003 1.632358505632449e-16
6716.015625000003 1.7040451510770527e-16
6719.531250000003 2.1889617159718842e-16
6723.046875000003 1.8087444552131213e-16
6726.562500000003 2.2812075307833696e-16
6730.078125000003 2.0393031400136134e-16
6733.593750000003 1.1622699330410063e-16
6737.109375000003 1.1903809908975774e-16
6740.625000000003 1.4950235235595393e-16
6744.140625000003 1.602688903648844e-16
6747.656250000003 1.9226228644223054e-16
6751.171875000003 2.2120726875468531e-16
6754.687500000003 1.9099857881732398e-16
6758.203125000003 1.5653088336683906e-16
6761.718750000003 1.331944226381263e-16
6765.234375000003 9.874866860584676e-17
6768.750000000003 1.0971501388387132e-16
6772.265625000003 1.1652900525139663e-16
6775.781250000003 8.645012890294937e-17
6779.296875000003 9.133828024894933e-17
6782.812500000003 1.3995249793619993e-16
6786.328125000003 1.9004702969529756e-16
6789.843750000003 1.1192177784090984e-16
6793.359375000003 8.606484446113452e-17
6796.875000000003 1.2751427355179605e-16
6800.390625000003 9.079320394475771e-17
6803.906250000003 1.3788070046593007e-16
6807.421875000003 1.2411357600130626e-16
6810.937500000003 8.149678530981363e-17
6814.453125000003 4.2897072332603064e-17
6817.968750000003 7.259279935153955e-17
6821.484375000003 8.288371783384353e-17
6825.000000000003 7.258207666078695e-17
6828.515625000003 8.071336456211147e-17
6832.031250000003 8.274896381302306e-17
6835.546875000003 6.38578640169774e-17
6839.062500000003 7.395093307076297e-17
6842.578125000003 4.208383740745132e-17
6846.093750000003 4.416940096813658e-17
6849.609375000003 4.427498928842397e-17
6853.125000000003 1.7178390580443182e-17
6856.640625000003 1.6238066106548217e-17
6860.156250000003 3.5771645233412326e-18
6863.671875000003 9.398310518047998e-17
6867.187500000003 1.5277030935734192e-16
6870.703125000003 1.147038224895946e-16
6874.218750000003 4.288283196942795e-17
6877.734375000003 3.753485492981257e-17
6881.250000000003 1.2869340860370655e-17
6884.765625000003 4.2060382241506895e-17
6888.281250000003 7.25218570071002e-17
6891.796875000003 9.366348718120237e-17
6895.312500000003 1.0356354189868484e-16
6898.828125000003 8.881046741117102e-17
6902.343750000003 3.006932893774298e-17
6905.859375000003 5.3134602480020796e-18
6909.375000000003 8.709413398773948e-17
6912.890625000003 1.5690815651482653e-16
6916.406250000003 1.0630566050215933e-16
6919.921875000003 4.96815268973308e-17
6923.437500000003 1.0239095290324512e-16
6926.953125000003 8.961709832014935e-17
6930.468750000003 7.97968266934305e-17
6933.984375000003 7.943120407877418e-17
6937.500000000003 1.1007879648872392e-16
6941.015625000003 7.24458413916093e-17
6944.531250000003 2.9944222137615626e-17
6948.046875000003 5.908481040626752e-17
6951.562500000003 8.13975446953438e-17
6955.078125000003 9.281606627869097e-17
6958.593750000003 7.310213625929478e-17
6962.109375000003 1.2145629431683747e-16
6965.625000000003 1.4653241106793908e-16
6969.140625000003 1.1822145876331884e-16
6972.656250000003 9.406964823695761e-17
6976.171875000003 5.3819322408248855e-17
6979.687500000003 5.172284118697564e-17
6983.203125000003 5.501769364667008e-17
6986.718750000003 6.254644897751312e-17
6990.234375000003 1.3679621652173426e-17
6993.750000000003 1.3816396914221259e-17
6997.265625000003 8.775925454647957e-17
7000.781250000003 1.5785772238147982e-16
7004.296875000003 1.55700718001465e-16
7007.812500000003 1.0901362101420235e-16
7011.328125000003 8.904699816650257e-17
7014.843750000003 8.85183018116486e-17
7018.359375000003 1.7772928986833471e-16
7021.875000000003 2.0018940452890803e-16
7025.390625000003 1.361217477028657e-16
7028.906250000003 1.2219456109425708e-16
7032.421875000003 1.2213909010347754e-16
7035.937500000003 6.229757408520461e-17
7039.453125000003 7.751639966901959e-17
7042.968750000003 1.068781774012104e-16
7046.484375000003 2.936625533641793e-17
7050.000000000003 2.0881094812465366e-17
7053.515625000003 7.731434986561801e-17
7057.031250000003 7.840604873794316e-17
7060.546875000003 3.7948182828412846e-17
7064.062500000003 1.3789071681005806e-17
7067.578125000003 9.60233231061319e-18
7071.093750000003 4.294931379524503e-17
7074.609375000003 4.838631063158431e-17
7078.125000000003 3.2504456498202447e-17
7081.640625000003 8.10344273639276e-17
7085.156250000003 1.4429114998343487e-16
7088.671875000003 1.909207979498591e-16
7092.187500000003 1.2502890142785442e-16
7095.703125000003 9.625402564083235e-17
7099.218750000003 1.1303584323102936e-16
7102.734375000003 1.1660892436862108e-16
7106.250000000003 1.156961406441128e-16
7109.765625000003 8.606000097694716e-17
7113.281250000003 9.004482369314089e-17
7116.796875000003 9.93345444154065e-17
7120.312500000003 9.028075659744111e-17
7123.828125000003 1.3320481804288566e-16
7127.343750000003 8.807216504349752e-17
7130.859375000003 7.333242171212773e-17
7134.375000000003 1.0566099039885564e-16
7137.890625000003 1.3800065789511312e-16
7141.406250000003 1.370912637935285e-16
7144.921875000003 1.3476494791209652e-16
7148.437500000003 1.428332194127802e-16
7151.953125000003 1.2963115495816245e-16
7155.468750000003 7.017282857363709e-17
7158.984375000003 2.9337309701122133e-17
7162.500000000003 3.798311786208822e-18
7166.015625000003 -1.2744421171666421e-17
7169.531250000003 4.480293952072035e-17
7173.046875000003 1.0467249384761666e-16
7176.562500000003 1.0972631052516212e-16
7180.078125000003 1.1663943693845095e-16
7183.593750000003 6.113738591003303e-17
7187.109375000003 5.1893107268400865e-17
7190.625000000003 4.2474464808472855e-17
7194.140625000003 8.072758031522088e-17
7197.656250000003 1.4209192392424402e-16
7201.171875000003 1.211351183422974e-16
7204.687500000003 6.284084139938665e-17
7208.203125000003 6.721998803210003e-17
7211.718750000003 9.04233709796171e-17
7215.234375000003 1.2869544917824757e-16
7218.750000000003 1.6613144412564734e-16
7222.265625000003 1.508035498563557e-16
7225.781250000003 9.891860874195601e-17
7229.296875000003 7.23930620190747e-17
7232.812500000003 8.683068800650849e-17
7236.328125000003 9.4891577744494e-17
7239.843750000003 1.2974440880269846e-16
7243.359375000003 9.331631976812982e-17
7246.875000000003 -2.022179936761075e-17
7250.390625000003 -9.050369648482102e-17
7253.906250000003 -2.5626996069092388e-17
7257.421875000003 6.925787050598646e-17
7260.937500000003 2.4258544900898013e-17
7264.453125000003 5.718261229369559e-17
7267.968750000003 6.249710162374819e-17
7271.484375000003 4.6892698535053144e-17
7275.000000000003 1.125062464498999e-16
7278.515625000003 9.89742905962294e-17
7282.031250000003 2.3212600643202968e-17
7285.546875000003 -1.0174870856460463e-17
7289.062500000003 2.7790364465209844e-17
7292.578125000003 6.459844037341378e-17
7296.093750000003 1.1116920573891828e-16
7299.609375000003 1.6971877842277083e-16
7303.125000000003 2.0186578253220895e-16
7306.640625000003 2.263203885171433e-16
7310.156250000003 2.0895812892058924e-16
7313.671875000003 2.0367810085762018e-16
7317.187500000003 1.6370466946365566e-16
7320.703125000003 1.4669413788897804e-16
7324.218750000003 1.7875999009888783e-16
7327.734375000003 1.8152473334939812e-16
7331.250000000003 2.0234550829079388e-16
7334.765625000003 1.6837378527736975e-16
7338.281250000003 1.1376891100087208e-16
7341.796875000003 1.1342319026877933e-16
7345.312500000003 7.591484530926392e-17
7348.828125000003 4.941447789983515e-17
7352.343750000003 6.901854972756501e-17
7355.859375000003 9.980852667582754e-17
7359.375000000003 1.6145250997311748e-16
7362.890625000003 1.8192654339676124e-16
7366.406250000003 1.6514895282060776e-16
7369.921875000003 1.790158757643617e-16
7373.437500000003 1.2586415903509184e-16
7376.953125000003 9.017257743853981e-17
7380.468750000003 1.2482731021036163e-16
7383.984375000003 1.9109847073025176e-16
7387.500000000003 1.874048712676395e-16
7391.015625000003 1.5140214550098435e-16
7394.531250000003 6.813997682829799e-17
7398.046875000003 1.24959701526354e-17
7401.562500000003 9.092787186640288e-17
7405.078125000003 8.71625883758466e-17
7408.593750000003 9.459962268915258e-17
7412.109375000003 1.5877022368589248e-16
7415.625000000003 1.8470634922289144e-16
7419.140625000003 1.8209645320951357e-16
7422.656250000003 1.3472724624395326e-16
7426.171875000003 1.3495188978073733e-16
7429.687500000003 1.692152593112596e-16
7433.203125000003 1.2686215216716493e-16
7436.718750000003 1.5675621746601234e-16
7440.234375000003 1.044745000485054e-16
7443.750000000003 -1.8206348183504126e-18
7447.265625000003 5.320077211785024e-17
7450.781250000003 9.413793762084454e-17
7454.296875000003 3.0702337033298915e-17
7457.812500000003 4.1647012145795455e-17
7461.328125000003 9.411978388631636e-17
7464.843750000003 1.0484517819278985e-16
7468.359375000003 6.909649883936265e-17
7471.875000000003 6.562903487661983e-17
7475.390625000003 1.510501416256764e-16
7478.906250000003 1.5493461880658272e-16
7482.421875000003 1.2783456953778523e-16
7485.937500000003 5.691933532799025e-17
7489.453125000003 -1.8526904752968536e-17
7492.968750000003 -2.042863352083731e-17
7496.484375000003 -3.3514118446308864e-17
7500.000000000003 1.1269807835479618e-17
7503.515625000003 4.329718511592173e-17
7507.031250000003 7.703576956150854e-17
7510.546875000003 7.365989937095906e-17
7514.062500000003 4.364043543124636e-17
7517.578125000003 5.83575407435873e-17
7521.093750000003 9.191372050948705e-17
7524.609375000003 1.0687703462443283e-16
7528.125000000003 7.241561097841754e-17
7531.640625000003 7.132829953386045e-17
7535.156250000003 3.3847163545255e-17
7538.671875000003 -1.227922601354944e-17
7542.187500000003 1.877734121179405e-17
7545.703125000003 9.81944296075523e-17
7549.218750000003 1.2386198488811758e-16
7552.734375000003 9.080679691066678e-17
7556.250000000003 8.556769465435042e-17
7559.765625000003 5.781444145289325e-17
7563.281250000003 6.639520850044653e-17
7566.796875000003 9.217922199986495e-17
7570.312500000003 1.0566720018382193e-16
7573.828125000003 1.392169493632129e-16
7577.343750000003 1.1263774590649247e-16
7580.859375000003 7.026720375104706e-17
7584.375000000003 1.1089381023643526e-16
7587.890625000003 1.867105108189101e-16
7591.406250000003 1.277379368855068e-16
7594.921875000003 9.094040634582823e-17
7598.437500000003 4.9590705924032355e-17
7601.953125000003 -1.9502107557442755e-17
7605.468750000003 1.2300976934349848e-16
7608.984375000003 1.1632146603865516e-16
7612.500000000003 -1.3242431234875221e-17
7616.015625000003 -2.0673675269417782e-17
7619.531250000003 8.481180988989413e-17
7623.046875000003 1.607554504813648e-16
7626.562500000003 1.3350994844528114e-16
7630.078125000003 3.625646150631807e-17
7633.593750000003 -6.829596474926942e-17
7637.109375000003 -2.2750645578405657e-17
7640.625000000003 1.1680536336168535e-16
7644.140625000003 2.9907853801571356e-17
7647.656250000003 1.532267043102359e-17
7651.171875000003 9.768404856585589e-17
7654.687500000003 6.445820872375052e-17
7658.203125000003 -4.162995034764315e-17
7661.718750000003 -3.29272366711844e-17
7665.234375000003 7.05962588260017e-17
7668.750000000003 1.0949066291469222e-16
7672.265625000003 5.727001367734894e-17
7675.781250000003 1.1110410491558323e-16
7679.296875000003 1.667528330289059e-16
7682.812500000003 7.947321731845891e-17
7686.328125000003 2.82992511337071e-17
7689.843750000003 6.08954362233e-17
7693.359375000003 6.727698421900059e-17
7696.875000000003 6.771180152906707e-17
7700.390625000003 1.6363123226274898e-17
7703.906250000003 3.993697128255709e-17
7707.421875000003 1.5958957819611933e-16
7710.937500000003 1.186943620426578e-16
7714.453125000003 3.5231048344531156e-17
7717.968750000003 -4.370051017043125e-17
7721.484375000003 -7.026460174559061e-17
7725.000000000003 3.172500700507432e-17
7728.515625000003 9.859849617454005e-17
7732.031250000003 9.170270195282445e-17
7735.546875000003 8.310247466635754e-17
7739.062500000003 9.137621348081376e-17
7742.578125000003 7.037456633134415e-17
7746.093750000003 -5.439961683960731e-19
7749.609375000003 9.868646640521523e-18
7753.125000000003 7.607486672865115e-17
7756.640625000003 4.603552510211987e-17
7760.156250000003 -8.833497318908438e-18
7763.671875000003 -4.557616070178106e-17
7767.187500000003 -4.197169230577042e-17
7770.703125000003 8.548309339978304e-17
7774.218750000003 1.022444994568777e-16
7777.734375000003 4.8449592870715164e-17
7781.250000000003 1.122536674868167e-16
7784.765625000003 1.4812723777913082e-16
7788.281250000003 8.396910042893875e-17
7791.796875000003 1.2079352427009668e-16
7795.312500000003 2.0584197445164397e-16
7798.828125000003 1.576177352302581e-16
7802.343750000003 6.348676441292851e-17
7805.859375000003 5.282756251241238e-17
7809.375000000003 1.085163164800736e-16
7812.890625000003 8.122162158711347e-17
7816.406250000003 5.822387590876412e-17
7819.921875000003 1.0396292927363817e-16
7823.437500000003 1.1340652006017238e-16
7826.953125000003 5.186994437583966e-19
7830.468750000003 -5.1118678685050946e-17
7833.984375000003 2.8039782314368565e-17
7837.500000000003 1.0284384299568252e-16
7841.015625000003 1.2737818637707003e-16
7844.531250000003 1.1657390281430482e-16
7848.046875000003 9.465906493097402e-17
7851.562500000003 2.3956810237375192e-17
7855.078125000003 1.6799691205982323e-17
7858.593750000003 2.1226889538240495e-17
7862.109375000003 -1.1950060139412146e-18
7865.625000000003 4.2557256934167824e-17
7869.140625000003 2.8645973319919085e-17
7872.656250000003 7.910605374645289e-17
7876.171875000003 9.218972122547021e-17
7879.687500000003 5.620895967145612e-18
7883.203125000003 4.085954982322699e-18
7886.718750000003 7.908668952446745e-17
7890.234375000003 1.3427840226511598e-16
7893.750000000003 8.13775883784662e-17
7897.265625000003 6.92240855522891e-17
7900.781250000003 1.244077516268608e-16
7904.296875000003 8.379505746354844e-17
7907.812500000003 5.0298641894785386e-17
7911.328125000003 4.479805312966526e-17
7914.843750000003 -3.1319386918782183e-17
7918.359375000003 2.7217834057133598e-17
7921.875000000003 8.43511484853222e-17
7925.390625000003 7.528763880507803e-17
7928.906250000003 6.182623211423586e-17
7932.421875000003 5.784556720945751e-17
7935.937500000003 3.408204006099966e-17
7939.453125000003 2.29532698359334e-17
7942.968750000003 4.7364436709909134e-17
7946.484375000003 4.596993689246278e-17
7950.000000000003 4.2293525488751376e-17
7953.515625000003 1.3658524109439437e-17
7957.031250000003 6.371313998002958e-17
7960.546875000003 1.1100556321229816e-16
7964.062500000003 5.7754318094882185e-18
7967.578125000003 -4.314917427102511e-17
7971.093750000003 1.3346179090369918e-17
7974.609375000003 6.6976463346271936e-18
7978.125000000003 -7.049115013397949e-17
7981.640625000003 -7.953705400882788e-18
7985.156250000003 9.541711043371741e-17
7988.671875000003 1.5498295377413549e-16
7992.187500000003 6.074062711762836e-17
7995.703125000003 -2.5049744245931834e-17
7999.218750000003 6.050814997849912e-17
8002.734375000003 5.5015884416463336e-17
8006.250000000003 1.541127782956367e-17
8009.765625000003 -2.7340942794968045e-17
8013.281250000003 -8.320136106405903e-17
8016.796875000003 1.0255684171671724e-17
8020.312500000003 3.505813322532809e-18
8023.828125000003 -5.810251291244096e-17
8027.343750000003 9.306536102944714e-17
8030.859375000003 1.3725345130738416e-16
8034.375000000003 5.238935966348622e-17
8037.890625000003 7.649878050332076e-17
8041.406250000003 1.1383495774123037e-16
8044.921875000003 1.319901679659996e-16
8048.437500000003 8.269768748195084e-17
8051.953125000003 6.138778282721735e-17
8055.468750000003 1.2644041383457934e-16
8058.984375000003 4.854771100892939e-17
8062.500000000003 1.6817275060994422e-17
8066.015625000003 7.645576582098413e-17
8069.531250000003 1.4620487816819863e-17
8073.046875000003 2.5592639442930674e-18
8076.562500000003 7.54732878484388e-17
8080.078125000003 7.471774151736999e-17
8083.593750000003 1.0725675164658676e-17
8087.109375000003 3.75063578372391e-17
8090.625000000003 6.567404856993165e-17
8094.140625000003 6.294137407549447e-17
8097.656250000003 8.058131222303162e-17
8101.171875000003 6.90633486049868e-17
8104.687500000003 6.158872091678466e-17
8108.203125000003 1.204126611890618e-16
8111.718750000003 1.096238618361619e-16
8115.234375000003 7.413971259061488e-17
8118.750000000003 4.467821044855846e-17
8122.265625000003 9.877119569815768e-18
8125.781250000003 7.162478756662214e-17
8129.296875000003 1.264960042443062e-16
8132.812500000003 5.226228285326478e-17
8136.328125000003 1.8148562388430983e-17
8139.843750000003 2.8007557845873796e-17
8143.359375000003 4.657460968452041e-17
8146.875000000003 4.671515244700192e-17
8150.390625000003 7.33599199310141e-17
8153.906250000003 9.746563441267296e-17
8157.421875000003 8.153401077248685e-17
8160.937500000003 7.780421478450408e-17
8164.453125000003 5.376685465666195e-17
8167.968750000003 7.737636332211798e-17
8171.484375000003 5.330405711978156e-17
8175.000000000003 1.6227578078274295e-17
8178.515625000003 7.637974021269384e-17
8182.031250000003 8.646678975103619e-17
8185.546875000003 6.661939707124362e-17
8189.062500000003 7.869279645266208e-17
8192.578125000004 7.397369971532196e-17
8196.093750000004 6.855825666458966e-17
8199.609375000004 6.075080618575039e-17
8203.125000000004 8.885588427976306e-18
8206.640625000004 6.476251567247098e-17
8210.156250000004 1.0587854261118076e-16
8213.671875000004 9.139380698304552e-17
8217.187500000004 9.970731077326757e-17
8220.703125000004 7.663349404891261e-17
8224.218750000004 6.092235858527976e-17
8227.734375000004 5.604226325102675e-17
8231.250000000004 7.623260683645033e-17
8234.765625000004 6.327013668233782e-17
8238.281250000004 8.887752706186475e-17
8241.796875000004 1.2632736845649908e-16
8245.312500000004 1.1160075598912588e-16
8248.828125000004 1.1893191976225694e-16
8252.343750000004 8.186774053933863e-17
8255.859375000004 8.00771277877183e-17
8259.375000000004 8.967940038952559e-17
8262.890625000004 2.3607996611070093e-18
8266.406250000004 1.9993767249925656e-17
8269.921875000004 1.1912195836132433e-16
8273.437500000004 8.462285737713421e-17
8276.953125000004 1.4372845399617724e-17
8280.468750000004 9.755494404333188e-17
8283.984375000004 1.3552138444768298e-16
8287.500000000004 4.808198263500394e-17
8291.015625000004 1.74481836664745e-17
8294.531250000004 5.3727077598872734e-17
8298.046875000004 7.77823154914216e-17
8301.562500000004 6.891436629978824e-17
8305.078125000004 6.89489376050509e-17
8308.593750000004 6.534063947228516e-17
8312.109375000004 6.390587308218561e-17
8315.625000000004 3.573897054652862e-17
8319.140625000004 5.30757639447611e-17
8322.656250000004 6.922973074376532e-17
8326.171875000004 2.754072522335996e-17
8329.687500000004 2.754055984880098e-17
8333.203125000004 6.004409110988126e-17
8336.718750000004 4.0629975003799855e-17
8340.234375000004 -3.3013704745974256e-18
8343.750000000004 2.6717638693134185e-17
8347.265625000004 1.1072941935300689e-16
8350.781250000004 1.1110910118749782e-16
8354.296875000004 9.042346501020229e-17
8357.812500000004 7.35840953102594e-17
8361.328125000004 2.546268280606868e-17
8364.843750000004 5.4234421077793434e-17
8368.359375000004 9.571502769239111e-17
8371.875000000004 2.0009953057867866e-17
8375.390625000004 2.056047755909614e-17
8378.906250000004 1.0642046466432718e-16
8382.421875000004 1.4078099396835686e-16
8385.937500000004 1.3873215838880718e-16
8389.453125000004 9.291601162847594e-17
8392.968750000004 9.807194867130847e-17
8396.484375000004 1.5494876893229955e-16
8400.000000000004 2.1224188184978439e-16
8403.515625000004 1.3674643861628315e-16
8407.031250000004 9.280136054268256e-17
8410.546875000004 1.428115404514003e-16
8414.062500000004 9.809141954305628e-17
8417.578125000004 1.53988242304114e-16
8421.093750000004 2.4003786081703423e-16
8424.609375000004 1.2748502926476848e-16
8428.125000000004 5.182640104078773e-17
8431.640625000004 1.1534006778502144e-16
8435.156250000004 8.296368224571505e-17
8438.671875000004 1.200336665004593e-16
8442.187500000004 1.0729735844036699e-16
8445.703125000004 2.665620538371354e-17
8449.218750000004 2.7462647327706527e-17
8452.734375000004 9.61754360610484e-17
8456.250000000004 1.3206520225541269e-16
8459.765625000004 2.1234610597509701e-16
8463.281250000004 2.553633698910798e-16
8466.796875000004 2.26641174891827e-16
8470.312500000004 3.0413329890618935e-16
8473.828125000004 3.366666963127082e-16
8477.343750000004 2.4789647008798475e-16
8480.859375000004 2.257028222350558e-16
8484.375000000004 3.5636327663205e-16
8487.890625000004 3.3722209902981646e-16
8491.406250000004 2.258018388526047e-16
8494.921875000004 1.6911959696425135e-16
8498.437500000004 1.6884058437104975e-16
8501.953125000004 2.3098391647082095e-16
8505.468750000004 2.5123543203202533e-16
8508.984375000004 1.8121697791122016e-16
8512.500000000004 1.7258365132305224e-16
8516.015625000004 1.5971345568433578e-16
8519.531250000004 2.443874622606994e-16
8523.046875000004 2.778885161207723e-16
8526.562500000004 2.452582859945095e-16
8530.078125000004 1.9781891108109672e-16
8533.593750000004 2.0256020540745464e-16
8537.109375000004 2.768891367357851e-16
8540.625000000004 3.3135759089106806e-16
8544.140625000004 3.359773199789013e-16
8547.656250000004 3.5673078244084617e-16
8551.171875000004 3.748522441133677e-16
8554.687500000004 3.3563158924772163e-16
8558.203125000004 3.0699037556408467e-16
8561.718750000004 2.9319354352472424e-16
8565.234375000004 2.6815139826840384e-16
8568.750000000004 2.7838659921776646e-16
8572.265625000004 3.290206471925583e-16
8575.781250000004 2.5686395972086115e-16
8579.296875000004 1.7578544452298626e-16
8582.812500000004 1.7685403002809927e-16
8586.328125000004 1.1109599063045221e-16
8589.843750000004 3.2662646596147286e-17
8593.359375000004 1.096365689923599e-16
8596.875000000004 2.0958743635682452e-16
8600.390625000004 2.336711798675458e-16
8603.906250000004 1.5518052964339692e-16
8607.421875000004 1.3803391984545715e-16
8610.937500000004 1.8543825521136264e-16
8614.453125000004 1.153515513854326e-16
8617.968750000004 1.0697320390534638e-16
8621.484375000004 1.1793737196717125e-16
8625.000000000004 1.128793179988092e-16
8628.515625000004 1.2112753714903744e-16
8632.031250000004 1.2670638137480305e-16
8635.546875000004 1.4206449916800397e-16
8639.062500000004 1.6628931076706905e-16
8642.578125000004 2.95472411673491e-16
8646.093750000004 3.733715027830405e-16
8649.609375000004 2.1099572884459365e-16
8653.125000000004 2.2297276697352296e-16
8656.640625000004 3.1640625162693695e-16
8660.156250000004 3.025720881043126e-16
8663.671875000004 1.9456740616819034e-16
8667.187500000004 1.852748568824496e-16
8670.703125000004 3.0097592321299843e-16
8674.218750000004 2.955435296207398e-16
8677.734375000004 1.8981390398383692e-16
8681.250000000004 1.0785992995898685e-16
8684.765625000004 1.396517820399142e-16
8688.281250000004 1.9513524826527332e-16
8691.796875000004 2.0134898679224752e-16
8695.312500000004 1.9721127834293953e-16
8698.828125000004 1.2993464604976886e-16
8702.343750000004 1.345139923817756e-16
8705.859375000004 1.837987255083446e-16
8709.375000000004 1.7797052962125862e-16
8712.890625000004 1.5987196710693602e-16
8716.406250000004 1.4224464049953737e-16
8719.921875000004 1.445356980671592e-16
8723.437500000004 1.3146803598305492e-16
8726.953125000004 1.4648895434171358e-16
8730.468750000004 2.626203217202831e-16
8733.984375000004 2.6650632947752045e-16
8737.500000000004 1.7131514867620512e-16
8741.015625000004 2.2869459017398114e-16
8744.531250000004 1.8908145556091175e-16
8748.046875000004 1.0590568773897663e-16
8751.562500000004 9.621371585849949e-17
8755.078125000004 1.695385610725e-16
8758.593750000004 1.756951657557706e-16
8762.109375000004 1.7529932563672379e-16
8765.625000000004 1.5265635108357985e-16
8769.140625000004 9.109726729364454e-17
8772.656250000004 6.232913451843907e-17
8776.171875000004 7.985740497493964e-17
8779.687500000004 9.288590556694874e-17
8783.203125000004 1.1315786260302069e-16
8786.718750000004 1.2605576613548042e-16
8790.234375000004 1.8284598560790392e-16
8793.750000000004 2.045096332686714e-16
8797.265625000004 1.3478999681273335e-16
8800.781250000004 1.255737387990097e-16
8804.296875000004 1.4704646327492732e-16
8807.812500000004 1.0760987933211404e-16
8811.328125000004 1.0247446178146421e-16
8814.843750000004 1.8712897749117857e-16
8818.359375000004 2.816715346932631e-16
8821.875000000004 2.740825033088872e-16
8825.390625000004 2.9957290843688585e-16
8828.906250000004 3.091595655914908e-16
8832.421875000004 4.548069448356966e-16
8835.937500000004 2.895118414390971e-16
8839.453125000004 1.2847536137589085e-16
8842.968750000004 1.5001247082714489e-16
8846.484375000004 9.629368366307276e-17
8850.000000000004 1.841474107982959e-17
8853.515625000004 7.768714254664405e-17
8857.031250000004 1.406580197346009e-16
8860.546875000004 1.409939214138127e-16
8864.062500000004 9.840878246397035e-17
8867.578125000004 2.5403394955187896e-17
8871.093750000004 5.741103139591432e-17
8874.609375000004 5.873291914996328e-17
8878.125000000004 5.817979369064865e-17
8881.640625000004 1.1025306983809151e-16
8885.156250000004 2.1013178298448607e-16
8888.671875000004 2.483634595543981e-16
8892.187500000004 1.5567257564012138e-16
8895.703125000004 8.523181583535732e-17
8899.218750000004 1.0812026360462437e-16
8902.734375000004 7.11606350604724e-17
8906.250000000004 3.1515892232701254e-17
8909.765625000004 6.707042398521797e-17
8913.281250000004 1.0403795733108326e-16
8916.796875000004 2.0545150636771732e-16
8920.312500000004 1.2281308212312065e-16
8923.828125000004 2.4516416649495976e-18
8927.343750000004 -2.5196888339980443e-17
8930.859375000004 -2.3708585398960748e-17
8934.375000000004 9.212285726104865e-17
8937.890625000004 1.1394479434229287e-16
8941.406250000004 1.1008168108650705e-16
8944.921875000004 5.249597719457756e-17
8948.437500000004 3.286338513175169e-17
8951.953125000004 1.9194837834575722e-17
8955.468750000004 1.426568643075618e-17
8958.984375000004 -5.117568597472672e-17
8962.500000000004 -1.0267979362707363e-16
8966.015625000004 -5.483668057858221e-17
8969.531250000004 5.907689624166039e-17
8973.046875000004 5.907539444925734e-17
8976.562500000004 8.478184532843051e-17
8980.078125000004 1.8228471856020518e-16
8983.593750000004 1.898002980970861e-16
8987.109375000004 1.0664289795404946e-16
8990.625000000004 1.0200337891112492e-16
8994.140625000004 1.7808930394326964e-16
8997.656250000004 1.7129686999269494e-16
9001.171875000004 1.2399185556915297e-16
9004.687500000004 8.878635224672138e-17
9008.203125000004 1.133187893045156e-16
9011.718750000004 5.506045624621579e-17
9015.234375000004 1.7854557871086282e-17
9018.750000000004 4.653170807824973e-17
9022.265625000004 2.93710942249928e-17
9025.781250000004 -3.2450637044032212e-18
9029.296875000004 -3.221349734834685e-17
9032.812500000004 5.885234103292759e-17
9036.328125000004 1.1725541281476117e-16
9039.843750000004 6.310935380079199e-17
9043.359375000004 2.170373587057253e-17
9046.875000000004 6.201339913917427e-17
9050.390625000004 1.0263509152831172e-16
9053.906250000004 8.835093489875381e-17
9057.421875000004 8.528072397019066e-17
9060.937500000004 1.407340857547444e-16
9064.453125000004 1.2932280649024528e-16
9067.968750000004 5.984723188444917e-17
9071.484375000004 1.467097495488276e-16
9075.000000000004 5.525512903541012e-17
9078.515625000004 3.874859136930226e-17
9082.031250000004 4.6899329243687415e-17
9085.546875000004 -1.8323147957919577e-18
9089.062500000004 6.180969812926239e-17
9092.578125000004 1.2536922123537015e-16
9096.093750000004 1.706249969716276e-16
9099.609375000004 7.628084849902775e-17
9103.125000000004 -2.0142839253686587e-17
9106.640625000004 1.4871142258870785e-17
9110.156250000004 2.3386763882607318e-17
9113.671875000004 4.145744721585886e-17
9117.187500000004 2.0985556493647815e-17
9120.703125000004 1.8851380703250187e-17
9124.218750000004 6.059189889149043e-17
9127.734375000004 9.03543690650632e-17
9131.250000000004 4.712762895525687e-17
9134.765625000004 4.1946078838816395e-17
9138.281250000004 8.583644863124911e-17
9141.796875000004 1.2338956112073597e-16
9145.312500000004 8.119987110871143e-17
9148.828125000004 1.2128974590110312e-17
9152.343750000004 1.785228411752704e-17
9155.859375000004 7.116369471433998e-17
9159.375000000004 7.968779415955286e-17
9162.890625000004 4.7471040247191317e-17
9166.406250000004 5.979148739127322e-17
9169.921875000004 5.385695820579418e-17
9173.437500000004 -2.2959117986156382e-17
9176.953125000004 4.4182880346671504e-17
9180.468750000004 1.0027831721181138e-16
9183.984375000004 6.052074375937627e-17
9187.500000000004 3.719968530310485e-17
9191.015625000004 5.797902549067613e-17
9194.531250000004 1.2991058849292718e-16
9198.046875000004 1.1081321178230621e-16
9201.562500000004 4.5036608180481094e-17
9205.078125000004 8.519374828057163e-17
9208.593750000004 1.0069523825649575e-16
9212.109375000004 5.972896865516691e-17
9215.625000000004 3.9303649526859805e-17
9219.140625000004 2.660048536581086e-18
9222.656250000004 -1.6922631107123165e-17
9226.171875000004 1.161732975374199e-16
9229.687500000004 1.0570676656779434e-16
9233.203125000004 4.0210812089890024e-17
9236.718750000004 5.807975704848002e-17
9240.234375000004 1.0801970542646292e-16
9243.750000000004 1.301879943774951e-16
9247.265625000004 4.464846766359469e-17
9250.781250000004 9.920617757308662e-17
9254.296875000004 1.4450295806690389e-16
9257.812500000004 9.356132880132987e-17
9261.328125000004 6.062153718777921e-17
9264.843750000004 6.367884355280326e-17
9268.359375000004 5.47655027217602e-17
9271.875000000004 1.4822939952115594e-16
9275.390625000004 2.3582696750957163e-16
9278.906250000004 1.5450088541824363e-16
9282.421875000004 1.0646608168642145e-16
9285.937500000004 3.5527091280374073e-17
9289.453125000004 5.294099161869509e-17
9292.968750000004 9.383656248378572e-17
9296.484375000004 3.2354374047267755e-17
9300.000000000004 1.500380049174148e-16
