3898.51171875 5.475537185360831e-15
3902.36718511582 5.8310068743528e-15
3906.22265148163 5.5508724881199715e-15
3910.07811784744 5.728912021916546e-15
3913.93358421326 4.858171847336936e-15
3917.78905057907 5.573738652122879e-15
3921.64451694489 5.149169318651558e-15
3925.4999833107 4.607212670992752e-15
3929.35544967651 4.785044333966429e-15
3933.21091604233 5.0591069151953504e-15
3937.06638240814 6.528708062205963e-15
3940.92184877396 6.13808444486818e-15
3944.77731513977 6.219426360344933e-15
3948.63278150559 5.734007474638375e-15
3952.4882478714 5.5711546014734555e-15
3956.34371423721 5.832210216257087e-15
3960.19918060303 5.890140356437128e-15
3964.05464696884 5.463207572787278e-15
3967.91011333466 4.813463612210236e-15
3971.76557970047 4.724183198005252e-15
3975.62104606629 5.085485235824107e-15
3979.4765124321 4.943908261454627e-15
3983.33197879791 5.370484953707642e-15
3987.18744516373 5.7762647739278974e-15
3991.04291152954 5.5544671591938286e-15
3994.89837789536 5.616743572532003e-15
3998.75384426117 6.613927108497258e-15
4002.60931062699 5.697168649571906e-15
4006.4647769928 5.556890446566119e-15
4010.32024335861 5.127818389546892e-15
4014.17570972443 5.512673862504741e-15
4018.03117609024 6.4166303653501985e-15
4021.88664245606 6.5948117467566434e-15
4025.74210882187 6.02078435600828e-15
4029.59757518769 5.838514836765925e-15
4033.4530415535 5.532278310911352e-15
4037.30850791931 4.791958032990629e-15
4041.16397428513 5.034704079784979e-15
4045.01944065094 5.06048321235464e-15
4048.87490701676 6.017002384917328e-15
4052.73037338257 5.3639976312806565e-15
4056.58583974838 5.256623391623736e-15
4060.4413061142 5.384188506240795e-15
4064.29677248001 5.919513183953973e-15
4068.15223884583 5.5119521923675644e-15
4072.00770521164 5.502709939781882e-15
4075.86317157745 5.343692684271724e-15
4079.71863794327 5.547756856147334e-15
4083.57410430908 5.2404676324087964e-15
4087.4295706749 5.107143738380198e-15
4091.28503704071 4.5304718158213676e-15
4095.14050340653 5.068722511233871e-15
4098.99596977234 5.138009491071659e-15
4102.85143613815 5.019973523801663e-15
4106.70690250397 4.993691880393493e-15
4110.56236886978 5.316985684955615e-15
4114.4178352356 5.4914843730688865e-15
4118.27330160141 5.483711040999761e-15
4122.12876796723 5.510459779527735e-15
4125.98423433304 5.716671545565891e-15
4129.83970069885 5.6085141617479676e-15
4133.69516706467 5.260786522797218e-15
4137.55063343048 5.680181184673458e-15
4141.4060997963 6.262413188892901e-15
4145.26156616211 6.3499011416237565e-15
4149.11703252793 6.3494201902496134e-15
4152.97249889374 6.398358727680307e-15
4156.82796525955 6.0398000232138714e-15
4160.68343162537 5.900836270465827e-15
4164.53889799118 6.053878467322365e-15
4168.394364357 5.783183810849459e-15
4172.24983072281 5.530854526585507e-15
4176.10529708862 5.771687470573982e-15
4179.96076345444 5.331497798562321e-15
4183.81622982025 4.881490611241895e-15
4187.67169618607 5.0999987631765846e-15
4191.52716255188 5.1855656657414176e-15
4195.3826289177 5.43951857763594e-15
4199.23809528351 5.418779120807979e-15
4203.09356164932 5.814096907789223e-15
4206.94902801514 5.5902916218023966e-15
4210.80449438095 5.394751957170718e-15
4214.65996074677 5.0199605879245365e-15
4218.51542711258 5.1428419983134274e-15
4222.3708934784 5.007116383084493e-15
4226.22635984421 4.923416917708839e-15
4230.08182621002 5.293157398091092e-15
4233.93729257584 5.028876821074646e-15
4237.79275894165 5.18834673452142e-15
4241.64822530747 5.494157131004327e-15
4245.50369167328 5.256479969642056e-15
4249.3591580391 5.068703302525186e-15
4253.21462440491 5.41892191225913e-15
4257.07009077072 5.472416426217117e-15
4260.92555713654 5.202375992254934e-15
4264.78102350235 5.0859011521230525e-15
4268.63648986817 5.227549247044355e-15
4272.49195623398 5.161412831658718e-15
4276.34742259979 5.1097774237740546e-15
4280.20288896561 5.338022722002949e-15
4284.05835533142 5.171840384874517e-15
4287.91382169724 5.340548694109953e-15
4291.76928806305 4.965565362627936e-15
4295.62475442886 5.018501907902952e-15
4299.48022079468 5.2734696065773614e-15
4303.33568716049 5.1325654480228666e-15
4307.19115352631 5.270329009858446e-15
4311.04661989212 5.297127160384753e-15
4314.90208625794 5.308013375037492e-15
4318.75755262375 5.583831440559006e-15
4322.61301898957 5.4527364169712405e-15
4326.46848535538 5.382540558588325e-15
4330.32395172119 5.1832842856247424e-15
4334.17941808701 5.1441514424913485e-15
4338.03488445282 5.6877675084055174e-15
4341.89035081864 5.714623921327352e-15
4345.74581718445 5.625735060222491e-15
4349.60128355026 4.652023302531988e-15
4353.45674991608 5.837430817602229e-15
4357.31221628189 6.709215865789564e-15
4361.16768264771 6.512553231373934e-15
4365.02314901352 5.605879780523368e-15
4368.87861537934 5.1831640642078634e-15
4372.73408174515 5.489312249713931e-15
4376.58954811096 6.103189283567361e-15
4380.44501447678 6.571400965071089e-15
4384.30048084259 7.3064683288954e-15
4388.15594720841 7.937294141979167e-15
4392.01141357422 7.406848336211681e-15
4395.86687994003 6.5590056361285445e-15
4399.72234630585 6.381626453015962e-15
4403.57781267166 5.971449013321693e-15
4407.43327903748 5.912593042998213e-15
4411.28874540329 5.68946965279303e-15
4415.14421176911 5.574988327670534e-15
4418.99967813492 5.760043969524109e-15
4422.85514450073 5.8472528807393796e-15
4426.71061086655 5.511346689815899e-15
4430.56607723236 5.237439779693553e-15
4434.42154359818 5.1035559550357626e-15
4438.27700996399 5.112508367558459e-15
4442.13247632981 5.358239851420906e-15
4445.98794269562 5.3450231766593204e-15
4449.84340906143 5.698006245861409e-15
4453.69887542725 5.314798866309102e-15
4457.55434179306 5.166798828312486e-15
4461.40980815888 5.1831432814138614e-15
4465.26527452469 5.292931633503334e-15
4469.12074089051 5.598977338073037e-15
4472.97620725632 5.6073076363457246e-15
4476.83167362213 5.6037114660355584e-15
4480.68713998795 5.732327644714659e-15
4484.54260635376 5.40430551791772e-15
4488.39807271958 5.425394477192234e-15
4492.25353908539 5.585215084394257e-15
4496.1090054512 5.3312750710586626e-15
4499.96447181702 5.077694503248015e-15
4503.81993818283 5.086387891350274e-15
4507.67540454865 5.2144348575137855e-15
4511.53087091446 5.2678769128873205e-15
4515.38633728028 5.529964213237806e-15
4519.24180364609 5.66669475127595e-15
4523.0972700119 5.906929185801742e-15
4526.95273637772 5.645698489260508e-15
4530.80820274353 5.204204426824473e-15
4534.66366910935 5.433165841167942e-15
4538.51913547516 5.717427366988041e-15
4542.37460184098 5.15746487666824e-15
4546.23006820679 5.26247161850501e-15
4550.0855345726 5.2564299044353895e-15
4553.94100093842 5.200658619868746e-15
4557.79646730423 5.2112305459637474e-15
4561.65193367005 5.735801576379779e-15
4565.50740003586 5.313916555636692e-15
4569.36286640168 5.376942738206956e-15
4573.21833276749 5.169911810663181e-15
4577.0737991333 5.272854363957493e-15
4580.92926549912 5.47384716113107e-15
4584.78473186493 5.330358508443099e-15
4588.64019823075 5.245966728056391e-15
4592.49566459656 5.160617726000605e-15
4596.35113096237 5.562166412711614e-15
4600.20659732819 5.642690573739087e-15
4604.062063694 5.224743880758928e-15
4607.91753005982 5.176099732700094e-15
4611.77299642563 5.311803344535268e-15
4615.62846279145 5.329318193096616e-15
4619.48392915726 5.074402503229059e-15
4623.33939552307 5.2838347795458485e-15
4627.19486188889 5.183425111375753e-15
4631.0503282547 5.2465166896892784e-15
4634.90579462052 5.275112063726183e-15
4638.76126098633 4.915203233437402e-15
4642.61672735215 5.1555119465473574e-15
4646.47219371796 5.257594464326171e-15
4650.32766008377 5.3415166105654996e-15
4654.18312644959 5.080022021710116e-15
4658.0385928154 5.192456732487998e-15
4661.89405918122 5.148896654906056e-15
4665.74952554703 5.2563003237705285e-15
4669.60499191284 5.3486845569910265e-15
4673.46045827866 5.5714003111953764e-15
4677.31592464447 5.314344258599936e-15
4681.17139101029 5.3411566514213664e-15
4685.0268573761 5.3378972248577044e-15
4688.88232374191 5.4224209219681126e-15
4692.73779010773 5.347709363230218e-15
4696.59325647354 5.669792778387473e-15
4700.44872283936 5.629478226978431e-15
4704.30418920517 5.5699227983432e-15
4708.15965557099 5.348146960600634e-15
4712.0151219368 5.425084370804243e-15
4715.87058830262 5.267760836321447e-15
4719.72605466843 5.244919307056813e-15
4723.58152103424 5.152505576368115e-15
4727.43698740006 5.157018825036872e-15
4731.29245376587 5.19443637984173e-15
4735.14792013169 5.063307659085205e-15
4739.0033864975 5.283281633710487e-15
4742.85885286331 5.372917035469606e-15
4746.71431922913 5.486946939303368e-15
4750.56978559494 5.35959727951735e-15
4754.42525196076 5.1396818325112775e-15
4758.28071832657 5.043182870627056e-15
4762.13618469239 5.081412769767892e-15
4765.9916510582 5.250211167822547e-15
4769.84711742401 5.3219067723184404e-15
4773.70258378983 5.2934933136314574e-15
4777.55805015564 5.225474615657042e-15
4781.41351652146 5.2397191037764184e-15
4785.26898288727 5.173576811649441e-15
4789.12444925308 4.852897066031305e-15
4792.9799156189 4.8189576576013195e-15
4796.83538198471 5.162737921015018e-15
4800.69084835053 5.091594324315739e-15
4804.54631471634 5.0045138292721195e-15
4808.40178108216 5.167718782905825e-15
4812.25724744797 5.040355884687515e-15
4816.11271381378 4.8679833376581615e-15
4819.9681801796 5.016405599861692e-15
4823.82364654541 5.139485233027879e-15
4827.67911291123 5.097299430153757e-15
4831.53457927704 5.1788346213853026e-15
4835.39004564286 4.916426197027765e-15
4839.24551200867 4.925292667641884e-15
4843.10097837448 4.912568410291447e-15
4846.9564447403 5.071700330939847e-15
4850.81191110611 5.208916850361062e-15
4854.66737747193 5.101139533597218e-15
4858.52284383774 4.96517242844163e-15
4862.37831020356 4.9686325234920766e-15
4866.23377656937 5.376076651372972e-15
4870.08924293518 5.199406145630348e-15
4873.944709301 5.2526521665917725e-15
4877.80017566681 5.156506408769386e-15
4881.65564203263 5.587998361059454e-15
4885.51110839844 5.896429420894747e-15
4889.36657476425 5.9565614108816274e-15
4893.22204113007 6.132879967491197e-15
4897.07750749588 6.603785339516672e-15
4900.9329738617 7.082945334147829e-15
4904.78844022751 8.589280525279297e-15
4908.64390659332 1.0632154412250333e-14
4912.49937295914 1.2416165614347488e-14
4916.35483932495 1.2430965722948393e-14
4920.21030569077 9.344267913479266e-15
4924.06577205658 7.876814476229082e-15
4927.9212384224 7.1000864634913836e-15
4931.77670478821 6.463824635737686e-15
4935.63217115403 6.163856280347766e-15
4939.48763751984 6.07828488210905e-15
4943.34310388565 5.7890562525807436e-15
4947.19857025147 5.537584775837979e-15
4951.05403661728 5.4277495307873936e-15
4954.9095029831 5.5162829116875644e-15
4958.76496934891 5.506692531156376e-15
4962.62043571473 5.442120290664293e-15
4966.47590208054 5.179918498560331e-15
4970.33136844635 5.0802907545608855e-15
4974.18683481217 4.983369904798278e-15
4978.04230117798 5.040028984145936e-15
4981.8977675438 5.208924667556572e-15
4985.75323390961 5.339911972111802e-15
4989.60870027542 5.159099667612812e-15
4993.46416664124 4.808480966294507e-15
4997.31963300705 4.851240667150372e-15
5001.17509937287 5.027562267066218e-15
5005.03056573868 5.148397921327787e-15
5008.8860321045 5.200283029806587e-15
5012.74149847031 5.048307044142121e-15
5016.59696483612 4.809140035659696e-15
5020.45243120194 4.7152655429048665e-15
5024.30789756775 4.943378046819936e-15
5028.16336393357 5.023356262458412e-15
5032.01883029938 5.05196358599352e-15
5035.8742966652 4.997177073787805e-15
5039.72976303101 4.936659471928586e-15
5043.58522939682 5.084152999230738e-15
5047.44069576264 4.872771379361496e-15
5051.29616212845 3.797968903607321e-15
5055.15162849427 3.709538397440952e-15
5059.00709486008 4.4116468200978026e-15
5062.86256122589 5.588305780495957e-15
5066.71802759171 5.376959156944048e-15
5070.57349395752 5.308322555702215e-15
5074.42896032334 5.289462027229166e-15
5078.28442668915 5.402100422400405e-15
5082.13989305497 5.286857567462028e-15
5085.99535942078 5.180781295104899e-15
5089.85082578659 5.215165616426062e-15
5093.70629215241 5.202516857350208e-15
5097.56175851822 5.207601536513704e-15
5101.41722488404 5.282885765113211e-15
5105.27269124985 5.211000459312243e-15
5109.12815761567 5.103078654675506e-15
5112.98362398148 5.164342093123311e-15
5116.83909034729 4.982041354903285e-15
5120.69455671311 5.10336701001267e-15
5124.55002307892 5.025717296317212e-15
5128.40548944474 4.913496769127327e-15
5132.26095581055 4.992071179731566e-15
5136.11642217636 4.918829109356285e-15
5139.97188854218 4.848625780365445e-15
5143.82735490799 4.808259397875323e-15
5147.68282127381 4.7764235991150414e-15
5151.53828763962 4.987442405462612e-15
5155.39375400544 5.0183390790705645e-15
5159.24922037125 4.91784897090737e-15
5163.10468673706 4.697558925743872e-15
5166.96015310288 4.622499646664207e-15
5170.81561946869 4.702185663221896e-15
5174.67108583451 4.7854570258881146e-15
5178.52655220032 4.7190114702842825e-15
5182.38201856614 4.679556930225674e-15
5186.23748493195 4.7605521332593595e-15
5190.09295129776 4.679511689727357e-15
5193.94841766358 4.592445541147652e-15
5197.80388402939 4.722251010295676e-15
5201.65935039521 4.869914941917532e-15
5205.51481676102 4.8276503973900886e-15
5209.37028312684 4.8560515736861106e-15
5213.22574949265 4.762588997175976e-15
5217.08121585846 4.7774611235874025e-15
5220.93668222428 4.683664380475314e-15
5224.79214859009 4.5874021468126335e-15
5228.64761495591 4.593904121774067e-15
5232.50308132172 4.5757961379069996e-15
5236.35854768753 4.626755819287835e-15
5240.21401405335 4.560145733708697e-15
5244.06948041916 4.5099006515764415e-15
5247.92494678498 4.4915909331855764e-15
5251.78041315079 4.594890025969817e-15
5255.63587951661 4.6711213296957196e-15
5259.49134588242 4.5023275458540725e-15
5263.34681224823 4.5528213086722424e-15
5267.20227861405 4.725839908530955e-15
5271.05774497986 4.733413499271842e-15
5274.91321134568 4.745956968390843e-15
5278.76867771149 4.696660842395588e-15
5282.62414407731 4.6516942718185016e-15
5286.47961044312 4.544263708559352e-15
5290.33507680893 4.589260287516735e-15
5294.19054317475 4.686994717517514e-15
5298.04600954056 4.722493615099365e-15
5301.90147590638 4.7412994384957086e-15
5305.75694227219 4.616578602605493e-15
5309.61240863801 4.6399918409903805e-15
5313.46787500382 4.763164625413096e-15
5317.32334136963 4.551150897404248e-15
5321.17880773545 4.514631325261438e-15
5325.03427410126 4.665173119464406e-15
5328.88974046707 4.670299002901664e-15
5332.74520683289 4.682725936012142e-15
5336.6006731987 4.782552353281558e-15
5340.45613956452 4.751839826228301e-15
5344.31160593033 4.656672376229729e-15
5348.16707229615 4.66255994853172e-15
5352.02253866196 4.748486567234343e-15
5355.87800502777 4.80327725010282e-15
5359.73347139359 4.6879295240079456e-15
5363.5889377594 4.813671666063637e-15
5367.44440412522 4.713361430486198e-15
5371.29987049103 4.850762778753306e-15
5375.15533685685 4.768516226085289e-15
5379.01080322266 4.756114292914392e-15
5382.86626958847 4.645653571398616e-15
5386.72173595429 4.619054178857426e-15
5390.5772023201 4.530641003748014e-15
5394.43266868592 4.531748448400829e-15
5398.28813505173 4.6184800560152246e-15
5402.14360141755 4.574427785711371e-15
5405.99906778336 4.6349740067069346e-15
5409.85453414918 4.635855089646169e-15
5413.71000051499 4.569392049589838e-15
5417.5654668808 4.567274000890429e-15
5421.42093324662 4.6588356027918014e-15
5425.27639961243 4.742280081118177e-15
5429.13186597825 4.740909859364283e-15
5432.98733234406 4.8762275098226045e-15
5436.84279870987 4.669383383883958e-15
5440.69826507569 4.522400686711612e-15
5444.5537314415 4.471218135083293e-15
5448.40919780732 4.478861719666195e-15
5452.26466417313 4.288381456217775e-15
5456.12013053894 4.571482646324408e-15
5459.97559690476 5.174572986684023e-15
5463.83106327057 5.11201838210307e-15
5467.68652963639 4.8672471319154695e-15
5471.5419960022 4.2511653214119996e-15
5475.39746236802 4.4471009570817635e-15
5479.25292873383 4.7112007918883535e-15
5483.10839509964 4.658433778447321e-15
5486.96386146546 4.670392595916659e-15
5490.81932783127 4.600970186704884e-15
5494.67479419709 4.545366206385422e-15
5498.5302605629 4.72895405321559e-15
5502.38572692872 4.681032141714928e-15
5506.24119329453 4.363368490340973e-15
5510.09665966034 4.2353455416607886e-15
5513.95212602616 4.421457031097217e-15
5517.80759239197 4.5788708732772596e-15
5521.66305875779 4.5491594642733274e-15
5525.5185251236 4.52784697437577e-15
5529.37399148941 4.4448018394721405e-15
5533.22945785523 4.424845478599617e-15
5537.08492422104 4.596435528384701e-15
5540.94039058686 4.737820179040721e-15
5544.79585695267 4.8046841741034216e-15
5548.65132331849 4.7533939759221995e-15
5552.5067896843 4.548790152755417e-15
5556.36225605011 4.542694575964375e-15
5560.21772241593 4.647147322394147e-15
5564.07318878174 4.33365875112096e-15
5567.92865514756 3.240869533401127e-15
5571.78412151337 4.0094795478770324e-15
5575.63958787919 6.463139030427607e-15
5579.495054245 6.084464123657327e-15
5583.35052061081 4.932697343106217e-15
5587.20598697663 2.6903994108325817e-15
5591.06145334244 4.471712509150376e-15
5594.91691970826 4.5608249192847175e-15
5598.77238607407 4.418931254418709e-15
5602.62785243989 4.530528692131902e-15
5606.4833188057 4.532527563181615e-15
5610.33878517151 4.552501235852853e-15
5614.19425153733 4.442534642687017e-15
5618.04971790314 4.414915282796144e-15
5621.90518426896 4.5252841124605196e-15
5625.76065063477 4.561879601471809e-15
5629.61611700059 4.53277951793645e-15
5633.4715833664 4.489400557162374e-15
5637.32704973221 4.471877167880551e-15
5641.18251609803 4.2662825303760105e-15
5645.03798246384 4.378995052140325e-15
5648.89344882966 4.425610832216255e-15
5652.74891519547 4.260434145133465e-15
5656.60438156128 4.2525346374024006e-15
5660.4598479271 4.42774600461329e-15
5664.31531429291 4.3502755390457885e-15
5668.17078065873 4.3025082386156155e-15
5672.02624702454 4.317913111970348e-15
5675.88171339036 4.3256869914968376e-15
5679.73717975617 4.256933477148023e-15
5683.59264612198 4.512051479376949e-15
5687.4481124878 4.9021750096777066e-15
5691.30357885361 4.484113183673067e-15
5695.15904521943 4.09279011085398e-15
5699.01451158524 4.05133390259255e-15
5702.86997795106 4.131550577436063e-15
5706.72544431687 4.372320533849129e-15
5710.58091068268 4.518146166972795e-15
5714.4363770485 4.484651301678654e-15
5718.29184341431 4.396583892680823e-15
5722.14730978013 4.456021830075586e-15
5726.00277614594 4.320767280387699e-15
5729.85824251175 4.35407148124698e-15
5733.71370887757 4.238375628125645e-15
5737.56917524338 4.177047161550828e-15
5741.4246416092 4.233352597609171e-15
5745.28010797501 4.341163314747229e-15
5749.13557434082 4.372514946702537e-15
5752.99104070664 4.365034530563096e-15
5756.84650707245 4.3429179641771135e-15
5760.70197343827 4.342054777976701e-15
5764.55743980408 4.4121198129120276e-15
5768.4129061699 4.4772206669644905e-15
5772.26837253571 4.350563712711927e-15
5776.12383890152 4.251017786505539e-15
5779.97930526734 4.09368223958427e-15
5783.83477163315 4.102647110629677e-15
5787.69023799897 4.521851730022207e-15
5791.54570436478 4.658576970218981e-15
5795.4011707306 4.498773644835514e-15
5799.25663709641 4.404572144466981e-15
5803.11210346223 4.431437378505848e-15
5806.96756982804 4.542257821574534e-15
5810.82303619385 4.906393409750108e-15
5814.67850255967 5.463976093494264e-15
5818.53396892548 5.4472651369180545e-15
5822.3894352913 4.834202828620179e-15
5826.24490165711 4.452590776792289e-15
5830.10036802292 4.354072200894081e-15
5833.95583438874 4.430496082726463e-15
5837.81130075455 4.487470518163061e-15
5841.66676712037 4.205646918441567e-15
5845.52223348618 4.1395544981509e-15
5849.37769985199 4.2162313109062206e-15
5853.23316621781 4.2341665854034185e-15
5857.08863258362 4.295198879816354e-15
5860.94409894944 4.2672036517806615e-15
5864.79956531525 4.404043949599293e-15
5868.65503168107 4.70154108592378e-15
5872.51049804688 4.626063606952239e-15
5876.36596441269 4.292592023454586e-15
5880.22143077851 4.210201160554144e-15
5884.07689714432 4.100925086087951e-15
5887.93236351014 4.065015707474533e-15
5891.78782987595 3.83108478473925e-15
5895.64329624177 3.88342610509063e-15
5899.49876260758 4.0241166767454354e-15
5903.35422897339 4.24071709104216e-15
5907.20969533921 4.339366604686261e-15
5911.06516170502 4.269254406523602e-15
5914.92062807084 4.414556262922194e-15
5918.77609443665 4.556320794090018e-15
5922.63156080246 4.50101238168176e-15
5926.48702716828 5.403066644251011e-15
5930.34249353409 6.4974227323348785e-15
5934.19795989991 6.884431117509683e-15
5938.05342626572 7.01984409981077e-15
5941.90889263154 6.097113717252683e-15
5945.76435899735 5.101606925390645e-15
5949.61982536317 4.704612107201198e-15
5953.47529172898 4.65511466797669e-15
5957.33075809479 4.611380963153688e-15
5961.18622446061 4.60638515336006e-15
5965.04169082642 4.648767998209533e-15
5968.89715719224 4.57630424027449e-15
5972.75262355805 4.347263995480117e-15
5976.60808992386 4.246690876435611e-15
5980.46355628968 4.323504214805416e-15
5984.31902265549 4.311914709300851e-15
5988.17448902131 4.1043722586874045e-15
5992.02995538712 4.147816059844274e-15
5995.88542175294 4.138071142779873e-15
5999.74088811875 4.155301890672343e-15
6003.59635448456 4.2571141287890404e-15
6007.45182085038 4.26789901904892e-15
6011.30728721619 4.29335496564003e-15
6015.16275358201 4.273268164424966e-15
6019.01821994782 4.341627949667037e-15
6022.87368631364 4.324684868564844e-15
6026.72915267945 4.218263758846508e-15
6030.58461904526 4.247554553399354e-15
6034.44008541108 4.105121455090321e-15
6038.29555177689 4.086209336385572e-15
6042.15101814271 4.077725214185161e-15
6046.00648450852 4.147758664895209e-15
6049.86195087434 4.0738668079994415e-15
6053.71741724015 4.001615276416419e-15
6057.57288360596 4.193917713301101e-15
6061.42834997178 4.1819928086770205e-15
6065.28381633759 4.077120562841003e-15
6069.13928270341 4.097920000062946e-15
6072.99474906922 4.047089337964657e-15
6076.85021543503 4.065476132791322e-15
6080.70568180085 4.099425986728727e-15
6084.56114816666 4.021982695666384e-15
6088.41661453248 4.034061835545028e-15
6092.27208089829 4.061600239959477e-15
6096.12754726411 3.981424972965398e-15
6099.98301362992 3.978078214234401e-15
6103.83847999573 4.122800828159479e-15
6107.69394636155 4.124158377554311e-15
6111.54941272736 3.963591718021935e-15
6115.40487909318 3.965580367486697e-15
6119.26034545899 4.072713257631998e-15
6123.1158118248 4.054950018794762e-15
6126.97127819062 4.0693108060218704e-15
6130.82674455643 4.013447606684628e-15
6134.68221092225 4.004325834501662e-15
6138.53767728806 3.875659097994775e-15
6142.39314365388 3.877578997349385e-15
6146.24861001969 4.0260562958684795e-15
6150.1040763855 3.8926459706353626e-15
6153.95954275132 3.8426812919425835e-15
6157.81500911713 4.071573309246498e-15
6161.67047548295 4.091121835546284e-15
6165.52594184876 4.026643991903926e-15
6169.38140821457 3.890259434423008e-15
6173.23687458039 3.849146445463961e-15
6177.0923409462 3.826480665742128e-15
6180.94780731202 3.72746066447016e-15
6184.80327367783 3.74302034534695e-15
6188.65874004365 3.7771406394894985e-15
6192.51420640946 3.805857697748634e-15
6196.36967277528 3.805467308580898e-15
6200.22513914109 3.832937405504341e-15
6204.0806055069 3.840040027116862e-15
6207.93607187272 3.7532212132210055e-15
6211.79153823853 3.8210047825630086e-15
6215.64700460435 3.8850654550026205e-15
6219.50247097016 3.877773926719041e-15
6223.35793733597 3.8829499408539275e-15
6227.21340370179 3.884343020201938e-15
6231.0688700676 3.842545069793708e-15
6234.92433643342 3.9061596518177844e-15
6238.77980279923 3.88876487499287e-15
6242.63526916505 3.863004843309168e-15
6246.49073553086 3.941319660109253e-15
6250.34620189667 3.824590114759215e-15
6254.20166826249 3.7935396969380796e-15
6258.0571346283 3.865258707155482e-15
6261.91260099412 3.85346213306117e-15
6265.76806735993 3.749717102231423e-15
6269.62353372574 3.8431116208578254e-15
6273.47900009156 3.733520137735837e-15
6277.33446645737 3.557704496275468e-15
6281.18993282319 3.390024036428262e-15
6285.045399189 3.3889817821060048e-15
6288.90086555482 3.5475370287111166e-15
6292.75633192063 3.630689843962226e-15
6296.61179828644 3.914512848534521e-15
6300.46726465226 4.037742325529434e-15
6304.32273101807 3.998517900365305e-15
6308.17819738389 3.570028282393935e-15
6312.0336637497 3.667287959300003e-15
6315.88913011551 1.5341883862076994e-15
6319.74459648133 -3.363436528741639e-16
6323.60006284714 -5.678652844321545e-16
6327.45552921296 1.5312724250477264e-15
6331.31099557877 3.562925623715748e-15
6335.16646194459 3.7475866858206114e-15
6339.0219283104 3.563864336749679e-15
6342.87739467621 3.684546768932227e-15
6346.73286104203 3.678229332925819e-15
6350.58832740784 3.7070137629556e-15
6354.44379377366 3.632454701812399e-15
6358.29926013947 3.793855721021323e-15
6362.15472650529 3.916445703348693e-15
6366.0101928711 3.779040510616788e-15
6369.86565923692 3.731835348616896e-15
6373.72112560273 3.797246276502952e-15
6377.57659196854 3.899166254294042e-15
6381.43205833436 3.930464068491776e-15
6385.28752470017 3.899336866136616e-15
6389.14299106599 3.809083882269202e-15
6392.9984574318 3.776383342294249e-15
6396.85392379761 3.797357503617371e-15
6400.70939016343 3.6833417002458194e-15
6404.56485652924 3.750647334275906e-15
6408.42032289506 3.796513173760934e-15
6412.27578926087 3.865239638123385e-15
6416.13125562668 3.88957301845548e-15
6419.9867219925 3.815935520140755e-15
6423.84218835831 3.8077319310024415e-15
6427.69765472413 3.749636180182423e-15
6431.55312108994 3.776225344508905e-15
6435.40858745576 3.886109397266849e-15
6439.26405382157 3.843935002109842e-15
6443.11952018738 3.770732740655979e-15
6446.9749865532 3.787409729070168e-15
6450.83045291901 3.866331531588146e-15
6454.68591928483 3.872831974844754e-15
6458.54138565064 3.607108785083057e-15
6462.39685201646 3.624134736948707e-15
6466.25231838227 3.6103700703377e-15
6470.10778474808 3.4926820249071907e-15
6473.9632511139 3.4335831605854e-15
6477.81871747971 3.4214205180467206e-15
6481.67418384553 3.4119168320286112e-15
6485.52965021134 3.4409671783403133e-15
6489.38511657715 3.459262260600351e-15
6493.24058294297 3.626984355790799e-15
6497.09604930878 3.675855576424866e-15
6500.9515156746 3.6979637515370394e-15
6504.80698204041 3.633684369564127e-15
6508.66244840622 3.615770459444654e-15
6512.51791477204 3.542456361172302e-15
6516.37338113785 3.4973677800155613e-15
6520.22884750367 3.461458120421955e-15
6524.08431386948 3.536902282909905e-15
6527.9397802353 3.594042101086584e-15
6531.79524660111 3.684077373887691e-15
6535.65071296692 3.739376998996773e-15
6539.50617933274 3.7705831484637e-15
6543.36164569855 3.752234193822101e-15
6547.21711206437 3.794009416770363e-15
6551.07257843018 3.6435329497282285e-15
6554.928044796 3.777360389445825e-15
6558.78351116181 3.892865722124141e-15
6562.63897752762 3.853208841000895e-15
6566.49444389344 3.912787500971789e-15
6570.34991025925 3.945844887888635e-15
6574.20537662507 3.991957449296214e-15
6578.06084299088 4.143928731732389e-15
6581.9163093567 4.232572729258069e-15
6585.77177572251 4.373596857361622e-15
6589.62724208832 4.529566531174994e-15
6593.48270845414 4.842368985695232e-15
6597.33817481995 5.163253642826289e-15
6601.19364118577 5.520624145080242e-15
6605.04910755158 6.331278790019485e-15
6608.90457391739 7.018287483558682e-15
6612.76004028321 8.082302833113226e-15
6616.61550664902 9.508532971713939e-15
6620.47097301484 1.1792716357584877e-14
6624.32643938065 1.5196553185565786e-14
6628.18190574647 2.2254667979397836e-14
6632.03737211228 2.6195984450259513e-14
6635.8928384781 1.9997444682125254e-14
6639.74830484391 1.2477197926160334e-14
6643.60377120972 1.026165115904975e-14
6647.45923757554 9.0787602280543e-15
6651.31470394135 8.576664476252782e-15
6655.17017030716 7.720482276123759e-15
6659.02563667298 6.518253636107311e-15
6662.88110303879 5.7035529887287006e-15
6666.73656940461 5.307086869439515e-15
6670.59203577042 4.9280421786020295e-15
6674.44750213624 4.693235063287114e-15
6678.30296850205 4.47189262378207e-15
6682.15843486787 4.4729313580071335e-15
6686.01390123368 4.390694262354081e-15
6689.86936759949 4.240410595077469e-15
6693.72483396531 4.141007954607466e-15
6697.58030033112 4.039489377589326e-15
6701.43576669694 4.014109225005759e-15
6705.29123306275 3.971134351947139e-15
6709.14669942856 3.903358926441099e-15
6713.00216579438 3.825674740462978e-15
6716.85763216019 3.896003484042465e-15
6720.71309852601 3.876407451738112e-15
6724.56856489182 3.862489445356235e-15
6728.42403125764 3.891097035611552e-15
6732.27949762345 3.774064628160272e-15
6736.13496398926 3.763541541141563e-15
6739.99043035508 3.8643524776342875e-15
6743.84589672089 4.218142116661284e-15
6747.70136308671 4.407814883863425e-15
6751.55682945252 4.4954133182006765e-15
6755.41229581833 4.061180469052614e-15
6759.26776218415 3.988368768299898e-15
6763.12322854996 3.939943924659703e-15
6766.97869491578 3.750456570411779e-15
6770.83416128159 3.888232082877203e-15
6774.68962764741 3.8788344415442165e-15
6778.54509401322 3.855853156975415e-15
6782.40056037904 4.013348268348252e-15
6786.25602674485 4.177663960546392e-15
6790.11149311066 4.0394842647325785e-15
6793.96695947648 3.843333196229444e-15
6797.82242584229 3.8667552001861394e-15
6801.67789220811 3.8909035891435064e-15
6805.53335857392 3.697373131435177e-15
6809.38882493973 3.488977498859797e-15
6813.24429130555 3.6142290660310125e-15
6817.09975767136 3.681764037592637e-15
6820.95522403718 3.531705675854981e-15
6824.81069040299 3.5279449564282285e-15
6828.66615676881 3.578101553614455e-15
6832.52162313462 3.6378678323619045e-15
6836.37708950043 3.5154281683376196e-15
6840.23255586625 3.435838455437608e-15
6844.08802223206 3.3709939706467366e-15
6847.94348859788 3.4651566358441576e-15
6851.79895496369 3.438307531551748e-15
6855.65442132951 3.3328665369471267e-15
6859.50988769532 3.5360029480321803e-15
6863.36535406113 3.411744377974174e-15
6867.22082042695 3.0492638569301055e-15
6871.07628679276 2.4755252800019436e-15
6874.93175315858 2.616883905885397e-15
6878.78721952439 2.9508962529153737e-15
6882.6426858902 3.193845727449661e-15
6886.49815225602 3.122831183973199e-15
6890.35361862183 3.047288695299053e-15
6894.20908498765 3.1153606427186818e-15
6898.06455135346 3.202873624508617e-15
6901.92001771927 3.139540346586373e-15
6905.77548408509 3.1720083136933836e-15
6909.6309504509 2.9834177948456675e-15
6913.48641681672 2.475426702810195e-15
6917.34188318253 2.5398866942374387e-15
6921.19734954835 2.5794010638962856e-15
6925.05281591416 3.2547615238695463e-15
6928.90828227998 3.2365640057087966e-15
6932.76374864579 3.094632974463677e-15
6936.6192150116 3.2097305702621867e-15
6940.47468137742 3.061751754995833e-15
6944.33014774323 3.112786944362816e-15
6948.18561410905 3.1558117188040545e-15
6952.04108047486 3.1393563860683867e-15
