4799.999999999995 4.2972685296374737e-16
4803.513513565059 6.717562053484747e-16
4807.027027130122 5.186979192852156e-16
4810.540540695186 2.7658663110308387e-16
4814.054054260249 7.827281192250109e-17
4817.567567825313 9.987026479559863e-17
4821.081081390376 1.2860667933134425e-16
4824.59459495544 2.2738564032408563e-16
4828.108108520503 3.6173316335866463e-16
4831.621622085567 2.231759669370038e-16
4835.13513565063 1.3288834943982756e-16
4838.648649215694 2.355442305967441e-16
4842.162162780757 1.5838192231644828e-16
4845.675676345821 2.3815817524266633e-16
4849.189189910884 1.3544848293030308e-16
4852.702703475948 -4.661655303146194e-17
4856.216217041011 3.299293587923577e-16
4859.729730606075 3.4531180844237457e-16
4863.243244171138 4.489761191697112e-17
4866.7567577362015 1.2576785074508783e-17
4870.270271301265 1.6539361050525378e-16
4873.7837848663285 9.791104365309195e-17
4877.297298431392 2.4535995713587333e-17
4880.810811996455 1.2264973970652856e-16
4884.324325561519 1.4958877080844221e-16
4887.837839126582 4.339955601595333e-17
4891.351352691646 7.09834658496907e-17
4894.864866256709 1.5310027781818696e-16
4898.378379821773 3.0357848922351758e-16
4901.891893386836 3.2990520815607865e-16
4905.405406951901 6.382358996656214e-17
4908.918920516964 1.528981843086201e-16
4912.432434082028 3.796477061461976e-16
4915.945947647091 3.24420164928963e-16
4919.459461212155 2.3503489889608935e-16
4922.972974777218 2.2190400420522349e-16
4926.4864883422815 1.6783773926899415e-16
4930.000001907345 2.566886969479971e-16
4933.5135154724085 2.0801287294399108e-16
4937.027029037472 7.832540243912252e-17
4940.540542602535 9.589215975538588e-17
4944.054056167599 1.0788909016676198e-16
4947.567569732662 1.8884303123436566e-16
4951.081083297726 2.564178352158796e-16
4954.594596862789 2.7810931025349397e-16
4958.108110427853 2.505441215643443e-16
4961.621623992916 1.864525384994438e-16
4965.13513755798 1.8836243401095992e-16
4968.648651123043 3.6460179998430415e-16
4972.162164688107 4.2011449433498786e-16
4975.67567825317 1.9289029068101678e-16
4979.189191818234 2.8753921686103108e-16
4982.702705383297 2.937082924552562e-16
4986.216218948361 1.6743580617255627e-16
4989.729732513424 3.1346463127244933e-16
4993.243246078488 3.0334844935160354e-16
4996.756759643551 2.272008579335314e-16
5000.2702732086145 3.133027542566996e-16
5003.783786773678 2.6343487362417627e-16
5007.2973003387415 2.1621443839281155e-16
5010.810813903805 1.9472032385253447e-16
5014.324327468868 2.654934685677971e-16
5017.837841033932 4.350725550430331e-16
5021.351354598995 2.7905796638458807e-16
5024.864868164059 1.3198140585750077e-16
5028.378381729122 1.367452755130902e-16
5031.891895294186 1.0162204050939451e-16
5035.405408859249 2.570375236559049e-16
5038.918922424313 4.145775332436053e-16
5042.432435989376 2.0409297450736823e-16
5045.94594955444 5.542971000548201e-17
5049.459463119503 1.0804605725464558e-16
5052.972976684567 1.3103844552129214e-16
5056.48649024963 1.139806041104972e-16
5060.000003814694 1.2698558700519876e-16
5063.513517379757 5.222578868336339e-17
5067.027030944821 -3.959414142162566e-17
5070.540544509884 5.0238339629548405e-17
5074.0540580749475 2.1691749206912794e-16
5077.567571640011 4.0445672649777525e-17
5081.0810852050745 1.0983692718119577e-17
5084.594598770138 2.885569909069721e-16
5088.108112335201 2.9471561222963734e-16
5091.621625900265 1.0095243198134936e-16
5095.135139465328 -4.146997680303388e-19
5098.648653030392 1.2124510267668797e-16
5102.162166595455 1.8190654956307974e-16
5105.675680160519 6.708206208928771e-17
5109.189193725582 1.0120716083568228e-16
5112.702707290646 1.0833946391935909e-16
5116.216220855709 1.2580020724728982e-16
5119.729734420773 1.7797763339284226e-16
5123.243247985836 2.0688171984992107e-16
5126.7567615509 2.5748536835107656e-16
5130.270275115963 1.4277843837488952e-16
5133.783788681027 9.809402035309022e-17
5137.29730224609 1.5633136030498075e-16
5140.810815811154 2.348048621630476e-16
5144.324329376217 1.9135733728712086e-16
5147.8378429412805 -3.59347615497501e-18
5151.351356506344 7.102676565525035e-17
5154.8648700714075 1.7808482191476312e-16
5158.378383636471 6.299678888531071e-17
5161.891897201534 4.4857682935205756e-17
5165.405410766598 5.947981385992616e-17
5168.918924331661 3.8153205260987725e-17
5172.432437896725 2.4035380723439895e-17
5175.945951461788 1.549873638769765e-16
5179.459465026852 3.9163314418082173e-16
5182.972978591915 3.921222709004459e-16
5186.486492156979 2.5651758648336105e-16
5190.000005722042 2.976480676422515e-16
5193.513519287106 2.762162381498291e-16
5197.027032852169 1.3176105594497167e-16
5200.540546417233 6.707021053733566e-17
5204.054059982296 1.4954873523714583e-16
5207.56757354736 2.444146549867136e-16
5211.081087112423 1.812162092889306e-16
5214.594600677487 1.694577396550741e-16
5218.10811424255 1.596582442397899e-16
5221.621627807614 9.79572428022931e-17
5225.135141372677 1.4328886493064294e-16
5228.6486549377405 2.2687800736100055e-16
5232.162168502804 2.223237527732243e-16
5235.6756820678675 2.556953964372013e-16
5239.189195632931 2.2538888623497753e-16
5242.702709197994 6.612160774213592e-17
5246.216222763058 -1.8285611143694632e-17
5249.729736328121 1.9171577071610474e-17
5253.243249893185 1.507831922558581e-16
5256.756763458248 1.9094479401224066e-16
5260.270277023312 1.7205533242524257e-16
5263.783790588375 2.015820810455903e-16
5267.297304153439 1.1664477955675127e-16
5270.810817718502 9.558169748798662e-17
5274.324331283566 1.8054208490413633e-16
5277.837844848629 1.5878573199075618e-16
5281.351358413693 8.592542139614543e-17
5284.864871978756 2.9990624285413344e-17
5288.37838554382 6.955978604583494e-17
5291.891899108883 2.1026246352226632e-16
5295.405412673947 1.6713429969345038e-16
5298.91892623901 1.2639203379856102e-16
5302.4324398040735 3.187170232388364e-16
5305.945953369137 2.8376845940713213e-16
5309.4594669342005 8.155945349884724e-17
5312.972980499264 6.530700017968097e-17
5316.486494064327 1.5593783174253334e-16
5320.000007629391 1.9360908099587553e-16
5323.513521194454 1.6990606761698788e-16
5327.027034759518 9.749858369166823e-17
5330.540548324581 4.07572376095261e-17
5334.054061889645 9.193104580743635e-17
5337.567575454708 1.298509546716438e-16
5341.081089019772 1.2027184580751684e-16
5344.594602584835 4.701762084491303e-17
5348.108116149899 3.5434880986155116e-17
5351.621629714962 1.2873192986625245e-16
5355.135143280026 1.0566697151038309e-16
5358.648656845089 8.621137831737077e-17
5362.162170410153 8.542397245434586e-17
5365.675683975216 7.608750968044202e-19
5369.18919754028 9.68610744395606e-17
5372.702711105343 2.4448120299416526e-16
5376.2162246704065 2.414482193914605e-16
5379.72973823547 2.221098682495317e-16
5383.2432518005335 1.560567691680744e-16
5386.756765365597 1.2417500429381e-16
5390.27027893066 1.2177196608167941e-16
5393.783792495724 9.29530054042134e-17
5397.297306060787 1.276999631040474e-16
5400.810819625851 1.4412676021426244e-16
5404.324333190914 1.4114741824066536e-16
5407.837846755978 9.941867716633589e-17
5411.351360321041 9.783211487905737e-17
5414.864873886105 9.487028139780704e-17
5418.378387451168 8.541928857725427e-17
5421.891901016232 1.3773185375017494e-16
5425.405414581295 9.809887145323292e-17
5428.918928146359 8.206144190290283e-17
5432.432441711422 1.060590359457877e-16
5435.945955276486 9.106600875689507e-17
5439.459468841549 9.957380409338824e-17
5442.972982406613 1.3648627626599712e-16
5446.486495971676 1.3232634527678542e-16
5450.0000095367395 9.032018457160672e-17
5453.513523101803 4.9216441013505807e-17
5457.0270366668665 3.976690206916574e-17
5460.54055023193 1.0724291536843654e-16
5464.054063796993 9.384419012189443e-17
5467.567577362057 9.772484703971002e-17
5471.08109092712 1.74178738533923e-16
5474.594604492184 1.2838098758471274e-16
5478.108118057247 1.4258659763360396e-16
5481.621631622311 2.4575972135110734e-16
5485.135145187374 1.9200804588001543e-16
5488.648658752438 8.99174845901069e-17
5492.162172317501 1.427236310012398e-16
5495.675685882565 2.1621649564354403e-16
5499.189199447628 2.1040214939816447e-16
5502.702713012692 1.5547124601501496e-16
5506.216226577755 1.2533577411537683e-16
5509.729740142819 1.0522929948732996e-16
5513.243253707882 6.554043696102985e-17
5516.756767272946 1.3360880460384484e-16
5520.270280838009 1.8716331511080738e-16
5523.7837944030725 7.341045528071806e-17
5527.297307968136 3.9563078705893575e-17
5530.8108215331995 1.701391982942715e-16
5534.324335098263 2.0657397665007665e-16
5537.837848663326 1.6732896595476063e-16
5541.35136222839 1.9324152802776144e-16
5544.864875793453 2.1741570622037918e-16
5548.378389358517 1.4137860068841327e-16
5551.89190292358 1.433552073266343e-16
5555.405416488644 1.5975686952040548e-16
5558.918930053707 1.098518692044536e-16
5562.432443618771 1.2863159662481707e-16
5565.945957183834 1.2874474537507613e-16
5569.459470748898 1.624725300253386e-16
5572.972984313961 1.5928354253993093e-16
5576.486497879025 8.015441130329023e-17
5580.000011444088 7.166811429168207e-17
5583.513525009152 5.370122554338858e-17
5587.027038574215 -4.6503311782285004e-17
5590.540552139279 -1.666565196325218e-17
5594.054065704342 1.0624578144098548e-16
5597.5675792694055 1.7634450456672966e-16
5601.081092834469 1.6901419740957947e-16
5604.5946063995325 1.3721646416486598e-16
5608.108119964596 1.4128230244657317e-16
5611.621633529659 1.3230422866760602e-16
5615.135147094723 1.374801479081856e-16
5618.648660659786 1.5628355992080544e-16
5622.16217422485 1.7769136379886166e-16
5625.675687789913 1.562109770503188e-16
5629.189201354977 1.186544719564625e-16
5632.70271492004 1.4522776543168431e-16
5636.216228485104 1.6156943536061717e-16
5639.729742050167 9.528051313772089e-17
5643.243255615231 1.4669228645004258e-16
5646.756769180294 2.0326942914962057e-16
5650.270282745358 1.7157723809893036e-16
5653.783796310421 1.7017894387429234e-16
5657.297309875485 1.4808895593380727e-16
5660.810823440548 8.58694066414715e-17
5664.324337005612 7.9762298690942e-17
5667.837850570675 1.3117388528447348e-16
5671.351364135739 1.6953434759083043e-16
5674.864877700802 1.9921050773542047e-16
5678.3783912658655 1.247029687546024e-16
5681.891904830929 3.6764681808364814e-17
5685.4054183959925 6.131107588936373e-17
5688.918931961056 9.576060123401395e-17
5692.432445526119 1.8015242024104792e-16
5695.945959091183 1.9236633780387933e-16
5699.459472656246 1.6293950675875043e-16
5702.97298622131 1.27735679834976e-16
5706.486499786373 1.403110440824808e-16
5710.000013351437 1.5791555833833172e-16
5713.5135269165 1.196530049668474e-16
5717.027040481564 1.6307448125123677e-16
5720.540554046627 1.6627097601801707e-16
5724.054067611691 1.467891881544173e-16
5727.567581176754 1.155663882108463e-16
5731.081094741818 5.920695576420176e-17
5734.594608306881 1.3076682811141454e-16
5738.108121871945 2.0011585106857118e-16
5741.621635437008 1.4570875737118738e-16
5745.135149002072 1.1481668661538444e-16
5748.648662567135 8.789055294683032e-17
5752.1621761321985 1.3415421185679447e-16
5755.675689697262 1.8562689029219498e-16
5759.1892032623255 1.3936111705763573e-16
5762.702716827389 1.0230668461866864e-16
5766.216230392452 1.273089803411689e-16
5769.729743957516 8.87625950081857e-17
5773.243257522579 9.675058526415415e-17
5776.756771087643 1.2302726577788957e-16
5780.270284652706 1.6754743886913197e-16
5783.78379821777 1.79282602076204e-16
5787.297311782833 1.0022051308331905e-16
5790.810825347897 7.858250409683273e-17
5794.32433891296 9.567971601721937e-17
5797.837852478024 1.1234395189677201e-16
5801.351366043087 1.410734059663047e-16
5804.864879608151 9.597732150974804e-17
5808.378393173214 5.402873763597912e-17
5811.891906738278 1.3587078522021516e-16
5815.405420303341 1.7215524359176305e-16
5818.918933868405 1.7348437828135476e-16
5822.432447433468 1.296215354193029e-16
5825.9459609985315 1.3365356003071128e-16
5829.459474563595 2.1810220446417457e-16
5832.9729881286585 1.7235638555962398e-16
5836.486501693722 1.353408539754545e-16
5840.000015258785 1.217206096761569e-16
5843.513528823849 1.0271451431982144e-16
5847.027042388912 1.4492472552010946e-16
5850.540555953976 2.290249373160856e-16
5854.054069519039 2.1311744223030257e-16
5857.567583084103 1.7929180104688034e-16
5861.081096649166 1.823709075615207e-16
5864.59461021423 2.127529472087785e-16
5868.108123779293 2.120461908294414e-16
5871.621637344357 2.076071529778007e-16
5875.13515090942 1.8040534275209325e-16
5878.648664474484 1.56265229787493e-16
5882.162178039547 1.480659716428116e-16
5885.675691604611 1.6193521530771827e-16
5889.189205169674 1.3777648083992504e-16
5892.702718734738 1.7746530103165211e-16
5896.216232299801 1.9965566906637564e-16
5899.7297458648645 1.3667509811799009e-16
5903.243259429928 1.0496208463281312e-16
5906.7567729949915 1.3284845672013084e-16
5910.270286560055 8.12766363134001e-17
5913.783800125118 3.462023976429406e-17
5917.297313690182 1.3193811392311577e-16
5920.810827255245 1.8847630032809436e-16
5924.324340820309 1.525066176442741e-16
5927.837854385372 1.273917602035361e-16
5931.351367950436 2.1406578802898835e-16
5934.864881515499 2.4412979684359823e-16
5938.378395080563 1.6011417504260398e-16
5941.891908645626 1.319585183222781e-16
5945.40542221069 1.5204090616156165e-16
5948.918935775753 1.6819635883586676e-16
5952.432449340817 1.6015436308949882e-16
5955.94596290588 1.554244098887941e-16
5959.459476470944 8.0867695553985e-17
5962.972990036007 9.311285571200245e-17
5966.486503601071 2.262699941824024e-16
5970.000017166134 2.1141626006683092e-16
5973.5135307311975 1.5996847274903337e-16
5977.027044296261 1.9415146972833944e-16
5980.5405578613245 1.8375568780025095e-16
5984.054071426388 2.1120238184294232e-16
5987.567584991451 2.466731751689967e-16
5991.081098556515 2.0485288373835014e-16
5994.594612121578 1.2110169578072595e-16
5998.108125686642 1.3674107411539096e-16
6001.621639251705 1.725973864221681e-16
6005.13515281677 1.4525283511350624e-16
6008.648666381833 1.3819702094641403e-16
6012.162179946897 1.2284912814559844e-16
6015.67569351196 8.428265790585922e-17
6019.189207077024 7.648466003930774e-17
6022.702720642087 4.1181548635464857e-17
6026.216234207151 1.5103275873828878e-16
6029.729747772214 2.457892557603754e-16
6033.2432613372775 1.6200647672693235e-16
6036.756774902341 1.0106325832365829e-16
6040.2702884674045 1.2480993619637026e-16
6043.783802032468 1.3437001502768838e-16
6047.297315597531 1.9106188238981107e-16
6050.810829162595 1.8738220600146407e-16
6054.324342727658 5.5357748520460927e-17
6057.837856292722 5.662589101058803e-17
6061.351369857785 1.316309721490417e-16
6064.864883422849 1.4647588847902736e-16
6068.378396987912 1.313113510617459e-16
6071.891910552976 1.4966206392685423e-16
6075.405424118039 1.5052252361469708e-16
6078.918937683103 1.4197382936429843e-16
6082.432451248166 1.2627026462899044e-16
6085.94596481323 1.5831639906141826e-16
6089.459478378293 1.9237708982904648e-16
6092.972991943357 1.485914709129838e-16
6096.48650550842 8.997896996090874e-17
6100.000019073484 1.2056251495261413e-16
6103.513532638547 1.8062524435231878e-16
6107.027046203611 1.5270846807298042e-16
6110.540559768674 1.2512605773236933e-16
6114.0540733337375 1.3522853491579851e-16
6117.567586898801 1.7134239266491322e-16
6121.0811004638645 9.82849867074655e-17
6124.594614028928 1.0929100123288428e-16
6128.108127593991 1.4409426540793211e-16
6131.621641159055 7.068977931094849e-17
6135.135154724118 5.324336231323752e-17
6138.648668289182 9.644581873898057e-17
6142.162181854245 1.0849288119800907e-16
6145.675695419309 1.41969767536763e-16
6149.189208984372 6.861338658439334e-17
6152.702722549436 6.795728429647486e-17
6156.216236114499 1.1884151876668576e-16
6159.729749679563 9.613325987081517e-17
6163.243263244626 8.082184835338587e-17
6166.75677680969 1.010028866060378e-16
6170.270290374753 9.363746494965992e-17
6173.783803939817 9.94680668166173e-17
6177.29731750488 1.115700688523923e-16
6180.810831069944 8.899264365545377e-17
6184.324344635007 8.963934633372843e-17
6187.8378582000705 1.2405719247983447e-16
6191.351371765134 1.5335759361529855e-16
6194.8648853301975 1.219591871195399e-16
6198.378398895261 1.270736187779488e-16
6201.891912460324 1.5320803294290015e-16
6205.405426025388 1.0427865325733006e-16
6208.918939590451 1.3167194846203382e-16
6212.432453155515 1.733144452862341e-16
6215.945966720578 1.7159470326609907e-16
6219.459480285642 1.3506422259462542e-16
6222.972993850705 1.2724529549424316e-16
6226.486507415769 1.3011474049995622e-16
6230.000020980832 1.0241069838841951e-16
6233.513534545896 9.08795696330433e-17
6237.027048110959 9.645627289998693e-17
6240.540561676023 1.0468151836490169e-16
6244.054075241086 1.1528737001945654e-16
6247.56758880615 1.3498721809022357e-16
6251.081102371213 1.9163033404206188e-16
6254.594615936277 1.8796444516536372e-16
6258.10812950134 1.7947592039102704e-16
6261.6216430664035 1.718642459784974e-16
6265.135156631467 1.3407929597475966e-16
6268.6486701965305 1.3352789893593815e-16
6272.162183761594 1.4337739521771713e-16
6275.675697326657 1.291124679613804e-16
6279.189210891721 1.252915925893067e-16
6282.702724456784 1.1864170701056398e-16
6286.216238021848 9.843668253803189e-17
6289.729751586911 7.185239268414608e-17
6293.243265151975 8.451689838795599e-17
6296.756778717038 1.4939935843473299e-16
6300.270292282102 9.024411316108391e-17
6303.783805847165 4.087400043217301e-17
6307.297319412229 1.1388051987881323e-16
6310.810832977292 1.4012797268221434e-16
6314.324346542356 6.645008871647619e-17
6317.837860107419 7.636964758704437e-17
6321.351373672483 1.1519614415755314e-16
6324.864887237546 1.248246434668384e-16
6328.37840080261 1.9839386308378747e-16
6331.891914367673 1.4976587810930287e-16
6335.4054279327365 7.201223514960407e-17
6338.9189414978 4.2939437756439154e-17
6342.4324550628635 7.091503598002298e-17
6345.945968627927 9.105501017330599e-17
6349.45948219299 7.764624007388378e-17
6352.972995758054 1.4132365796760569e-16
6356.486509323117 1.9206882749405884e-16
6360.000022888181 1.3594960486899643e-16
6363.513536453244 9.570340559301837e-17
6367.027050018308 6.794080885402603e-17
6370.540563583371 4.7099830066659496e-17
6374.054077148435 9.18731830305396e-17
6377.567590713498 9.15754182610797e-17
6381.081104278562 4.040145939080686e-17
6384.594617843625 8.623676524993415e-17
6388.108131408689 1.2749621197788474e-16
6391.621644973752 1.421688341665661e-16
6395.135158538816 1.0034239475069722e-16
6398.648672103879 1.2952466372290986e-16
6402.162185668943 1.4159647173023312e-16
6405.675699234006 9.264188278247988e-17
6409.1892127990695 7.649305943807915e-17
6412.702726364133 1.1282259503544241e-16
6416.2162399291965 1.3864456080017104e-16
6419.72975349426 1.2858402782935098e-16
6423.243267059323 8.594151092143375e-17
6426.756780624387 8.385078631787393e-17
6430.27029418945 1.7743170476192116e-16
6433.783807754514 1.8006099046132498e-16
6437.297321319577 1.349960235218619e-16
6440.810834884641 1.349426095419413e-16
6444.324348449704 1.2097351251217647e-16
6447.837862014768 6.091325735803234e-17
6451.351375579831 5.001213970346935e-17
6454.864889144895 8.012815559977399e-17
6458.378402709958 1.5324044481322206e-16
6461.891916275022 1.880971695027286e-16
6465.405429840085 1.35033757978133e-16
6468.918943405149 1.504611586628748e-16
6472.432456970212 1.3690824132323655e-16
6475.945970535276 1.112631585348303e-16
6479.459484100339 1.4215788206196222e-16
6482.9729976654025 1.361141358850747e-16
6486.486511230466 1.1709401861491946e-16
6490.0000247955295 9.822979650489313e-17
6493.513538360593 7.34753108240608e-17
6497.027051925656 1.1909996542831152e-16
6500.54056549072 1.211010284276989e-16
6504.054079055783 9.153384463472364e-17
6507.567592620847 1.2419627978586785e-16
6511.08110618591 1.2032038716778516e-16
6514.594619750974 1.5852388756891038e-16
6518.108133316037 1.8530191499099764e-16
6521.621646881101 1.0717991564485187e-16
6525.135160446164 5.723695996366547e-17
6528.648674011228 8.332539688483363e-17
6532.162187576291 6.459472276355371e-17
6535.675701141355 8.682974666362861e-17
6539.189214706418 1.3236508616219474e-16
6542.702728271482 1.2868409222403807e-16
6546.216241836545 1.3314413183446465e-16
6549.729755401609 1.4755949497012085e-16
6553.243268966672 1.3330636965687011e-16
6556.756782531736 1.096336430300239e-16
6560.270296096799 1.1642870694363175e-16
6563.7838096618625 1.4781867356712454e-16
6567.297323226926 1.3940446325235858e-16
6570.8108367919895 1.1876730395392108e-16
6574.324350357053 1.334887407963307e-16
6577.837863922116 1.3441466437266467e-16
6581.35137748718 1.213488239554839e-16
6584.864891052243 1.2453289859950905e-16
6588.378404617307 1.286013342685928e-16
6591.89191818237 1.0757810568662276e-16
6595.405431747434 1.1783858594739763e-16
6598.918945312497 9.705577205326596e-17
6602.432458877561 8.247611908092109e-17
6605.945972442624 1.646272527464005e-16
6609.459486007688 1.9300670581765298e-16
6612.972999572751 1.5933048850701608e-16
6616.486513137815 1.5852389780712322e-16
6620.000026702878 2.1834759798488374e-16
6623.513540267942 2.2435419098236106e-16
6627.027053833005 1.7969434917206114e-16
6630.540567398069 1.7385494062133846e-16
6634.054080963132 1.4532159936305906e-16
6637.5675945281955 1.14039278952632e-16
6641.081108093259 1.257299982225161e-16
6644.5946216583225 1.510798512345162e-16
6648.108135223386 1.9264501620765813e-16
6651.621648788449 1.9557355196422369e-16
6655.135162353513 1.4273339237265506e-16
6658.648675918576 1.712878416886159e-16
6662.16218948364 1.682752786364927e-16
6665.675703048703 1.614501956612225e-16
6669.189216613767 1.316502674887324e-16
6672.70273017883 1.195247920328834e-16
6676.216243743894 1.9778121673146827e-16
6679.729757308958 1.8422230712927146e-16
6683.243270874022 1.2824667970043911e-16
6686.756784439085 1.6775789553698067e-16
6690.270298004149 1.4569341224077193e-16
6693.783811569212 8.691835634396639e-17
6697.2973251342755 1.0243790359176576e-16
6700.810838699339 1.0944672756803716e-16
6704.3243522644025 9.914633950440993e-17
6707.837865829466 7.947854442453211e-17
6711.351379394529 8.881041469535966e-17
6714.864892959593 1.253403958938355e-16
6718.378406524656 1.372091401370974e-16
6721.89192008972 1.2368485761780628e-16
6725.405433654783 8.431108633397842e-17
6728.918947219847 1.1086493818323309e-16
6732.43246078491 1.131578811352153e-16
6735.945974349974 8.264103478888142e-17
6739.459487915037 7.937653665563336e-17
6742.973001480101 8.076609436847174e-17
6746.486515045164 1.0794111537898878e-16
6750.000028610228 1.2383243492780844e-16
6753.513542175291 1.2603600648291542e-16
6757.027055740355 1.535310760527284e-16
6760.540569305418 1.4333166764841767e-16
6764.054082870482 1.3826148386529543e-16
6767.567596435545 1.0808872923949929e-16
6771.0811100006085 9.54433135941382e-17
6774.594623565672 1.214093194641498e-16
6778.1081371307355 1.4253074015537065e-16
6781.621650695799 1.7156083784498462e-16
6785.135164260862 1.4919820375597137e-16
6788.648677825926 9.74331883605495e-17
6792.162191390989 8.690489718066904e-17
6795.675704956053 6.842549047846598e-17
6799.189218521116 1.2125969319048788e-16
6802.70273208618 1.6366666572193327e-16
6806.216245651243 1.5425093868341641e-16
6809.729759216307 8.405158353139405e-17
6813.24327278137 1.0008574897301522e-16
6816.756786346434 1.0702063548056029e-16
6820.270299911497 1.0010712506458989e-16
6823.783813476561 1.1622654840950288e-16
6827.297327041624 1.3333216865221763e-16
6830.810840606688 1.295968678022333e-16
6834.324354171751 8.617746394008093e-17
6837.837867736815 1.236368124781865e-16
6841.351381301878 8.667645906619985e-17
6844.8648948669415 2.1140691149895904e-17
6848.378408432005 4.001448076285629e-17
6851.8919219970685 8.153777703173184e-17
6855.405435562132 8.45979237896602e-17
6858.918949127195 8.380075632014433e-17
6862.432462692259 6.304050689303091e-17
6865.945976257322 1.456348996934893e-17
6869.459489822386 6.13396296368402e-17
6872.973003387449 1.5459926146912367e-16
6876.486516952513 1.144363685358677e-16
6880.000030517576 5.517219485161594e-17
6883.51354408264 1.206930992832599e-16
6887.027057647703 1.156297499714073e-16
6890.540571212767 8.623256033038616e-17
6894.05408477783 1.0350083400290247e-16
6897.567598342894 6.98236555253155e-17
6901.081111907957 6.90228210212267e-17
6904.594625473021 1.5046730105926623e-16
6908.108139038084 1.239119451488034e-16
6911.621652603148 1.2140995131697995e-16
6915.135166168211 1.306374472375161e-16
6918.648679733275 1.2065918942362067e-16
6922.162193298338 8.955064599090734e-17
6925.6757068634015 5.4163386252018155e-17
6929.189220428465 2.743144511325633e-17
6932.702733993528 3.41572806479196e-17
6936.216247558592 1.0358563271380225e-16
6939.729761123655 1.2358371208315715e-16
6943.243274688719 9.473735297521577e-17
6946.756788253782 1.316974967609117e-16
6950.270301818846 1.346614332345546e-16
6953.783815383909 9.661087960505821e-17
6957.297328948973 7.231768980853527e-17
6960.810842514036 7.838869030054452e-17
6964.3243560791 9.700176795628318e-17
6967.837869644163 1.0980577538995465e-16
6971.351383209227 9.678686661697861e-17
6974.86489677429 9.560108096786091e-17
6978.378410339354 1.0715743039757975e-16
6981.891923904417 1.0027057052420214e-16
6985.405437469481 1.042376692150787e-16
6988.918951034544 5.070080135671896e-17
6992.432464599608 6.113376000785099e-17
6995.945978164671 1.0658686430181615e-16
6999.4594917297345 6.114178575909449e-17
7002.973005294798 6.057182279088359e-17
7006.4865188598615 1.1688427559238813e-16
7010.000032424925 1.3465757791865733e-16
7013.513545989988 1.5105320213316375e-16
7017.027059555052 1.3915683730005098e-16
7020.540573120115 1.2096266665006042e-16
7024.054086685179 1.0023061048949008e-16
7027.567600250242 9.562488588906554e-17
7031.081113815306 1.1317923214873586e-16
7034.594627380369 5.717288688376785e-17
7038.108140945433 3.595059361659038e-17
7041.621654510496 6.784515386297976e-17
7045.13516807556 8.255477919734411e-17
7048.648681640623 1.1782606743048868e-16
7052.162195205687 9.802522486820921e-17
7055.67570877075 9.164007312090386e-17
7059.189222335814 1.0052075574471705e-16
7062.702735900877 1.17950020793794e-16
7066.216249465941 1.3231040637078178e-16
7069.729763031004 1.3552801495847795e-16
7073.2432765960675 1.0194326119999111e-16
7076.756790161131 6.712856744232894e-17
7080.2703037261945 7.447083807590763e-17
7083.783817291258 8.134127961016418e-17
7087.297330856321 1.1445302450415427e-16
7090.810844421385 1.4062801109230012e-16
7094.324357986448 1.4284802489191852e-16
7097.837871551512 1.0428961968832915e-16
7101.351385116575 1.1777638082598716e-16
7104.864898681639 1.1467154079009135e-16
7108.378412246702 8.936711064288208e-17
7111.891925811766 9.152525386637654e-17
7115.405439376829 5.117463522592719e-17
7118.918952941893 1.224743648745345e-17
7122.432466506956 6.042658681253835e-17
7125.94598007202 1.1521026305003465e-16
7129.459493637083 1.238769910512937e-16
7132.973007202147 1.1779653534401297e-16
7136.48652076721 1.5943342346093835e-16
7140.000034332274 1.6625650775525466e-16
7143.513547897337 1.347498959722585e-16
7147.0270614624005 1.194578578800003e-16
7150.540575027464 9.867535165881992e-17
7154.0540885925275 1.0516083865967562e-16
7157.567602157591 7.687494599588193e-17
7161.081115722654 5.569452630049985e-17
7164.594629287718 1.0904652665979091e-16
7168.108142852781 1.360416673010677e-16
7171.621656417845 1.0517583559425532e-16
7175.135169982908 1.1169892634161075e-16
7178.648683547972 1.3529729227078569e-16
7182.162197113035 9.916105804633783e-17
7185.675710678099 8.298944571354553e-17
7189.189224243162 6.448703037321137e-17
7192.702737808226 5.186926332442771e-17
7196.216251373289 5.783986987505585e-17
7199.729764938353 1.1195011165799672e-16
7203.243278503416 1.0185897837219658e-16
7206.75679206848 8.241221645840157e-17
7210.270305633543 9.998538829492291e-17
7213.783819198607 6.75074341399332e-17
7217.29733276367 6.387614872225569e-17
7220.8108463287335 1.0830684776243853e-16
7224.324359893797 1.2300845018697451e-16
7227.8378734588605 1.3781549161671021e-16
7231.351387023924 1.3181834961881195e-16
7234.864900588987 1.3669640753588135e-16
7238.378414154051 1.195627898290003e-16
7241.891927719114 8.192925714725929e-17
7245.405441284178 2.569918254147661e-17
7248.918954849241 2.8323128960967e-17
7252.432468414305 1.144470296411066e-16
7255.945981979368 9.880196051508504e-17
7259.459495544432 7.806569179013523e-17
7262.973009109495 8.908137463376255e-17
7266.486522674559 8.868998326994853e-17
7270.000036239622 8.751069821314075e-17
7273.513549804686 1.473894574916752e-16
7277.027063369749 1.343313525781774e-16
7280.540576934813 1.0116617736309835e-16
7284.054090499876 6.999636972235437e-17
7287.56760406494 1.1247660166958296e-16
7291.081117630003 9.452758805722221e-17
7294.5946311950665 3.468487535962862e-17
7298.10814476013 4.513253035956912e-17
7301.6216583251935 8.204975175317172e-17
7305.135171890257 6.163921525116236e-17
7308.64868545532 7.079132456620884e-17
7312.162199020384 1.2446378112366443e-16
7315.675712585447 1.2431893594510197e-16
7319.189226150511 1.0821948978724639e-16
7322.702739715574 8.226471445170495e-17
7326.216253280638 7.628056856153033e-17
7329.729766845701 1.0653746170524905e-16
7333.243280410765 1.0723299998186403e-16
7336.756793975828 1.173285745121665e-16
7340.270307540892 8.090054260210958e-17
7343.783821105955 4.9636846522620276e-17
7347.297334671019 7.032509573833705e-17
7350.810848236082 1.1104335845660115e-16
7354.324361801146 1.2088694343449154e-16
7357.837875366209 1.0536452403724488e-16
7361.351388931273 7.841368636869603e-17
7364.864902496336 4.553205514886206e-17
7368.3784160614 7.614936475817269e-17
7371.891929626463 1.2323927789803766e-16
7375.4054431915265 1.3006852353060904e-16
7378.91895675659 1.4887848799498122e-16
7382.432470321653 9.485470534649955e-17
7385.945983886717 7.170189538213916e-17
7389.45949745178 9.536013109353544e-17
7392.973011016844 8.90128941365405e-17
7396.486524581907 6.709595259530851e-17
7400.000038146971 6.731784973310435e-17
7403.513551712034 4.200726440416938e-17
7407.027065277098 1.864462668545214e-17
7410.540578842161 6.354935941665585e-17
7414.054092407225 7.45157306429211e-17
7417.567605972288 8.100594018172812e-17
7421.081119537352 1.0277651250996849e-16
7424.594633102415 9.084993254710615e-17
7428.108146667479 6.654421518055216e-17
7431.621660232542 3.097475603453822e-17
7435.135173797606 2.0217465397605376e-17
7438.648687362669 3.685845145180142e-18
7442.162200927733 2.9675681845662975e-17
7445.675714492796 5.79667226447995e-17
7449.1892280578595 5.880412941140532e-17
7452.702741622923 8.775543331443262e-17
7456.2162551879865 5.169664373413109e-17
7459.72976875305 2.3035913902365683e-17
7463.243282318113 4.467347021334695e-17
7466.756795883177 8.846646962188779e-17
7470.27030944824 1.3584829861801515e-16
7473.783823013304 1.4680587842055615e-16
7477.297336578367 1.1387052198529655e-16
7480.810850143431 1.0411139784799944e-16
7484.324363708494 9.23248416041434e-17
7487.837877273558 1.222185294335939e-16
7491.351390838621 1.2340284510867752e-16
7494.864904403685 4.649037904178732e-17
7498.378417968748 3.809013101889743e-17
7501.891931533812 4.0148558328224433e-17
7505.405445098875 5.991982355572808e-17
7508.918958663939 4.345980600723674e-17
7512.432472229002 4.616757546211009e-17
7515.945985794066 6.242809005400056e-17
7519.459499359129 4.8763174190674106e-17
7522.9730129241925 8.039456573461121e-17
7526.486526489256 9.541811596072413e-17
7530.0000400543195 1.2096390162562634e-16
7533.513553619383 1.2220280638145135e-16
7537.027067184446 5.590315177053376e-17
7540.54058074951 6.503724276504774e-17
7544.054094314573 9.287202391108747e-17
7547.567607879637 8.936386729084817e-17
7551.0811214447 7.602088560407819e-17
7554.594635009764 6.82199771639733e-17
7558.108148574827 7.293420162393376e-17
7561.621662139891 5.827671645386995e-17
7565.135175704954 2.2634737734355976e-17
7568.648689270018 6.737030239806813e-17
7572.162202835081 7.393379470984765e-17
7575.675716400145 1.5276953184341996e-17
7579.189229965208 2.310726154602236e-17
7582.702743530272 6.281080125809886e-17
7586.216257095335 5.115693221239295e-17
7589.729770660399 8.501029387558915e-17
7593.243284225462 1.0571722567827364e-16
7596.7567977905255 8.240526178726906e-17
7600.270311355589 1.179038360032936e-16
7603.7838249206525 1.0369132289613305e-16
7607.297338485716 6.057131947679916e-17
7610.810852050779 3.125993210781316e-17
7614.324365615843 3.1889450490314745e-17
7617.837879180906 1.070265182445149e-16
7621.35139274597 1.4300415714850051e-16
7624.864906311033 1.3141072094225337e-16
7628.378419876097 1.4566384220085365e-16
7631.89193344116 9.432743879296815e-17
7635.405447006224 2.7095150445918905e-17
7638.918960571287 4.81858696882056e-17
7642.432474136351 9.781052846007034e-17
7645.945987701414 5.60835059252178e-17
7649.459501266478 2.4451587296267713e-17
7652.973014831541 4.5077808879183674e-17
7656.486528396605 6.510906176130243e-17
7660.000041961668 6.493305388934877e-17
7663.513555526732 5.2947819285809396e-17
7667.027069091795 4.313450345075304e-17
7670.5405826568585 5.184513409664609e-17
7674.054096221922 8.363650164578424e-17
7677.5676097869855 9.962186182289128e-17
7681.081123352049 8.062769084778117e-17
7684.594636917112 6.859341284666301e-17
7688.108150482176 5.925252978144728e-17
7691.621664047239 4.4242013118679005e-17
7695.135177612303 3.5063479292698535e-17
7698.648691177366 6.47014971371528e-17
7702.16220474243 4.695317779056119e-17
7705.675718307493 5.4739083805263184e-17
7709.189231872557 1.2564563656270407e-16
7712.70274543762 1.1109384427898443e-16
7716.216259002684 5.283761356863153e-17
7719.729772567747 4.072800600946085e-17
7723.243286132811 6.750894110943014e-17
7726.756799697874 7.118773354648347e-17
7730.270313262938 6.6180742265859e-17
7733.783826828001 1.0841835851573118e-16
7737.297340393065 1.3394091053651418e-16
7740.810853958128 4.5133981170006507e-17
7744.3243675231915 1.7274225995828676e-18
7747.837881088255 5.24735751753021e-17
7751.3513946533185 1.0020220027562077e-16
7754.864908218382 7.751895913129425e-17
7758.378421783445 2.3622251956888027e-17
7761.891935348509 -2.213559387218544e-17
7765.405448913572 -1.7196448855331866e-17
7768.918962478636 6.98371796382501e-17
7772.432476043699 9.248151999174596e-17
7775.945989608763 3.0649160427313084e-17
7779.459503173826 4.9343023254988705e-17
7782.97301673889 3.485865366579196e-17
7786.486530303953 1.8816866654788548e-17
7790.000043869017 7.210755216612368e-17
7793.51355743408 4.9700232108301983e-17
7797.027070999144 7.062165489214621e-17
7800.540584564207 7.442113798587697e-17
7804.054098129271 2.2990924040538995e-17
7807.567611694334 6.271405127918605e-17
7811.081125259398 8.119898496528985e-17
7814.594638824461 4.798694185095151e-17
7818.108152389525 2.579119031942407e-17
7821.621665954588 6.973351229045797e-17
7825.1351795196515 2.1488003418849594e-17
7828.648693084715 -2.654039723915508e-17
7832.162206649778 1.3029527312197867e-17
7835.675720214842 4.8222052389248025e-17
7839.189233779905 7.597443467082317e-17
7842.702747344969 4.741513379129938e-17
7846.216260910032 7.365610106757711e-17
7849.729774475096 1.1198195466957315e-16
7853.243288040159 5.545689371773559e-17
7856.756801605223 3.5198804910082815e-17
7860.270315170286 4.3999000832848087e-17
7863.78382873535 1.2163614557067938e-16
7867.297342300413 1.627902214461095e-16
7870.810855865477 9.022941647498554e-17
7874.32436943054 -9.242653251191218e-18
7877.837882995604 1.6557109147090724e-17
7881.351396560667 4.5406712747825647e-17
7884.864910125731 2.6154379603314722e-17
7888.378423690794 4.897301487233155e-17
7891.891937255858 3.385222490300505e-17
7895.405450820921 1.2674906562501204e-17
7898.9189643859845 2.4220365535303468e-17
7902.432477951048 2.533860791834657e-17
7905.9459915161115 -6.7869305426782064e-18
7909.459505081175 2.944037583525386e-17
7912.973018646238 8.110123248620652e-17
7916.486532211303 3.3041749313334425e-17
7920.000045776366 2.121237338004868e-17
7923.51355934143 3.7810734386534633e-17
7927.027072906493 2.701070519834934e-17
7930.540586471557 5.606416602981925e-17
7934.05410003662 1.0627621926883897e-16
7937.567613601684 1.1519763556219172e-16
7941.081127166747 8.640691980041751e-17
7944.594640731811 6.34368917349476e-17
7948.108154296874 7.194107225666341e-17
7951.621667861938 9.912696195663654e-17
7955.135181427001 5.091084626432786e-17
7958.6486949920645 -1.3906900209650637e-17
7962.162208557128 2.3371164823725195e-17
7965.6757221221915 3.1373061764965116e-17
7969.189235687255 4.7355890940689464e-17
7972.702749252318 6.938144827064707e-17
7976.216262817382 3.425462605314531e-17
7979.729776382445 3.4318919128200896e-17
7983.243289947509 7.581670139407103e-17
7986.756803512572 4.7980245215571346e-17
7990.270317077636 3.252029141448932e-17
7993.783830642699 4.193277230375445e-17
7997.297344207763 6.759134445216776e-18
8000.810857772826 -7.231225560073747e-18
8004.32437133789 2.428116098206357e-17
8007.837884902953 3.9098558518189695e-17
8011.351398468017 1.2846372081323433e-17
8014.86491203308 7.955220029398253e-18
8018.378425598144 2.666540390835877e-17
8021.891939163207 5.569515044799587e-17
8025.405452728271 4.140391856856225e-17
8028.918966293334 4.769349336743072e-17
8032.4324798583975 1.3360636137014234e-16
8035.945993423461 1.2235714894162514e-16
8039.4595069885245 4.0308762547524663e-17
8042.973020553588 7.79930109007846e-17
8046.486534118651 6.293660575326188e-17
8050.000047683715 1.6978506666142267e-17
8053.513561248778 -3.0947498974307012e-18
8057.027074813842 4.794700251666654e-17
8060.540588378905 8.146968137872154e-17
8064.054101943969 7.592015859652868e-17
8067.567615509032 1.7730458569766047e-17
8071.081129074096 2.2676392150796923e-17
8074.594642639159 3.7499698756972086e-17
8078.108156204223 2.2539504679541104e-17
8081.621669769286 2.3672758220073942e-17
8085.13518333435 5.002880708606297e-17
8088.648696899413 3.941487459403474e-17
8092.162210464477 4.252845432928375e-17
8095.67572402954 4.703116965030934e-17
8099.189237594604 2.053305347587639e-17
8102.702751159667 7.497928349548376e-18
8106.2162647247305 2.6507772005700877e-17
8109.729778289794 6.352638848850426e-17
8113.2432918548575 9.153223782402247e-17
8116.756805419921 1.0306366385579067e-16
8120.270318984984 5.486092268868192e-17
8123.783832550048 1.0308497869911374e-17
8127.297346115111 3.0327724898832756e-17
8130.810859680175 5.4160340699634446e-17
8134.324373245238 3.680980714836672e-17
8137.837886810302 4.2417107182278336e-17
8141.351400375365 4.585450831322224e-17
8144.864913940429 5.1804923371187064e-17
8148.378427505492 8.294845654501409e-17
8151.891941070556 5.665962376519866e-17
8155.405454635619 1.752933943331148e-17
8158.918968200683 4.375913604075574e-17
8162.432481765746 5.403127611925523e-17
8165.94599533081 5.756303118228846e-17
8169.459508895873 4.8205552348202723e-17
8172.973022460937 3.979656080771173e-17
8176.486536026 3.3924754239720535e-17
8180.0000495910635 4.658770699981428e-17
8183.513563156127 8.106746694037817e-17
8187.0270767211905 8.908634321251918e-17
8190.540590286254 4.7666061099913186e-17
8194.054103851318 7.4892835802333115e-19
8197.567617416382 4.982616061249893e-17
8201.081130981445 4.8253543276782266e-17
8204.594644546509 2.353618964153657e-17
8208.108158111572 3.9130722889242145e-17
8211.621671676636 5.779373083776679e-17
8215.1351852417 5.931748588555125e-17
8218.648698806763 3.4708649447539665e-17
8222.162212371826 1.6289887486430216e-17
8225.67572593689 1.649872892389117e-17
8229.189239501953 2.7100799301637923e-17
8232.702753067017 4.531515321679907e-17
8236.21626663208 5.87148948851461e-17
8239.729780197144 5.931074906905687e-17
8243.243293762207 4.580836728476692e-17
8246.75680732727 2.3049006740416823e-17
8250.270320892334 4.480550389219618e-17
8253.783834457397 9.672778611534814e-17
8257.297348022461 9.162966004702451e-17
8260.810861587524 6.935228330813159e-17
8264.324375152588 7.223737684087826e-17
8267.837888717651 2.6033735708715562e-17
8271.351402282715 2.3739529158145924e-17
8274.864915847778 6.153040608302296e-17
8278.378429412842 6.741741743452758e-17
8281.891942977905 6.906233104709749e-17
8285.405456542969 7.724093437021958e-17
8288.918970108032 3.210291692262271e-17
8292.432483673096 2.0431636291676715e-17
8295.94599723816 9.492704467819647e-17
8299.459510803223 1.0678029466133137e-16
8302.973024368286 7.798647018615138e-17
8306.48653793335 2.5825021587951323e-17
8310.000051498413 5.655221895563072e-17
8313.513565063477 1.0011167354745859e-16
8317.02707862854 7.843863372682802e-17
8320.540592193604 9.430941117683896e-17
8324.054105758667 6.153825514921193e-17
8327.56761932373 1.1983163371184967e-18
8331.081132888794 7.071985386634817e-18
8334.594646453857 6.435116855939733e-17
8338.10816001892 5.538180366845833e-17
8341.621673583984 2.6876174620255786e-18
8345.135187149048 4.670906385023973e-17
8348.648700714111 7.918090496087594e-18
8352.162214279175 1.0889586108519119e-17
8355.675727844238 3.5075137312943584e-17
8359.189241409302 2.4027204817562363e-17
8362.702754974365 2.470806746161096e-17
8366.216268539429 5.59845165640028e-17
8369.729782104492 8.05541442065263e-17
8373.243295669556 4.590269006056367e-17
8376.75680923462 2.3561541869469137e-17
8380.270322799683 2.9483503471016566e-17
8383.783836364746 2.368170898068202e-17
8387.29734992981 1.180018476698937e-17
8390.810863494873 1.897781176576446e-17
8394.324377059937 3.3892167496581106e-17
8397.837890625 7.726169559229238e-17
8401.351404190063 1.7628688638960948e-17
8404.864917755127 -1.3589157590398204e-17
8408.37843132019 8.82773655252171e-17
8411.891944885254 8.158421736839741e-17
8415.405458450317 2.590536765611597e-17
8418.91897201538 3.011327507953709e-17
8422.432485580444 9.156079637262601e-17
8425.945999145508 9.393484285034047e-17
8429.459512710571 1.118246220830812e-17
8432.973026275635 -2.4572983123026138e-17
8436.486539840698 1.6044916470119491e-18
8440.000053405762 2.1482138401123285e-18
8443.513566970825 -3.017228957971e-18
8447.027080535889 6.091964360666247e-17
8450.540594100952 3.488347104369728e-17
8454.054107666016 3.95103047143449e-17
8457.56762123108 5.558523856771526e-17
8461.081134796143 9.952661940920948e-17
8464.594648361206 1.8630434859211442e-16
8468.10816192627 2.106355763988677e-16
8471.621675491333 1.798406519255897e-16
8475.135189056396 2.1301333617226118e-16
8478.64870262146 1.2766316309854945e-16
8482.162216186523 6.764689354719293e-17
8485.675729751587 5.1893024823561307e-17
8489.18924331665 3.483728941415413e-17
8492.702756881714 6.337485459521392e-17
8496.216270446777 9.75079033017847e-17
8499.72978401184 -5.172497817659359e-18
8503.243297576904 -3.254050361820065e-17
8506.756811141968 2.7494823925928707e-17
8510.270324707031 -1.0198659600755327e-17
8513.783838272095 -8.434284020754462e-18
8517.297351837158 3.283474017298068e-17
8520.810865402222 4.7188466615191213e-17
8524.324378967285 6.752903178897035e-17
8527.837892532349 8.394237354825006e-17
8531.351406097412 4.494666313478333e-17
8534.864919662476 2.1763807031854113e-17
8538.378433227539 2.4315597784581008e-17
8541.891946792603 7.823062825419051e-17
8545.405460357666 8.11696513126469e-17
8548.91897392273 6.646857700388706e-17
8552.432487487793 9.95072618684047e-17
8555.946001052856 1.1129584749080537e-16
8559.45951461792 1.1152472989267636e-16
8562.973028182983 5.57971630659799e-17
8566.486541748047 8.588230734682333e-17
8570.00005531311 9.297117461988601e-17
8573.513568878174 4.598445482391647e-17
8577.027082443237 5.5064912928579377e-17
8580.5405960083 2.7376113218738364e-17
8584.054109573364 5.759020073531574e-17
8587.567623138428 7.1642640501483e-17
8591.081136703491 5.675539581313629e-17
8594.594650268555 5.747327422342293e-17
8598.108163833618 1.6995962257491e-17
8601.621677398682 8.092700290353023e-18
8605.135190963745 4.183932047308519e-17
8608.648704528809 1.5143673556985922e-17
8612.162218093872 -7.603259779252469e-18
8615.675731658936 7.31864927582386e-18
8619.189245223999 6.982456365171552e-18
8622.702758789062 4.660298903022775e-17
8626.216272354126 4.361668171182975e-17
8629.72978591919 1.6506521999529764e-17
8633.243299484253 1.630207730931343e-17
8636.756813049316 5.936396119279429e-17
8640.27032661438 4.744363206498531e-17
8643.783840179443 3.3378654314679974e-17
8647.297353744507 4.1647501262423736e-17
8650.81086730957 4.7712606997740115e-17
8654.324380874634 1.0830958344686842e-17
8657.837894439697 -1.2077391508852034e-17
8661.35140800476 2.5373764412959676e-17
8664.864921569824 5.361474850458649e-17
8668.378435134888 7.384396206214862e-17
8671.891948699951 6.090601280853095e-17
8675.405462265015 6.273094727917577e-17
8678.918975830078 1.2648427972623066e-16
8682.432489395142 6.185727850293096e-17
8685.946002960205 -1.7985240185173115e-17
8689.459516525269 2.5283980386618e-17
8692.973030090332 5.100626754391584e-17
8696.486543655396 1.958029257833427e-17
8700.000057220459 1.2084915790789716e-17
