3500.9892578125 1.630788778973043e-14
3503.83317065239 1.547107860250312e-14
3506.67708349228 1.5512156863482914e-14
3509.52099633217 1.692002161960043e-14
3512.36490917206 1.6106533306581728e-14
3515.20882201195 1.2503721298163167e-14
3518.05273485184 1.2197009353020862e-14
3520.89664769173 1.4247473647321645e-14
3523.74056053162 1.3122310594109548e-14
3526.58447337151 1.5971979353009484e-14
3529.4283862114 1.5481508380327987e-14
3532.27229905129 1.4913859707881448e-14
3535.11621189118 1.5684087076488066e-14
3537.96012473107 1.5060642617923588e-14
3540.80403757096 1.3661335646043845e-14
3543.64795041085 1.495525058351203e-14
3546.49186325074 1.3134834357460126e-14
3549.33577609063 1.3336307120392022e-14
3552.17968893052 1.2883464749468491e-14
3555.02360177041 1.3925565761891424e-14
3557.86751461029 1.3447986012951806e-14
3560.71142745018 1.3109160250412953e-14
3563.55534029007 1.2480976911249485e-14
3566.39925312996 1.4646632953477183e-14
3569.24316596985 1.2142800669110659e-14
3572.08707880974 1.2417373511846443e-14
3574.93099164963 1.3496736778771818e-14
3577.77490448952 1.3111495591554907e-14
3580.61881732941 1.196287456601989e-14
3583.4627301693 1.3001927770370417e-14
3586.30664300919 1.1802821235139113e-14
3589.15055584908 1.339768233023294e-14
3591.99446868897 1.2491520841108543e-14
3594.83838152886 1.2474004505827563e-14
3597.68229436875 1.2466827850572405e-14
3600.52620720864 1.3801530692539199e-14
3603.37012004853 1.3821308026193166e-14
3606.21403288842 1.2644358578282803e-14
3609.05794572831 1.3591117797413568e-14
3611.9018585682 1.3335912340587025e-14
3614.74577140808 1.3492566144485321e-14
3617.58968424797 1.4462794745737165e-14
3620.43359708786 1.3283052974020722e-14
3623.27750992775 1.384723761599475e-14
3626.12142276764 1.2803615540218128e-14
3628.96533560753 1.271538110676853e-14
3631.80924844742 1.3265344270374941e-14
3634.65316128731 1.3169150710768253e-14
3637.4970741272 1.500535030595988e-14
3640.34098696709 1.3371934094228258e-14
3643.18489980698 1.3940735643074005e-14
3646.02881264687 1.4760057154932055e-14
3648.87272548676 1.4125671596462295e-14
3651.71663832665 1.3499295218770983e-14
3654.56055116654 1.2473825875557591e-14
3657.40446400643 1.2432189142071643e-14
3660.24837684632 1.176967458127394e-14
3663.09228968621 1.2298529282212135e-14
3665.9362025261 1.1901857748730092e-14
3668.78011536599 1.2323314312347814e-14
3671.62402820588 1.2058700864684333e-14
3674.46794104576 1.1588414089134101e-14
3677.31185388565 1.2152547619684872e-14
3680.15576672554 1.2414002989565506e-14
3682.99967956543 1.2212424214113635e-14
3685.84359240532 1.3447770791536082e-14
3688.68750524521 1.2220849318541622e-14
3691.5314180851 1.2704215896739476e-14
3694.37533092499 1.3243068232020806e-14
3697.21924376488 1.2253853390576184e-14
3700.06315660477 1.3755341806411603e-14
3702.90706944466 1.3961427185788884e-14
3705.75098228455 1.3523149195572283e-14
3708.59489512444 1.427556722273553e-14
3711.43880796433 1.322400233359916e-14
3714.28272080422 1.5415489372531718e-14
3717.12663364411 1.3884278818363025e-14
3719.970546484 1.3831592168810986e-14
3722.81445932389 1.3802980699655112e-14
3725.65837216378 1.4670667639517512e-14
3728.50228500367 1.3929366379270153e-14
3731.34619784356 1.4191223770607535e-14
3734.19011068345 1.4668123054579704e-14
3737.03402352333 1.4382215521545448e-14
3739.87793636322 1.3914061897719944e-14
3742.72184920311 1.497863354452909e-14
3745.565762043 1.3305011469470268e-14
3748.40967488289 1.488692391138493e-14
3751.25358772278 1.5187743058998622e-14
3754.09750056267 1.5392720600562985e-14
3756.94141340256 1.459636824894056e-14
3759.78532624245 1.4310779949769805e-14
3762.62923908234 1.49213175569343e-14
3765.47315192223 1.4841462277889477e-14
3768.31706476212 1.500172443594269e-14
3771.16097760201 1.5305809846438942e-14
3774.0048904419 1.3495831353574796e-14
3776.84880328179 1.4006054541840053e-14
3779.69271612168 1.4805211436219917e-14
3782.53662896157 1.365727392993607e-14
3785.38054180146 1.3868574281881502e-14
3788.22445464135 1.4117681931685942e-14
3791.06836748124 1.5137961260896096e-14
3793.91228032113 1.3509177082240512e-14
3796.75619316101 1.29735759910135e-14
3799.60010600091 1.205486905271727e-14
3802.44401884079 1.2221695333050462e-14
3805.28793168068 1.2856199737423558e-14
3808.13184452057 1.1942335588539353e-14
3810.97575736046 1.1583212153967404e-14
3813.81967020035 1.272635857969212e-14
3816.66358304024 1.2404626138031418e-14
3819.50749588013 1.2439065292396291e-14
3822.35140872002 1.2720183426442095e-14
3825.19532155991 1.2552945100433915e-14
3828.0392343998 1.2240584090537784e-14
3830.88314723969 1.2714007239115857e-14
3833.72706007958 1.2782324591404983e-14
3836.57097291947 1.295478193444441e-14
3839.41488575936 1.2554241970392833e-14
3842.25879859925 1.3532188771611624e-14
3845.10271143914 1.3322880790434041e-14
3847.94662427903 1.2776178321193989e-14
3850.79053711892 1.3990125554771443e-14
3853.63444995881 1.3648746707667888e-14
3856.4783627987 1.2090142662771423e-14
3859.32227563858 1.2567065441631833e-14
3862.16618847847 1.3219110610028137e-14
3865.01010131836 1.2641985442595814e-14
3867.85401415825 1.3377695403175118e-14
3870.69792699814 1.3139597386227638e-14
3873.54183983803 1.2460838641977083e-14
3876.38575267792 1.279790210298523e-14
3879.22966551781 1.2659671480647898e-14
3882.0735783577 1.2599043897293254e-14
3884.91749119759 1.2457202852524103e-14
3887.76140403748 1.2956394957539465e-14
3890.60531687737 1.2176130225809228e-14
3893.44922971726 1.2995520158927015e-14
3896.29314255715 1.3556762073499957e-14
3899.13705539704 1.3222612007820019e-14
3901.98096823693 1.293689628719085e-14
3904.82488107682 1.3756875721201933e-14
3907.66879391671 1.3328369881307095e-14
3910.5127067566 1.2959000434010166e-14
3913.35661959649 1.349302039638004e-14
3916.20053243638 1.27735401794854e-14
3919.04444527626 1.2149662302332963e-14
3921.88835811615 1.2587520764773375e-14
3924.73227095604 1.2729089717245526e-14
3927.57618379593 1.2578038592560732e-14
3930.42009663582 1.2502196085121098e-14
3933.26400947571 1.2803250887542348e-14
3936.1079223156 1.2503990987636519e-14
3938.95183515549 1.2693152285681855e-14
3941.79574799538 1.1840348631074572e-14
3944.63966083527 1.2105186660059032e-14
3947.48357367516 1.2871817041708153e-14
3950.32748651505 1.2121734691616978e-14
3953.17139935494 1.2216943190297242e-14
3956.01531219483 1.2281529777882869e-14
3958.85922503472 1.233194783351833e-14
3961.70313787461 1.2481881137045263e-14
3964.5470507145 1.2318968031211259e-14
3967.39096355439 1.3080639160990758e-14
3970.23487639428 1.247079698129825e-14
3973.07878923417 1.197149410969564e-14
3975.92270207406 1.2456509459685368e-14
3978.76661491395 1.1874263583840762e-14
3981.61052775384 1.1873228808126111e-14
3984.45444059372 1.233732719719572e-14
3987.29835343361 1.2367797353874346e-14
3990.1422662735 1.2940349716122605e-14
3992.98617911339 1.2450911713779196e-14
3995.83009195328 1.1657440187999776e-14
3998.67400479317 1.2620885537502994e-14
4001.51791763306 1.2740019035120961e-14
4004.36183047295 1.2182965789294478e-14
4007.20574331284 1.2050437982593973e-14
4010.04965615273 1.1861931699388499e-14
4012.89356899262 1.2535091214297551e-14
4015.73748183251 1.2258914506998295e-14
4018.5813946724 1.2580287999717383e-14
4021.42530751229 1.209010714871966e-14
4024.26922035218 1.2306580563290579e-14
4027.11313319207 1.241457585408198e-14
4029.95704603196 1.1929008545552167e-14
4032.80095887185 1.224462251700329e-14
4035.64487171174 1.211836370040526e-14
4038.48878455162 1.2224750511008599e-14
4041.33269739151 1.2293746319555442e-14
4044.17661023141 1.2959119421355138e-14
4047.02052307129 1.2904688974520484e-14
4049.86443591118 1.30612004421508e-14
4052.70834875107 1.3065798474133793e-14
4055.55226159096 1.2608387423601473e-14
4058.39617443085 1.2480712496085762e-14
4061.24008727074 1.3258665461854865e-14
4064.08400011063 1.2883340539332162e-14
4066.92791295052 1.2830422521562884e-14
4069.77182579041 1.298893818540771e-14
4072.6157386303 1.3193409340176266e-14
4075.45965147019 1.350098521282003e-14
4078.30356431008 1.363713902485673e-14
4081.14747714997 1.354984985878935e-14
4083.99138998986 1.306936514204194e-14
4086.83530282975 1.2832229358781718e-14
4089.67921566964 1.26758895328536e-14
4092.52312850953 1.2442912197024098e-14
4095.36704134942 1.2841745875352181e-14
4098.21095418931 1.3153942079232007e-14
4101.0548670292 1.29878751038811e-14
4103.89877986909 1.3185246103585801e-14
4106.74269270898 1.284455566298262e-14
4109.58660554886 1.291852639535212e-14
4112.43051838875 1.2827417259970042e-14
4115.27443122864 1.3580403081613745e-14
4118.11834406853 1.3212998431782543e-14
4120.96225690842 1.3172651066438941e-14
4123.80616974831 1.3119243752220631e-14
4126.6500825882 1.2708399329661279e-14
4129.49399542809 1.2362786789103982e-14
4132.33790826798 1.272276131717501e-14
4135.18182110787 1.2457698206008388e-14
4138.02573394776 1.2549501619033749e-14
4140.86964678765 1.205492262516125e-14
4143.71355962754 1.1359444241382047e-14
4146.55747246743 1.1404225206340557e-14
4149.40138530732 1.161404188021575e-14
4152.24529814721 1.1066094000533414e-14
4155.0892109871 1.1485408441045572e-14
4157.93312382699 1.1269601452801349e-14
4160.77703666688 1.1096040253468092e-14
4163.62094950677 1.0978295327972154e-14
4166.46486234666 1.0749792352873053e-14
4169.30877518654 1.094209046824214e-14
4172.15268802643 1.046440821187314e-14
4174.99660086632 1.0480898365276409e-14
4177.84051370621 1.0829118559878223e-14
4180.6844265461 1.116535309866251e-14
4183.52833938599 1.0760145576917293e-14
4186.37225222588 1.0767151153506065e-14
4189.21616506577 1.0929226878261277e-14
4192.06007790566 1.0282622603156169e-14
4194.90399074555 1.0171426768960118e-14
4197.74790358544 1.0036441627690416e-14
4200.59181642533 1.0238193880750058e-14
4203.43572926522 1.0177893204466533e-14
4206.27964210511 1.0099537900014932e-14
4209.123554945 1.0493978478639377e-14
4211.96746778489 1.0589079337978846e-14
4214.81138062478 1.0560559937778304e-14
4217.65529346467 1.0051025229416223e-14
4220.49920630456 1.0240443049451852e-14
4223.34311914445 1.0806166982006386e-14
4226.18703198433 1.0002429148056777e-14
4229.03094482422 1.0165737045981229e-14
4231.87485766411 1.0123718427501745e-14
4234.718770504 9.958899353080614e-15
4237.56268334389 9.894379552145419e-15
4240.40659618378 1.0096803979404705e-14
4243.25050902367 9.793279680531294e-15
4246.09442186356 1.0190924596673188e-14
4248.93833470345 9.83109559075918e-15
4251.78224754334 1.0405146219721052e-14
4254.62616038323 9.505677771150483e-15
4257.47007322312 9.761979419672856e-15
4260.31398606301 9.762609725904592e-15
4263.1578989029 1.0102577808178806e-14
4266.00181174279 9.896727250691167e-15
4268.84572458268 1.0311197574141964e-14
4271.68963742257 1.0008743487176494e-14
4274.53355026246 1.0497203013522074e-14
4277.37746310235 9.921668599805646e-15
4280.22137594224 9.983505292204523e-15
4283.06528878213 1.0066659018889324e-14
4285.90920162201 9.820569823961332e-15
4288.7531144619 9.86407980396857e-15
4291.59702730179 9.634228216584488e-15
4294.44094014168 1.0035884716450588e-14
4297.28485298157 9.766213047223147e-15
4300.12876582146 9.749855841809836e-15
4302.97267866135 1.0180991146757012e-14
4305.81659150124 1.0190433865586522e-14
4308.66050434113 9.8082508524201e-15
4311.50441718102 9.939559421391328e-15
4314.34833002091 1.0048174157625126e-14
4317.1922428608 9.95307230360028e-15
4320.03615570069 9.924727810515821e-15
4322.88006854058 9.805483420721388e-15
4325.72398138047 1.0055965939167811e-14
4328.56789422036 1.0108149036836836e-14
4331.41180706025 9.987280444624988e-15
4334.25571990014 1.0285131616838418e-14
4337.09963274003 1.0021824510557429e-14
4339.94354557991 1.031712224779831e-14
4342.7874584198 1.0900812318610613e-14
4345.6313712597 1.0564440430395511e-14
4348.47528409958 1.0873444854514867e-14
4351.31919693947 1.0748165898273154e-14
4354.16310977936 1.054934166102403e-14
4357.00702261925 1.0721521301442792e-14
4359.85093545914 1.0704310310522013e-14
4362.69484829903 1.0410567891694016e-14
4365.53876113892 1.0100234539699824e-14
4368.38267397881 9.846986530564313e-15
4371.2265868187 1.0161104822923734e-14
4374.07049965859 1.0158787215795865e-14
4376.91441249848 9.881765704085953e-15
4379.75832533837 9.843682044340337e-15
4382.60223817826 9.919300707792758e-15
4385.44615101815 9.578536919120597e-15
4388.29006385804 9.372724056626282e-15
4391.13397669793 9.652669397221772e-15
4393.97788953782 9.843492521308499e-15
4396.82180237771 9.605525293056253e-15
4399.6657152176 9.275691466044775e-15
4402.50962805749 9.578230434110035e-15
4405.35354089738 9.491725859387679e-15
4408.19745373726 9.234480034313463e-15
4411.04136657715 9.529431954286485e-15
4413.88527941704 9.216070782341443e-15
4416.72919225693 9.613242057346753e-15
4419.57310509682 9.256017245192086e-15
4422.41701793671 9.019539076676942e-15
4425.2609307766 9.050770873440683e-15
4428.10484361649 9.220798171358416e-15
4430.94875645638 9.157079630883386e-15
4433.79266929627 8.968230773411702e-15
4436.63658213616 9.26475832737542e-15
4439.48049497605 9.032647372189681e-15
4442.32440781594 8.772947064934493e-15
4445.16832065583 9.07229704105096e-15
4448.01223349572 9.127325719084421e-15
4450.85614633561 9.132953165721428e-15
4453.7000591755 9.051133842850827e-15
4456.54397201539 8.613373316481325e-15
4459.38788485528 8.998248565156854e-15
4462.23179769517 9.279308418389584e-15
4465.07571053506 9.012553995021131e-15
4467.91962337495 9.003835886851044e-15
4470.76353621483 8.960723414847223e-15
4473.60744905472 9.278370305325572e-15
4476.45136189461 8.940188512986814e-15
4479.2952747345 8.981280982309663e-15
4482.13918757439 9.182575223635917e-15
4484.98310041428 8.770450879685372e-15
4487.82701325417 8.94763714860346e-15
4490.67092609406 8.907379089941049e-15
4493.51483893395 9.017712976951577e-15
4496.35875177384 9.124000287211893e-15
4499.20266461373 9.104022513998814e-15
4502.04657745362 9.157269213593959e-15
4504.89049029351 9.090144818828117e-15
4507.7344031334 9.205282823743282e-15
4510.57831597329 8.759669134108465e-15
4513.42222881318 8.872720513681354e-15
4516.26614165307 8.829013662594352e-15
4519.11005449296 9.046353441088584e-15
4521.95396733285 8.86878290054112e-15
4524.79788017274 9.113935554120586e-15
4527.64179301263 8.663337632148538e-15
4530.48570585252 8.884466293103688e-15
4533.3296186924 8.683804964599804e-15
4536.17353153229 9.207887962168924e-15
4539.01744437218 9.221095024498674e-15
4541.86135721207 9.040206660634878e-15
4544.70527005196 8.952832284647409e-15
4547.54918289185 9.033132268393715e-15
4550.39309573174 9.040452773057454e-15
4553.23700857163 9.062620514346328e-15
4556.08092141152 9.233088067639611e-15
4558.92483425141 9.050806110253718e-15
4561.7687470913 9.120419020789836e-15
4564.61265993119 9.08803231170127e-15
4567.45657277108 8.954746340135625e-15
4570.30048561097 8.716313871536571e-15
4573.14439845086 8.917701901331998e-15
4575.98831129075 8.874829222487317e-15
4578.83222413064 8.866059246456332e-15
4581.67613697053 8.869139690394645e-15
4584.52004981042 8.949035112793083e-15
4587.3639626503 8.734707332887263e-15
4590.2078754902 8.770340982205668e-15
4593.05178833009 8.788083701952534e-15
4595.89570116997 8.87411009069292e-15
4598.73961400986 9.123914168545207e-15
4601.58352684975 8.938044631854066e-15
4604.42743968964 8.734235071617923e-15
4607.27135252953 9.187672517512486e-15
4610.11526536942 8.857171872703525e-15
4612.95917820931 9.003187109180219e-15
4615.8030910492 8.712649565161846e-15
4618.64700388909 8.92904515119328e-15
4621.49091672898 9.122971625415601e-15
4624.33482956887 9.171296614522262e-15
4627.17874240876 9.378796446200066e-15
4630.02265524865 9.3073636004429e-15
4632.86656808854 9.510181642637059e-15
4635.71048092843 9.581460919140838e-15
4638.55439376832 9.875097021526443e-15
4641.39830660821 9.872365209224124e-15
4644.2422194481 1.0327488747323724e-14
4647.08613228799 1.0376429132851962e-14
4649.93004512788 1.0695526780220362e-14
4652.77395796776 1.0707975228655493e-14
4655.61787080765 1.0958319034188341e-14
4658.46178364754 1.1278488830924267e-14
4661.30569648743 1.0940468492621558e-14
4664.14960932732 1.0862371099806732e-14
4666.99352216721 1.0777355563266983e-14
4669.8374350071 1.0647581194599011e-14
4672.68134784699 1.0446602699364342e-14
4675.52526068688 1.0359516011001924e-14
4678.36917352677 1.064449538244109e-14
4681.21308636666 1.0460351133049366e-14
4684.05699920655 1.0406628725243509e-14
4686.90091204644 1.0475014755521428e-14
4689.74482488633 1.0554783097196052e-14
4692.58873772622 1.0950365428756112e-14
4695.43265056611 1.0975414821019921e-14
4698.276563406 1.1267918648962413e-14
4701.12047624589 1.124559711652935e-14
4703.96438908578 1.0959199237376427e-14
4706.80830192567 1.103599353008505e-14
4709.65221476556 1.0536414653860977e-14
4712.49612760545 1.018988417125798e-14
4715.34004044534 9.887655020659196e-15
4718.18395328523 9.755406682961847e-15
4721.02786612511 9.52418203555237e-15
4723.871778965 9.392372187081578e-15
4726.71569180489 9.297707442377718e-15
4729.55960464478 9.315935860716984e-15
4732.40351748467 8.926107109510472e-15
4735.24743032456 8.920781223296779e-15
4738.09134316445 8.630521709421103e-15
4740.93525600434 8.427460562974501e-15
4743.77916884423 8.585793753174663e-15
4746.62308168412 8.545746405646251e-15
4749.46699452401 8.386986578581903e-15
4752.3109073639 8.089764469721751e-15
4755.15482020379 8.124425701340034e-15
4757.99873304368 8.101881690773636e-15
4760.84264588357 8.240389182769358e-15
4763.68655872346 8.10323421398421e-15
4766.53047156335 7.924881586517819e-15
4769.37438440324 7.92425913776067e-15
4772.21829724313 7.720194215345775e-15
4775.06221008302 7.727330720612651e-15
4777.9061229229 7.835932863350283e-15
4780.7500357628 7.817899138809463e-15
4783.59394860268 7.638990229324077e-15
4786.43786144257 7.523050464990259e-15
4789.28177428246 7.721765044415509e-15
4792.12568712235 7.592231776817479e-15
4794.96959996224 7.703553735354365e-15
4797.81351280213 7.673373097192929e-15
4800.65742564202 7.3564452635385e-15
4803.50133848191 7.448760351914458e-15
4806.3452513218 7.363161636924436e-15
4809.18916416169 7.566205557927588e-15
4812.03307700158 7.525165792710883e-15
4814.87698984147 7.680088438415024e-15
4817.72090268136 7.419296930288905e-15
4820.56481552125 7.597084476784854e-15
4823.40872836114 7.406136798377706e-15
4826.25264120103 7.416372885454261e-15
4829.09655404092 7.565285747780418e-15
4831.9404668808 7.521126495111749e-15
4834.78437972069 7.568381158135536e-15
4837.62829256059 7.612544861390533e-15
4840.47220540047 7.605928667435171e-15
4843.31611824036 7.515998128163362e-15
4846.16003108025 7.573996459185005e-15
4849.00394392014 7.605826222329439e-15
4851.84785676003 7.778211741872519e-15
4854.69176959992 7.804797755611893e-15
4857.53568243981 7.760212754541789e-15
4860.3795952797 7.843036862833614e-15
4863.22350811959 7.92731086797418e-15
4866.06742095948 8.07418650495688e-15
4868.91133379937 8.185790373804714e-15
4871.75524663926 8.402835374904943e-15
4874.59915947915 8.320015147619562e-15
4877.44307231904 8.302659085028625e-15
4880.28698515893 8.340156768448987e-15
4883.13089799882 8.211485732398061e-15
4885.97481083871 8.033063883929418e-15
4888.8187236786 7.870462878398708e-15
4891.66263651848 7.780943056550704e-15
4894.50654935838 7.82235337352187e-15
4897.35046219827 7.610883838706862e-15
4900.19437503815 7.452710668185054e-15
4903.03828787804 7.624914577466176e-15
4905.88220071793 7.324394109763987e-15
4908.72611355782 7.1339503246188e-15
4911.57002639771 7.383174652144831e-15
4914.4139392376 7.334677905343254e-15
4917.25785207749 7.297640098360113e-15
4920.10176491738 7.303143001484557e-15
4922.94567775727 7.136909471672662e-15
4925.78959059716 7.062648754047674e-15
4928.63350343705 7.053056777595642e-15
4931.47741627694 7.114016888545904e-15
4934.32132911683 7.023269182602042e-15
4937.16524195672 7.122423839837176e-15
4940.00915479661 7.056451284817436e-15
4942.8530676365 6.7600932370861466e-15
4945.69698047639 6.859343566012356e-15
4948.54089331628 6.829069525731466e-15
4951.38480615617 6.920306393497285e-15
4954.22871899606 6.811723149734651e-15
4957.07263183594 6.9557046118546e-15
4959.91654467583 6.7242820381377314e-15
4962.76045751572 6.6380804842026824e-15
4965.60437035561 6.989908275337307e-15
4968.4482831955 6.634072519453859e-15
4971.29219603539 6.564904808245561e-15
4974.13610887528 6.64905919574694e-15
4976.98002171517 6.632648343475739e-15
4979.82393455506 6.64323188205671e-15
4982.66784739495 6.59830357150295e-15
4985.51176023484 6.6286869333388836e-15
4988.35567307473 6.759068606852603e-15
4991.19958591462 6.568279216271785e-15
4994.04349875451 6.566618795794615e-15
4996.8874115944 6.595582565616822e-15
4999.73132443429 6.574142747899594e-15
5002.57523727418 6.541034024023149e-15
5005.41915011407 6.474806100751052e-15
5008.26306295396 6.345982726500985e-15
5011.10697579385 6.476519460348521e-15
5013.95088863374 6.5201931544977206e-15
5016.79480147362 6.358610209156967e-15
5019.63871431351 6.504413685556617e-15
5022.4826271534 6.458899723709412e-15
5025.32653999329 6.486653025421171e-15
5028.17045283318 6.349205184282714e-15
5031.01436567307 6.490334441957272e-15
5033.85827851296 6.394665168306344e-15
5036.70219135285 6.572797181159969e-15
5039.54610419274 6.32427031533305e-15
5042.39001703263 6.5528201691097585e-15
5045.23392987252 6.399753577334955e-15
5048.07784271241 6.410048148827904e-15
5050.9217555523 6.394242999689377e-15
5053.76566839219 6.263816414132476e-15
5056.60958123208 6.377729880017653e-15
5059.45349407197 6.4039205995735e-15
5062.29740691186 6.2595248312926325e-15
5065.14131975175 6.235186689230439e-15
5067.98523259164 6.339721868105809e-15
5070.82914543153 6.336490273815544e-15
5073.67305827142 6.2381209941055985e-15
5076.51697111131 6.3661386343455594e-15
5079.36088395119 6.250138100011467e-15
5082.20479679108 6.379532647581272e-15
5085.04870963098 6.34183022391894e-15
5087.89262247086 6.227827820313037e-15
5090.73653531075 6.19775784223105e-15
5093.58044815064 6.40177377661592e-15
5096.42436099053 6.2726651426829565e-15
5099.26827383042 6.256490224425838e-15
5102.11218667031 6.178685686075108e-15
5104.9560995102 6.2431606965793864e-15
5107.80001235009 6.217739231638045e-15
5110.64392518998 6.243041093410796e-15
5113.48783802987 6.171332222571541e-15
5116.33175086976 6.253036401247439e-15
5119.17566370965 6.183315876664027e-15
5122.01957654954 6.309330373722918e-15
5124.86348938943 6.291303664116763e-15
5127.70740222932 6.096287287265316e-15
5130.55131506921 6.042915784100529e-15
5133.3952279091 6.121528227677175e-15
5136.23914074899 6.1595193197843945e-15
5139.08305358888 6.27709842528521e-15
5141.92696642877 6.192682487017342e-15
5144.77087926865 6.0873280368080114e-15
5147.61479210854 6.005043669503534e-15
5150.45870494843 6.157708452573017e-15
5153.30261778832 6.182140823964977e-15
5156.14653062821 6.06642847796907e-15
5158.9904434681 6.2070897727225914e-15
5161.83435630799 6.056990554648743e-15
5164.67826914788 6.192923677791227e-15
5167.52218198777 6.051655312742653e-15
5170.36609482766 6.135052119379367e-15
5173.21000766755 6.148554650394789e-15
5176.05392050744 6.0405358308758455e-15
5178.89783334733 6.148731910444993e-15
5181.74174618722 6.0741016658025535e-15
5184.58565902711 6.004779710525959e-15
5187.429571867 6.0973821569760225e-15
5190.27348470689 5.902575910909462e-15
5193.11739754678 6.049619225562252e-15
5195.96131038667 6.01404052869605e-15
5198.80522322656 5.998927356282226e-15
5201.64913606645 6.030315833945995e-15
5204.49304890633 5.896163078845012e-15
5207.33696174622 6.076843476975887e-15
5210.18087458611 6.099238776113967e-15
5213.024787426 6.032557310241144e-15
5215.86870026589 6.0031996983644644e-15
5218.71261310578 6.037915091641564e-15
5221.55652594567 5.961126398728953e-15
5224.40043878556 5.900537537730218e-15
5227.24435162545 6.065824101612829e-15
5230.08826446534 5.952925703305628e-15
5232.93217730523 6.000483336427092e-15
5235.77609014512 5.797656272079483e-15
5238.62000298501 5.91409997181643e-15
5241.4639158249 5.8532503673751436e-15
5244.30782866479 5.897339934860905e-15
5247.15174150468 5.932695935150388e-15
5249.99565434457 5.917695070744076e-15
5252.83956718446 5.942169916866877e-15
5255.68348002435 6.073741801802593e-15
5258.52739286424 5.796814161370589e-15
5261.37130570413 5.925317845505833e-15
5264.21521854402 5.873850991274242e-15
5267.0591313839 5.866005223547299e-15
5269.90304422379 5.96953321897498e-15
5272.74695706368 5.888718322075061e-15
5275.59086990357 5.777907419765718e-15
5278.43478274346 5.819985898581932e-15
5281.27869558335 5.7295822305267255e-15
5284.12260842324 5.778195382767826e-15
5286.96652126313 5.7810378685443956e-15
5289.81043410302 5.829977279343896e-15
5292.65434694291 5.8847007500986465e-15
5295.4982597828 5.8822208233997075e-15
5298.34217262269 5.78371206559313e-15
5301.18608546258 5.883628621791305e-15
5304.02999830247 5.8550372723529554e-15
5306.87391114236 5.759809866911257e-15
5309.71782398225 5.890764628663705e-15
5312.56173682214 5.7197038432840874e-15
5315.40564966203 5.740206687335022e-15
5318.24956250192 5.727873819387379e-15
5321.09347534181 5.6336710187954486e-15
5323.9373881817 5.777666579981392e-15
5326.78130102159 5.781726862736332e-15
5329.62521386147 5.678278354102871e-15
5332.46912670136 5.575614824858188e-15
5335.31303954125 5.7704451180055685e-15
5338.15695238114 5.826718459146016e-15
5341.00086522103 5.727966986265349e-15
5343.84477806092 5.682230924802133e-15
5346.68869090081 5.655587424532959e-15
5349.5326037407 5.678316384370229e-15
5352.37651658059 5.5830703599411874e-15
5355.22042942048 5.657165656643358e-15
5358.06434226037 5.636700781366536e-15
5360.90825510026 5.709277002529858e-15
5363.75216794015 5.6784610914550044e-15
5366.59608078004 5.749648646800632e-15
5369.43999361993 5.7821737241789914e-15
5372.28390645982 5.792677759365714e-15
5375.12781929971 5.6630356156099715e-15
5377.9717321396 5.578972098910095e-15
5380.81564497949 5.6091655522108635e-15
5383.65955781938 5.564416893990311e-15
5386.50347065927 5.457423541594388e-15
5389.34738349916 5.644452829432094e-15
5392.19129633904 5.639369556476227e-15
5395.03520917893 5.635411940689211e-15
5397.87912201882 5.631207218834083e-15
5400.72303485871 5.6548697637982836e-15
5403.5669476986 5.5931694378634746e-15
5406.41086053849 5.525285420593727e-15
5409.25477337838 5.63478258742038e-15
5412.09868621827 5.678206050779994e-15
5414.94259905816 5.661101532717714e-15
5417.78651189805 5.70279377196905e-15
5420.63042473794 5.880737509109814e-15
5423.47433757783 5.881398585650423e-15
5426.31825041772 5.803056663356784e-15
5429.16216325761 5.653790109419483e-15
5432.0060760975 5.6538081883998286e-15
5434.84998893739 5.863978679001907e-15
5437.69390177728 5.592013837521367e-15
5440.53781461717 5.672811763740701e-15
5443.38172745706 5.6735721517548156e-15
5446.22564029695 5.690406046888173e-15
5449.06955313684 5.518531103094116e-15
5451.91346597673 5.470485833992573e-15
5454.75737881662 5.362143891917679e-15
5457.6012916565 5.519409185662044e-15
5460.44520449639 5.462301659097635e-15
5463.28911733628 5.481470800881619e-15
5466.13303017617 5.429111903251144e-15
5468.97694301606 5.361457186855498e-15
5471.82085585595 5.398782153471261e-15
5474.66476869584 5.256879901389181e-15
5477.50868153573 5.3744372715058246e-15
5480.35259437562 5.3360002632982155e-15
5483.19650721551 5.261240838465716e-15
5486.0404200554 5.234631266470753e-15
5488.88433289529 5.308477286445264e-15
5491.72824573518 5.349932055910258e-15
5494.57215857507 5.2884966709098994e-15
5497.41607141496 5.2586499388449e-15
5500.25998425485 5.274052514789279e-15
5503.10389709474 5.092910956225512e-15
5505.94780993463 5.1621494644189674e-15
5508.79172277452 5.261733166954757e-15
5511.63563561441 5.265375248317309e-15
5514.47954845429 5.232776467226894e-15
5517.32346129418 5.222713105948415e-15
5520.16737413407 5.282889947000658e-15
5523.01128697396 5.260575389489506e-15
5525.85519981385 5.21026731031903e-15
5528.69911265374 5.211118006886634e-15
5531.54302549363 5.061455433363955e-15
5534.38693833352 5.101000736021003e-15
5537.23085117341 5.162095885757182e-15
5540.0747640133 5.0798168695967725e-15
5542.91867685319 5.05740802718998e-15
5545.76258969308 5.087774360778557e-15
5548.60650253297 5.0556367432670304e-15
5551.45041537286 5.0427482825079376e-15
5554.29432821275 5.09917028523637e-15
5557.13824105264 5.042950881902985e-15
5559.98215389253 5.052970397201161e-15
5562.82606673242 4.99191811608229e-15
5565.66997957231 5.0746357614102355e-15
5568.5138924122 4.983186060009481e-15
5571.35780525208 5.007593280589857e-15
5574.20171809198 4.954284743599391e-15
5577.04563093186 4.965503714863843e-15
5579.88954377175 5.01417648734017e-15
5582.73345661164 4.9880289789101004e-15
5585.57736945153 5.1533861791597564e-15
5588.42128229142 5.1302714432766176e-15
5591.26519513131 4.940337900723737e-15
5594.1091079712 4.971069819908992e-15
5596.95302081109 4.9928622845289215e-15
5599.79693365098 4.916152404391218e-15
5602.64084649087 4.9372256887818425e-15
5605.48475933076 4.9921665829030955e-15
5608.32867217065 4.9385035308438195e-15
5611.17258501054 4.8232059578249295e-15
5614.01649785043 4.830371900607225e-15
5616.86041069032 4.8113509129503e-15
5619.70432353021 4.8796672297230676e-15
5622.5482363701 4.905522546398836e-15
5625.39214920999 4.8867345078336424e-15
5628.23606204988 4.952643180144148e-15
5631.07997488977 4.863873239836447e-15
5633.92388772966 4.832820685915144e-15
5636.76780056955 4.918748660537957e-15
5639.61171340943 4.826246024062963e-15
5642.45562624932 4.831193781044296e-15
5645.29953908921 4.7746936028616864e-15
5648.1434519291 4.796789624163929e-15
5650.98736476899 4.888309949922012e-15
5653.83127760888 4.810209157130103e-15
5656.67519044877 4.781983001450306e-15
5659.51910328866 4.8278808403225145e-15
5662.36301612855 4.7811766723953335e-15
5665.20692896844 4.66919325836525e-15
5668.05084180833 4.834819226454877e-15
5670.89475464822 4.865290140899651e-15
5673.73866748811 4.7577188235693516e-15
5676.582580328 4.775262350097001e-15
5679.42649316789 4.767184154320084e-15
5682.27040600778 4.7319850835387495e-15
5685.11431884767 4.735975772895484e-15
5687.95823168756 4.7120506874311356e-15
5690.80214452745 4.723797558027667e-15
5693.64605736733 4.764371814645937e-15
5696.48997020722 4.663800580658139e-15
5699.33388304711 4.6960679914129526e-15
5702.177795887 4.777116950111783e-15
5705.02170872689 4.795925287005302e-15
5707.86562156678 4.8224776742974806e-15
5710.70953440667 4.80269469626743e-15
5713.55344724656 4.880309613011826e-15
5716.39736008645 4.76153303098931e-15
5719.24127292634 4.764060830690066e-15
5722.08518576623 4.847976297963399e-15
5724.92909860612 4.691109497590541e-15
5727.77301144601 4.5871856147251974e-15
5730.6169242859 4.788490591078953e-15
5733.46083712579 4.8058570450540394e-15
5736.30474996568 4.64672678070981e-15
5739.14866280557 4.578943350994782e-15
5741.99257564546 4.671167826911331e-15
5744.83648848535 4.694083476467303e-15
5747.68040132524 4.665988455150092e-15
5750.52431416512 4.769966360006407e-15
5753.36822700501 4.7506816507345555e-15
5756.2121398449 4.648555163364864e-15
5759.05605268479 4.6701181074007e-15
5761.89996552468 4.663144239255094e-15
5764.74387836457 4.564812910935288e-15
5767.58779120446 4.592280309582592e-15
5770.43170404435 4.6854573274716975e-15
5773.27561688424 4.718381593431809e-15
5776.11952972413 4.6413646055223286e-15
5778.96344256402 4.604127754913295e-15
5781.80735540391 4.5928318384359166e-15
5784.6512682438 4.595498459708487e-15
5787.49518108369 4.542253806493546e-15
5790.33909392358 4.57244487044913e-15
5793.18300676347 4.6488598236227494e-15
5796.02691960336 4.6521168867295595e-15
5798.87083244325 4.693941321218161e-15
5801.71474528314 4.632473348716955e-15
5804.55865812303 4.666602637933849e-15
5807.40257096292 4.635614457892933e-15
5810.24648380281 4.647446505810911e-15
5813.0903966427 4.680736550112839e-15
5815.93430948259 4.690999965171345e-15
5818.77822232247 4.673313013483821e-15
5821.62213516236 4.639240140807635e-15
5824.46604800225 4.730760895036987e-15
5827.30996084214 4.7024712537029145e-15
5830.15387368203 4.6066485679035575e-15
5832.99778652192 4.67044536089019e-15
5835.84169936181 4.779558101725888e-15
5838.6856122017 4.63062222429093e-15
5841.52952504159 4.58755060863435e-15
5844.37343788148 4.668447312897904e-15
5847.21735072137 4.538352291124022e-15
5850.06126356126 4.643633115257058e-15
5852.90517640115 4.655773246420071e-15
5855.74908924104 4.513812800647132e-15
5858.59300208093 4.612163897430014e-15
5861.43691492082 4.553628305193506e-15
5864.28082776071 4.521712241399646e-15
5867.1247406006 4.544981467676861e-15
5869.96865344049 4.59499211148411e-15
5872.81256628038 4.466373824191439e-15
5875.65647912026 4.425875235973564e-15
5878.50039196015 4.387964849781677e-15
5881.34430480004 4.336295789862297e-15
5884.18821763993 4.223853803126727e-15
5887.03213047982 4.293059656028284e-15
5889.87604331971 4.176685061840305e-15
5892.7199561596 4.0850299749209964e-15
5895.56386899949 4.088898371886667e-15
5898.40778183938 4.0822779589633296e-15
5901.25169467927 4.05703133991595e-15
5904.09560751916 4.0790621940124085e-15
5906.93952035905 4.1203376078930455e-15
5909.78343319894 4.02946046893724e-15
5912.62734603883 4.014855120032765e-15
5915.47125887872 4.041547117521211e-15
5918.31517171861 4.075858784323953e-15
5921.1590845585 4.060024433334355e-15
5924.00299739839 4.090488746387706e-15
5926.84691023828 4.128177415748488e-15
5929.69082307817 4.2016375409544395e-15
5932.53473591806 4.2505331165070765e-15
5935.37864875794 4.304851595892845e-15
5938.22256159783 4.260524566268371e-15
5941.06647443772 4.153530751573119e-15
5943.91038727761 4.111282133522571e-15
5946.7543001175 4.119555947148956e-15
5949.59821295739 4.149007708229963e-15
5952.44212579728 4.127955490561988e-15
5955.28603863717 4.110148136485301e-15
5958.12995147706 4.085194902434652e-15
5960.97386431695 4.11392551649383e-15
5963.81777715684 4.0868692779508204e-15
5966.66168999673 4.0391911235344746e-15
5969.50560283662 4.115248234343858e-15
5972.34951567651 4.1874628880205546e-15
5975.1934285164 4.1615134536581675e-15
5978.03734135629 4.060512836832536e-15
5980.88125419618 4.0855344794870944e-15
5983.72516703607 4.122504501930444e-15
5986.56907987596 4.063410576638977e-15
5989.41299271585 4.053863654104263e-15
5992.25690555574 3.9595668960363245e-15
5995.10081839563 4.022893117696798e-15
5997.94473123552 4.0104617146154474e-15
6000.7886440754 4.030431253604491e-15
6003.63255691529 4.011903912271455e-15
6006.47646975518 3.9832778876997746e-15
6009.32038259507 4.0172035588835504e-15
6012.16429543496 3.873551869230967e-15
6015.00820827485 4.0099489698233936e-15
6017.85212111474 4.049818303973597e-15
6020.69603395463 3.957113040927706e-15
6023.53994679452 3.9129143206167235e-15
6026.38385963441 3.987475307822906e-15
6029.2277724743 3.9198548465649035e-15
6032.07168531419 3.932267778781659e-15
6034.91559815408 3.934992608369164e-15
6037.75951099397 3.914241129785855e-15
6040.60342383386 3.913347327988096e-15
6043.44733667375 3.937159745875319e-15
6046.29124951364 4.0241239781057924e-15
6049.13516235353 3.958624178247186e-15
6051.97907519342 3.828241609740037e-15
6054.82298803331 3.8877450943680406e-15
6057.6669008732 3.8814017294018265e-15
6060.51081371309 3.816009665876773e-15
6063.35472655297 3.89614376944163e-15
6066.19863939286 3.952503393434777e-15
6069.04255223275 3.884895169684827e-15
6071.88646507264 3.898124328712079e-15
6074.73037791253 3.9124213841289685e-15
6077.57429075242 3.85304294017612e-15
6080.41820359231 3.875515753717585e-15
6083.2621164322 3.895066839207103e-15
6086.10602927209 3.806450287517198e-15
6088.94994211198 3.7963487302225965e-15
6091.79385495187 3.801976364566433e-15
6094.63776779176 3.8525139969289385e-15
6097.48168063165 3.881079656683328e-15
6100.32559347154 3.815611725083703e-15
6103.16950631143 3.8453168540552654e-15
6106.01341915132 3.78586544699289e-15
6108.85733199121 3.824700603475489e-15
6111.7012448311 3.857017873822427e-15
6114.54515767099 3.762196091017374e-15
6117.38907051087 3.770486572268529e-15
6120.23298335077 3.803991535856223e-15
6123.07689619066 3.773144458896985e-15
6125.92080903054 3.821021955883955e-15
6128.76472187043 3.745851618380486e-15
6131.60863471032 3.773686336827876e-15
6134.45254755021 3.689616248158142e-15
6137.2964603901 3.762524462667721e-15
6140.14037322999 3.78301906497355e-15
6142.98428606988 3.762735738201659e-15
6145.82819890977 3.734293691665916e-15
6148.67211174966 3.769713569034532e-15
6151.51602458955 3.7720043379825424e-15
6154.35993742944 3.701066619870165e-15
6157.20385026933 3.7837666568968004e-15
6160.04776310922 3.804428559652141e-15
6162.89167594911 3.748102893358302e-15
6165.735588789 3.739066415543939e-15
6168.57950162889 3.693295528430157e-15
6171.42341446878 3.7708204747481616e-15
6174.26732730867 3.688655387584904e-15
6177.11124014856 3.653008710994418e-15
6179.95515298844 3.6677076487460135e-15
6182.79906582833 3.651311877077512e-15
6185.64297866822 3.591815173937024e-15
6188.48689150811 3.6015405189120895e-15
6191.330804348 3.62789370312707e-15
6194.17471718789 3.544286168613447e-15
6197.01863002778 3.598300083050635e-15
6199.86254286767 3.566735996486955e-15
6202.70645570756 3.531346532941254e-15
6205.55036854745 3.541131693933637e-15
6208.39428138734 3.608312498312833e-15
6211.23819422723 3.5473694086817862e-15
6214.08210706712 3.607560298872024e-15
6216.92601990701 3.626639362061774e-15
6219.7699327469 3.6375951729523465e-15
6222.61384558679 3.526579747744364e-15
6225.45775842668 3.587690354973808e-15
6228.30167126657 3.584933007120793e-15
6231.14558410646 3.5359616726611825e-15
6233.98949694635 3.4893576436500204e-15
6236.83340978624 3.5412134345609835e-15
6239.67732262613 3.605674574705999e-15
6242.52123546602 3.534952848567363e-15
6245.3651483059 3.642543243453656e-15
6248.20906114579 3.557055874347197e-15
6251.05297398568 3.5347900498675155e-15
6253.89688682557 3.532500954308846e-15
6256.74079966546 3.497955266798643e-15
6259.58471250535 3.4764989385137673e-15
6262.42862534524 3.4986037848739734e-15
6265.27253818513 3.562313962601785e-15
6268.11645102502 3.555444536911725e-15
6270.96036386491 3.4098443204666998e-15
6273.8042767048 3.404993078100999e-15
6276.64818954469 3.495935801847873e-15
6279.49210238458 3.394554170655011e-15
6282.33601522447 3.364813572100873e-15
6285.17992806436 3.3897017753830897e-15
6288.02384090425 3.411918077180522e-15
6290.86775374414 3.422589806046996e-15
6293.71166658403 3.3724821092168863e-15
6296.55557942392 3.3401967888985588e-15
6299.3994922638 3.3638672498889778e-15
6302.24340510369 3.3481750809589074e-15
6305.08731794359 3.343059828581571e-15
6307.93123078347 3.3633810433633093e-15
6310.77514362336 3.35764451452762e-15
6313.61905646325 3.3754735151460593e-15
6316.46296930314 3.372211132956285e-15
6319.30688214303 3.301605813302155e-15
6322.15079498292 3.3678012306280352e-15
6324.99470782281 3.414998954006516e-15
6327.8386206627 3.2770987119835034e-15
6330.68253350259 3.2273167597791477e-15
6333.52644634248 3.3136059847274057e-15
6336.37035918237 3.3937197072083852e-15
6339.21427202226 3.355447160185429e-15
6342.05818486215 3.256607772762952e-15
6344.90209770204 3.285216955371826e-15
6347.74601054193 3.403830328780843e-15
6350.58992338182 3.3312317457826794e-15
6353.43383622171 3.3945779998598707e-15
6356.2777490616 3.331260782519273e-15
6359.12166190149 3.2140630699281922e-15
6361.96557474137 3.2712560811181316e-15
6364.80948758126 3.3038986399836893e-15
6367.65340042115 3.2065870269756758e-15
6370.49731326104 3.2332390512756846e-15
6373.34122610093 3.339152059793121e-15
6376.18513894082 3.226169496827302e-15
6379.02905178071 3.296760792689721e-15
6381.8729646206 3.232800487899678e-15
6384.71687746049 3.207546789619736e-15
6387.56079030038 3.2583766880441725e-15
6390.40470314027 3.2238118127921032e-15
6393.24861598016 3.2047580122430447e-15
6396.09252882005 3.1372944055334243e-15
6398.93644165994 3.196960551124416e-15
6401.78035449983 3.152068119834293e-15
6404.62426733972 3.1473828178420688e-15
6407.46818017961 3.232455962578679e-15
6410.3120930195 3.175950979181929e-15
6413.15600585939 3.1549950533269573e-15
6415.99991869928 3.1883869407658903e-15
6418.84383153917 3.203746987183692e-15
6421.68774437906 3.2011563152258836e-15
6424.53165721894 3.1803463605455734e-15
6427.37557005883 3.1337521525752385e-15
6430.21948289872 3.167237540953215e-15
6433.06339573861 3.193652256052638e-15
6435.9073085785 3.1017808073259106e-15
6438.75122141839 3.169907035225978e-15
6441.59513425828 3.14060277887426e-15
6444.43904709817 3.1071132685641263e-15
6447.28295993806 3.186156089967671e-15
6450.12687277795 3.1827627604793028e-15
6452.97078561784 3.1091310362245424e-15
6455.81469845773 3.127899549504837e-15
6458.65861129762 3.1339267199010195e-15
6461.50252413751 3.147274206294221e-15
6464.3464369774 3.1052398142174957e-15
6467.19034981729 3.1505628729386823e-15
6470.03426265718 3.110375371929752e-15
6472.87817549707 3.029444285526388e-15
6475.72208833696 3.11389128781336e-15
6478.56600117684 3.11252527173771e-15
6481.40991401674 3.0674356175246468e-15
6484.25382685663 3.105142683866387e-15
6487.09773969651 3.151582784592916e-15
6489.9416525364 3.0661732312776794e-15
6492.78556537629 3.0568138353125764e-15
6495.62947821618 3.0537422421154017e-15
6498.47339105607 3.0709694521842233e-15
6501.31730389596 3.0320997425743755e-15
6504.16121673585 3.1111247262521537e-15
6507.00512957574 3.146098515789249e-15
6509.84904241563 3.1199171875711136e-15
6512.69295525552 3.1199898796168077e-15
6515.53686809541 3.0741348686775714e-15
6518.3807809353 3.1336421237902453e-15
6521.22469377519 3.0979172960966505e-15
6524.06860661508 3.164368601131686e-15
6526.91251945497 3.2436626972602607e-15
6529.75643229486 3.2258500582689135e-15
6532.60034513475 3.2416179007985576e-15
6535.44425797464 3.3508368801795672e-15
6538.28817081453 3.2360818955527394e-15
6541.13208365442 3.2878403989332503e-15
6543.97599649431 3.3442285671903963e-15
6546.8199093342 3.3144838141969012e-15
6549.66382217408 3.3176032592676735e-15
6552.50773501397 3.363050788822492e-15
6555.35164785386 3.3497530306154416e-15
6558.19556069375 3.4842444188866005e-15
6561.03947353364 3.4370931833772317e-15
6563.88338637353 3.4709644007300595e-15
6566.72729921342 3.5456233860464157e-15
6569.57121205331 3.649004369419277e-15
6572.4151248932 3.762404724579867e-15
6575.25903773309 3.83220424035567e-15
6578.10295057298 3.9416516808071666e-15
6580.94686341287 3.905442657680566e-15
6583.79077625276 3.86341833421743e-15
6586.63468909265 3.8268656593396514e-15
6589.47860193254 3.769106701811627e-15
6592.32251477243 3.6553867807115875e-15
6595.16642761232 3.539932894333702e-15
6598.01034045221 3.4759946501336546e-15
6600.8542532921 3.4020229557516214e-15
6603.69816613199 3.4392814944857545e-15
6606.54207897187 3.3447457182454512e-15
6609.38599181177 3.277440430075349e-15
6612.22990465165 3.285009655778746e-15
6615.07381749154 3.232012116783018e-15
6617.91773033143 3.1347879369640583e-15
6620.76164317132 3.033499486284809e-15
6623.60555601121 3.140652819034495e-15
6626.4494688511 3.0929723352442363e-15
6629.29338169099 3.1324855581672617e-15
6632.13729453088 3.0909510062527384e-15
6634.98120737077 3.0205648765860765e-15
6637.82512021066 3.0033315736918867e-15
6640.66903305055 3.0427062468042854e-15
6643.51294589044 2.9662983470011626e-15
6646.35685873033 2.946926663325102e-15
6649.20077157022 2.9054020849654947e-15
6652.04468441011 3.005673032791316e-15
6654.88859725 2.946335302103335e-15
6657.73251008989 2.9123477887435616e-15
6660.57642292978 2.9281627461311434e-15
6663.42033576967 2.894518450801905e-15
6666.26424860956 2.9323428453750483e-15
6669.10816144945 2.940585285244708e-15
6671.95207428934 2.9343855175977237e-15
6674.79598712922 2.8604709646941684e-15
6677.63989996911 2.8552390593901955e-15
6680.483812809 2.974968749184226e-15
6683.32772564889 2.946430785925458e-15
6686.17163848878 2.8632572631999097e-15
6689.01555132867 2.935054708128023e-15
6691.85946416856 2.9705976731549117e-15
6694.70337700845 2.873169932913852e-15
6697.54728984834 2.8481164718673368e-15
6700.39120268823 2.9103652704204318e-15
6703.23511552812 2.8736045484826856e-15
6706.07902836801 2.882090873763991e-15
6708.9229412079 2.8595974153733014e-15
6711.76685404779 2.830132053878217e-15
6714.61076688768 2.8591074660796623e-15
6717.45467972757 2.8018613386286027e-15
6720.29859256746 2.7688811027196153e-15
6723.14250540735 2.8571749348367884e-15
6725.98641824724 2.79647633576044e-15
6728.83033108713 2.8173957874978117e-15
6731.67424392702 2.802989741164338e-15
6734.51815676691 2.7804994072460907e-15
6737.36206960679 2.8526409786445697e-15
6740.20598244668 2.8236399361163643e-15
6743.04989528657 2.7422758859434824e-15
6745.89380812646 2.8871959386164658e-15
6748.73772096635 2.7277388779586534e-15
6751.58163380624 2.6906200542212033e-15
6754.42554664613 2.794934179984143e-15
6757.26945948602 2.7302852602853137e-15
6760.11337232591 2.711249358830611e-15
6762.9572851658 2.6649319520887326e-15
6765.80119800569 2.6186462577781168e-15
6768.64511084558 2.7604083017271724e-15
6771.48902368547 2.7224146018344794e-15
6774.33293652536 2.68350888202337e-15
6777.17684936525 2.6898319578532572e-15
6780.02076220514 2.65287039347524e-15
6782.86467504503 2.6802348783675735e-15
6785.70858788492 2.641189860797607e-15
6788.55250072481 2.6459667225651367e-15
6791.3964135647 2.6763000369787504e-15
6794.24032640459 2.648811731868769e-15
6797.08423924448 2.632932589727e-15
6799.92815208437 2.6215219503456927e-15
6802.77206492425 2.6961406803867453e-15
6805.61597776414 2.686168843087763e-15
6808.45989060403 2.599041516104064e-15
6811.30380344392 2.608970486994599e-15
6814.14771628381 2.6438633020313095e-15
6816.9916291237 2.5962983273256833e-15
6819.83554196359 2.601775011037583e-15
6822.67945480348 2.6515667898225106e-15
6825.52336764337 2.6173058179292353e-15
6828.36728048326 2.5463024192145718e-15
6831.21119332315 2.6255691740929393e-15
6834.05510616304 2.6549489448611124e-15
6836.89901900293 2.619053078984705e-15
6839.74293184282 2.591763029382673e-15
6842.58684468271 2.602448333782136e-15
6845.4307575226 2.6185319527327885e-15
6848.27467036249 2.62645559356997e-15
6851.11858320238 2.649641424407077e-15
6853.96249604226 2.703210038408309e-15
6856.80640888215 2.63495068854944e-15
6859.65032172204 2.584239328253743e-15
6862.49423456193 2.620728102453871e-15
6865.33814740182 2.5722039989711104e-15
6868.18206024171 2.5456581277154706e-15
6871.0259730816 2.617381532632597e-15
6873.86988592149 2.5853767555094436e-15
6876.71379876138 2.5364808788538293e-15
6879.55771160127 2.53503311708373e-15
6882.40162444116 2.52930825262367e-15
6885.24553728105 2.5452002954372466e-15
6888.08945012094 2.6327487549109864e-15
6890.93336296083 2.5713999884520994e-15
6893.77727580072 2.5197839080659562e-15
6896.62118864061 2.537085002827255e-15
6899.4651014805 2.5832655668238317e-15
6902.30901432039 2.6145326992899986e-15
6905.15292716028 2.5241399210131227e-15
6907.99684000017 2.5898290815452806e-15
6910.84075284006 2.5913762658231367e-15
6913.68466567995 2.6030324655260866e-15
6916.52857851983 2.5258081361314678e-15
6919.37249135972 2.5356622275549432e-15
6922.21640419961 2.569005277855235e-15
6925.0603170395 2.4984433167362815e-15
6927.90422987939 2.512311423235767e-15
6930.74814271928 2.4761607607199526e-15
6933.59205555917 2.486917311960054e-15
6936.43596839906 2.5256493506186753e-15
6939.27988123895 2.4566019561387177e-15
6942.12379407884 2.4574003852508084e-15
6944.96770691873 2.4534036057085428e-15
6947.81161975862 2.4625963094154546e-15
6950.65553259851 2.4445317544702152e-15
6953.4994454384 2.424183721946353e-15
6956.34335827829 2.482297044172308e-15
6959.18727111818 2.4412816317498274e-15
6962.03118395807 2.52949463896335e-15
6964.87509679796 2.4775732302084916e-15
6967.71900963785 2.4354896582167576e-15
6970.56292247774 2.578616849137099e-15
6973.40683531762 2.4962483737713485e-15
6976.25074815752 2.4584671104062654e-15
6979.09466099741 2.404317839604396e-15
6981.93857383729 2.476151979886456e-15
6984.78248667718 2.510465931863128e-15
6987.62639951707 2.462112896794345e-15
6990.47031235696 2.4352732460897917e-15
6993.31422519685 2.4006078238246972e-15
6996.15813803674 2.435474784721706e-15
6999.00205087663 2.5133467980788076e-15
7001.84596371652 2.5327060031278327e-15
7004.68987655641 2.4871557507715256e-15
7007.5337893963 2.432490593883483e-15
7010.37770223619 2.4987255699773935e-15
7013.22161507608 2.4859785364871315e-15
7016.06552791597 2.4166120719343734e-15
7018.90944075586 2.4972901337509066e-15
7021.75335359575 2.523437168604322e-15
7024.59726643564 2.4910393697143243e-15
7027.44117927553 2.433230168921315e-15
7030.28509211542 2.441416371461415e-15
7033.1290049553 2.4944026578326697e-15
7035.97291779519 2.4855082803002593e-15
7038.81683063508 2.504314867274989e-15
7041.66074347497 2.499732929480487e-15
7044.50465631486 2.464609333015425e-15
7047.34856915475 2.5036308774631072e-15
7050.19248199464 2.476657021217905e-15
7053.03639483453 2.480790957519855e-15
7055.88030767442 2.535366451122826e-15
7058.72422051431 2.5313573709125052e-15
7061.5681333542 2.5655108829325253e-15
7064.41204619409 2.5268382814795782e-15
7067.25595903398 2.5084858026589857e-15
7070.09987187387 2.5573098938968464e-15
7072.94378471376 2.5842366844657776e-15
7075.78769755365 2.5250072914207496e-15
7078.63161039354 2.4838884145321456e-15
7081.47552323343 2.5178001832232056e-15
7084.31943607332 2.46163303545184e-15
7087.16334891321 2.4944546761159637e-15
7090.0072617531 2.496323965165442e-15
7092.85117459299 2.4955999951194053e-15
7095.69508743287 2.5348209575789443e-15
7098.53900027276 2.491273083313116e-15
7101.38291311265 2.4474177679890644e-15
7104.22682595254 2.4372876955430438e-15
7107.07073879243 2.5199605203718808e-15
7109.91465163232 2.5161689036544074e-15
7112.75856447221 2.5726800859518863e-15
7115.6024773121 2.541545273349252e-15
7118.44639015199 2.4596326924198612e-15
7121.29030299188 2.5489029765087516e-15
7124.13421583177 2.5439877818649032e-15
7126.97812867166 2.4907356812798687e-15
7129.82204151155 2.5552185426362043e-15
7132.66595435144 2.5127345638956993e-15
7135.50986719133 2.4838440466172065e-15
7138.35378003122 2.552599364510206e-15
7141.19769287111 2.496446237220357e-15
7144.041605711 2.5099837248054877e-15
7146.88551855089 2.472605715579805e-15
7149.72943139078 2.4249975238607273e-15
7152.57334423067 2.467386649521374e-15
7155.41725707056 2.4658036453466283e-15
7158.26116991044 2.4355437541151716e-15
7161.10508275033 2.378667256615887e-15
7163.94899559022 2.380444070333066e-15
7166.79290843011 2.3493476363480085e-15
7169.63682127 2.3941100383177207e-15
7172.48073410989 2.3667870516426526e-15
7175.32464694978 2.2869312029773875e-15
7178.16855978967 2.2982215259711712e-15
7181.01247262956 2.3264285153360063e-15
7183.85638546945 2.275389755592605e-15
7186.70029830934 2.26821462259164e-15
7189.54421114923 2.313698395363492e-15
7192.38812398912 2.2780985446836663e-15
7195.23203682901 2.1952058756839952e-15
7198.0759496689 2.2668723881667457e-15
7200.91986250879 2.277760515735025e-15
7203.76377534868 2.196900366728923e-15
7206.60768818857 2.26918844424635e-15
7209.45160102846 2.2726053222752568e-15
7212.29551386835 2.246913448682197e-15
7215.13942670824 2.2070011523762143e-15
7217.98333954813 2.2602808483960927e-15
7220.82725238801 2.2885088948933227e-15
7223.6711652279 2.328045259961643e-15
7226.5150780678 2.348721759515298e-15
7229.35899090768 2.2674196569657307e-15
7232.20290374757 2.2117301671684793e-15
7235.04681658746 2.1794598856176124e-15
7237.89072942735 2.23599358437483e-15
7240.73464226724 2.1653043292597226e-15
7243.57855510713 2.1462190420597026e-15
7246.42246794702 2.1764440173038257e-15
7249.26638078691 2.137041620137822e-15
7252.1102936268 2.1459916679318367e-15
7254.95420646669 2.1229407405296842e-15
7257.79811930658 2.1385207314620615e-15
7260.64203214647 2.1400746599406856e-15
7263.48594498636 2.1393142837742037e-15
7266.32985782625 2.192815871758578e-15
7269.17377066614 2.164844621691863e-15
7272.01768350603 2.1193938616953946e-15
7274.86159634592 2.142089530549023e-15
7277.70550918581 2.1382408872123052e-15
7280.5494220257 2.1680329127073057e-15
7283.39333486558 2.0883082148761636e-15
7286.23724770547 2.1472571142531016e-15
7289.08116054536 2.173675775007024e-15
7291.92507338525 2.1333261018475866e-15
7294.76898622514 2.05403733042965e-15
7297.61289906503 2.0357499158209896e-15
7300.45681190492 2.0937511861461486e-15
7303.30072474481 2.0666090214112292e-15
7306.1446375847 2.03448655465786e-15
7308.98855042459 2.0591018569053763e-15
7311.83246326448 2.1054195298824525e-15
7314.67637610437 2.103778473535017e-15
7317.52028894426 2.1699629067602797e-15
7320.36420178415 2.113623877081702e-15
7323.20811462404 2.1049327481314378e-15
7326.05202746393 2.096638712008502e-15
7328.89594030382 2.042907626896477e-15
7331.73985314371 2.0711218766452744e-15
7334.5837659836 2.1068581745955952e-15
7337.42767882349 2.146155157156746e-15
7340.27159166338 2.1245792261103162e-15
7343.11550450326 2.131778241889088e-15
7345.95941734315 2.107649117818641e-15
7348.80333018304 2.071023356836426e-15
7351.64724302293 2.079620595126902e-15
7354.49115586282 2.1426222712651646e-15
7357.33506870271 2.134905469691515e-15
7360.1789815426 2.085930911359362e-15
7363.02289438249 2.091294922186672e-15
7365.86680722238 2.1089735078977778e-15
7368.71072006227 2.0754194070325974e-15
7371.55463290216 2.0614182372857898e-15
7374.39854574205 2.0893611314226238e-15
7377.24245858194 2.067301759326922e-15
7380.08637142183 2.114200957637284e-15
7382.93028426172 2.048717168836096e-15
7385.77419710161 1.9640889516170182e-15
7388.6181099415 2.017814128406394e-15
7391.46202278139 2.0308677885047274e-15
7394.30593562128 2.0645015589911313e-15
7397.14984846117 2.082926049762141e-15
7399.99376130105 2.0361839045091964e-15
7402.83767414095 2.0950587354985155e-15
7405.68158698083 2.086757356053899e-15
7408.52549982072 2.053717723321718e-15
7411.36941266061 2.0452529312306294e-15
7414.2133255005 2.033226569895812e-15
7417.05723834039 2.08332505949016e-15
7419.90115118028 2.0898733170400637e-15
7422.74506402017 2.011292160482027e-15
7425.58897686006 2.0289978698642166e-15
7428.43288969995 1.970535256074404e-15
7431.27680253984 2.035792566225059e-15
7434.12071537973 2.0837583742090704e-15
7436.96462821962 2.0033553953717743e-15
7439.80854105951 1.9720978139212116e-15
7442.6524538994 1.9614262586505926e-15
7445.49636673929 1.9970071417372056e-15
7448.34027957918 2.0155226527040937e-15
7451.18419241907 1.979375538415643e-15
7454.02810525896 1.985868542567543e-15
7456.87201809885 2.0047793206800465e-15
7459.71593093874 1.9932609616099434e-15
7462.55984377862 2.02684548126387e-15
7465.40375661851 2.041317953900956e-15
7468.24766945841 1.974742368245337e-15
7471.09158229829 2.0120203890157188e-15
7473.93549513818 1.9375673086702737e-15
7476.77940797807 1.988129041409967e-15
7479.62332081796 2.0121621962902336e-15
7482.46723365785 1.987514093545896e-15
7485.31114649774 2.0156093899408726e-15
7488.15505933763 2.057963498700649e-15
7490.99897217752 2.0181315675624222e-15
7493.84288501741 1.9709814370775753e-15
7496.6867978573 1.9729857675558657e-15
7499.53071069719 1.9695025173479933e-15
7502.37462353708 1.9920819104866825e-15
7505.21853637697 1.952779072622539e-15
7508.06244921686 1.9808767119585876e-15
7510.90636205675 2.0013677787881626e-15
7513.75027489664 1.97992954398215e-15
7516.59418773653 1.954204431004875e-15
7519.43810057642 1.9887305984910576e-15
7522.2820134163 1.91777552835801e-15
7525.12592625619 1.9228043515695445e-15
7527.96983909608 1.9863295386206844e-15
7530.81375193597 1.9175784859085707e-15
7533.65766477586 1.9159165916060463e-15
7536.50157761575 1.8847590148461734e-15
7539.34549045564 1.9463088678702326e-15
7542.18940329553 1.9697529690646287e-15
7545.03331613542 1.8572016074211845e-15
7547.87722897531 1.8811779782690967e-15
7550.7211418152 1.9153054616205427e-15
7553.56505465509 1.9285890000979697e-15
7556.40896749498 1.9498051725379285e-15
7559.25288033487 1.8845929896280576e-15
7562.09679317476 1.8643404713161866e-15
7564.94070601465 1.940329181467282e-15
7567.78461885454 1.8936121192820885e-15
7570.62853169443 2.006717784740042e-15
7573.47244453432 2.0111191247318977e-15
7576.31635737421 1.992818584856275e-15
7579.16027021409 1.9849773418194614e-15
7582.00418305399 1.9751209789152017e-15
7584.84809589387 2.040221061539034e-15
7587.69200873376 2.0843552595392314e-15
7590.53592157365 2.034545756730022e-15
7593.37983441354 1.9602327297735376e-15
7596.22374725343 1.8990029703094936e-15
7599.06766009332 1.872562475063133e-15
7601.91157293321 1.7576383594674303e-15
7604.7554857731 1.7223102172926277e-15
7607.59939861299 1.909899947100391e-15
7610.44331145288 1.8893187621282993e-15
7613.28722429277 1.8619922938084107e-15
7616.13113713266 1.851543985440463e-15
7618.97504997255 1.9556812970028287e-15
7621.81896281244 1.953315173186064e-15
7624.66287565233 1.8854308128941794e-15
7627.50678849222 1.7669868356020282e-15
7630.35070133211 1.775113450459167e-15
7633.194614172 1.7574291129836303e-15
7636.03852701189 1.7260036716911132e-15
7638.88243985178 1.7575489643249634e-15
7641.72635269166 1.8267525384880075e-15
7644.57026553155 1.8688739164876252e-15
7647.41417837144 1.8880639800716765e-15
7650.25809121133 1.913668469667313e-15
7653.10200405122 1.8646109142417165e-15
7655.94591689111 1.8417014952846183e-15
7658.789829731 1.8491298438396556e-15
7661.63374257089 1.79898063689511e-15
7664.47765541078 1.8878645167760697e-15
7667.32156825067 1.911996242216107e-15
7670.16548109056 1.863884671973465e-15
7673.00939393045 1.89436901076225e-15
7675.85330677034 1.8465770157881666e-15
7678.69721961023 1.7939796304209438e-15
7681.54113245012 1.834495244991252e-15
7684.38504529001 1.8222951485965783e-15
7687.2289581299 1.8048134784212562e-15
7690.07287096979 1.8041713574666257e-15
7692.91678380968 1.77081066728733e-15
7695.76069664957 1.810704048537013e-15
7698.60460948946 1.865324132767089e-15
7701.44852232935 1.807307516058545e-15
7704.29243516923 1.7975002458563808e-15
7707.13634800912 1.8088389076480552e-15
7709.98026084901 1.803459945447035e-15
7712.8241736889 1.792461262824019e-15
7715.66808652879 1.788475067804226e-15
7718.51199936868 1.7915555956238543e-15
7721.35591220857 1.7575127985416996e-15
7724.19982504846 1.7781850435492476e-15
7727.04373788835 1.835668648433596e-15
7729.88765072824 1.7709251620155874e-15
7732.73156356813 1.8144980189771588e-15
7735.57547640802 1.8201346604275435e-15
7738.41938924791 1.7675380928377096e-15
7741.2633020878 1.7755936299251429e-15
7744.10721492769 1.755734346892479e-15
7746.95112776758 1.788058218540976e-15
7749.79504060747 1.7428096777441592e-15
7752.63895344736 1.694335051598646e-15
7755.48286628725 1.7796752108923202e-15
7758.32677912714 1.7605380786659159e-15
7761.17069196702 1.783407698802116e-15
7764.01460480692 1.7682573616728215e-15
7766.8585176468 1.7833804997312648e-15
7769.70243048669 1.8435826843741724e-15
7772.54634332658 1.869186417396505e-15
7775.39025616647 1.8041364988649806e-15
7778.23416900636 1.8264439080228967e-15
7781.07808184625 1.873032447590809e-15
7783.92199468614 1.740321772218513e-15
7786.76590752603 1.7009980603443133e-15
7789.60982036592 1.739153623637321e-15
7792.45373320581 1.7348952519214696e-15
7795.2976460457 1.696318416179523e-15
7798.14155888559 1.696206381288533e-15
7800.98547172548 1.732953019080585e-15
7803.82938456537 1.7069538150461215e-15
7806.67329740526 1.6857335599890252e-15
7809.51721024515 1.7614164414882727e-15
7812.36112308504 1.6890597621854635e-15
7815.20503592493 1.7022006513891748e-15
7818.04894876482 1.7350610831825542e-15
7820.89286160471 1.6907975909351787e-15
7823.7367744446 1.7191223619131863e-15
7826.58068728449 1.6751875835889118e-15
7829.42460012438 1.725496846903372e-15
7832.26851296427 1.7612889680038526e-15
7835.11242580415 1.6679022162986725e-15
7837.95633864404 1.7166513673625106e-15
7840.80025148393 1.734704028647394e-15
7843.64416432382 1.7771185462638485e-15
7846.48807716371 1.7375249112579604e-15
7849.3319900036 1.7086848941454458e-15
7852.17590284349 1.6454954322431446e-15
7855.01981568338 1.7088196548094324e-15
7857.86372852327 1.6791859928098457e-15
7860.70764136316 1.6617648822804057e-15
7863.55155420305 1.7009462091811368e-15
7866.39546704294 1.7374325267055804e-15
7869.23937988283 1.6770790185767395e-15
7872.08329272272 1.6930644349660203e-15
7874.92720556261 1.6869505410648145e-15
7877.7711184025 1.685415382011163e-15
7880.61503124239 1.6629841405002296e-15
7883.45894408228 1.6867965459783492e-15
7886.30285692217 1.715015767507382e-15
7889.14676976205 1.6837876351345062e-15
7891.99068260194 1.6644407612106265e-15
7894.83459544183 1.6446315391415491e-15
7897.67850828172 1.6102415568893424e-15
7900.52242112161 1.651099020027109e-15
7903.3663339615 1.7047963400948847e-15
7906.21024680139 1.7330217322213225e-15
7909.05415964128 1.6873237795700837e-15
7911.89807248117 1.6656933048513723e-15
7914.74198532106 1.6650697833347366e-15
7917.58589816095 1.6707718055841272e-15
7920.42981100084 1.7126904305839789e-15
7923.27372384073 1.6648204890078536e-15
7926.11763668062 1.6321235902181874e-15
7928.96154952051 1.6587108533311915e-15
7931.8054623604 1.6793081258369183e-15
7934.64937520029 1.703566473207097e-15
7937.49328804018 1.669894444927302e-15
7940.33720088007 1.6434410793244423e-15
7943.18111371996 1.6909477108914402e-15
7946.02502655984 1.6898306445965047e-15
7948.86893939974 1.702763119624987e-15
7951.71285223962 1.6547957945629558e-15
7954.55676507951 1.6651951149990055e-15
7957.4006779194 1.6527391733422852e-15
7960.24459075929 1.6948923485164469e-15
7963.08850359918 1.583015127932278e-15
7965.93241643907 1.6350957410801058e-15
7968.77632927896 1.6282962867337673e-15
7971.62024211885 1.5844303152881974e-15
7974.46415495874 1.6446065686957626e-15
7977.30806779863 1.6664898606006462e-15
7980.15198063852 1.583864288131487e-15
7982.99589347841 1.6705972330034537e-15
7985.8398063183 1.6404829859837595e-15
7988.68371915819 1.6788560780944571e-15
7991.52763199808 1.6332251325601826e-15
7994.37154483797 1.5944502883011386e-15
7997.21545767786 1.6178667623917655e-15
8000.05937051775 1.613514930382528e-15
8002.90328335764 1.6300145748861263e-15
8005.74719619753 1.6151979651081062e-15
8008.59110903741 1.5720872284879406e-15
8011.4350218773 1.6408683174720399e-15
8014.27893471719 1.6262759057687519e-15
8017.12284755708 1.6365798171868442e-15
8019.96676039697 1.5566629064124344e-15
8022.81067323686 1.6155948533824841e-15
8025.65458607675 1.5842859819908448e-15
8028.49849891664 1.631931067275145e-15
8031.34241175653 1.583963287084683e-15
8034.18632459642 1.6085352571506582e-15
8037.03023743631 1.5955310088081889e-15
8039.8741502762 1.6279714744573485e-15
8042.71806311609 1.6154562434650507e-15
8045.56197595598 1.6028051074447336e-15
8048.40588879587 1.5717659579754775e-15
8051.24980163576 1.5524385018993133e-15
8054.09371447565 1.6200291527513468e-15
8056.93762731554 1.635747935322376e-15
8059.78154015543 1.5728171974942667e-15
8062.62545299532 1.636766856980565e-15
8065.4693658352 1.605672486371922e-15
8068.3132786751 1.585844546939977e-15
8071.15719151499 1.5859387194488674e-15
8074.00110435487 1.564085754090896e-15
8076.84501719476 1.5658460912952042e-15
8079.68893003465 1.6108630046843907e-15
8082.53284287454 1.6108038944664604e-15
8085.37675571443 1.5605318282473759e-15
8088.22066855432 1.516102778455801e-15
8091.06458139421 1.5382250857596871e-15
8093.9084942341 1.5500246851776661e-15
8096.75240707399 1.5502720758370692e-15
8099.59631991388 1.5958474977134896e-15
8102.44023275377 1.579911036118099e-15
8105.28414559366 1.5341563346650449e-15
8108.12805843355 1.5152353774683434e-15
8110.97197127344 1.56063159988677e-15
8113.81588411333 1.5908334014572194e-15
8116.65979695322 1.5313651949038747e-15
8119.50370979311 1.5444356701912953e-15
8122.347622633 1.54522748295382e-15
8125.19153547289 1.550575532965603e-15
8128.03544831278 1.6021305917874513e-15
8130.87936115267 1.4785288008862389e-15
8133.72327399256 1.4770364351632783e-15
8136.56718683244 1.5333406048050712e-15
8139.41109967233 1.5203745884055232e-15
8142.25501251222 1.5485078210101892e-15
8145.09892535211 1.4914453276700489e-15
8147.942838192 1.4404955461374477e-15
8150.78675103189 1.469642570154551e-15
8153.63066387178 1.4766626246928688e-15
8156.47457671167 1.5195121910095585e-15
8159.31848955156 1.4716168251197834e-15
8162.16240239145 1.4571423327491324e-15
8165.00631523134 1.4495888413219403e-15
8167.85022807123 1.471421270837796e-15
8170.69414091112 1.4934560213873183e-15
8173.53805375101 1.4634245829233635e-15
8176.3819665909 1.4264601655705794e-15
8179.22587943079 1.5013595454055438e-15
8182.06979227068 1.454528105585875e-15
8184.91370511057 1.4915717604582367e-15
8187.75761795046 1.4794092429704885e-15
8190.60153079035 1.4782213390001312e-15
8193.44544363024 1.5128717566351587e-15
8196.28935647013 1.5176738034061304e-15
8199.13326931001 1.5197220713480962e-15
8201.9771821499 1.532703997741307e-15
8204.82109498979 1.538024660487493e-15
8207.66500782968 1.5607633084885618e-15
8210.50892066957 1.5144775667332055e-15
8213.35283350946 1.516313135219602e-15
8216.19674634935 1.5146095885444637e-15
8219.04065918924 1.4626459344372219e-15
8221.88457202913 1.4829543966391196e-15
8224.72848486902 1.5428610014085975e-15
8227.57239770891 1.515926847847247e-15
8230.4163105488 1.4383493425578662e-15
8233.26022338869 1.4162375906364346e-15
8236.10413622858 1.413778286353842e-15
8238.94804906847 1.4716571987412007e-15
8241.79196190836 1.5514840739363749e-15
8244.63587474825 1.5240123407280672e-15
8247.47978758814 1.52814495332525e-15
8250.32370042803 1.5607528015753022e-15
8253.16761326792 1.4976856721822576e-15
8256.0115261078 1.5429412319074814e-15
8258.8554389477 1.5610265701420556e-15
8261.69935178758 1.5307241151089036e-15
8264.54326462747 1.5278453027149962e-15
8267.38717746736 1.434201118479791e-15
8270.23109030725 1.4939713012718606e-15
8273.07500314714 1.4955174914502513e-15
8275.91891598703 1.4699570558121643e-15
8278.76282882692 1.4499852977901667e-15
8281.60674166681 1.4671716330666615e-15
8284.4506545067 1.437264714169937e-15
8287.29456734659 1.4933040146298778e-15
8290.13848018648 1.492732685359441e-15
8292.98239302637 1.3874317801799416e-15
8295.82630586626 1.5024284261690222e-15
8298.67021870615 1.483075754585388e-15
8301.51413154604 1.4330070961455149e-15
8304.35804438593 1.4846832669824269e-15
8307.20195722582 1.367724253720504e-15
8310.04587006571 1.4242011242775461e-15
8312.8897829056 1.4434284234194053e-15
8315.73369574548 1.4463081113372553e-15
8318.57760858538 1.4675390535398748e-15
8321.42152142526 1.4313884641570166e-15
8324.26543426515 1.4410802985436252e-15
8327.10934710504 1.4372612611759695e-15
8329.95325994493 1.4771336682135798e-15
8332.79717278482 1.5221669272286395e-15
8335.64108562471 1.4153999013747979e-15
8338.4849984646 1.4115692944999183e-15
8341.32891130449 1.3919018406523255e-15
8344.17282414438 1.3774338063817095e-15
8347.01673698427 1.3916250317618414e-15
8349.86064982416 1.4547194856997955e-15
8352.70456266405 1.3898302815906198e-15
8355.54847550394 1.4121651071895482e-15
8358.39238834383 1.3458127878467958e-15
8361.23630118372 1.4072002408996062e-15
8364.08021402361 1.4111244140220733e-15
8366.9241268635 1.372643377617414e-15
8369.76803970338 1.3811889425998355e-15
8372.61195254328 1.3770049005307584e-15
8375.45586538317 1.3589080477396384e-15
8378.29977822305 1.4210231333449828e-15
8381.14369106294 1.3990522940803052e-15
8383.98760390283 1.3611691759873603e-15
8386.83151674272 1.3575906029046674e-15
8389.67542958261 1.4183385601825311e-15
8392.5193424225 1.3716556543344833e-15
8395.36325526239 1.3301467052352736e-15
8398.20716810228 1.348300576109804e-15
8401.05108094217 1.3471861625873736e-15
8403.89499378206 1.3404559488785737e-15
8406.73890662195 1.357397011507547e-15
8409.58281946184 1.3912321515505003e-15
8412.42673230173 1.3678611744039981e-15
8415.27064514162 1.3819464166926414e-15
8418.11455798151 1.3506884874657588e-15
8420.9584708214 1.3325974000947407e-15
8423.80238366129 1.3923970955502216e-15
8426.64629650118 1.3568422217771316e-15
8429.49020934107 1.3504453754531731e-15
8432.33412218096 1.3905301528589472e-15
8435.17803502084 1.3625023284816147e-15
8438.02194786074 1.3240969041307882e-15
8440.86586070062 1.346490738154902e-15
8443.70977354051 1.3119694931269784e-15
8446.5536863804 1.416042202608475e-15
8449.39759922029 1.3628301276149762e-15
8452.24151206018 1.323329290258935e-15
8455.08542490007 1.2910367519807295e-15
8457.92933773996 1.3613470617683913e-15
8460.77325057985 1.3152139100292159e-15
8463.61716341974 1.3254252503135675e-15
8466.46107625963 1.3235239052514223e-15
8469.30498909952 1.3220243405044357e-15
8472.14890193941 1.3239261548946834e-15
8474.9928147793 1.3620899765022259e-15
8477.83672761919 1.3277627813207372e-15
8480.68064045908 1.342727661025143e-15
8483.52455329897 1.345251485615661e-15
8486.36846613886 1.3197046450938345e-15
8489.21237897875 1.321795310562e-15
8492.05629181864 1.3057057245862303e-15
8494.90020465853 1.211769765485054e-15
8497.74411749842 1.2974128945732949e-15
8500.58803033831 1.3182757076178881e-15
8503.4319431782 1.2884746853692504e-15
8506.27585601809 1.3069657956786042e-15
8509.11976885798 1.3107076286144977e-15
8511.96368169786 1.2754762890866843e-15
8514.80759453775 1.2462061610379129e-15
8517.65150737764 1.2622996084305428e-15
8520.49542021753 1.3011027903247865e-15
8523.33933305742 1.3179856907529698e-15
8526.18324589731 1.2780296619332096e-15
8529.0271587372 1.259284447738247e-15
8531.87107157709 1.245238438438505e-15
8534.71498441698 1.277768846836221e-15
8537.55889725687 1.2705861975935846e-15
8540.40281009676 1.2624864147969101e-15
8543.24672293665 1.3176113416264195e-15
8546.09063577654 1.293379126919116e-15
8548.93454861643 1.2602563487968025e-15
8551.77846145632 1.2486770887817551e-15
8554.62237429621 1.2532306344901236e-15
8557.4662871361 1.2518555863218e-15
8560.31019997599 1.2566021108429525e-15
8563.15411281588 1.3121689415453128e-15
8565.99802565576 1.2973568166988652e-15
8568.84193849566 1.2463149224775421e-15
8571.68585133555 1.3004541291710191e-15
8574.52976417543 1.2813201822313412e-15
8577.37367701532 1.1975791002790806e-15
8580.21758985521 1.1990991336811088e-15
8583.0615026951 1.22331854585902e-15
8585.90541553499 1.2103713038869683e-15
8588.74932837488 1.2252900978955238e-15
8591.59324121477 1.2749613300043368e-15
8594.43715405466 1.256586626053964e-15
8597.28106689455 1.2255171686789875e-15
8600.12497973444 1.2269959977614482e-15
8602.96889257433 1.178786559939688e-15
8605.81280541422 1.2047733397742056e-15
8608.65671825411 1.258037489398014e-15
8611.500631094 1.2717459827025151e-15
8614.34454393389 1.280023650882817e-15
8617.18845677378 1.2654931768161734e-15
8620.03236961367 1.2048268272001296e-15
8622.87628245356 1.2139109818141585e-15
8625.72019529345 1.2764863085915672e-15
8628.56410813334 1.2286208935602305e-15
8631.40802097322 1.2110646940139282e-15
8634.25193381312 1.2083900847532426e-15
8637.095846653 1.2252835035314142e-15
8639.93975949289 1.2074341383584164e-15
8642.78367233278 1.1963209614100458e-15
8645.62758517267 1.270521140844581e-15
8648.47149801256 1.216748087080161e-15
8651.31541085245 1.2423507060473018e-15
8654.15932369234 1.2048368350058905e-15
8657.00323653223 1.2039296999991394e-15
8659.84714937212 1.2077759393483021e-15
8662.69106221201 1.2383782779843659e-15
8665.5349750519 1.2582327907214956e-15
8668.37888789179 1.161213464476849e-15
8671.22280073168 1.2058536476507584e-15
8674.06671357157 1.2220830543467285e-15
8676.91062641146 1.165798717625573e-15
8679.75453925135 1.1795858412575605e-15
8682.59845209124 1.2442910553611596e-15
8685.44236493113 1.1923106364082216e-15
8688.28627777102 1.1558753962337645e-15
8691.1301906109 1.2305662050294526e-15
8693.97410345079 1.2151847578922866e-15
8696.81801629068 1.192960933942685e-15
8699.66192913057 1.2447107379706458e-15
8702.50584197046 1.1988480064176052e-15
8705.34975481035 1.1610336009265331e-15
8708.19366765024 1.1627412580843412e-15
8711.03758049013 1.1920712793833078e-15
8713.88149333002 1.1611372705965239e-15
8716.72540616991 1.1679844060646848e-15
8719.5693190098 1.1889516326314442e-15
8722.41323184969 1.1654302079058786e-15
8725.25714468958 1.1660782868031105e-15
8728.10105752947 1.1657173302172454e-15
8730.94497036936 1.1412755041738856e-15
8733.78888320925 1.1785073156837085e-15
8736.63279604914 1.1313403793172915e-15
8739.47670888903 1.0913463743020736e-15
8742.32062172892 1.1820049420790989e-15
8745.1645345688 1.1242707781673204e-15
8748.0084474087 1.0613155847360772e-15
8750.85236024858 1.1836800682613316e-15
8753.69627308847 1.2143053022208776e-15
8756.54018592836 1.1263301649056036e-15
8759.38409876825 1.1961937297378106e-15
8762.22801160814 1.2222446692160104e-15
8765.07192444803 1.169183605096633e-15
8767.91583728792 1.121650118273988e-15
8770.75975012781 1.128118231300748e-15
8773.6036629677 1.1304463044984578e-15
8776.44757580759 1.1128716213969494e-15
8779.29148864748 1.1647849484010589e-15
8782.13540148737 1.1453045552358675e-15
8784.97931432726 1.1548387207052808e-15
8787.82322716715 1.07015227522589e-15
8790.66714000704 1.1327959956198156e-15
8793.51105284693 1.1331532598968973e-15
8796.35496568682 1.117706558889389e-15
8799.19887852671 1.1279984943250994e-15
8802.0427913666 1.0999859397310735e-15
8804.88670420649 1.0936380459958175e-15
8807.73061704637 1.1182769638145516e-15
8810.57452988626 1.1113755675579745e-15
8813.41844272616 1.0684102278358969e-15
8816.26235556604 1.0318502899101106e-15
8819.10626840593 1.1056299922661863e-15
8821.95018124582 1.0834318736917373e-15
8824.79409408571 1.0319098527007403e-15
8827.6380069256 1.034409197004837e-15
8830.48191976549 1.039625396267619e-15
8833.32583260538 1.0891892358313482e-15
8836.16974544527 1.096775832160611e-15
8839.01365828516 1.1046298010992747e-15
8841.85757112505 1.0777698922183648e-15
8844.70148396494 1.0642050264650128e-15
8847.54539680483 1.0520009559939783e-15
8850.38930964472 1.0824305059628829e-15
8853.23322248461 1.0525997790553156e-15
8856.0771353245 9.976717731384162e-16
8858.92104816439 1.0405574454043036e-15
8861.76496100428 1.0356801111563294e-15
8864.60887384417 1.0704865894275292e-15
8867.45278668406 1.0487172006857995e-15
8870.29669952394 1.025798361557345e-15
8873.14061236383 1.1076615722543026e-15
8875.98452520372 1.1112289587575943e-15
8878.82843804361 1.0665585919736974e-15
8881.6723508835 1.0298220746862567e-15
8884.51626372339 1.047531921283474e-15
8887.36017656328 1.0151952405459289e-15
8890.20408940317 1.0288623110336294e-15
8893.04800224306 1.05331441946468e-15
8895.89191508295 1.0566225990145752e-15
8898.73582792284 1.0447290591357752e-15
8901.57974076273 1.0815334586837347e-15
8904.42365360262 1.0114793681364279e-15
8907.26756644251 1.0096253824646851e-15
8910.1114792824 1.0305640760274523e-15
8912.95539212229 1.037962862277392e-15
8915.79930496218 1.0650561856744196e-15
8918.64321780207 1.0993058714126971e-15
8921.48713064196 1.1217831489792646e-15
8924.33104348185 1.0224193128867928e-15
8927.17495632174 9.906879246323353e-16
8930.01886916163 1.0162640097494806e-15
8932.86278200151 1.0326008670880323e-15
8935.7066948414 1.055262403622412e-15
8938.55060768129 1.0717852910535317e-15
8941.39452052118 1.085463474354872e-15
8944.23843336107 1.0993789515346056e-15
8947.08234620096 1.1135362176802443e-15
8949.92625904085 1.1279761384178086e-15
8952.77017188074 1.1427431544361267e-15
8955.61408472063 1.1577092607969126e-15
8958.45799756052 1.1731818120036167e-15
8961.30191040041 1.1886843468655829e-15
