3800.0 1.759652873975135e-14
3815.0 1.8046683398948146e-14
3829.9 1.7815461106387318e-14
3844.8 1.6527884247910734e-14
3859.7 1.569826540449016e-14
3874.5 1.6121914621567452e-14
3889.4 1.6141688119277097e-14
3904.2 1.544480330925054e-14
3919.1 1.495816203848518e-14
3933.9 1.4509589360833347e-14
3948.7 1.4831791983567315e-14
3963.5 1.451322915538872e-14
3978.4 1.4129899839841115e-14
3993.2 1.4670911353625223e-14
4008.0 1.5622784905392165e-14
4022.8 1.6201800462139533e-14
4037.7 1.534671857604155e-14
4052.5 1.5245088975364314e-14
4067.4 1.5414933544765934e-14
4082.2 1.521937981173938e-14
4097.1 1.4512016836938796e-14
4112.0 1.4600849754043833e-14
4127.0 1.4704815149525853e-14
4141.9 1.479189048788053e-14
4156.9 1.424290555987414e-14
4171.9 1.4084496144042006e-14
4186.9 1.3195987284231093e-14
4202.0 1.2612322910743285e-14
4217.1 1.2220352264229888e-14
4232.2 1.2093850516964472e-14
4247.3 1.2668039033355899e-14
4262.5 1.3179043537088436e-14
4277.8 1.3523524805927158e-14
4293.1 1.3561856872390985e-14
4308.4 1.353949169060389e-14
4323.8 1.3790264804980985e-14
4339.2 1.3910735395835008e-14
4354.6 1.358800250646393e-14
4370.2 1.2796187999523329e-14
4385.7 1.2137888699824957e-14
4401.4 1.1495911709413315e-14
4417.0 1.1595081811575279e-14
4432.8 1.1555072359320943e-14
4448.6 1.1454560959308168e-14
4464.5 1.1811495129883283e-14
4480.4 1.1188403800357806e-14
4496.4 1.1374974255603205e-14
4512.5 1.1496889505321637e-14
4528.6 1.182659521034135e-14
4544.8 1.212230707623807e-14
4561.1 1.2233646800688867e-14
4577.5 1.206794244401083e-14
4593.9 1.2426055913362758e-14
4610.5 1.2769333488602511e-14
4627.1 1.3578174615937412e-14
4643.8 1.4100911025421104e-14
4660.5 1.4673425448125233e-14
4677.4 1.5510684320331878e-14
4694.4 1.5398958962346322e-14
4711.4 1.4115169007571248e-14
4728.6 1.2891987884820272e-14
4745.8 1.2154099182661804e-14
4763.1 1.178487267571573e-14
4780.5 1.1830116799430868e-14
4798.1 1.1800049125036998e-14
4815.7 1.2052778129825486e-14
4833.4 1.2064082806844649e-14
4851.3 1.1723187504450952e-14
4869.2 1.104079317799415e-14
4887.3 1.0771236143934416e-14
4905.5 1.0491518745356084e-14
4923.7 9.987177040326923e-15
4942.1 9.544004923800788e-15
4960.7 9.241564011605428e-15
4979.3 9.228384797415532e-15
4998.0 9.155462737272703e-15
5016.9 8.97422012436477e-15
5035.9 8.999418522691587e-15
5055.0 8.959290326390725e-15
5074.3 8.745057495970486e-15
5093.7 8.776632644478332e-15
5113.2 8.482193228516965e-15
5132.8 8.436861154673633e-15
5152.6 8.279218406497242e-15
5172.5 8.38020224284732e-15
5192.5 8.357462214152753e-15
5212.7 8.348453235477184e-15
5233.0 8.26414910043227e-15
5253.5 8.06153010883581e-15
5274.1 7.869058487892124e-15
5294.9 8.056395706844556e-15
5315.8 7.997056242698943e-15
5336.8 7.79125572404097e-15
5358.0 7.715641053846782e-15
5379.4 7.608573476839883e-15
5400.9 7.648967878245916e-15
5422.5 7.830989210045195e-15
5444.3 7.784944315635312e-15
5466.3 7.635523025458549e-15
5488.5 7.607588855968795e-15
5510.7 7.432131379908357e-15
5533.2 7.420488327905068e-15
5555.8 7.359294370069941e-15
5578.6 7.245670604101093e-15
5601.6 7.228029173566777e-15
5624.7 6.9242892389312076e-15
5648.0 6.8237360679360715e-15
5671.5 6.838073778411585e-15
5695.1 6.856061045175217e-15
5718.9 6.857860009909155e-15
5742.9 6.8949253817118994e-15
5767.1 6.9277787055650715e-15
5791.5 6.997468728043445e-15
5816.0 7.017686406621787e-15
5840.7 6.552899290364933e-15
5865.6 6.271565605359335e-15
5890.7 6.375750090370778e-15
5916.0 6.345683599734163e-15
5941.5 6.2927800227727085e-15
5967.1 6.266231808554899e-15
5993.0 6.097843546473026e-15
6019.0 6.02101393657265e-15
6045.3 6.0467860220010906e-15
6071.7 5.9496364308335515e-15
6098.3 6.0245551219670376e-15
6125.2 5.874009429507973e-15
6152.2 5.831307193550676e-15
6179.4 5.715163049271584e-15
6206.9 5.762290815437273e-15
6234.5 5.680679785452154e-15
6262.4 5.693092455293618e-15
6290.5 5.7124018556602284e-15
6318.7 5.639285464175315e-15
6347.2 5.537306439044391e-15
6375.9 5.423458606840987e-15
6404.8 5.4896126435101226e-15
6433.9 5.553899241224328e-15
6463.3 5.7107585574396044e-15
6492.8 5.907890665778922e-15
6522.6 6.159065961369387e-15
6552.6 6.1972259261782985e-15
6582.8 6.0149011533322184e-15
6613.3 5.646521302130577e-15
6644.0 5.343336660178791e-15
6674.9 5.200741616733899e-15
6706.0 5.1210431507429684e-15
6737.3 5.012659697225502e-15
6768.9 4.901081489905558e-15
6800.7 4.852797433138474e-15
6832.8 4.76144917562664e-15
6865.1 4.7386487873669874e-15
6897.6 4.784135901454129e-15
6930.3 4.7566462252360725e-15
6963.3 4.689811404625798e-15
6996.6 4.7831741815985525e-15
7030.0 4.744713374466297e-15
7063.7 4.773193283295417e-15
7097.7 4.775341327839219e-15
7131.9 4.765975014903777e-15
7166.4 4.59289737641511e-15
7201.1 4.487016525784039e-15
7236.0 4.3500143355084704e-15
7271.2 4.192990362329361e-15
7306.6 4.147052962902866e-15
7342.3 3.992435056822285e-15
7378.3 4.04783144235635e-15
7414.5 3.948465895638098e-15
7450.9 3.8823916132403e-15
7487.7 3.737127576874946e-15
7524.6 3.71221806235698e-15
7561.9 3.652480634117454e-15
7599.4 3.4781963689303072e-15
7637.1 3.4504808722048124e-15
7675.1 3.670074325182022e-15
7713.4 3.667474306601993e-15
7752.0 3.488281555789601e-15
7790.8 3.4095249354892643e-15
7829.9 3.342570594685739e-15
7869.2 3.313102837781268e-15
7908.9 3.272237243003334e-15
7948.8 3.247063638340796e-15
7988.9 3.2721935387460005e-15
8029.4 3.1673346696023842e-15
8070.1 3.1208362222285604e-15
8111.1 2.9879130518267837e-15
8152.3 3.011341776483185e-15
8193.9 3.0549731594171322e-15
8235.7 3.0562546486095635e-15
8277.8 3.1452944262341337e-15
8320.2 3.0813013658993235e-15
8362.9 2.9593556830117684e-15
8405.8 2.887819369291647e-15
8449.1 2.858714977296548e-15
8492.6 2.8029361200489544e-15
8536.4 2.730259815613136e-15
8580.5 2.736954353959449e-15
8624.9 2.702907448952659e-15
8669.6 2.5745059955557628e-15
8714.5 2.558141866512735e-15
8759.8 2.493014050647873e-15
8805.3 2.4132443747382573e-15
8851.2 2.3716026894541765e-15
8897.3 2.2764852244629053e-15
8943.8 2.2482779957097984e-15
8990.5 2.2194753118507623e-15
9037.5 2.1701111974895502e-15
9084.9 2.110268562251991e-15
9132.5 2.0265182958063262e-15
9180.4 2.0968391690723088e-15
