6368.04 2.5856497548445796e-15 3.706874433384379e-17
6391.11 2.6057684408582953e-15 3.6792984547241167e-17
6414.0 2.5729081699337642e-15 3.567236531021089e-17
6436.73 2.4814021297787352e-15 3.460825561438983e-17
6459.31 2.48139179288314e-15 3.457360729687636e-17
6481.74 2.584508885714732e-15 3.525162832694511e-17
6504.04 2.7573152691787635e-15 3.6675100864808014e-17
6526.22 2.735733645546776e-15 3.637278721945721e-17
6548.29 2.439748206442846e-15 3.272906942252152e-17
6570.26 2.2481866819760727e-15 2.8803940988466614e-17
6592.14 2.2658042675475023e-15 2.7037519913401128e-17
6613.94 2.403476802318834e-15 2.6569276676032495e-17
6635.66 2.485565655648173e-15 2.6743953285287145e-17
6657.32 2.5752108974124255e-15 2.649769216677793e-17
6678.93 2.576509834540544e-15 2.579116380138921e-17
6700.5 2.5759147066249348e-15 2.524401908949721e-17
6722.03 2.499722037241804e-15 2.454529260366307e-17
6743.53 2.399380321634236e-15 2.3494639327560537e-17
6765.01 2.297799020784424e-15 2.244634233297281e-17
6786.48 2.2527932965610633e-15 2.1580006352732982e-17
6807.95 2.1952762757693085e-15 2.0867731947378e-17
6829.42 2.135876444662273e-15 2.029549085890931e-17
6850.91 2.0488113371181748e-15 1.9931457512177486e-17
6872.41 1.9798135482574673e-15 1.9599449856206728e-17
6893.94 1.9179424250546276e-15 1.894305617914257e-17
6915.5 1.9066544922018815e-15 1.7935894168229047e-17
6937.1 1.90254437850455e-15 1.6946715000450254e-17
6958.75 1.9147317487102116e-15 1.621187071856258e-17
6980.45 1.9802001544289023e-15 1.5826978501373647e-17
7002.21 2.080570986177669e-15 1.5510062543368706e-17
7024.03 2.1702874458700486e-15 1.516341447260131e-17
7045.93 2.212002303004399e-15 1.4889444658488347e-17
7067.9 2.2005089805530397e-15 1.4752647552904264e-17
7089.96 2.1746542613367216e-15 1.4613580670696223e-17
7112.1 2.1093859620455184e-15 1.3731016597385593e-17
7134.33 2.0707502505492025e-15 1.2835382807942467e-17
7156.66 1.9947160160749367e-15 1.2452190350308258e-17
7179.1 1.9577649396658503e-15 1.2126267618998618e-17
7201.64 1.954994049624923e-15 1.1795951984867837e-17
7224.29 1.971261736185039e-15 1.1620489386952144e-17
7247.06 1.964749046279288e-15 1.1442570757391831e-17
7269.95 1.933876574506143e-15 1.1217097088260672e-17
7292.97 1.9218135824135765e-15 1.0869929796802979e-17
7316.11 1.897860421430082e-15 1.043608227230174e-17
7339.39 1.8893516067131593e-15 1.0030454861220864e-17
7362.81 1.8686769865254073e-15 9.780213159524663e-18
7386.36 1.8586486760868604e-15 9.482251147450919e-18
7410.06 1.8341351765912207e-15 9.125395152473036e-18
7433.91 1.8252353884735846e-15 8.787781901038561e-18
7457.9 1.797822008676253e-15 8.553526808478199e-18
7482.05 1.772261396342622e-15 8.362429451835808e-18
7506.36 1.722534590479465e-15 8.107403642618193e-18
7530.82 1.6780100273510163e-15 7.898396238516486e-18
7555.45 1.6380318333659876e-15 7.880080935628148e-18
7580.24 1.5703308871052807e-15 8.294181105037121e-18
7605.2 1.4823750739227966e-15 9.13030899089394e-18
7630.33 1.4758461805883727e-15 9.423123105371385e-18
7655.63 1.5392531288008063e-15 8.800791951311335e-18
7681.11 1.5729869582260503e-15 7.872423406798293e-18
7706.76 1.5476394924590474e-15 7.229562225785116e-18
7732.59 1.542507039294213e-15 7.017183330256763e-18
7758.59 1.5474665276310924e-15 6.98688842765986e-18
7784.78 1.553100506487403e-15 6.76341428834847e-18
7811.16 1.5625093799864591e-15 6.563881086342258e-18
7837.72 1.5794129075144727e-15 6.492515278843345e-18
7864.46 1.5873297560737747e-15 6.4329272496955074e-18
7891.39 1.5779792415695703e-15 6.322585455429132e-18
7918.51 1.5525977411964289e-15 6.178388060373509e-18
7945.82 1.5195653666333647e-15 6.046669447568427e-18
7973.33 1.4886981137907082e-15 5.966435832089983e-18
8001.02 1.4342365066638883e-15 5.85291279269971e-18
8028.91 1.3725868234200819e-15 5.78100806696669e-18
8056.99 1.2870014044314143e-15 5.9433849084370394e-18
8085.26 1.188940975246771e-15 5.977228804097226e-18
8113.73 1.0504893560393865e-15 5.4895494927164346e-18
8142.39 8.802756402005992e-16 4.806263658895604e-18
8171.25 6.879778068455837e-16 4.375882988776352e-18
8200.31 5.381140716805913e-16 4.168376199154767e-18
8229.57 4.575105151622939e-16 4.0480970248801244e-18
8259.02 4.195353504780776e-16 3.958662147542308e-18
8288.66 4.0443621640498786e-16 3.878851689384777e-18
8318.51 4.145278448092252e-16 3.86922297166065e-18
8348.55 4.525809240407179e-16 3.9017103695601384e-18
8378.79 5.162588998707039e-16 3.9684448030478226e-18
8409.23 5.987349123062147e-16 4.018101131780569e-18
8439.86 6.904733272740968e-16 4.012915164536638e-18
8470.69 7.963057520809657e-16 3.9882060637081034e-18
8501.72 9.135871939285981e-16 4.027259655658456e-18
8532.94 1.029965490631621e-15 4.095979372060211e-18
8564.35 1.1311148745376505e-15 4.156317136940764e-18
8595.97 1.2405252715000568e-15 4.223031899000653e-18
8627.77 1.3462840239986816e-15 4.3078171945208985e-18
8659.77 1.427038812139331e-15 4.3477618070981166e-18
8691.97 1.4568442259593691e-15 4.308881046146004e-18
8724.35 1.465001084931949e-15 4.290866135100796e-18
8756.93 1.4474745097241066e-15 4.3041074960152974e-18
8789.69 1.4134107585010121e-15 4.239669180578426e-18
8822.65 1.3654201113481735e-15 4.150200837793829e-18
8855.8 1.3152709529447002e-15 4.0799483506734805e-18
8889.13 1.2574581001035968e-15 4.0011178492776754e-18
8922.65 1.1873119299379559e-15 3.897848978647699e-18
8956.36 1.1023014555965839e-15 3.7433309964648765e-18
8990.25 1.0012754203126059e-15 3.5678535175361735e-18
9024.32 9.30026958500873e-16 3.4684238743889063e-18
9058.58 8.927309810503981e-16 3.4478251401811887e-18
9093.01 8.941665472824772e-16 3.4243784192674154e-18
9127.63 9.190171830436942e-16 3.3726000321130634e-18
9162.43 9.678133318191577e-16 3.3125922149175713e-18
9197.4 1.0069559526569845e-15 3.320152305813303e-18
9232.55 1.03251776549753e-15 3.360094761925875e-18
9267.87 1.040381860755546e-15 3.3760977339329672e-18
9303.36 1.0232276306028784e-15 3.472057001710988e-18
9339.03 1.0019510489370001e-15 3.58522929263612e-18
9374.86 9.971518835282888e-16 3.6032311331893744e-18
9410.87 9.85507959012906e-16 3.530080266904311e-18
9447.04 9.584197226012753e-16 3.425414927559919e-18
9483.37 9.29191887637762e-16 3.3348035142460468e-18
9519.87 9.0997053099384e-16 3.2130906489250643e-18
9556.53 8.933389258412123e-16 3.069203031270284e-18
9593.35 8.818425030413006e-16 2.9576151056352606e-18
9630.33 8.662141054979025e-16 2.8659609910921963e-18
9667.46 8.347530305812269e-16 2.7791870712417094e-18
9704.75 8.034004839689537e-16 2.686848295643504e-18
9742.19 7.750670791047877e-16 2.6168802309121687e-18
9779.78 7.602363728191824e-16 2.5771152282504695e-18
9817.52 7.512917574143293e-16 2.5250614777178365e-18
9855.41 7.40399979924841e-16 2.4669945521796487e-18
9893.44 7.261657291791218e-16 2.463475292161327e-18
9931.61 7.085344788316605e-16 2.48733252645865e-18
9969.93 6.780615354097978e-16 2.4566903735764636e-18
10008.4 6.21044998962765e-16 2.3637936284627958e-18
10047.0 5.462755370459798e-16 2.2521712230104892e-18
10085.7 4.687729146540769e-16 2.1569465470729974e-18
10124.6 3.8799258012525e-16 2.0867203194575244e-18
10163.6 3.0900870025843917e-16 2.0259147066197456e-18
10202.7 2.31042514750889e-16 1.9495810182156126e-18
10241.9 1.7697082632893583e-16 1.9444488710822884e-18
10281.3 1.4527853489515852e-16 1.9864688660012843e-18
10320.8 1.3890963154893405e-16 1.8374299857873426e-18
10360.5 1.4754754296947514e-16 1.6996941939663935e-18
10400.2 1.7094133266110059e-16 1.7092145369376274e-18
10440.1 2.0673566085841746e-16 1.708952318512912e-18
10480.0 2.4902461569924e-16 1.6688777424906995e-18
10520.1 2.9811386606136947e-16 1.6390006347189844e-18
10560.3 3.5085550548144385e-16 1.6303797829326855e-18
10600.6 4.1127094361835805e-16 1.6467887540119386e-18
10641.0 4.815127193703549e-16 1.7142222533147175e-18
10681.6 5.683560600310939e-16 1.852922551880127e-18
10722.2 6.569302987211075e-16 1.995724667692328e-18
10762.9 7.395413282324385e-16 2.077706942447455e-18
10803.7 8.059490888220898e-16 2.13587264318229e-18
10844.6 8.561185422901968e-16 2.1674260760092952e-18
10885.7 8.715649994263001e-16 2.1491783609072665e-18
10926.8 8.664310450763304e-16 2.125005254784389e-18
10968.0 8.508109680262389e-16 2.1183258968881203e-18
11009.2 8.288799011407942e-16 2.0700874612311695e-18
11050.6 7.917770704246487e-16 1.97581028893318e-18
11092.1 7.455094326122154e-16 1.882138998945311e-18
11133.6 6.995116308705968e-16 1.8268098603186427e-18
11175.2 6.605859137795824e-16 1.818054758199606e-18
11216.9 6.372125995107868e-16 1.8480028972602485e-18
11258.7 6.187393805993914e-16 1.924093423078534e-18
11300.5 5.966404487964617e-16 1.9981956343892308e-18
11342.4 5.765769926550425e-16 1.9956091075640493e-18
11384.4 5.566358582801241e-16 1.943135431494154e-18
11426.4 5.341797150543744e-16 1.9133049331744875e-18
11468.6 5.077790351483712e-16 1.875938694575633e-18
11510.7 4.883943451904135e-16 1.8248442718467013e-18
11553.0 4.740839826564134e-16 1.793143398755573e-18
11595.3 4.625991988295747e-16 1.7302854100651963e-18
11637.6 4.509351397740562e-16 1.6220408461277802e-18
11680.0 4.3640602410368416e-16 1.5084430969801034e-18
11722.5 4.2462019746048665e-16 1.4109084425803004e-18
11765.0 4.170321943107381e-16 1.3398501415765626e-18
11807.6 4.125085562913794e-16 1.2910491601068007e-18
11850.2 4.1194213213313235e-16 1.2596077204916462e-18
11892.8 4.0971430977449373e-16 1.2614455886310274e-18
11935.5 4.060622299196344e-16 1.3317851256254448e-18
11978.2 3.993427273516864e-16 1.4407018839514703e-18
12021.0 3.9205190256880793e-16 1.4848534500596656e-18
12063.8 3.8222150042630724e-16 1.4749080178752282e-18
12106.7 3.7238968169775423e-16 1.4880076510328895e-18
12149.6 3.634458175741066e-16 1.4769017212510892e-18
12192.5 3.5263410714741894e-16 1.4386140142603827e-18
12235.4 3.4295548800630038e-16 1.4390669898999523e-18
12278.4 3.3615128443449936e-16 1.4366459942982896e-18
12321.4 3.3374972198425605e-16 1.3933916682128442e-18
12364.4 3.331378861867908e-16 1.327043526587262e-18
12407.5 3.311299169819138e-16 1.2627294295550115e-18
12450.5 3.2585061238757687e-16 1.2028783032056494e-18
12493.6 3.2107098431393243e-16 1.1615426903784125e-18
12536.7 3.187522129535599e-16 1.1747668734920572e-18
12579.8 3.1884018496936655e-16 1.2695893625455926e-18
12623.0 3.1949880375921644e-16 1.4554676926182233e-18
12666.1 3.207207918796403e-16 1.676736818515069e-18
12709.3 3.219706690765838e-16 1.823548042038971e-18
12752.4 3.2230195149768347e-16 1.8325220605882805e-18
12795.6 3.2152595956011998e-16 1.6945242420245708e-18
12838.8 3.2082099345429403e-16 1.517102034228315e-18
12881.9 3.1972381753470406e-16 1.4534279768076985e-18
12925.1 3.1212151649879165e-16 1.4251448015588729e-18
12968.3 3.023623480241484e-16 1.3767074366676875e-18
13011.5 2.934052834658832e-16 1.3892727692747036e-18
13054.7 2.861098660266029e-16 1.3925246082471464e-18
13097.8 2.761151915781528e-16 1.345702123899139e-18
13141.0 2.6799925507202867e-16 1.2932168591114466e-18
13184.2 2.6219510552794994e-16 1.2490580575655276e-18
13227.3 2.587212540483632e-16 1.185738335629737e-18
13270.5 2.4979936121374874e-16 1.138781508230749e-18
13313.6 2.4300397038400283e-16 1.0845378271756977e-18
13356.7 2.3895503951317155e-16 1.0212950666561458e-18
13399.8 2.3646795294698994e-16 1.0009968269978716e-18
13442.9 2.2962018583131463e-16 1.0329808976946723e-18
13486.0 2.221015239273431e-16 1.1353452597534692e-18
13529.0 2.1098782961326175e-16 1.3740844253290005e-18
13572.1 1.9993944080317496e-16 1.7413044456831355e-18
13615.1 1.950331331748123e-16 2.161045572569107e-18
13658.1 2.0297779305096136e-16 2.456515818440205e-18
13701.0 2.15583944120035e-16 2.4027878024577563e-18
13744.0 2.2407420547911703e-16 2.1299377680345103e-18
13786.9 2.1035430092063432e-16 2.0464928592412158e-18
13829.8 2.0181315686347483e-16 2.154150372403044e-18
13872.6 2.0276191435197358e-16 2.1066773815333524e-18
13915.5 2.0698495962851853e-16 1.9441695822063004e-18
13958.3 1.9818962492797704e-16 1.9725216447304383e-18
14001.0 1.9084511856180104e-16 2.1173677347036076e-18
14043.8 1.9307111896371723e-16 2.135931079443612e-18
14086.5 1.9636850234298394e-16 2.0537766465902523e-18
14129.1 1.98345135308806e-16 1.9486132265978753e-18
14171.7 1.9515139639471327e-16 1.782091771748182e-18
14214.3 1.918467489148007e-16 1.5367234362892827e-18
14256.9 1.8726149862055435e-16 1.335938974792277e-18
14299.4 1.840885570523941e-16 1.3081381577641564e-18
14341.9 1.8578735273341203e-16 1.3520618562144626e-18
14384.3 1.8746339420266816e-16 1.2947239887324928e-18
14426.7 1.8644680726712514e-16 1.190132959072166e-18
14469.1 1.8392810264677182e-16 1.2312882542314277e-18
14511.4 1.827443277726778e-16 1.3479851959040013e-18
14553.6 1.8304993344914465e-16 1.3812756406433256e-18
14595.8 1.8370345360181416e-16 1.3457065666717873e-18
14638.0 1.7980016366435865e-16 1.303550930103444e-18
14680.1 1.766560222037098e-16 1.2793570597233781e-18
14722.2 1.7760088065642512e-16 1.2771181740593866e-18
14764.2 1.809146447021044e-16 1.308404950435754e-18
14806.2 1.7859538933268654e-16 1.3625724686856085e-18
14848.1 1.747461346590405e-16 1.3698541006260153e-18
14890.0 1.7438240182213456e-16 1.2984237482692412e-18
14931.8 1.762033225627467e-16 1.153555789552166e-18
14973.6 1.7618116947894963e-16 1.0862464122701671e-18
15015.3 1.7498681955701051e-16 1.2865243153599967e-18
15057.0 1.7100359693801604e-16 1.4872934321740618e-18
15098.6 1.7010137675077562e-16 1.3943997243271616e-18
15140.1 1.666946226917606e-16 1.149245027599807e-18
15181.6 1.6511520929377268e-16 1.1069724866452648e-18
15223.1 1.6089358359609588e-16 1.2450052393675922e-18
15264.4 1.575097855890449e-16 1.3383262047266842e-18
15305.8 1.533709811514212e-16 1.3630666223014417e-18
15347.0 1.5132928976722614e-16 1.33980974124662e-18
15388.3 1.5142287542065064e-16 1.2850328554505806e-18
15429.4 1.4918343059105927e-16 1.2272993367892502e-18
15470.5 1.4624535649824186e-16 1.1710418135414862e-18
15511.5 1.425843154165752e-16 1.1594450182830979e-18
15552.5 1.4012257993050315e-16 1.202137043813483e-18
15593.4 1.4007357522451208e-16 1.2415984491633246e-18
15634.3 1.405567921448084e-16 1.2486864971033432e-18
15675.1 1.380482098649593e-16 1.1698562073622788e-18
15715.8 1.3651625917196434e-16 1.0401521366511229e-18
15756.5 1.3587981770035838e-16 1.0679552343489841e-18
15797.1 1.3901512641654355e-16 1.326627795802909e-18
15837.6 1.3806685430346867e-16 1.5076427941976502e-18
15878.1 1.3725691013006108e-16 1.3896897799308942e-18
15918.5 1.3647279259289255e-16 1.1141886268855929e-18
15958.9 1.3689756680681055e-16 1.0401094217320035e-18
15999.2 1.369338422364696e-16 1.1928082420973318e-18
16039.4 1.342701004951995e-16 1.3161905069253404e-18
16079.6 1.3493448124102788e-16 1.3471775350941667e-18
16119.7 1.3275505736925258e-16 1.3476575420335837e-18
16159.7 1.3253041589912012e-16 1.3182105758294187e-18
16199.7 1.3059805021944089e-16 1.2838123261020346e-18
16239.6 1.2999261088737037e-16 1.2309947367374988e-18
16279.4 1.2964181832731138e-16 1.1464573045543636e-18
16319.2 1.2882828055425907e-16 1.1117059086312528e-18
16358.9 1.2476284581760072e-16 1.129650832846935e-18
16398.6 1.192525084823236e-16 1.1400334257741578e-18
16438.1 1.1795400271694194e-16 1.190348093239183e-18
16477.6 1.2030039216784408e-16 1.2353949639184008e-18
16517.1 1.209315543880143e-16 1.1571935720527441e-18
16556.5 1.2014102776787777e-16 9.9050038656607e-19
16595.8 1.1857149685908283e-16 8.844317446351057e-19
16635.1 1.1735660713226765e-16 1.0375568260480017e-18
16674.2 1.160909471270463e-16 1.3495765334525176e-18
16713.4 1.1504911210849539e-16 1.4392753071390963e-18
16752.4 1.1606064272215116e-16 1.2157679026461934e-18
16791.4 1.1953951912683045e-16 9.459594506376054e-19
16830.3 1.271082957505813e-16 9.35966369579807e-19
16869.2 1.3320314778753803e-16 1.1200480164502666e-18
16908.0 1.3508091768017379e-16 1.258869071438377e-18
16946.7 1.3501022617956908e-16 1.2881123523696884e-18
16985.4 1.352824958212434e-16 1.2927068882324283e-18
17024.0 1.3465682801172486e-16 1.2583821397961417e-18
17062.5 1.3121103478785428e-16 1.192543741429924e-18
17101.0 1.2915745389303212e-16 1.1761074404922825e-18
17139.4 1.2586873110557492e-16 1.1338826789551681e-18
17177.7 1.2483610023718408e-16 1.0528165123991887e-18
17216.0 1.2348640970891406e-16 1.0490540492718136e-18
17254.2 1.2371699077602808e-16 1.0631635637156709e-18
17292.3 1.204981076859031e-16 1.0335461527025505e-18
17330.4 1.1786816968777947e-16 1.0517558455020439e-18
17368.4 1.180003340473449e-16 1.1329484305038323e-18
17406.4 1.2026485467569997e-16 1.1711480349374026e-18
17444.3 1.197351779690473e-16 1.1268191515618514e-18
17482.1 1.1624970921782365e-16 1.028302810660157e-18
17519.8 1.1441746517941875e-16 9.077806096216949e-19
17557.5 1.1394245813851076e-16 8.350784665301074e-19
17595.2 1.13771347109825e-16 9.905195416191307e-19
17632.7 1.120692182318537e-16 1.3056597062699448e-18
17670.2 1.0862531021158821e-16 1.4141187537266898e-18
17707.7 1.0662207349706816e-16 1.1974304964711317e-18
17745.1 1.0608576305601551e-16 9.150290730667336e-19
17782.4 1.0637507553331796e-16 8.572183949275971e-19
17819.7 1.058532005375193e-16 9.94142246705664e-19
17856.8 1.0442248562392827e-16 1.153790357925432e-18
17894.0 1.0172415773734357e-16 1.167928258182503e-18
17931.1 9.910759988755886e-17 1.120370260509435e-18
17968.1 9.832735484638427e-17 1.2602356251239752e-18
18005.0 9.559768343081646e-17 1.4048945161569627e-18
18041.9 9.634468197462489e-17 1.3962688814077739e-18
18078.7 9.830590830840316e-17 1.4312443323006202e-18
18115.5 9.743120402768521e-17 1.4970195368660872e-18
18152.2 9.205233100860648e-17 1.3925753940186168e-18
18188.9 9.04834096525686e-17 1.3186474919628309e-18
18225.5 9.078601256124913e-17 1.4460466663932857e-18
18262.0 8.923451891230887e-17 1.545426747271561e-18
18298.5 8.785603077137239e-17 1.5387458372394505e-18
18334.9 8.258081186802057e-17 1.6094873159981955e-18
18371.3 8.097235172620305e-17 1.901322953159577e-18
18407.6 8.494438282304139e-17 2.23941588414319e-18
18443.8 9.303918892654142e-17 2.4062649138995725e-18
18480.0 9.616961939365561e-17 2.4267885192800543e-18
18516.1 9.526011360561366e-17 2.3823910740923476e-18
18552.2 9.471394203392116e-17 2.2517859018824402e-18
18588.2 9.968922298173474e-17 2.0011400277695665e-18
18624.2 1.041393167786567e-16 1.741745595795117e-18
18660.1 9.673414335762278e-17 1.945357866789815e-18
18695.9 8.554756483699962e-17 3.0104405983017794e-18
18731.7 9.355893987201939e-17 3.859986876939843e-18
18767.5 1.0984544505497913e-16 3.480438836772163e-18
18803.1 1.1411220035736902e-16 2.3270198292878738e-18
18838.8 1.0409473873424164e-16 1.503317053664313e-18
18874.4 9.47476059228932e-17 1.3079298369027018e-18
18909.9 9.23254965896211e-17 1.3038899319658278e-18
18945.3 8.92727343939595e-17 1.3224177169393265e-18
18980.8 8.458867399702317e-17 1.4887405586679275e-18
19016.1 8.270777583004345e-17 1.798952316485963e-18
19051.4 8.699322593849792e-17 1.913977319213229e-18
19086.7 8.907106959912072e-17 1.7438766224660082e-18
19121.9 8.669166137510556e-17 1.5839437221648719e-18
19157.1 8.434056135038613e-17 1.6079690319684171e-18
19192.2 8.470631644915421e-17 1.7186917089787371e-18
19227.2 8.396885221491615e-17 1.784694719997117e-18
19262.2 7.990142373124163e-17 1.6718076055115667e-18
19297.2 7.818990256647505e-17 1.4295300658468809e-18
19332.1 7.569460080616464e-17 1.2680494852913913e-18
19366.9 7.476860730778842e-17 1.1571229183428075e-18
19401.7 7.198675543091329e-17 1.0163056777032731e-18
19436.4 7.33329927369521e-17 9.162554324500614e-19
19471.1 7.099915958758657e-17 9.46271124630584e-19
19505.8 6.524752761056522e-17 1.093452360662484e-18
19540.4 6.018174259370652e-17 1.2371750572676447e-18
19574.9 5.735625106504559e-17 1.2944314757349077e-18
19609.4 5.570191773731702e-17 1.2809793181073583e-18
19643.9 5.2404475548348925e-17 1.2441274982805015e-18
19678.3 4.966660402578371e-17 1.222211629914128e-18
19712.7 4.796881307754663e-17 1.2048820609939201e-18
19747.0 4.5911257051929525e-17 1.1404123204998958e-18
19781.2 4.301830786152905e-17 1.0133060920004842e-18
19815.4 4.0579193271688915e-17 8.378513632136188e-19
19849.6 4.082322908892194e-17 7.138277221310006e-19
19883.7 4.1062888069016877e-17 6.743492162630055e-19
19917.8 4.152641080966722e-17 7.089934998495509e-19
19951.8 4.08106235030939e-17 9.873314382907717e-19
19985.8 4.000618919336844e-17 1.5234104514736445e-18
20019.7 3.8754435238098834e-17 1.893429527189978e-18
20053.6 4.2233713249782574e-17 1.7975011872479678e-18
20087.4 4.561530166398685e-17 1.4493403428991172e-18
20121.2 4.709226259041151e-17 1.2332853254332239e-18
20155.0 4.753071160490496e-17 1.1793019741011192e-18
20188.7 5.018912686373461e-17 1.125150280938559e-18
20222.3 5.397864448011694e-17 1.0888925837474301e-18
20255.9 5.594262379167503e-17 1.1250369333457207e-18
20289.5 5.783170509103791e-17 1.1048929706687991e-18
20323.0 5.958637981417651e-17 1.006412576661757e-18
20356.5 6.393715113897597e-17 9.8072488653625e-19
20389.9 6.649654691022408e-17 1.061453855930521e-18
20423.3 6.853473641929987e-17 1.065600483254347e-18
20456.6 6.919601865527485e-17 9.500090365547826e-19
20489.9 7.040751099636693e-17 9.48133248844433e-19
20523.1 7.306142826271564e-17 1.1319354754369512e-18
20556.3 7.408425002952775e-17 1.2504069385345132e-18
20589.5 7.615143578109298e-17 1.1296937709812524e-18
20622.6 7.492367572111513e-17 8.949199616050805e-19
20655.6 7.599948286328198e-17 8.1591970251606685e-19
20688.7 7.427176107481296e-17 9.078170760570287e-19
20721.6 7.549426437491193e-17 9.745036350585159e-19
20754.5 7.39621612233697e-17 8.966351898128284e-19
20787.4 7.296745556086599e-17 7.606232035468963e-19
20820.3 7.214511347151808e-17 7.301588637158451e-19
20853.0 7.028104407097021e-17 7.919426848861934e-19
20885.8 6.877027981521672e-17 8.326565706691226e-19
20918.5 6.777826720846528e-17 7.769376480662194e-19
20951.1 7.056761532547429e-17 6.792975388400896e-19
20983.8 7.079067361406829e-17 6.57811731838548e-19
21016.3 6.90011135811402e-17 7.185835866038661e-19
21048.8 6.672914139964627e-17 7.806985653827464e-19
21081.3 6.608047664184377e-17 8.266004816515837e-19
21113.7 6.634968430254624e-17 8.382208788197805e-19
21146.1 6.450319306953172e-17 8.273907462077983e-19
21178.5 6.34535091272627e-17 8.229937285323083e-19
21210.7 6.409069527266426e-17 8.237526945983555e-19
21243.0 6.50823205631629e-17 8.164275860323392e-19
21275.2 6.502866696698048e-17 7.788137024257846e-19
21307.3 6.361413963661723e-17 7.307553661445851e-19
21339.4 6.352899849200073e-17 6.912075179578494e-19
21371.5 6.242673909564352e-17 6.483451134844253e-19
21403.5 6.283884663222899e-17 6.179110297994015e-19
21435.5 6.280297569255977e-17 6.451689745205856e-19
21467.4 6.282951856794833e-17 7.932648921725784e-19
21499.3 6.144459064682022e-17 9.857976100108123e-19
21531.1 6.019824281319145e-17 1.0347448028758998e-18
21562.9 5.926363432928918e-17 9.060658409769434e-19
21594.6 5.819132550456961e-17 7.455823181328298e-19
21626.3 5.709149237446358e-17 6.655972103577791e-19
21657.9 5.707808488004487e-17 6.628371057181673e-19
21689.5 5.686028334491194e-17 6.972184223058017e-19
21721.1 5.50837188947623e-17 7.151295634727941e-19
21752.6 5.4435010703857884e-17 7.467496636584195e-19
21784.0 5.371159518020391e-17 8.367691961666772e-19
21815.4 5.4368768112022255e-17 8.758748284232758e-19
21846.8 5.355442802397448e-17 8.249662165477276e-19
21878.1 5.300749413192923e-17 7.7538821913969965e-19
21909.3 5.134072132523013e-17 7.919713896675092e-19
21940.5 4.9617657426810165e-17 8.804585325364364e-19
21971.7 4.829822096480905e-17 9.221675796253756e-19
22002.8 4.690382081345627e-17 8.571427862714495e-19
22033.8 4.7038549224212805e-17 7.941072522410524e-19
22064.8 4.600548083566795e-17 7.917303172519664e-19
22095.8 4.7757216521873245e-17 8.288644673508059e-19
22126.7 4.786769508708215e-17 8.681576501604994e-19
22157.6 4.767042911444593e-17 8.150730693526173e-19
22188.4 4.6880728253395415e-17 7.062553244580198e-19
22219.1 4.691124427677867e-17 6.795036973753205e-19
22249.9 4.661426880975295e-17 7.272002758917392e-19
22280.5 4.579527611713277e-17 7.892176108127129e-19
22311.1 4.610292044602623e-17 8.376999728642175e-19
22341.7 4.5244351092336154e-17 8.13559684043046e-19
22372.2 4.4821868342290014e-17 7.284032625539701e-19
22402.6 4.3844678142532874e-17 6.77269449867642e-19
22433.0 4.46484932307535e-17 6.86679288745903e-19
22463.4 4.4219382928857e-17 7.14158321235131e-19
22493.7 4.417043813880635e-17 7.409812592001841e-19
22523.9 4.328421008895728e-17 7.532841691915366e-19
22554.1 4.304879112122958e-17 7.289442033052148e-19
22584.3 4.234357348969338e-17 6.918085120354311e-19
22614.4 4.2409948117437824e-17 6.8643989325113015e-19
22644.4 4.188916357326761e-17 7.030570699737345e-19
22674.4 4.1592402074663666e-17 7.236547266736469e-19
22704.4 4.1151940595924747e-17 7.432044850050703e-19
22734.3 4.032049842779564e-17 7.515157373855077e-19
22764.1 3.949619664479395e-17 7.376640119292937e-19
22793.9 4.003391617937153e-17 7.238130018324927e-19
22823.6 3.9834854041059333e-17 7.251439256689493e-19
22853.3 4.0379238651907196e-17 7.14080898968421e-19
22882.9 3.975132421379778e-17 7.080752761223526e-19
22912.5 3.967450637525914e-17 7.200611552702071e-19
22942.0 3.9137036098265135e-17 7.442501937907778e-19
22971.5 3.894493029854417e-17 7.66153165602893e-19
23000.9 3.839291899670753e-17 7.689912372356208e-19
23030.3 3.750898965163331e-17 7.5569905443410845e-19
23059.6 3.73984133666126e-17 7.445972061104906e-19
23088.9 3.6532691394990627e-17 7.370999390229246e-19
23118.1 3.60359191049877e-17 7.310013321509686e-19
23147.3 3.580644737420391e-17 7.504067150378422e-19
23176.4 3.6707164035846364e-17 7.881707113798348e-19
23205.4 3.764097609743823e-17 8.060717400848971e-19
23234.4 3.719033612942141e-17 7.943193466810053e-19
23263.4 3.6181203335646874e-17 7.746512564717943e-19
23292.3 3.6206966049891994e-17 7.649152130937591e-19
23321.2 3.6812900485916916e-17 7.669441220832947e-19
23350.0 3.619467821271419e-17 7.771066115440694e-19
23378.7 3.5526749102377696e-17 7.973481391846785e-19
23407.5 3.447867700901111e-17 8.174794044010181e-19
23436.1 3.5146810190653207e-17 8.303166993079407e-19
23464.7 3.471193077337268e-17 8.537863126629599e-19
23493.3 3.409049277817913e-17 8.910580088719645e-19
23521.8 3.31092038263112e-17 9.263693437792316e-19
23550.3 3.341653592490182e-17 9.450539683328054e-19
23578.7 3.31830976864651e-17 9.35839926462885e-19
23607.1 3.302522849706147e-17 9.022920083814477e-19
23635.5 3.3977814925381035e-17 8.816973565160638e-19
23663.8 3.3975305004858564e-17 9.163180129678105e-19
23692.0 3.366309438770973e-17 9.820304851515882e-19
23720.2 3.434886313428493e-17 1.0170651747012356e-18
23748.4 3.4873481212477235e-17 9.958008319141881e-19
23776.5 3.4773240663863526e-17 9.663578046130632e-19
23804.6 3.525773379721825e-17 9.780737732710611e-19
23832.6 3.5751529088239845e-17 1.0119790504776365e-18
23860.6 3.539670578259053e-17 1.0145445542749566e-18
23888.6 3.3794944504865894e-17 9.983874827095966e-19
23916.5 3.370801548826854e-17 9.875271275885496e-19
23944.4 3.451065393131172e-17 9.771927873047547e-19
23972.3 3.5647412429743624e-17 9.628865822055099e-19
24000.1 3.4748495055922624e-17 9.626818647209245e-19
24027.9 3.2066136932333445e-17 9.974136798379155e-19
24055.6 3.073184557403556e-17 1.0400247040815138e-18
24083.4 3.1873257197323715e-17 1.0580071762725872e-18
24111.1 3.191204289009973e-17 1.0882805671942298e-18
24138.7 3.2145020480570075e-17 1.1824289049858479e-18
24166.4 3.3588258132902014e-17 1.2686665652219358e-18
24194.0 3.462425092789499e-17 1.2445271625498677e-18
24221.6 3.229265763159517e-17 1.1473844855367963e-18
24249.1 3.150027937574381e-17 1.0718497761939578e-18
24276.7 3.151711231590618e-17 1.0549843167012236e-18
24304.2 3.245619504989725e-17 1.1865193013259994e-18
24331.7 3.0195988768073017e-17 1.4775112737493566e-18
24359.2 3.032876111530873e-17 1.6290573706545588e-18
24386.7 3.095583156216186e-17 1.461129421795579e-18
24414.2 3.224146505846126e-17 1.2850082255644313e-18
24441.6 3.1530891894523516e-17 1.3848844855962757e-18
24469.1 3.301314961776323e-17 1.5665862619520776e-18
24496.5 3.3945015592433744e-17 1.6493779556885734e-18
24524.0 3.226132472542926e-17 1.5795270098293233e-18
24551.4 3.208989661657439e-17 1.373773133226703e-18
24578.8 3.308165461374454e-17 1.2553257185650066e-18
24606.3 3.259766879844595e-17 1.309139544935772e-18
24633.7 3.102131423925887e-17 1.3705223432403827e-18
24661.2 3.0044487512730714e-17 1.4199499478140706e-18
24688.6 2.579196024084675e-17 1.6019499677761812e-18
24716.1 2.6129340052868747e-17 1.772982840574533e-18
24743.6 3.009837505512518e-17 1.725678762937042e-18
24771.1 3.4613066402956776e-17 1.6737007975295059e-18
24798.6 3.2578100337965485e-17 1.866603676368738e-18
24826.2 3.0011396080117e-17 2.147301353030971e-18
24853.7 2.860816416880251e-17 2.350916645817903e-18
24881.4 2.6522506328274368e-17 2.4560297460622132e-18
24909.0 3.084349105893462e-17 2.53170181406476e-18
24936.7 3.3784553939214756e-17 2.5557524620851247e-18
24964.4 3.6583140796862614e-17 2.3702039664719354e-18
24992.1 3.080537568005656e-17 2.1660328601785583e-18
25019.9 2.497579695914745e-17 2.3344237148879876e-18
25047.8 2.664778091072666e-17 2.6531821127000283e-18
25075.7 3.119012010401335e-17 2.8463695083323452e-18
25103.7 3.389643788545448e-17 3.1651994480285083e-18
25131.7 2.489942047134476e-17 3.842989953984727e-18
25159.8 1.667946527735318e-17 4.534274946228892e-18
25188.0 1.6053800342875256e-17 4.632856289886391e-18
25216.2 2.415268304288271e-17 4.2436741354515e-18
25244.5 2.3388506337611364e-17 4.419858085442406e-18
25272.9 1.3562512974710705e-17 5.578352753279125e-18
25301.4 1.2930974898970179e-17 7.469529143932131e-18
25330.0 2.373108595083372e-17 9.385053260026306e-18
25358.6 3.0796431209896325e-17 1.019769477335682e-17
25387.4 3.041633209938448e-17 9.957343099404662e-18
