6008.08765364 0.0
6012.30252526 1.1041427652550223e-15
6016.51739688 1.1262218373575657e-15
6020.7322685 1.10397396817642e-15
6024.94714012 1.0813908492788307e-15
6029.16201174 1.0915151948638814e-15
6033.37688336 1.0748642813550726e-15
6037.59175498 1.0672945405514479e-15
6041.8066266 1.0527809551408731e-15
6046.02149823 1.0313731159235988e-15
6050.23636985 1.0260753304358206e-15
6054.45124147 1.0129371934359895e-15
6058.66611309 1.0006660071148437e-15
6062.88098471 1.001867447123216e-15
6067.09585633 9.933795265050954e-16
6071.31072795 9.740692779976872e-16
6075.52559957 9.701216011670633e-16
6079.74047119 9.405978705607369e-16
6083.95534281 9.306150111932892e-16
6088.17021443 9.255103158875952e-16
6092.38508605 9.059060848007924e-16
6096.59995767 9.086746392931475e-16
6100.81482929 9.04502429991204e-16
6105.02970091 8.87574375840362e-16
6109.24457253 8.813475664216168e-16
6113.45944416 8.778207256664638e-16
6117.67431578 8.833628796856002e-16
6121.8891874 8.910655048498397e-16
6126.10405902 8.822525986605723e-16
6130.31893064 8.900033297590123e-16
6134.53380226 9.025105427844858e-16
6138.74867388 9.042214966843774e-16
6142.9635455 9.264527181463208e-16
6147.17841712 9.06875601938961e-16
6151.39328874 9.342848787414385e-16
6155.60816036 9.459356327321933e-16
6159.82303198 9.703508717245147e-16
6164.0379036 9.967590149272282e-16
6168.25277522 1.0078847776751662e-15
6172.46764684 1.0437741225067182e-15
6176.68251846 1.0737934195405505e-15
6180.89739009 1.0922235389202586e-15
6185.11226171 1.1054888148036925e-15
6189.32713333 1.1438393795705555e-15
6193.54200495 1.1820963427411787e-15
6197.75687657 1.2187183175344611e-15
6201.97174819 1.2917212160309093e-15
6206.18661981 1.3484280652832983e-15
6210.40149143 1.387615482014958e-15
6214.61636305 1.4713977790774816e-15
6218.83123467 1.5228781477269268e-15
6223.04610629 1.5969359316847178e-15
6227.26097791 1.6430814399892468e-15
6231.47584953 1.6616042583351675e-15
6235.69072115 1.6910421261840238e-15
6239.90559277 1.7216407395043421e-15
6244.12046439 1.7449426505945073e-15
6248.33533601 1.7603665063335284e-15
6252.55020764 1.7826152442095206e-15
6256.76507926 1.808736505612179e-15
6260.97995088 1.8354815834597145e-15
6265.1948225 1.8265937340915337e-15
6269.40969412 1.8531480012565905e-15
6273.62456574 1.9009529014998353e-15
6277.83943736 2.0113401998098258e-15
6282.05430898 2.1395309385775423e-15
6286.2691806 2.2746651195520497e-15
6290.48405222 2.3662022056202633e-15
6294.69892384 2.4534526776525282e-15
6298.91379546 2.5511492019764017e-15
6303.12866708 2.62961619885654e-15
6307.3435387 2.6599014168837843e-15
6311.55841032 2.6456151289266816e-15
6315.77328194 2.557554095508213e-15
6319.98815357 2.470392914557034e-15
6324.20302519 2.448301918393253e-15
6328.41789681 2.4337418775535515e-15
6332.63276843 2.406714459530266e-15
6336.84764005 2.3673569336429364e-15
6341.06251167 2.3634436811868828e-15
6345.27738329 2.352799348044512e-15
6349.49225491 2.338602893593687e-15
6353.70712653 2.374093641428544e-15
6357.92199815 2.3971245942021995e-15
6362.13686977 2.444374438280201e-15
6366.35174139 2.451127356775369e-15
6370.56661301 2.4196498619784432e-15
6374.78148463 2.401240909588817e-15
6378.99635625 2.3273386140098513e-15
6383.21122787 2.2798410209251696e-15
6387.4260995 2.2506595756350546e-15
6391.64097112 2.223969820629481e-15
6395.85584274 2.2042459558297048e-15
6400.07071436 2.1531704262683532e-15
6404.28558598 2.1292528628856645e-15
6408.5004576 2.091544304063139e-15
6412.71532922 2.0663170444880054e-15
6416.93020084 2.015584814544794e-15
6421.14507246 1.9620591797350894e-15
6425.35994408 1.936712984745496e-15
6429.5748157 1.897943370426671e-15
6433.78968732 1.8770382286745048e-15
6438.00455894 1.8505819992974257e-15
6442.21943056 1.795447223774495e-15
6446.43430218 1.7640497778522784e-15
6450.6491738 1.7117200521163656e-15
6454.86404542 1.6829648552819615e-15
6459.07891705 1.6570495869727672e-15
6463.29378867 1.6169355041804895e-15
6467.50866029 1.593514292765746e-15
6471.72353191 1.5764805449783334e-15
6475.93840353 1.5720557016026387e-15
6480.15327515 1.575666424407738e-15
6484.36814677 1.5731956105926746e-15
6488.58301839 1.5474601368187057e-15
6492.79789001 1.5294794266815612e-15
6497.01276163 1.5202074188152242e-15
6501.22763325 1.5323014324519939e-15
6505.44250487 1.5468621797087126e-15
6509.65737649 1.5320261545892144e-15
6513.87224811 1.513118534775565e-15
6518.08711973 1.4877783967213207e-15
6522.30199135 1.488717947105532e-15
6526.51686298 1.46732343244831e-15
6530.7317346 1.480571198207663e-15
6534.94660622 1.4805203893192615e-15
6539.16147784 1.483975899533268e-15
6543.37634946 1.4588081628499612e-15
6547.59122108 1.4486952268784686e-15
6551.8060927 1.4613110994999327e-15
6556.02096432 1.465334682334482e-15
6560.23583594 1.4643913246131092e-15
6564.45070756 1.457999886511098e-15
6568.66557918 1.4183111190646275e-15
6572.8804508 1.403429162763299e-15
6577.09532242 1.3983832788648225e-15
6581.31019404 1.4008940471532994e-15
6585.52506566 1.3694660164973798e-15
6589.73993728 1.3495712486325579e-15
6593.9548089 1.3370457534490114e-15
6598.16968053 1.3281051136696264e-15
6602.38455215 1.3227947201198677e-15
6606.59942377 1.2865422343997023e-15
6610.81429539 1.2666892803784128e-15
6615.02916701 1.2482317971722366e-15
6619.24403863 1.2299686612571206e-15
6623.45891025 1.2132883100529893e-15
6627.67378187 1.2052962966604766e-15
6631.88865349 1.186049267257742e-15
6636.10352511 1.1665215052069985e-15
6640.31839673 1.1465202722207203e-15
6644.53326835 1.1258576540980308e-15
6648.74813997 1.1110809606643253e-15
6652.96301159 1.08540106777529e-15
6657.17788321 1.0902129763628792e-15
6661.39275483 1.088816861254748e-15
6665.60762646 1.0742955873612399e-15
6669.82249808 1.0519567074484995e-15
6674.0373697 1.0224063959643963e-15
6678.25224132 1.0004340165590641e-15
6682.46711294 9.835127744224759e-16
6686.68198456 9.645742019415496e-16
6690.89685618 9.458423773739475e-16
6695.1117278 9.306337958751779e-16
6699.32659942 9.038554491070665e-16
6703.54147104 8.852559665363979e-16
6707.75634266 8.785818133978288e-16
6711.97121428 8.629924726711371e-16
6716.1860859 8.538109957815631e-16
6720.40095752 8.286346709277949e-16
6724.61582914 8.099937847150185e-16
6728.83070076 8.065463749646516e-16
6733.04557239 7.946337937339299e-16
6737.26044401 8.048227283003796e-16
6741.47531563 7.819936641524265e-16
6745.69018725 7.797327879986767e-16
6749.90505887 7.589562817738966e-16
6754.11993049 7.522942445571241e-16
6758.33480211 7.468251625782834e-16
6762.54967373 7.430788266701371e-16
6766.76454535 7.402643300904976e-16
6770.97941697 7.259144741914521e-16
6775.19428859 7.001000326907135e-16
6779.40916021 6.780352261002171e-16
6783.62403183 6.621995676716695e-16
6787.83890345 6.49008722625718e-16
6792.05377507 6.546915961354139e-16
6796.26864669 6.382284926906903e-16
6800.48351831 6.240210257766317e-16
6804.69838994 6.065845938371974e-16
6808.91326156 5.937491423389687e-16
6813.12813318 6.02483092356445e-16
6817.3430048 5.967002665701262e-16
6821.55787642 5.767097618770371e-16
6825.77274804 5.675954926405831e-16
6829.98761966 5.67276040777172e-16
6834.20249128 5.655251308000893e-16
6838.4173629 5.67628944132283e-16
6842.63223452 5.631866860644348e-16
6846.84710614 5.540664799884203e-16
6851.06197776 5.529572914432182e-16
6855.27684938 5.51910361053696e-16
6859.491721 5.125391002036316e-16
6863.70659262 4.884726592103725e-16
6867.92146424 4.956330712142687e-16
6872.13633587 5.566618338136839e-16
6876.35120749 5.791910191980804e-16
6880.56607911 5.630884203604896e-16
6884.78095073 5.365836076672177e-16
6888.99582235 5.325188755640148e-16
6893.21069397 5.388442508222386e-16
6897.42556559 5.515074366833771e-16
6901.64043721 5.676561154053491e-16
6905.85530883 5.583653822751836e-16
6910.07018045 5.485882983904254e-16
6914.28505207 5.585554058579417e-16
6918.49992369 5.628891396853468e-16
6922.71479531 5.689585825348603e-16
6926.92966693 5.786241556223109e-16
6931.14453855 5.65162440415838e-16
6935.35941017 5.441248621571006e-16
6939.5742818 5.529326217895659e-16
6943.78915342 5.528399274202677e-16
6948.00402504 5.587141513150754e-16
6952.21889666 5.849082005156846e-16
6956.43376828 5.811449331967611e-16
6960.6486399 5.742984116616691e-16
6964.86351152 5.655486880508074e-16
6969.07838314 5.682291407959676e-16
6973.29325476 5.813249721222776e-16
6977.50812638 5.955000798506967e-16
6981.722998 6.193198499295958e-16
6985.93786962 6.245888163390256e-16
6990.15274124 6.051778043008627e-16
6994.36761286 6.103882449835748e-16
6998.58248448 6.338861451339862e-16
7002.7973561 6.358579397349365e-16
7007.01222772 6.463727097420001e-16
7011.22709935 6.513333070382218e-16
7015.44197097 6.640468212573656e-16
7019.65684259 6.715482494360813e-16
7023.87171421 6.681145316273751e-16
7028.08658583 6.706592240568396e-16
7032.30145745 7.089660255065908e-16
7036.51632907 7.411693649215958e-16
7040.73120069 7.411359202707809e-16
7044.94607231 7.541472706553321e-16
7049.16094393 7.445932327970458e-16
7053.37581555 7.510824834260818e-16
7057.59068717 7.712952543500102e-16
7061.80555879 7.970119735354572e-16
7066.02043041 8.109650722432908e-16
7070.23530203 8.181809210199376e-16
7074.45017365 7.84625532663298e-16
7078.66504528 7.855667757485485e-16
7082.8799169 7.722383409417586e-16
7087.09478852 7.827277086118116e-16
7091.30966014 8.129828293527849e-16
7095.52453176 8.417019471299776e-16
7099.73940338 8.140714657154265e-16
7103.954275 8.01547273018103e-16
7108.16914662 7.796117601689553e-16
7112.38401824 7.907618674614525e-16
7116.59888986 8.033802018452195e-16
7120.81376148 8.317399527897589e-16
7125.0286331 8.386964350563805e-16
7129.24350472 8.239555581847051e-16
7133.45837634 8.165822579386487e-16
7137.67324796 8.43100148345342e-16
7141.88811958 8.428741054267614e-16
7146.10299121 8.599111080119006e-16
7150.31786283 8.960861220501081e-16
7154.53273445 9.012456451585851e-16
7158.74760607 8.898133663895272e-16
7162.96247769 8.753551482499164e-16
7167.17734931 8.633685618744309e-16
7171.39222093 8.767332356041588e-16
7175.60709255 9.320539036620687e-16
7179.82196417 9.68498548483999e-16
7184.03683579 9.789749894999216e-16
7188.25170741 9.721654089146006e-16
7192.46657903 9.51768819875267e-16
7196.68145065 9.606171223009908e-16
7200.89632227 1.0123103953572647e-15
7205.11119389 1.0730433179820494e-15
7209.32606551 1.0925849207328125e-15
7213.54093713 1.0736578147079775e-15
7217.75580876 1.0450002504816597e-15
7221.97068038 1.0241783307632374e-15
7226.185552 1.0191355737067955e-15
7230.40042362 1.0655938134874136e-15
7234.61529524 1.1280176704178456e-15
7238.83016686 1.141310233864985e-15
7243.04503848 1.1407200336795868e-15
7247.2599101 1.1370653195444683e-15
7251.47478172 1.1140543528169904e-15
7255.68965334 1.1401845672425252e-15
7259.90452496 1.2120931143273115e-15
7264.11939658 1.2760640953120445e-15
7268.3342682 1.3059718009996716e-15
7272.54913982 1.2975255142973172e-15
7276.76401144 1.2880575111354684e-15
7280.97888306 1.2760839831251793e-15
7285.19375469 1.251804527837732e-15
7289.40862631 1.3149158371482428e-15
7293.62349793 1.413019764136814e-15
7297.83836955 1.4639619812626532e-15
7302.05324117 1.4654038882665494e-15
7306.26811279 1.4212046575187207e-15
7310.48298441 1.360797723784835e-15
7314.69785603 1.3399902219657606e-15
7318.91272765 1.3397934458605869e-15
7323.12759927 1.3928438861244903e-15
7327.34247089 1.4299570174224122e-15
7331.55734251 1.4784793578644981e-15
7335.77221413 1.4313910176111158e-15
7339.98708575 1.3684892956523757e-15
7344.20195737 1.3297529037898592e-15
7348.41682899 1.321544786607065e-15
7352.63170061 1.3797745088257124e-15
7356.84657224 1.4297018843379132e-15
7361.06144386 1.4621942836113733e-15
7365.27631548 1.470200850421835e-15
7369.4911871 1.413548138382418e-15
7373.70605872 1.3290197375511295e-15
7377.92093034 1.2616168404131337e-15
7382.13580196 1.2540351918432193e-15
7386.35067358 1.279083275913819e-15
7390.5655452 1.2933233020270715e-15
7394.78041682 1.2863257899494264e-15
7398.99528844 1.1972591253415371e-15
7403.21016006 1.1038502270005672e-15
7407.42503168 1.0447110145277066e-15
7411.6399033 1.0202937338584964e-15
7415.85477492 1.0615809513642277e-15
7420.06964654 1.0404870284616177e-15
7424.28451817 1.0015923308091332e-15
7428.49938979 9.051412337227487e-16
7432.71426141 8.651203053158717e-16
7436.92913303 8.52421454724313e-16
7441.14400465 8.679171726355087e-16
7445.35887627 8.880330603155884e-16
7449.57374789 8.68561128773963e-16
7453.78861951 8.182547116195239e-16
7458.00349113 7.475461486009703e-16
7462.21836275 7.183285922422394e-16
7466.43323437 7.26964306911841e-16
7470.64810599 7.458158709307342e-16
7474.86297761 7.748703389611873e-16
7479.07784923 7.719232276833913e-16
7483.29272085 7.184473461586756e-16
7487.50759247 6.616734930849916e-16
7491.7224641 6.487188096669329e-16
7495.93733572 6.691544275305267e-16
7500.15220734 7.059479563858902e-16
7504.36707896 7.412457053217753e-16
7508.58195058 7.372295817911938e-16
7512.7968222 6.820623256717443e-16
7517.01169382 6.472882321479646e-16
7521.22656544 6.424537962125084e-16
7525.44143706 6.572436786102619e-16
7529.65630868 6.883103546885915e-16
7533.8711803 7.475140730480701e-16
7538.08605192 7.383396091902361e-16
7542.30092354 7.18451458999419e-16
7546.51579516 6.887324297950397e-16
7550.73066678 6.530311404672049e-16
7554.9455384 6.295353652068552e-16
7559.16041002 6.6079071946059e-16
7563.37528165 7.062312773489064e-16
7567.59015327 7.440236266883015e-16
7571.80502489 7.364435782812455e-16
7576.01989651 7.28253017253679e-16
7580.23476813 7.14081157295202e-16
7584.44963975 6.822407821384187e-16
7588.66451137 5.945699421384944e-16
7592.87938299 4.845091558665356e-16
7597.09425461 4.567644810821413e-16
7601.30912623 5.610638441185683e-16
7605.52399785 8.562276854107096e-16
7609.73886947 1.1277280003414443e-15
7613.95374109 1.0758547429622004e-15
7618.16861271 8.531904711366714e-16
7622.38348433 6.76146375176334e-16
7626.59835595 6.062914618959125e-16
7630.81322758 6.31166535277652e-16
7635.0280992 6.88382734647466e-16
7639.24297082 7.349763695741234e-16
7643.45784244 7.790662104202046e-16
7647.67271406 7.1959481717403335e-16
7651.88758568 6.712629890029696e-16
7656.1024573 6.371254629414433e-16
7660.31732892 6.085039904871969e-16
7664.53220054 6.030334186101997e-16
7668.74707216 6.198752248181776e-16
7672.96194378 6.734172915848929e-16
7677.1768154 7.398784735292412e-16
7681.39168702 7.657033935108387e-16
7685.60655864 7.816057075977642e-16
7689.82143026 7.678578720569919e-16
7694.03630188 7.438659008107386e-16
7698.25117351 7.175837138031924e-16
7702.46604513 7.012209316138946e-16
7706.68091675 7.420629345418405e-16
7710.89578837 8.4680924995527e-16
7715.11065999 8.939007218532158e-16
7719.32553161 9.346180125077586e-16
7723.54040323 9.22211988684486e-16
7727.75527485 8.837001526222198e-16
7731.97014647 8.508329142629879e-16
7736.18501809 8.50797680137482e-16
7740.39988971 9.02052808469857e-16
7744.61476133 9.810844690086365e-16
7748.82963295 1.0703427436651257e-15
7753.04450457 1.0979807146632388e-15
7757.25937619 1.084282710405561e-15
7761.47424781 1.0508796354640343e-15
7765.68911943 1.0119389160085378e-15
7769.90399106 1.0152519203017347e-15
7774.11886268 1.0546929983489988e-15
7778.3337343 1.1546194778321163e-15
7782.54860592 1.2603112656322601e-15
7786.76347754 1.355604590546388e-15
7790.97834916 1.3403956532623538e-15
7795.19322078 1.3005460560242739e-15
7799.4080924 1.2324937151787446e-15
7803.62296402 1.2239796373678213e-15
7807.83783564 1.2824288936262993e-15
7812.05270726 1.399230171723248e-15
7816.26757888 1.5123799625663234e-15
7820.4824505 1.6130774723914248e-15
7824.69732212 1.6073467928695263e-15
7828.91219374 1.5614678632685496e-15
7833.12706536 1.4931655957562016e-15
7837.34193699 1.4361000497428678e-15
7841.55680861 1.4701098336662168e-15
7845.77168023 1.5841155553649953e-15
7849.98655185 1.682871504173285e-15
7854.20142347 1.7407923954454059e-15
7858.41629509 1.6670621991868811e-15
7862.63116671 1.5434124702234152e-15
7866.84603833 1.4402693776005403e-15
7871.06090995 1.3884884235257924e-15
7875.27578157 1.4222146045334188e-15
7879.49065319 1.481246837180818e-15
7883.70552481 1.5245122180338381e-15
7887.92039643 1.4637554939829618e-15
7892.13526805 1.347325528845166e-15
7896.35013967 1.23164481801197e-15
7900.56501129 1.153848289651671e-15
7904.77988292 1.1619283630231546e-15
7908.99475454 1.225691824316373e-15
7913.20962616 1.2566353651521978e-15
7917.42449778 1.1947804217780988e-15
7921.6393694 1.0770677592114379e-15
7925.85424102 9.791269994075413e-16
7930.06911264 9.511008015921628e-16
7934.28398426 9.968404711270712e-16
7938.49885588 1.047432177229656e-15
7942.7137275 1.037149230993256e-15
7946.92859912 9.681058387685359e-16
7951.14347074 8.8966856687119e-16
7955.35834236 8.252494915430767e-16
7959.57321398 8.290266644553057e-16
7963.7880856 8.767885389784092e-16
7968.00295722 9.067292878099501e-16
7972.21782884 9.333124669432625e-16
7976.43270047 8.909359548808668e-16
7980.64757209 7.92624687022592e-16
7984.86244371 7.438168738208353e-16
7989.07731533 7.620082446273e-16
7993.29218695 7.867233545922446e-16
7997.50705857 7.793133599084125e-16
8001.72193019 7.73907524598716e-16
8005.93680181 7.610338441601001e-16
8010.15167343 7.42951524108238e-16
8014.36654505 7.253363889081338e-16
8018.58141667 7.063421739259811e-16
8022.79628829 7.017914386085548e-16
8027.01115991 7.049412633221306e-16
8031.22603153 6.953982910893846e-16
8035.44090315 7.014909093960934e-16
8039.65577477 6.974881402738772e-16
8043.8706464 6.782266423919694e-16
8048.08551802 6.554700923855776e-16
8052.30038964 6.144439709273614e-16
8056.51526126 5.93475813897715e-16
8060.73013288 6.057454990124565e-16
8064.9450045 6.156238512102094e-16
8069.15987612 6.157747389725698e-16
8073.37474774 6.105299392370892e-16
8077.58961936 6.213637668959544e-16
8081.80449098 6.073255315937937e-16
8086.0193626 5.987912184636521e-16
8090.23423422 6.057203085923898e-16
8094.44910584 6.156336109270321e-16
8098.66397746 5.97749563760665e-16
8102.87884908 5.867344565574172e-16
8107.0937207 5.213591999161102e-16
8111.30859232 4.993502898404065e-16
8115.52346395 4.859821317460334e-16
8119.73833557 4.611427870400208e-16
8123.95320719 4.505512438334934e-16
8128.16807881 4.642506365807347e-16
8132.38295043 4.666555146904189e-16
8136.59782205 4.727201052327805e-16
8140.81269367 4.903246751767047e-16
8145.02756529 4.542941547968852e-16
8149.24243691 4.284111562728268e-16
8153.45730853 3.957340010034502e-16
8157.67218015 3.6328816831925475e-16
8161.88705177 3.492766877553191e-16
8166.10192339 3.386673474964129e-16
8170.31679501 3.5664950917778406e-16
8174.53166663 3.5268722674732925e-16
8178.74653825 3.5246417670858185e-16
8182.96140988 3.4087786784662797e-16
8187.1762815 3.109592914770265e-16
8191.39115312 2.8066967294692855e-16
8195.60602474 2.537381476743868e-16
8199.82089636 2.407516092881643e-16
8204.03576798 2.3708000230415014e-16
8208.2506396 2.3528489328336097e-16
8212.46551122 2.3515595340155604e-16
8216.68038284 2.31793412091897e-16
8220.89525446 2.1577974153090213e-16
8225.11012608 2.012809372309895e-16
8229.3249977 1.9477986004108258e-16
8233.53986932 1.8672501647698032e-16
8237.75474094 1.6691287929470888e-16
8241.96961256 1.758304040159609e-16
8246.18448418 1.7929101154399815e-16
8250.39935581 1.7848990801084506e-16
8254.61422743 1.8641979359765584e-16
8258.82909905 2.071500476059331e-16
8263.04397067 2.1743965035199386e-16
8267.25884229 2.118795321864306e-16
8271.47371391 2.1000930564482904e-16
8275.68858553 2.004781411421326e-16
8279.90345715 1.9738755985908063e-16
8284.11832877 2.0469436707694776e-16
8288.33320039 2.086102896023673e-16
8292.54807201 2.1393061811782373e-16
8296.76294363 2.4015268301830363e-16
8300.97781525 2.434640681554811e-16
8305.19268687 2.6833503416868146e-16
8309.40755849 2.7947416246914284e-16
8313.62243011 2.865107947259798e-16
8317.83730173 2.758291737652828e-16
8322.05217336 2.7220977543027026e-16
8326.26704498 2.6864033245892145e-16
8330.4819166 2.548794718982119e-16
8334.69678822 2.567441494650495e-16
8338.91165984 2.5621501870773807e-16
8343.12653146 2.769736148115511e-16
8347.34140308 2.7151241273925427e-16
8351.5562747 2.9504750944343017e-16
8355.77114632 2.8510466674549244e-16
8359.98601794 3.124785131450494e-16
8364.20088956 2.966194317410101e-16
8368.41576118 2.797619537001724e-16
8372.6306328 2.858764534672297e-16
8376.84550442 2.8446467714647597e-16
8381.06037604 3.0755954494108283e-16
8385.27524766 3.1542051744839367e-16
8389.49011929 3.4272878204653363e-16
8393.70499091 3.9807459607524935e-16
8397.91986253 4.199538240059448e-16
8402.13473415 4.452867253007429e-16
8406.34960577 4.369651607489489e-16
8410.56447739 4.2228595515169795e-16
8414.77934901 4.284675236881171e-16
8418.99422063 4.2615195317236664e-16
8423.20909225 4.4294944172570396e-16
8427.42396387 4.857528436484325e-16
8431.63883549 5.301286904759349e-16
8435.85370711 5.862590296696805e-16
8440.06857873 6.407073067176648e-16
8444.28345035 6.718229971054489e-16
8448.49832197 6.880517798205119e-16
8452.71319359 6.988167802435445e-16
8456.92806522 6.835231224973013e-16
8461.14293684 6.569234779109147e-16
8465.35780846 6.614206943918265e-16
8469.57268008 6.860048739376906e-16
8473.7875517 7.4288610136124e-16
8478.00242332 8.173556219670801e-16
8482.21729494 8.768432222710787e-16
8486.43216656 9.326545822198763e-16
8490.64703818 9.599415138471185e-16
8494.8619098 9.384157268296275e-16
8499.07678142 9.321698961254704e-16
8503.29165304 9.254082471357079e-16
8507.50652466 9.35632530514635e-16
8511.72139628 9.674718441478574e-16
8515.9362679 1.0132199380110998e-15
8520.15113952 1.0531638960362664e-15
8524.36601114 1.188910564519505e-15
8528.58088277 1.2990854866546399e-15
8532.79575439 1.37904955415867e-15
8537.01062601 1.4171744975335105e-15
8541.22549763 1.4098753104261648e-15
8545.44036925 1.3674627733564987e-15
8549.65524087 1.3193359982832371e-15
8553.87011249 1.3175469916754073e-15
8558.08498411 1.3388540312251256e-15
8562.29985573 1.4234057416093032e-15
8566.51472735 1.5645525112238036e-15
8570.72959897 1.6809934605795555e-15
8574.94447059 1.789892196138921e-15
8579.15934221 1.868777481681803e-15
8583.37421383 1.8817367352054836e-15
8587.58908545 1.8233928390851585e-15
8591.80395707 1.7354405939644822e-15
8596.0188287 1.7416581489381417e-15
8600.23370032 1.753479462978909e-15
8604.44857194 1.863539030936255e-15
8608.66344356 2.042880439174302e-15
8612.87831518 2.260323020601339e-15
8617.0931868 2.4197325869965848e-15
8621.30805842 2.521936071529003e-15
8625.52293004 2.537506417825083e-15
8629.73780166 2.4473069477665893e-15
8633.95267328 2.338499065219456e-15
8638.1675449 2.2487780522896563e-15
8642.38241652 2.1820608616018574e-15
8646.59728814 2.2271403788593107e-15
8650.81215976 2.405959942146084e-15
8655.02703138 2.6378983888743444e-15
8659.241903 2.8325113053148384e-15
8663.45677463 2.9400217385277198e-15
8667.67164625 2.985105094150075e-15
8671.88651787 2.848967613220026e-15
8676.10138949 2.668709522542183e-15
8680.31626111 2.5280944192767246e-15
8684.53113273 2.451178536325097e-15
8688.74600435 2.5321610288042966e-15
8692.96087597 2.6318535720924343e-15
8697.17574759 2.8129436796982655e-15
8701.39061921 3.0092166446708784e-15
8705.60549083 3.2055335861713795e-15
8709.82036245 3.1940504905186834e-15
8714.03523407 3.0725715081906973e-15
8718.25010569 2.965934249938474e-15
8722.46497731 2.8784608058792203e-15
8726.67984893 2.785534710841969e-15
8730.89472055 2.8443623371887205e-15
8735.10959218 3.000500253346356e-15
8739.3244638 3.2499870758497013e-15
8743.53933542 3.4680318239147275e-15
8747.75420704 3.4972254168269485e-15
8751.96907866 3.4539480948430317e-15
8756.18395028 3.2175624492710102e-15
8760.3988219 2.969690397952315e-15
8764.61369352 2.7213288632731032e-15
8768.82856514 2.620109359451765e-15
8773.04343676 2.5768933263642463e-15
8777.25830838 2.6586550541592417e-15
8781.47318 2.7529667248855856e-15
8785.68805162 2.8655635943101215e-15
8789.90292324 2.881915037828627e-15
8794.11779486 2.7842903704706467e-15
8798.33266648 2.6477641029222736e-15
8802.54753811 2.400496043383736e-15
8806.76240973 2.1711311293728126e-15
8810.97728135 2.0374264446421107e-15
8815.19215297 1.993191034737282e-15
8819.40702459 2.0489526380650526e-15
8823.62189621 2.1203686506197244e-15
8827.83676783 2.213998916263735e-15
8832.05163945 2.284448854116354e-15
8836.26651107 2.2664850546215156e-15
8840.48138269 2.1519850747534386e-15
8844.69625431 1.978660494997677e-15
8848.91112593 1.8381921339653703e-15
8853.12599755 1.736081239719788e-15
8857.34086917 1.6533906766531193e-15
8861.55574079 1.6485749141965631e-15
8865.77061241 1.679894597767429e-15
8869.98548403 1.7251885214919304e-15
8874.20035566 1.837125478391219e-15
8878.41522728 1.871043029197812e-15
8882.6300989 1.8535299618412072e-15
8886.84497052 1.7840682765028803e-15
8891.05984214 1.6540589158588604e-15
8895.27471376 1.5637441413254004e-15
8899.48958538 1.427109368197951e-15
8903.704457 1.3465210729449975e-15
8907.91932862 1.2817274325441864e-15
8912.13420024 1.2693679317461785e-15
8916.34907186 1.2864024282380321e-15
8920.56394348 1.3180848123070506e-15
8924.7788151 1.3019584339671178e-15
8928.99368672 1.2800241345658527e-15
8933.20855834 1.276694948801152e-15
8937.42342996 1.2300365279585887e-15
8941.63830159 1.1324388860084278e-15
8945.85317321 1.0190762375646813e-15
8950.06804483 9.02456801563673e-16
8954.28291645 8.116845858378507e-16
8958.49778807 7.702500008744624e-16
8962.71265969 7.432212948614723e-16
8966.92753131 7.3096037327244055e-16
8971.14240293 7.476441660691824e-16
8975.35727455 7.574459320065902e-16
8979.57214617 7.51238173525541e-16
8983.78701779 7.488949437705441e-16
8988.00188941 7.580003956353205e-16
8992.21676103 7.500024314467029e-16
8996.43163265 6.931552613931759e-16
9000.64650427 6.43399622547137e-16
9004.86137589 6.082944144299072e-16
9009.07624752 5.774116256067184e-16
9013.29111914 5.663929409705226e-16
9017.50599076 5.504243377955012e-16
9021.72086238 5.61464519590292e-16
9025.935734 6.200209233581144e-16
9030.15060562 6.602279869291175e-16
9034.36547724 7.037483509477378e-16
9038.58034886 7.000176066847388e-16
9042.79522048 6.891632794765077e-16
9047.0100921 7.102509580478268e-16
9051.22496372 6.798788012938263e-16
9055.43983534 6.586463636982708e-16
9059.65470696 6.2088232166504e-16
9063.86957858 5.738971014087449e-16
9068.0844502 5.662158128261215e-16
9072.29932182 5.709090440935838e-16
9076.51419344 5.772452136663488e-16
9080.72906507 6.053027342271591e-16
9084.94393669 6.485218184954658e-16
9089.15880831 6.823836660088609e-16
9093.37367993 7.036405855913521e-16
9097.58855155 7.172993382486008e-16
9101.80342317 7.146860495753553e-16
9106.01829479 6.866296531482676e-16
9110.23316641 6.527558745046799e-16
9114.44803803 6.191251545700028e-16
9118.66290965 5.935330829006385e-16
9122.87778127 5.837915664022585e-16
9127.09265289 5.768724362667144e-16
9131.30752451 6.111412625030608e-16
9135.52239613 6.579311199831397e-16
9139.73726775 7.141174577814753e-16
9143.95213937 7.211310493695143e-16
9148.167011 7.311680295389477e-16
9152.38188262 7.535070273886338e-16
9156.59675424 7.369979194752775e-16
9160.81162586 7.307746272402712e-16
9165.02649748 6.774690221089454e-16
9169.2413691 6.368881173792527e-16
9173.45624072 6.460761192903231e-16
9177.67111234 6.400168796073791e-16
9181.88598396 6.515695179029162e-16
9186.10085558 6.722853211712588e-16
9190.3157272 6.938775365814749e-16
9194.53059882 7.408079169207239e-16
9198.74547044 7.71343590752488e-16
9202.96034206 7.758414614935272e-16
9207.17521368 7.828686609940357e-16
9211.3900853 7.489617331647256e-16
9215.60495693 7.112524171429543e-16
9219.81982855 6.780955121292986e-16
9224.03470017 6.406532341055594e-16
9228.24957179 6.311948204806242e-16
9232.46444341 6.230473105622074e-16
9236.67931503 6.156567939348801e-16
9240.89418665 6.249317761922187e-16
9245.10905827 6.610990310378196e-16
9249.32392989 7.188482816149233e-16
9253.53880151 7.450818394494776e-16
9257.75367313 7.377467893042882e-16
9261.96854475 7.099535757195833e-16
9266.18341637 6.710232876883113e-16
9270.39828799 6.327267301310448e-16
9274.61315961 6.034513802829003e-16
9278.82803123 6.027210263337648e-16
9283.04290285 6.122518431065544e-16
9287.25777448 6.191462829329617e-16
9291.4726461 6.003542237557849e-16
9295.68751772 6.476329622964985e-16
9299.90238934 6.447416429235588e-16
9304.11726096 6.905730728660158e-16
9308.33213258 6.94151870499923e-16
9312.5470042 6.691568769235582e-16
9316.76187582 6.376992808402574e-16
9320.97674744 6.415335762740729e-16
9325.19161906 6.52620189481215e-16
9329.40649068 6.577634757925015e-16
9333.6213623 6.263412599646501e-16
9337.83623392 5.912930794585637e-16
9342.05110554 6.792305490089162e-16
9346.26597716 7.548718161004017e-16
9350.48084878 7.54008416280939e-16
9354.69572041 8.199179253733292e-16
9358.91059203 8.876057980363585e-16
9363.12546365 8.714993714067916e-16
9367.34033527 8.174958500535958e-16
9371.55520689 7.615275372683551e-16
9375.77007851 7.138504857367898e-16
9379.98495013 7.161388950853497e-16
9384.19982175 7.605711809593582e-16
9388.41469337 7.937719719523411e-16
9392.62956499 7.740744008791065e-16
9396.84443661 7.708876016071436e-16
9401.05930823 7.587140709602426e-16
9405.27417985 7.640237714292566e-16
9409.48905147 7.926995915397725e-16
9413.70392309 8.19726568091361e-16
9417.91879471 7.530975546548243e-16
9422.13366634 6.548339438448898e-16
9426.34853796 6.498126913748643e-16
9430.56340958 6.518930446001033e-16
9434.7782812 5.895379892302677e-16
9438.99315282 5.942221599505383e-16
9443.20802444 6.313223702511936e-16
9447.42289606 6.520340261331805e-16
9451.63776768 6.331557549814389e-16
9455.8526393 6.125894248491215e-16
9460.06751092 6.750551284096148e-16
9464.28238254 7.149927880694133e-16
9468.49725416 6.991342433852422e-16
9472.71212578 6.333956311778617e-16
9476.9269974 5.729686064518765e-16
9481.14186902 5.847230441775533e-16
9485.35674064 5.829335224626678e-16
9489.57161226 5.231297215376046e-16
9493.78648389 4.880770097735327e-16
9498.00135551 5.198630795455551e-16
9502.21622713 5.740385994535379e-16
9506.43109875 6.161702679884926e-16
9510.64597037 5.775916457178881e-16
9514.86084199 5.3778406751867e-16
9519.07571361 5.099339529727648e-16
9523.29058523 5.160543655210666e-16
9527.50545685 5.052743340754986e-16
9531.72032847 4.743315194659569e-16
9535.93520009 4.674564536769298e-16
9540.15007171 4.489350250772724e-16
9544.36494333 4.4397720103655586e-16
9548.57981495 4.4284664065088923e-16
9552.79468657 4.738945054218926e-16
9557.00955819 4.937791005873764e-16
9561.22442982 4.810611074612127e-16
9565.43930144 4.906916960370556e-16
9569.65417306 4.708549651924976e-16
9573.86904468 4.4359705083156386e-16
9578.0839163 4.3655106350675407e-16
9582.29878792 4.1396350814569373e-16
9586.51365954 3.757501638760195e-16
9590.72853116 4.0302004395815814e-16
9594.94340278 4.2421333600543545e-16
9599.1582744 4.120506864839574e-16
9603.37314602 4.3638582780785207e-16
9607.58801764 4.666038878612139e-16
9611.80288926 4.45914674280067e-16
9616.01776088 4.349065798725419e-16
9620.2326325 4.289063585795824e-16
9624.44750412 4.0981073222616687e-16
9628.66237574 4.2272820977783265e-16
9632.87724737 3.9576799084748277e-16
9637.09211899 3.8406763983716523e-16
9641.30699061 3.782529732431892e-16
9645.52186223 4.032355889692945e-16
9649.73673385 4.2605163337112055e-16
9653.95160547 4.3861728010916273e-16
9658.16647709 4.3663037022041946e-16
9662.38134871 4.337199297480144e-16
9666.59622033 4.109189879191319e-16
9670.81109195 4.258271424661368e-16
9675.02596357 4.2335972951305356e-16
9679.24083519 4.0771500270043803e-16
9683.45570681 4.09865678935807e-16
9687.67057843 3.914851842755306e-16
9691.88545005 4.0641930686132454e-16
9696.10032167 4.1638269424788875e-16
9700.3151933 4.2482417844817896e-16
9704.53006492 4.437153922839669e-16
9708.74493654 4.783371213532021e-16
9712.95980816 4.561690608099255e-16
9717.17467978 4.2499692638495947e-16
9721.3895514 4.2739284685097466e-16
9725.60442302 4.2644331242318603e-16
9729.81929464 4.0172293737569067e-16
9734.03416626 3.914829659307006e-16
9738.24903788 4.0061971775834607e-16
9742.4639095 4.115059068365769e-16
9746.67878112 4.2857239436025106e-16
9750.89365274 4.3952514848709214e-16
9755.10852436 4.277352513541811e-16
9759.32339598 4.3725676170089255e-16
9763.5382676 4.814813852148002e-16
9767.75313923 4.582061975792346e-16
9771.96801085 4.456832704236779e-16
9776.18288247 4.1369654265155697e-16
9780.39775409 4.0753408707919225e-16
9784.61262571 4.0457744292923586e-16
9788.82749733 4.047661241388246e-16
9793.04236895 4.312326514625625e-16
9797.25724057 4.3976696299696043e-16
9801.47211219 4.532327449292511e-16
9805.68698381 4.596119665125074e-16
9809.90185543 4.614448380841853e-16
9814.11672705 4.217649112712596e-16
9818.33159867 4.0995739241026716e-16
9822.54647029 3.970818570487469e-16
9826.76134191 3.9740388914836554e-16
9830.97621353 3.956817525333385e-16
9835.19108515 3.9400663662635127e-16
9839.40595678 4.1015794986680164e-16
9843.6208284 4.01447008250955e-16
9847.83570002 3.9684731176136495e-16
9852.05057164 4.234980047728409e-16
9856.26544326 4.3108284482562094e-16
9860.48031488 4.394094735001121e-16
9864.6951865 4.2966223879743816e-16
9868.91005812 3.6817463237438354e-16
9873.12492974 3.5166845167441337e-16
9877.33980136 3.4909288335091787e-16
9881.55467298 3.392624861530522e-16
9885.7695446 3.40070838349119e-16
9889.98441622 3.4012803427933974e-16
9894.19928784 3.7291658114676086e-16
9898.41415946 3.89102234845962e-16
9902.62903108 3.7655566778814213e-16
9906.84390271 3.7884381359356796e-16
9911.05877433 3.224058678334309e-16
9915.27364595 3.270440468902933e-16
9919.48851757 3.281104299857385e-16
9923.70338919 3.3781692053621587e-16
9927.91826081 3.3252201775599114e-16
9932.13313243 3.564964223993126e-16
9936.34800405 3.52024417990075e-16
9940.56287567 3.4797440764166473e-16
9944.77774729 3.425760068002134e-16
9948.99261891 3.7414611352333165e-16
9953.20749053 3.4114752542330166e-16
9957.42236215 3.5175754072633635e-16
9961.63723377 3.5717501684086577e-16
9965.85210539 3.189285273905494e-16
9970.06697701 3.074889184791412e-16
9974.28184864 3.302172193225024e-16
9978.49672026 3.4274947553990813e-16
9982.71159188 3.3962972128390274e-16
9986.9264635 3.6854000331378395e-16
9991.14133512 4.1045370559877493e-16
9995.35620674 4.1633189270761937e-16
9999.57107836 3.8463571222508805e-16
10003.78595 4.0603147431802175e-16
10008.0008216 4.116083782925763e-16
