nan nan
nan nan
nan nan
nan nan
nan nan
nan nan
nan nan
nan nan
nan nan
nan nan
nan nan
nan nan
nan nan
nan nan
nan nan
nan nan
nan nan
nan nan
nan nan
nan nan
nan nan
nan nan
nan nan
nan nan
nan nan
nan nan
nan nan
nan nan
nan nan
nan nan
nan nan
nan nan
nan nan
nan nan
nan nan
nan nan
nan nan
nan nan
nan nan
nan nan
nan nan
nan nan
nan nan
nan nan
nan nan
nan nan
nan nan
nan nan
nan nan
nan nan
nan nan
nan nan
nan nan
nan nan
nan nan
nan nan
nan nan
nan nan
nan nan
nan nan
nan nan
nan nan
nan nan
nan nan
nan nan
nan nan
nan nan
nan nan
nan nan
nan nan
nan nan
nan nan
nan nan
nan nan
nan nan
nan nan
nan nan
nan nan
nan nan
nan nan
nan nan
nan nan
nan nan
nan nan
nan nan
nan nan
nan nan
nan nan
nan nan
nan nan
nan nan
nan nan
nan nan
nan nan
nan nan
nan nan
nan nan
nan nan
nan nan
nan nan
nan nan
nan nan
nan nan
nan nan
nan nan
nan nan
nan nan
nan nan
nan nan
nan nan
nan nan
nan nan
nan nan
nan nan
nan nan
nan nan
nan nan
nan nan
nan nan
nan nan
nan nan
nan nan
nan nan
nan nan
nan nan
nan nan
nan nan
nan nan
nan nan
nan nan
nan nan
nan nan
nan nan
nan nan
nan nan
nan nan
nan nan
nan nan
nan nan
nan nan
nan nan
nan nan
nan nan
nan nan
nan nan
nan nan
nan nan
nan nan
nan nan
nan nan
nan nan
nan nan
nan nan
nan nan
nan nan
nan nan
nan nan
nan nan
nan nan
nan nan
nan nan
nan nan
nan nan
nan nan
nan nan
nan nan
nan nan
nan nan
nan nan
nan nan
nan nan
nan nan
nan nan
nan nan
nan nan
nan nan
nan nan
nan nan
nan nan
nan nan
nan nan
nan nan
nan nan
nan nan
nan nan
nan nan
nan nan
nan nan
nan nan
nan nan
nan nan
nan nan
nan nan
nan nan
nan nan
nan nan
nan nan
nan nan
nan nan
nan nan
nan nan
nan nan
nan nan
nan nan
nan nan
nan nan
nan nan
nan nan
nan nan
nan nan
nan nan
3328.83 6.124453464655869
3333.34 6.5701549008615405
3337.85 6.797310356310908
3342.38 6.520111736152059
3346.9 6.699754654660794
3351.44 6.51539682281005
3355.98 6.256164075214447
3360.52 6.2038851236403305
3365.08 6.17586178157187
3369.64 6.311218073585223
3374.2 6.1025285378721374
3378.77 5.76783513811691
3383.35 6.532475976054664
3387.93 5.933191553763752
3392.52 6.1247152104550135
3397.12 6.0674447677692935
3401.72 6.552567393624698
3406.33 6.596904799843003
3410.94 7.369657264870977
3415.56 7.4797344251919125
3420.19 7.157131431502518
3424.82 7.191229969518654
3429.46 7.967917115557587
3434.11 8.410589099057251
3438.76 8.554984917648516
3443.42 9.226695358776633
3448.09 9.83257105538818
3452.76 10.378329905872487
3457.43 10.448210191225765
3462.12 10.598563709599231
3466.81 11.391592263104878
3471.5 11.166529515921946
3476.21 10.571763172175745
3480.92 10.95807536635092
3485.63 11.966199902526114
3490.35 11.78344953740222
3495.08 12.764807510394238
3499.82 11.628746443725525
3504.56 11.923822987868393
3509.31 11.179498492411927
3514.06 10.508925301279403
3518.82 10.464270566982105
3523.59 10.25377358359363
3528.36 9.101330146345997
3533.14 8.676935698913585
3537.93 8.271606846136
3542.72 8.71714676918432
3547.52 8.750601223491824
3552.33 7.609946964878689
3557.14 7.301640977966878
3561.96 7.7903032638582115
3566.78 8.02010374335081
3571.62 7.9139039566579
3576.45 7.955920647460327
3581.3 8.272177192782358
3586.15 8.97268269551738
3591.01 9.840109715971586
3595.87 10.325411547726032
3600.75 10.49174825139927
3605.62 10.957491787074062
3610.51 11.623348350952217
3615.4 12.343066502857457
3620.3 12.506708850745506
3625.2 12.220475563481678
3630.11 11.627967213516213
3635.03 12.06562916546484
3639.96 11.051858084522582
3644.89 10.07618327995727
3649.82 9.151436314171525
3654.77 8.940201828726416
3659.72 9.390960787569504
3664.68 10.143289892567218
3669.64 10.728953260829428
3674.61 11.491345113638618
3679.59 11.33400671940807
3684.58 11.672884352594844
3689.57 11.782518376163239
3694.57 12.227551068644697
3699.57 12.52864155669173
3704.58 12.997264141318185
3709.6 13.243452373487814
3714.63 13.492273878280093
3719.66 14.182918112140479
3724.7 14.440562905584843
3729.74 15.357152060478644
3734.8 16.24716883798728
3739.86 17.25642403294799
3744.92 17.164343008895994
3750.0 17.069016260809573
3755.08 15.687072848832482
3760.16 14.0754931096289
3765.26 12.936513185847897
3770.36 11.624878465256879
3775.47 10.967649339847016
3780.58 9.448067189341048
3785.7 8.333188149165075
3790.83 8.050251406040365
3795.97 7.428541882411536
3801.11 6.8406373814768395
3806.26 6.596697324002445
3811.42 6.126000228736393
3816.58 5.69260533643401
3821.75 5.58340964149231
3826.93 5.365973384702856
3832.11 5.450213162660509
3837.3 5.8118851970152345
3842.5 5.744588294985523
3847.71 5.847304631359775
3852.92 5.49555750733672
3858.14 5.16999539006777
3863.37 5.046376522846943
3868.6 5.273193235900976
3873.84 5.922162227321512
3879.09 6.62811041298458
3884.34 6.721493404790217
3889.61 7.342290559961646
3894.87 8.567202807557463
3900.15 10.224425065587388
3905.43 12.52349889272168
3910.73 15.206023078016697
3916.02 18.397772199373776
3921.33 21.269217551055288
3926.64 22.780362986704343
3931.96 21.952067074171026
3937.29 23.63926606978391
3942.62 24.71373514626463
3947.96 23.575676476826676
3953.31 22.20866313643734
3958.67 20.769649868329868
3964.03 18.772720445937342
3969.4 16.696331094206915
3974.78 16.75693929091157
3980.16 16.304971867682653
3985.55 16.17728333692585
3990.95 18.061814851158722
3996.36 19.817275845003834
4001.77 21.403676631747736
4007.19 23.287674012254136
4012.62 23.735153064136608
4018.06 24.223434357779393
4023.5 25.574367023697715
4028.95 25.804637058752217
4034.41 26.343945556199227
4039.88 26.673263272661
4045.35 26.262875275840656
4050.83 26.982715367926716
4056.32 26.939575739845246
4061.81 26.478292195148022
4067.32 26.05014950970248
4072.83 26.075400341718172
4078.34 25.49660113449705
4083.87 25.091882059272937
4089.4 24.985440054993333
4094.94 25.79218942362991
4100.49 25.602380994702
4106.04 25.32681608505906
4111.61 24.07723293627647
4117.18 22.79417486539759
4122.75 23.26729225245005
4128.34 24.369826931357288
4133.93 25.710907682115877
4139.53 26.597788251641262
4145.14 27.553674523760392
4150.75 27.155613003010586
4156.38 27.05114825690302
4162.01 26.43001339885214
4167.65 25.32918211907615
4173.29 23.441079928676047
4178.95 21.536936842801005
4184.61 21.226363573266234
4190.28 21.326855737003058
4195.95 20.2655851878084
4201.64 18.249833336855644
4207.33 16.086093042904142
4213.03 14.570344634734548
4218.74 14.376325403811673
4224.45 16.721825497404975
4230.18 18.612438062272272
4235.91 19.751472528477024
4241.64 19.65836215911256
4247.39 19.540895873495028
4253.15 19.44421040116721
4258.91 20.209666605873277
4264.68 20.363047170875674
4270.45 21.04228918079473
4276.24 21.90795582365222
4282.03 23.283723408008658
4287.83 23.97402070226791
4293.64 24.782678173427882
4299.46 25.664184986166863
4305.28 25.59523567628985
4311.12 25.384552808645623
4316.96 23.908173507469407
4322.8 22.938764491379718
4328.66 22.88021228568472
4334.52 23.03238003531571
4340.4 22.75873810452651
4346.28 22.316783307109603
4352.16 22.39404230807261
4358.06 22.20871391335092
4363.96 22.999651904121027
4369.88 22.549633041696858
4375.8 21.18581878590105
4381.72 19.31061273735006
4387.66 17.47450958688359
4393.6 16.03985322053342
4399.56 14.912683508923301
4405.52 14.91850997818438
4411.48 15.481812500849086
4417.46 16.800315268671135
4423.45 17.441060223196363
4429.44 18.595928554718448
4435.44 19.289695044430378
4441.45 19.69120973262629
4447.46 20.436767969156765
4453.49 20.83993523890755
4459.52 21.538971590587035
4465.56 22.04213956287576
4471.61 22.644769565753972
4477.67 22.803162190687118
4483.74 22.713428962023038
4489.81 22.82099933983927
4495.89 22.580238394607868
4501.98 22.860340653418064
4508.08 23.389474488259747
4514.19 23.994024142485483
4520.31 25.073834067746503
4526.43 26.180577634954854
4532.56 26.863610057451886
4538.7 28.449826330362193
4544.85 29.83816233003655
4551.01 30.751465889737325
4557.17 32.043236920872616
4563.35 32.83335850399218
4569.53 33.2714363786879
4575.72 33.70956795473261
4581.92 33.89518193326206
4588.13 33.599988867216815
4594.34 33.6071386164971
4600.57 33.892168728692354
4606.8 33.746010265870225
4613.04 34.004923936714995
4619.29 33.22226367900274
4625.55 32.23423907952624
4631.81 30.70966081338518
4638.09 29.080115382012362
4644.37 27.93164194087197
4650.66 27.750092219467206
4656.96 28.103898512352615
4663.27 28.330157735222254
4669.59 27.789455000420084
4675.92 27.068515339642616
4682.25 27.088727062661352
4688.59 27.33930875449676
4694.94 26.077181408250766
4701.3 22.426655857508294
4707.67 17.97470203905023
4714.05 14.595540050466205
4720.44 12.188669710048769
4726.83 12.300157184016998
4733.24 16.1455778047519
4739.65 18.810989461945837
4746.07 20.990145639975662
4752.5 22.52721557631837
4758.94 23.291763461248458
4765.38 24.2383053544985
4771.84 24.332877141486744
4778.3 24.557054336013273
4784.78 24.911103823022717
4791.26 25.861806973884434
4797.75 27.280805124612467
4804.25 27.793748740991063
4810.76 27.606453287608133
4817.28 27.133223066073395
4823.8 26.607533840852405
4830.34 25.899092581280513
4836.88 25.65874959474542
4843.43 25.02728386665643
4849.99 24.969134323323924
4856.56 25.537929395129012
4863.14 26.21257348580269
4869.73 26.67950615098365
4876.33 25.498395611656676
4882.94 22.874532501997702
4889.55 21.951082727015166
4896.17 22.155116074390946
4902.81 21.965830550744773
4909.45 20.59313757490451
4916.1 19.007591056738544
4922.76 18.209884526447482
4929.43 18.202372298478306
4936.11 19.066755481808816
4942.79 20.673719678258916
4949.49 22.999336921598392
4956.2 25.62227886693578
4962.91 28.358122701242287
4969.63 30.277916127413953
4976.37 31.485222600462464
4983.11 33.441947517834855
4989.86 35.27125934811384
4996.62 36.252013909021926
5003.39 35.391858265078504
5010.17 33.62013947289806
5016.95 31.522682678913373
5023.75 29.312651361728776
5030.55 28.62922504787579
5037.37 28.96742223852399
5044.19 29.307248121936894
5051.03 29.162630756586726
5057.87 28.098664870810893
5064.72 25.92140164125257
5071.58 23.6835131808799
5078.45 22.226913624097683
5085.33 21.391966664883366
5092.22 21.072596837686227
5099.12 21.2440020995276
5106.03 23.221490749855096
5112.95 25.918294510671906
5119.87 27.883614565305777
5126.81 28.866298416714155
5133.75 30.01797311073753
5140.71 31.58778906788466
5147.67 32.610741005549315
5154.65 33.25001296841855
5161.63 32.94889708619601
5168.62 32.48026107131529
5175.62 32.53903811012286
5182.64 32.90496853822199
5189.66 32.853406490426124
5196.69 32.465976636716164
5203.73 32.301586743178
5210.78 32.16480758485327
5217.84 32.50607008107294
5224.91 33.215242840884194
5231.98 33.39041898234841
5239.07 32.88702362608987
5246.17 32.83543963322042
5253.28 32.897293041498855
5260.39 33.01629732388205
5267.52 32.622394347336716
5274.66 32.56977223792332
5281.8 33.11798301442028
5288.96 33.52474363104017
5296.12 33.789265417591096
5303.3 34.371259205594924
5310.48 34.897604573913604
5317.67 35.28124700117216
5324.88 35.144983514566704
5332.09 34.77593526943399
5339.32 34.25990793422259
5346.55 34.20747490952736
5353.79 34.53369598807046
5361.05 34.685441511889564
5368.31 34.83740176471394
5375.58 35.165504037797206
5382.86 35.67069220009552
5390.16 35.94177270830711
5397.46 36.36083374705664
5404.77 36.485483245523746
5412.09 35.89975588313568
5419.42 34.95561198866207
5426.77 34.33425974048325
5434.12 33.620919285286185
5441.48 33.08334388981717
5448.85 32.48361212020401
5456.23 31.91113673169067
5463.62 31.875355921727042
5471.03 32.04887832339827
5478.44 32.793464863127596
5485.86 33.66026736560348
5493.29 35.283103962895765
5500.73 37.605128371530256
5508.18 40.23625036485402
5515.65 42.60201389727064
5523.12 44.39755345479236
5530.6 45.07298928354428
5538.09 45.505881415796686
5545.6 45.695091239232326
5553.11 44.967959084014026
5560.63 43.50394071153204
5568.17 41.9122546391354
5575.71 39.88593929309744
5583.26 37.7917009958482
5590.83 35.13752803194797
5598.4 32.84484411676748
5605.98 31.06935003348875
5613.58 30.276131033843317
5621.18 30.06735930518414
5628.8 30.073971093990025
5636.42 30.141916004472083
5644.06 30.054283630849813
5651.71 29.655269841982044
5659.36 28.881631188485088
5667.03 28.04332448737528
5674.71 26.79744228043561
5682.39 25.828972041210875
5690.09 24.451855087827738
5697.8 22.13340318248531
5705.52 19.340155245991344
5713.25 16.070785787488365
5720.99 13.170705621135161
5728.74 10.89233602636776
5736.5 9.394775698505724
5744.27 8.680402791825024
5752.05 8.971874138987099
5759.84 9.263714371291254
5767.65 9.871281462897056
5775.46 11.016363973663582
5783.29 12.85827924646032
5791.12 15.52522584987818
5798.97 18.797621968967835
5806.82 22.39176905987545
5814.69 25.83278617943083
5822.57 28.771198760036196
5830.45 31.332676064095278
5838.35 34.08803833451046
5846.26 36.751460538091735
5854.18 39.29079293553081
5862.11 40.90973358322876
5870.05 41.79744445967346
5878.01 41.50608687455047
5885.97 39.93769537381936
5893.94 38.749673180815414
5901.93 38.48573423090063
5909.92 39.01978506925695
5917.93 39.42589435633101
5925.95 39.03198165590302
5933.97 38.12484397369583
5942.01 37.85665694222177
5950.06 36.94670728435501
5958.12 36.06731480075157
5966.2 35.1544083113124
5974.28 33.630394768100125
5982.37 31.783423653402274
5990.48 30.191270070072417
5998.59 28.62944365706767
6006.72 27.130180036347067
6014.85 26.04737924714722
6023.0 25.188540288713988
6031.16 24.618328535990443
6039.33 24.14393401765312
6047.52 23.862077441425757
6055.71 23.579707338916954
6063.91 23.232386218299123
6072.13 23.013451585595746
6080.35 22.955287044619602
6088.59 23.09026259725259
6096.84 23.386276500949357
6105.1 23.77891395327817
6113.37 24.429584835648008
6121.65 24.886542855729328
6129.94 25.37564518206037
6138.25 25.573981168788695
6146.56 25.352211809436284
6154.89 24.77470171654192
6163.23 24.164356388945254
6171.58 24.070430965530985
6179.94 24.29922702964169
6188.31 24.947770613818616
6196.69 25.72526149809832
6205.09 27.18110053532764
6213.5 29.509239043709794
6221.91 32.968207633410685
6230.34 35.74780014744873
6238.78 38.10640830892711
6247.23 39.462133334351975
6255.7 40.07351866360523
6264.17 40.32844719333358
6272.66 39.90383180671976
6281.16 39.86603059335573
6289.67 40.053352925361125
6298.19 40.43335107475155
6306.72 39.714334947939335
6315.26 37.18687714252368
6323.82 34.498305984050184
6332.38 31.358622297295724
6340.96 28.510236626726144
6349.55 25.6307063897924
6358.15 23.364855027724392
6366.77 22.614142949729555
6375.39 24.149520706636544
6384.03 27.710243172427617
6392.68 31.42731078568393
6401.34 34.399896149585366
6410.01 36.14693957438623
6418.7 37.56946383489525
6427.39 39.438069165342
6436.1 41.23853436638427
6444.82 42.746475595723034
6453.55 43.930309021533155
6462.29 44.91858169193833
6471.04 45.96734611932085
6479.81 46.78882695410127
6488.59 47.032516435899694
6497.38 46.25367813785694
6506.18 44.35981550369999
6515.0 41.958921909886776
6523.82 39.466007135903226
6532.66 37.167310191710584
6541.51 34.99905885660119
6550.37 33.847621467563066
6559.25 32.91880023793417
6568.13 32.622410894144856
6577.03 33.42897977935688
6585.94 35.42829206020762
6594.86 37.01120093431612
6603.8 38.24205121190837
6612.74 38.65202801971008
6621.7 39.246380261869
6630.67 39.649155618355145
6639.65 39.26859783361211
6648.65 38.57580167821799
6657.66 37.85222476935135
6666.68 36.69488346192148
6675.71 35.32311147261478
6684.75 34.078222018720304
6693.81 33.0521298890994
6702.88 31.843678412241882
6711.96 30.76121596288011
6721.05 29.620304750183998
6730.15 28.177035897249898
6739.27 26.92154832705565
6748.4 25.579010865574734
6757.54 24.393009318292425
6766.7 22.696813555025585
6775.86 21.36996959948984
6785.04 20.16900872688839
6794.24 19.003096490659605
6803.44 18.111681264330898
6812.66 17.13441203674253
6821.89 16.429388907341398
6831.13 15.697643011851435
6840.38 15.205852903560755
6849.65 14.539073293004277
6858.93 14.375242490857035
6868.22 13.830574951787652
6877.52 13.288559105453105
6886.84 13.098587620263604
6896.17 12.793058338667702
6905.51 12.69122129411615
6914.87 12.935062693995071
6924.24 13.607085822963464
6933.62 14.931524868341308
6943.01 17.07224303059806
6952.42 21.269624680269935
6961.83 26.05777106767786
6971.27 29.428200891414892
6980.71 31.003105140049005
6990.17 31.641692421452213
6999.64 33.333309679792535
7009.12 35.927074766666635
7018.61 38.1955474088803
7028.12 38.81982277941963
7037.64 38.53241981193296
7047.18 37.289291375909634
7056.73 36.7900865183708
7066.29 36.56513029851794
7075.86 36.287086475709636
7085.44 35.822101326957295
7095.04 34.60947886487728
7104.65 33.192182490099
7114.28 32.051506805206266
7123.92 31.210839270399994
7133.57 30.904289883777203
7143.23 31.178288609835235
7152.91 30.585877828092453
7162.6 29.60673064291357
7172.3 29.15485354166562
7182.02 29.276005437158233
7191.75 29.576905031469135
7201.49 29.644567957051386
7211.25 30.633330052610084
7221.02 32.15050241590626
7230.8 33.682293261900796
7240.59 34.671928442156045
7250.4 35.65503136852062
7260.23 36.732328321538354
7270.06 37.126911933791156
7279.91 38.0935075900324
7289.77 38.65674885573091
7299.65 38.845760837080604
7309.54 38.096656855018075
7319.44 36.591229474778196
7329.36 35.21990349564464
7339.28 33.956856148080526
7349.23 32.971519251057416
7359.18 31.21663018570885
7369.15 29.64370984029913
7379.14 28.419954457492228
7389.13 27.3735992355137
7399.14 26.791044900166327
7409.17 25.543143859068067
7419.2 24.566399369810643
7429.25 25.0490064865417
7439.32 24.88961200519478
7449.4 23.59569646534143
7459.49 23.0661658431826
7469.59 22.94177962901613
7479.71 22.443401201601795
7489.85 21.291780779172477
7499.99 20.94335273621462
7510.15 20.92550929767249
7520.33 19.649466284660555
7530.52 18.05379232986954
7540.72 17.628178132449104
7550.93 16.67165028149687
7561.16 15.997952200952641
7571.41 15.5362157022426
7581.66 15.470476155097503
7591.93 15.545140640119191
7602.22 15.598194005428294
7612.52 15.652740748184918
7622.83 15.800888723120828
7633.16 15.651124489633913
7643.5 16.05508906241588
7653.85 16.115218180178214
7664.22 16.63629279478422
7674.6 18.16904654373681
7685.0 19.886014752196402
7695.41 20.983879637854276
7705.84 22.197801716678295
7716.28 23.2066094859524
7726.73 24.76800031632425
7737.2 25.757397096657762
7747.68 26.312550046757206
7758.18 26.456248848164797
7768.69 26.073319489865913
7779.21 26.17428955658473
7789.75 24.874471857239158
7800.3 23.16088649410031
7810.87 21.86103732148586
7821.45 21.0213535666343
7832.05 20.38899930322735
7842.66 19.48009216112362
7853.28 18.316993628212824
7863.92 16.760468734617056
7874.57 15.664280508466804
7885.24 14.844346245441798
7895.92 14.509481453794075
7906.62 14.452366581974378
7917.33 14.210046762019369
7928.06 13.944389002115152
7938.8 13.887513834540956
7949.55 13.853992049908332
7960.32 13.285439932049233
7971.11 13.111851177469864
7981.91 12.891399332304369
7992.72 12.600573959888022
8003.55 12.35591678216084
8014.39 12.274430356305881
8025.25 12.122528538689657
8036.12 11.829703502233732
8047.0 11.77068269502396
8057.91 11.523647251045025
8068.82 11.322965166883456
8079.75 11.121714573724354
8090.7 10.80220357052127
8101.66 10.623210698855255
8112.63 10.608663797409477
8123.63 10.452225346942424
8134.63 10.271603025605003
8145.65 10.113986114843636
8156.69 10.192247634432652
8167.74 10.388545548024595
8178.8 10.513636475539212
8189.88 10.519949807146528
8200.98 10.596896644268652
8212.09 10.554808172464249
8223.21 10.251106294961598
8234.35 10.089015586237558
8245.51 9.99746427912169
8256.68 10.095284176291564
8267.86 9.836137059809813
8279.06 9.885158964202498
8290.28 9.862223052425866
8301.51 9.60093864030578
8312.76 9.243904978240042
8324.02 8.886236341809102
8335.29 8.860559225739314
8346.59 8.667932089803214
8357.89 8.356011395274768
8369.22 8.091077921113923
8380.55 7.920546240681385
8391.91 8.697430204293202
8403.28 9.827606575378287
8414.66 12.35100526881779
8426.06 15.719607551913715
8437.47 19.741021172327983
8448.9 25.21378421003979
8460.35 31.306523950811705
8471.81 33.89805975439685
8483.29 33.7065223170625
8494.78 31.682369385887025
8506.29 30.105882632737927
8517.81 29.69961048587918
8529.35 28.381544730617435
8540.91 28.531226566831158
8552.48 30.905496236744035
8564.06 35.02507942568274
8575.67 41.499605477259756
8587.28 46.69034499015003
8598.92 49.06522564267729
8610.57 52.56477978846263
8622.23 55.509753225227165
8633.91 59.72521308086269
8645.61 61.38421247627629
8657.32 59.17736930667582
8669.05 57.13404184197685
8680.79 52.4703693994296
8692.55 48.79509198863279
8704.33 46.78812152718688
8716.12 47.027875539488576
8727.93 45.116532258426126
8739.75 41.56709440033511
8751.59 38.58951855510975
8763.45 36.35099680962037
8775.32 36.268967153287186
8787.21 34.631355273940294
8799.11 32.255571552599996
8811.03 30.388724779086992
8822.97 27.670218289606346
8834.92 25.398420680910785
8846.89 24.130103856450546
8858.88 23.266308293860135
8870.88 21.913953063866302
8882.9 20.73821957190396
8894.93 19.106732282049443
8906.98 18.541952217084983
8919.05 18.08061821099753
8931.13 17.542021200571785
8943.23 16.652685616303085
8955.34 15.831580081654838
8967.48 14.555002339119513
8979.62 14.523858724865967
8991.79 13.937375883473461
9003.97 14.48746715580607
9016.17 14.388201611510963
9028.38 14.027353721033995
9040.61 14.455643206771875
9052.86 14.073468162765602
9065.12 13.99887568751056
9077.41 13.353345636560048
9089.7 12.857069774689256
9102.02 12.783124587969802
9114.35 12.603057863502489
9126.7 12.303551861418693
9139.06 12.742922008822948
9151.44 13.960506623881068
9163.84 15.403787513028067
9176.25 16.014146693963884
9188.68 16.84066631473956
9201.13 18.093572920307814
9213.6 20.63727358521573
9226.08 22.536850053597824
9238.58 22.05316834069347
9251.09 21.423946722449642
9263.62 20.97774477627604
9276.17 21.1535989287907
9288.74 20.078630693894894
9301.33 19.31919367450533
9313.93 18.325451948180227
9326.54 17.393647765299974
9339.18 16.561904826832876
nan nan
nan nan
nan nan
nan nan
nan nan
nan nan
nan nan
nan nan
nan nan
nan nan
nan nan
nan nan
nan nan
nan nan
nan nan
nan nan
nan nan
nan nan
nan nan
nan nan
nan nan
nan nan
nan nan
nan nan
nan nan
nan nan
nan nan
nan nan
nan nan
nan nan
nan nan
nan nan
nan nan
nan nan
nan nan
nan nan
nan nan
nan nan
nan nan
nan nan
nan nan
nan nan
nan nan
nan nan
nan nan
nan nan
nan nan
nan nan
nan nan
nan nan
