nan nan
nan nan
nan nan
nan nan
nan nan
nan nan
nan nan
nan nan
nan nan
nan nan
nan nan
nan nan
nan nan
nan nan
nan nan
nan nan
nan nan
nan nan
nan nan
nan nan
nan nan
nan nan
nan nan
nan nan
nan nan
nan nan
nan nan
nan nan
nan nan
nan nan
nan nan
nan nan
nan nan
nan nan
nan nan
nan nan
nan nan
nan nan
nan nan
nan nan
nan nan
nan nan
nan nan
nan nan
nan nan
nan nan
nan nan
nan nan
nan nan
nan nan
nan nan
nan nan
nan nan
nan nan
nan nan
nan nan
nan nan
nan nan
nan nan
nan nan
nan nan
nan nan
nan nan
nan nan
nan nan
nan nan
nan nan
nan nan
nan nan
nan nan
nan nan
nan nan
nan nan
nan nan
nan nan
nan nan
nan nan
nan nan
nan nan
nan nan
nan nan
nan nan
nan nan
nan nan
nan nan
nan nan
nan nan
nan nan
nan nan
nan nan
nan nan
nan nan
nan nan
nan nan
nan nan
nan nan
nan nan
nan nan
nan nan
nan nan
nan nan
nan nan
nan nan
nan nan
nan nan
nan nan
nan nan
nan nan
nan nan
nan nan
nan nan
nan nan
nan nan
nan nan
nan nan
nan nan
nan nan
nan nan
nan nan
nan nan
nan nan
nan nan
nan nan
nan nan
nan nan
nan nan
nan nan
nan nan
nan nan
nan nan
nan nan
nan nan
nan nan
nan nan
nan nan
nan nan
nan nan
nan nan
nan nan
nan nan
nan nan
nan nan
nan nan
nan nan
nan nan
nan nan
nan nan
nan nan
nan nan
nan nan
nan nan
nan nan
nan nan
nan nan
nan nan
nan nan
nan nan
nan nan
nan nan
nan nan
nan nan
nan nan
nan nan
nan nan
nan nan
nan nan
nan nan
nan nan
nan nan
nan nan
nan nan
nan nan
nan nan
nan nan
nan nan
nan nan
nan nan
nan nan
nan nan
nan nan
nan nan
nan nan
nan nan
nan nan
nan nan
nan nan
nan nan
nan nan
nan nan
nan nan
nan nan
nan nan
nan nan
nan nan
nan nan
nan nan
nan nan
nan nan
nan nan
nan nan
nan nan
nan nan
nan nan
nan nan
nan nan
nan nan
nan nan
nan nan
nan nan
nan nan
nan nan
nan nan
nan nan
nan nan
3342.38 5.537776008669084
3346.9 5.520770919375146
3351.44 5.6517721499502995
3355.98 5.631549601450564
3360.52 5.635013676045649
3365.08 5.7255678051362136
3369.64 5.6854033289186585
3374.2 5.66317888617265
3378.77 5.589193879208117
3383.35 5.714554767842653
3387.93 5.718449388174012
3392.52 5.782557675057065
3397.12 5.836358048051314
3401.72 6.035801322181614
3406.33 5.86385210503295
3410.94 5.945987724769735
3415.56 6.152556845706831
3420.19 6.5047132345978165
3424.82 6.713503814527096
3429.46 6.9010609117174075
3434.11 7.148956414528262
3438.76 7.4649718746432265
3443.42 7.581577028693106
3448.09 8.107734187756616
3452.76 8.382637666411465
3457.43 8.137370174751277
3462.12 8.478047267809195
3466.81 8.497829561995127
3471.5 8.235461484093543
3476.21 8.227292955383364
3480.92 8.054767990432985
3485.63 8.322620451914213
3490.35 8.225430732389299
3495.08 8.119677782760819
3499.82 7.891110048432335
3504.56 7.780601911640541
3509.31 7.275997307750429
3514.06 7.362881714939647
3518.82 7.310877895180756
3523.59 7.108239830984836
3528.36 7.090459403130158
3533.14 7.0723069533603145
3537.93 7.184933541382856
3542.72 6.886526883577257
3547.52 7.235869984035705
3552.33 7.106608402064023
3557.14 7.4253678331336905
3561.96 7.278681264513311
3566.78 7.334301820394042
3571.62 7.365907320605932
3576.45 7.162261965899809
3581.3 7.379231226408201
3586.15 7.7901378172771985
3591.01 8.358032179204038
3595.87 8.956139595157225
3600.75 9.068676315508016
3605.62 9.002987991681318
3610.51 9.199500050364938
3615.4 9.12320589297126
3620.3 9.501712773937756
3625.2 9.283986837747072
3630.11 9.098448414606695
3635.03 8.936616195890249
3639.96 8.329552135240533
3644.89 8.261681226027825
3649.82 7.900545573882582
3654.77 7.8443203564562545
3659.72 7.765304065709107
3664.68 8.192910208149334
3669.64 8.74584732965812
3674.61 9.013060318715233
3679.59 9.221043746950766
3684.58 9.170967666901102
3689.57 9.748445236731689
3694.57 10.607512602257458
3699.57 11.509171383873072
3704.58 12.28259718758248
3709.6 13.027110205565025
3714.63 13.329864547300264
3719.66 13.352576261775052
3724.7 13.747320158441873
3729.74 14.02781999827406
3734.8 14.152561088170971
3739.86 13.990589620618692
3744.92 13.417254588616983
3750.0 12.981166752901624
3755.08 12.285555150793696
3760.16 12.174690622566644
3765.26 12.098852368061502
3770.36 11.763305581259754
3775.47 11.199382781336809
3780.58 10.522995999119184
3785.7 9.883882559749022
3790.83 9.637044442645186
3795.97 9.253658903188793
3801.11 9.003948367318038
3806.26 8.16043797626631
3811.42 7.843514634249678
3816.58 7.787524050896143
3821.75 8.123470926277857
3826.93 8.389072859214565
3832.11 8.519461158953455
3837.3 8.305219274575549
3842.5 8.020612607787404
3847.71 7.87261029266462
3852.92 7.654429320706084
3858.14 7.561422009629765
3863.37 7.6980055403958305
3868.6 8.156348651060538
3873.84 8.827986711566421
3879.09 9.547492778846083
3884.34 10.49032650212213
3889.61 11.998202077673566
3894.87 14.23166200309744
3900.15 17.06940092387985
3905.43 20.56601661612901
3910.73 24.46494026781676
3916.02 27.531319569222067
3921.33 28.891124316743515
3926.64 28.698033965225854
3931.96 26.4814000522165
3937.29 25.70506037863241
3942.62 25.18136718560732
3947.96 23.337533814707353
3953.31 22.110532180561556
3958.67 21.156900793785823
3964.03 19.67163964835406
3969.4 18.543846764236335
3974.78 18.199106623458942
3980.16 17.279200439783473
3985.55 16.71860312440503
3990.95 18.167582236625112
3996.36 20.283096462601634
4001.77 22.127998734249847
4007.19 23.868865476826272
4012.62 24.928832022561853
4018.06 26.82335405804167
4023.5 29.303227300591903
4028.95 30.86833274635519
4034.41 32.064792670350045
4039.88 32.44765471866755
4045.35 32.76048136185075
4050.83 33.32748652009291
4056.32 33.61501788362851
4061.81 33.26289787289887
4067.32 33.47011432113296
4072.83 33.291167690395845
4078.34 33.1520526003534
4083.87 32.42324947070306
4089.4 32.5580600486267
4094.94 32.713682141172164
4100.49 31.92684812314638
4106.04 30.7274990564669
4111.61 29.008761424670997
4117.18 27.843882326381554
4122.75 28.507981243757374
4128.34 29.582326135118233
4133.93 30.86888764385899
4139.53 31.316534211771163
4145.14 30.653226549989224
4150.75 29.74511279062713
4156.38 28.82382773263581
4162.01 27.70601738104238
4167.65 26.17837905728882
4173.29 24.632959432912443
4178.95 23.36282792616455
4184.61 23.174250415635314
4190.28 22.632311911169605
4195.95 21.193306325236485
4201.64 19.143919314243906
4207.33 17.129671209465435
4213.03 15.124380477039267
4218.74 13.89627309514282
4224.45 14.803329677663866
4230.18 15.66071166700664
4235.91 16.634006884781332
4241.64 17.75212079263519
4247.39 18.876749957744114
4253.15 20.40003818227297
4258.91 22.016567952921477
4264.68 23.44482049660083
4270.45 24.597702120139946
4276.24 25.813012494349792
4282.03 27.148151080419897
4287.83 28.289688649214025
4293.64 29.06367022583601
4299.46 29.2079097832428
4305.28 28.370822215874316
4311.12 27.38249366036098
4316.96 26.09691559203225
4322.8 25.616778542499638
4328.66 26.182161971949146
4334.52 27.012304513995534
4340.4 27.55232712439716
4346.28 27.799944227711986
4352.16 26.603900676113266
4358.06 25.725466402427063
4363.96 25.37450318294904
4369.88 24.011608500610528
4375.8 22.43292185632378
4381.72 20.338887679250156
4387.66 18.622846086518628
4393.6 17.916890487401563
4399.56 18.108009388971446
4405.52 19.172320505970536
4411.48 20.693402041381557
4417.46 21.313780037541825
4423.45 21.3607326453672
4429.44 21.285992347501498
4435.44 21.514830019523497
4441.45 22.11025432331039
4447.46 22.707924360026865
4453.49 22.94031253238243
4459.52 23.234835322356346
4465.56 23.74570894198539
4471.61 24.166108418305345
4477.67 24.341026434734875
4483.74 24.64035790909011
4489.81 24.878781230824522
4495.89 25.58436865407159
4501.98 26.479714666575568
4508.08 27.78454588049907
4514.19 29.43887980902692
4520.31 31.225462116669352
4526.43 33.36504653017394
4532.56 35.89131169891387
4538.7 38.39652685556856
4544.85 40.65920691925381
4551.01 42.07579096506434
4557.17 43.24417589102084
4563.35 44.48089485339214
4569.53 45.91396370195223
4575.72 47.129208506765
4581.92 47.773021970633835
4588.13 47.841773705527
4594.34 47.29969483013324
4600.57 47.10953922122648
4606.8 46.53092188011541
4613.04 45.52900069763033
4619.29 43.42013020776624
4625.55 40.91222023778206
4631.81 39.04485635490524
4638.09 38.24631759861536
4644.37 39.21021377456357
4650.66 40.63685950142748
4656.96 41.80668436382071
4663.27 41.302888687140836
4669.59 39.60952421567001
4675.92 37.77664305771513
4682.25 38.088722149262985
4688.59 38.40201965001234
4694.94 34.59210227537253
4701.3 28.832578224785067
4707.67 23.91690950299882
4714.05 19.917490497141745
4720.44 17.10860018192538
4726.83 16.943488921875225
4733.24 21.325777687001114
4739.65 24.91654851249947
4746.07 27.609168626448053
4752.5 30.245515670779863
4758.94 32.553374589585104
4765.38 34.01982682451602
4771.84 35.219536888082295
4778.3 36.21922134565919
4784.78 36.53767482604411
4791.26 37.235358740589234
4797.75 37.86720442363997
4804.25 37.811791031863045
4810.76 36.89173933998365
4817.28 35.032073480554445
4823.8 32.99062524671747
4830.34 31.671042838569583
4836.88 31.56646923559765
4843.43 31.845967117525955
4849.99 33.212784460325516
4856.56 35.28793292154841
4863.14 36.91485853263606
4869.73 37.73787899754744
4876.33 36.585124259554846
4882.94 33.301597843168985
4889.55 32.417828957450915
4896.17 32.4553714240803
4902.81 31.637079527918818
4909.45 29.385203576246237
4916.1 27.338103122074045
4922.76 26.861811614105452
4929.43 27.71515067479457
4936.11 29.65474459257091
4942.79 32.543486749032745
4949.49 35.626829254467715
4956.2 38.79718093861553
4962.91 41.61826451721033
4969.63 43.649678692609974
4976.37 46.12964137960393
4983.11 48.65802400004988
4989.86 50.50005320314212
4996.62 50.69299890398165
5003.39 48.81892260775915
5010.17 46.232670529379284
5016.95 44.15359450709082
5023.75 41.84140346309541
5030.55 40.97212909160563
5037.37 40.958147168741554
5044.19 40.60693066657798
5051.03 39.76577932446865
5057.87 37.000848145711196
5064.72 33.882905621969606
5071.58 31.2415035757142
5078.45 29.459253295704848
5085.33 28.80844962585872
5092.22 29.14493469419979
5099.12 31.12512398682582
5106.03 33.91874520031892
5112.95 36.457160584967575
5119.87 37.77675254851609
5126.81 38.56267112643325
5133.75 40.241323607568
5140.71 42.00538997829066
5147.67 43.078611076552946
5154.65 43.0275243740359
5161.63 42.507523885777175
5168.62 42.10208035731457
5175.62 42.67494009546744
5182.64 42.857047971155524
5189.66 42.64558923074854
5196.69 41.91913493651095
5203.73 41.38682729190836
5210.78 41.80438404011654
5217.84 42.422556278157664
5224.91 42.564610908903326
5231.98 41.987180944353355
5239.07 41.36644233418143
5246.17 41.304814729161826
5253.28 42.249349665996334
5260.39 43.39982558616397
5267.52 44.15059853017518
5274.66 44.74218331855457
5281.8 46.027299310655565
5288.96 47.23640713081021
5296.12 48.20555747098512
5303.3 49.13768564419407
5310.48 49.62210043856059
5317.67 49.32647516499217
5324.88 49.31742572937496
5332.09 49.14236132969248
5339.32 48.67578713673531
5346.55 48.95377889809486
5353.79 49.44041657879556
5361.05 50.17878821699916
5368.31 51.0034050817791
5375.58 51.11866747158935
5382.86 51.69559324814451
5390.16 52.40052547146708
5397.46 53.276518219357065
5404.77 53.225460048721416
5412.09 52.9190708164698
5419.42 51.71873221550445
5426.77 50.42711181108447
5434.12 49.68342548529646
5441.48 48.93563889352759
5448.85 48.35507589228713
5456.23 48.11451777278029
5463.62 48.25915054232276
5471.03 49.35170206405619
5478.44 51.00940117089004
5485.86 52.54315717639877
5493.29 53.77861770146548
5500.73 56.06105737739511
5508.18 58.43872509306176
5515.65 60.0829744150637
5523.12 60.55213451474789
5530.6 60.627636177037786
5538.09 60.61440396652093
5545.6 59.720329933551405
5553.11 58.381028929262676
5560.63 56.10840525137444
5568.17 54.00295011295487
5575.71 51.84425221503606
5583.26 49.765302716221576
5590.83 47.055052022730635
5598.4 45.358813692150264
5605.98 44.54833015187167
5613.58 44.091854134853925
5621.18 44.036173756084686
5628.8 43.979524195953225
5636.42 44.191691875987985
5644.06 43.908476543206014
5651.71 42.946878243510675
5659.36 41.89091728864978
5667.03 40.74013049075696
5674.71 39.72083269036926
5682.39 38.15247747327181
5690.09 35.167926007728056
5697.8 30.714669245424705
5705.52 25.196412240158228
5713.25 20.61982329579072
5720.99 17.1271048751382
5728.74 14.953029464983445
5736.5 13.920308526956639
5744.27 14.264548797616136
5752.05 15.301013023631864
5759.84 16.663672642454227
5767.65 18.30778263962932
5775.46 20.836568409748367
5783.29 24.578678489895697
5791.12 29.67896577199663
5798.97 35.585298365317435
5806.82 41.32287994285009
5814.69 45.584325524659285
5822.57 49.344120825498806
5830.45 53.02110239133539
5838.35 58.20821862102086
5846.26 63.269341737677586
5854.18 67.54571823725671
5862.11 69.48036480735031
5870.05 70.76006566311536
5878.01 70.34328871477796
5885.97 66.1424845010052
5893.94 62.30781456630729
5901.93 63.44011258926882
5909.92 64.38527635430142
5917.93 63.478221929671065
5925.95 62.56815097419898
5933.97 61.46437804714022
5942.01 59.927312227736614
5950.06 58.3855542081909
5958.12 56.74335805206591
5966.2 55.14417741404962
5974.28 53.92440780934765
5982.37 52.17203104012828
5990.48 50.1256057761926
5998.59 48.700131929627396
6006.72 47.608473622188285
6014.85 46.707027836832324
6023.0 45.8513141276489
6031.16 45.18701467429306
6039.33 44.37508414313542
6047.52 43.755236990778805
6055.71 43.32831645366123
6063.91 42.26636041429031
6072.13 41.64072963988512
6080.35 41.45326816655324
6088.59 41.705752734544504
6096.84 42.20394729185001
6105.1 42.654364793055215
6113.37 43.05681807872809
6121.65 44.05096433915849
6129.94 44.259229611016416
6138.25 44.12255205941689
6146.56 43.293573652175624
6154.89 41.81884445725336
6163.23 41.033736983635166
6171.58 40.99068047950221
6179.94 41.29513160060248
6188.31 41.89870187584194
6196.69 42.35409829623755
6205.09 43.20949032528565
6213.5 45.11595040192551
6221.91 47.07703601173935
6230.34 48.04081788623804
6238.78 48.10359370634808
6247.23 48.266271172359914
6255.7 47.77481873071231
6264.17 47.43237729396138
6272.66 46.88653177777381
6281.16 46.43938034800404
6289.67 46.04072623233245
6298.19 45.387125997049075
6306.72 44.325687484348116
6315.26 41.68853679129648
6323.82 39.04434507634706
6332.38 36.64741846172602
6340.96 34.29516375186223
6349.55 32.08976791055991
6358.15 31.510493139531583
6366.77 32.409188897500535
6375.39 34.02382778301066
6384.03 37.27665627782025
6392.68 42.939549821446484
6401.34 47.74002544400623
6410.01 51.367718104860415
6418.7 54.69145745349407
6427.39 58.582973916145995
6436.1 61.75848256186791
6444.82 64.37028220056924
6453.55 66.21107024989227
6462.29 68.36009199731055
6471.04 69.52994048689095
6479.81 70.44018163027043
6488.59 70.31697688850716
6497.38 66.88968390057289
6506.18 61.96043968409677
6515.0 57.28291172155317
6523.82 54.25172433651265
6532.66 52.30055342644931
6541.51 51.1204846246178
6550.37 51.331681581396566
6559.25 52.41797441982884
6568.13 53.914467956541856
6577.03 56.28551840361058
6585.94 60.25328790600437
6594.86 63.49339914800017
6603.8 65.59273975868363
6612.74 67.32563826316259
6621.7 68.64042016005233
6630.67 69.74344368454145
6639.65 69.70732193417506
6648.65 69.2030941925388
6657.66 67.87142201581422
6666.68 65.91979605376468
6675.71 64.48021363183895
6684.75 63.03833944882989
6693.81 60.51738255625642
6702.88 58.662835479083036
6711.96 56.14238131826008
6721.05 53.72547259798238
6730.15 51.97384018016839
6739.27 49.61064683822087
6748.4 47.708065705135645
6757.54 45.90867700225481
6766.7 44.46619141485956
6775.86 42.517755713452566
6785.04 40.622761105150694
6794.24 39.33682566471655
6803.44 37.7497296836205
6812.66 36.366536274133416
6821.89 34.985583324709815
6831.13 34.0580119267271
6840.38 33.13143123180507
6849.65 32.7046739149762
6858.93 32.127870034599695
6868.22 30.261310390187525
6877.52 28.253253517024547
6886.84 25.661198522059564
6896.17 24.31137989628184
6905.51 23.654161377558708
6914.87 23.732838506138346
6924.24 24.882625140257375
6933.62 27.580284047241154
6943.01 32.29624864209964
6952.42 37.609099054058774
6961.83 43.415831255925866
6971.27 48.125591910046786
6980.71 49.115339339982
6990.17 51.288112998582626
6999.64 54.631718054433236
7009.12 59.08631632605935
7018.61 62.75105818380638
7028.12 63.42235289716309
7037.64 63.100928793432004
7047.18 63.105458263686245
7056.73 60.08172840879017
7066.29 59.30290412681799
7075.86 59.774303125228315
7085.44 57.15617775567638
7095.04 52.492315308840006
7104.65 51.56098673124188
7114.28 50.316291866177004
7123.92 45.81641655503142
7133.57 44.32911898030299
7143.23 45.23508025420985
7152.91 43.40041035121513
7162.6 42.872629124926576
7172.3 44.74739605344774
7182.02 45.05711431742172
7191.75 45.451511983462005
7201.49 46.89566670417045
7211.25 48.15252847250692
7221.02 48.70162665272447
7230.8 50.113421961490886
7240.59 52.204851557952665
7250.4 54.752650063180916
7260.23 53.72128595141095
7270.06 52.65505493801122
7279.91 55.08501749270575
7289.77 55.08075785774497
7299.65 55.49860535752759
7309.54 52.718323356728305
7319.44 50.252994701503006
7329.36 50.226575295735195
7339.28 48.954165228670625
7349.23 46.98821668135676
7359.18 44.460401102258736
7369.15 43.390384550869236
7379.14 43.6800736076492
7389.13 41.725302992435026
7399.14 40.232798644397775
7409.17 39.68345737451848
7419.2 39.13919686341827
7429.25 38.3587415519072
7439.32 37.70521123108853
7449.4 38.65484671588737
7459.49 38.80360089188978
7469.59 38.00096678725749
7479.71 36.61217852988301
7489.85 35.54931412398858
7499.99 35.830714290973816
7510.15 36.38637631855453
7520.33 35.261497935830846
7530.52 33.483426524690316
7540.72 32.02825396857734
7550.93 33.02224529883933
7561.16 33.54955682296696
7571.41 31.226940025116033
7581.66 31.29976113005681
7591.93 33.09826477618152
7602.22 32.06226807337481
7612.52 32.939658619835356
7622.83 30.62005550222032
7633.16 28.616543548347543
7643.5 29.426129397869513
7653.85 30.423156117053743
7664.22 29.117310207321456
7674.6 28.15722995528147
7685.0 30.659213884770104
7695.41 34.99151354180823
7705.84 32.98330832432568
7716.28 34.497193526919744
7726.73 39.702096448537134
7737.2 39.71403832801264
7747.68 39.393327830064194
7758.18 39.03852890595195
7768.69 41.394498298902725
7779.21 43.746079879397975
7789.75 39.76774444224884
7800.3 36.76214131454477
7810.87 37.16068570266236
7821.45 38.370930215119685
7832.05 38.84378663900687
7842.66 38.030043811461574
7853.28 36.3745628756906
7863.92 34.06318908697456
7874.57 31.90430560177597
7885.24 31.21617307796447
7895.92 32.58043692271804
7906.62 33.98017486759537
7917.33 32.783931168498825
7928.06 29.98371417304722
7938.8 28.611891662228807
7949.55 28.008763146016186
7960.32 28.099759136434944
7971.11 28.956334764803422
7981.91 29.557859658928457
7992.72 28.122156045455633
8003.55 26.325151780454036
8014.39 25.875339019172692
8025.25 28.041867992559798
8036.12 28.754632959306836
8047.0 26.818156352890796
8057.91 26.479954520203613
8068.82 25.054750306593064
8079.75 25.0083953748902
8090.7 25.469662155088646
8101.66 25.78605754238931
8112.63 24.690610329418014
8123.63 23.52382448484241
8134.63 25.722647802278324
8145.65 25.135408329750856
8156.69 23.500254799357634
8167.74 24.432423590517836
8178.8 25.25571181036219
8189.88 27.884549884053566
8200.98 28.345271677447165
8212.09 26.38719466309347
8223.21 24.719005396967717
8234.35 25.43273787382767
8245.51 27.696649705238915
8256.68 25.344360830296754
8267.86 21.65997072651947
8279.06 20.283641463758467
8290.28 19.91649591050015
8301.51 18.865357642735937
8312.76 15.583415329151071
8324.02 13.706773161138594
8335.29 13.305814366298044
8346.59 14.05526985704306
8357.89 14.66014342435682
8369.22 13.432514822808622
8380.55 14.072499418741858
8391.91 16.90038041198267
8403.28 18.936093450146252
8414.66 20.610816886927285
8426.06 23.107196078614624
8437.47 26.495264323008648
8448.9 31.23833965822771
8460.35 33.11383201344029
8471.81 31.805360755215162
8483.29 29.819138929111645
8494.78 28.33435944628057
8506.29 29.560856500864872
8517.81 30.24994260625657
8529.35 32.360804820332035
8540.91 36.49429118851753
8552.48 42.71567685430404
8564.06 50.98295941435857
8575.67 56.32363559236473
8587.28 58.46220233376741
8598.92 60.841344630891456
8610.57 64.591208780986
8622.23 68.4706248401065
8633.91 73.81869166880598
8645.61 73.68988507234111
8657.32 70.42669564655544
8669.05 68.29263110399766
8680.79 66.26599197719841
8692.55 65.01207684468011
8704.33 65.64675353355426
8716.12 60.2695274895748
8727.93 58.28754030868568
8739.75 55.85613831044482
8751.59 55.79189756103275
8763.45 55.62018230956438
8775.32 52.26123715614462
8787.21 48.2553453389997
8799.11 47.0542721855399
8811.03 47.12754374076422
8822.97 46.510524838468484
8834.92 46.02971613593027
8846.89 42.711504438376096
8858.88 37.292040876724926
8870.88 35.73824256637153
8882.9 36.05474396752637
8894.93 38.56551981162666
8906.98 38.866719593806074
8919.05 35.42828662465998
8931.13 31.033065875068466
8943.23 29.00196206153065
8955.34 27.380441886573408
8967.48 29.822336929089133
8979.62 25.78358934538901
8991.79 25.17068816676303
9003.97 27.88439571969115
9016.17 31.82350522426934
9028.38 31.449231235032226
9040.61 29.836557574232696
9052.86 30.082246591107094
9065.12 33.102919060152
9077.41 35.03392798941121
9089.7 30.46734394966377
9102.02 28.74492766501714
9114.35 28.78268016618453
9126.7 30.2416547050822
9139.06 30.233986627541345
9151.44 28.276826223492883
9163.84 30.301248927909583
9176.25 31.61885004045473
9188.68 35.14734144956281
9201.13 39.03683530859559
9213.6 35.95971326994092
9226.08 38.119685554374854
9238.58 40.160784404656496
9251.09 41.33024792649581
9263.62 39.18318197928271
9276.17 38.157187625199704
9288.74 33.669383031260914
9301.33 31.615101522652473
9313.93 30.86885867407315
9326.54 35.24972377959493
9339.18 31.99220144812216
nan nan
nan nan
nan nan
nan nan
nan nan
nan nan
nan nan
nan nan
nan nan
nan nan
nan nan
nan nan
nan nan
nan nan
nan nan
nan nan
nan nan
nan nan
nan nan
nan nan
nan nan
nan nan
nan nan
nan nan
nan nan
nan nan
nan nan
nan nan
nan nan
nan nan
nan nan
nan nan
nan nan
nan nan
nan nan
nan nan
nan nan
nan nan
nan nan
nan nan
nan nan
nan nan
nan nan
nan nan
nan nan
nan nan
nan nan
nan nan
nan nan
nan nan
