nan nan
nan nan
nan nan
nan nan
nan nan
nan nan
nan nan
nan nan
nan nan
nan nan
nan nan
nan nan
nan nan
nan nan
nan nan
nan nan
nan nan
nan nan
nan nan
nan nan
nan nan
nan nan
nan nan
nan nan
nan nan
nan nan
nan nan
nan nan
nan nan
nan nan
nan nan
nan nan
nan nan
nan nan
nan nan
nan nan
nan nan
nan nan
nan nan
nan nan
nan nan
nan nan
nan nan
nan nan
nan nan
nan nan
nan nan
nan nan
nan nan
nan nan
nan nan
nan nan
nan nan
nan nan
nan nan
nan nan
nan nan
nan nan
nan nan
nan nan
nan nan
nan nan
nan nan
nan nan
nan nan
nan nan
nan nan
nan nan
nan nan
nan nan
nan nan
nan nan
nan nan
nan nan
nan nan
nan nan
nan nan
nan nan
nan nan
nan nan
nan nan
nan nan
nan nan
nan nan
nan nan
nan nan
nan nan
nan nan
nan nan
nan nan
nan nan
nan nan
nan nan
nan nan
nan nan
nan nan
nan nan
nan nan
nan nan
nan nan
nan nan
nan nan
nan nan
nan nan
nan nan
nan nan
nan nan
nan nan
nan nan
nan nan
nan nan
nan nan
nan nan
nan nan
nan nan
nan nan
nan nan
nan nan
nan nan
nan nan
nan nan
nan nan
nan nan
nan nan
nan nan
nan nan
nan nan
nan nan
nan nan
nan nan
nan nan
nan nan
nan nan
nan nan
nan nan
nan nan
nan nan
nan nan
nan nan
nan nan
nan nan
nan nan
nan nan
nan nan
nan nan
nan nan
nan nan
nan nan
nan nan
nan nan
nan nan
nan nan
nan nan
nan nan
nan nan
nan nan
nan nan
nan nan
nan nan
nan nan
nan nan
nan nan
nan nan
nan nan
nan nan
nan nan
nan nan
nan nan
nan nan
nan nan
nan nan
nan nan
nan nan
nan nan
nan nan
nan nan
nan nan
nan nan
nan nan
nan nan
nan nan
nan nan
nan nan
nan nan
nan nan
nan nan
nan nan
nan nan
nan nan
nan nan
nan nan
nan nan
nan nan
nan nan
nan nan
nan nan
nan nan
nan nan
nan nan
nan nan
nan nan
nan nan
nan nan
nan nan
nan nan
nan nan
nan nan
nan nan
nan nan
nan nan
nan nan
nan nan
nan nan
nan nan
nan nan
nan nan
nan nan
nan nan
nan nan
nan nan
nan nan
nan nan
nan nan
nan nan
nan nan
nan nan
nan nan
nan nan
nan nan
nan nan
nan nan
nan nan
nan nan
nan nan
nan nan
nan nan
nan nan
nan nan
nan nan
nan nan
nan nan
nan nan
nan nan
nan nan
nan nan
nan nan
nan nan
nan nan
nan nan
nan nan
nan nan
nan nan
nan nan
nan nan
nan nan
nan nan
nan nan
nan nan
nan nan
nan nan
nan nan
nan nan
nan nan
nan nan
nan nan
nan nan
nan nan
nan nan
nan nan
nan nan
nan nan
nan nan
nan nan
nan nan
nan nan
nan nan
nan nan
nan nan
nan nan
nan nan
nan nan
nan nan
nan nan
nan nan
nan nan
nan nan
nan nan
nan nan
nan nan
nan nan
nan nan
nan nan
nan nan
nan nan
3724.7 3.6791396990629905e-14
3729.74 3.8956003392963454e-14
3734.8 3.880417265211377e-14
3739.86 3.80581192717555e-14
3744.92 4.197105032220792e-14
3750.0 4.2860564829902744e-14
3755.08 4.67988060778073e-14
3760.16 4.457561967800345e-14
3765.26 3.850681204546679e-14
3770.36 4.936216816536334e-14
3775.47 4.159899641411185e-14
3780.58 4.6691164801196525e-14
3785.7 3.815302022680933e-14
3790.83 3.4422000853044685e-14
3795.97 2.3826429759164335e-14
3801.11 3.061879224090101e-14
3806.26 3.074098556927026e-14
3811.42 2.642067987558414e-14
3816.58 2.068839080520937e-14
3821.75 1.9865883747198e-14
3826.93 2.4730017448200953e-14
3832.11 2.6398811576245615e-14
3837.3 2.7505057271979012e-14
3842.5 3.4536921626510525e-14
3847.71 3.342236843449347e-14
3852.92 3.761018657702302e-14
3858.14 3.477414477883968e-14
3863.37 4.0012409867619276e-14
3868.6 4.182785941364711e-14
3873.84 4.3576882442168176e-14
3879.09 4.596482639141549e-14
3884.34 4.160753266797805e-14
3889.61 4.82472588913396e-14
3894.87 4.2549340857891616e-14
3900.15 4.254362335445716e-14
3905.43 4.886352932443641e-14
3910.73 6.039520745360382e-14
3916.02 6.31313681172377e-14
3921.33 6.505314485032585e-14
3926.64 6.465853157011824e-14
3931.96 7.029472588279366e-14
3937.29 7.330025443314451e-14
3942.62 8.244275501628099e-14
3947.96 9.810740276597023e-14
3953.31 1.075499767599555e-13
3958.67 9.784338325311249e-14
3964.03 1.0502821581966692e-13
3969.4 1.0590592937069697e-13
3974.78 1.1064736886241376e-13
3980.16 1.2272484416957426e-13
3985.55 1.2581852336468594e-13
3990.95 1.2557828688114753e-13
3996.36 1.276951606574697e-13
4001.77 1.2301019246929566e-13
4007.19 1.1421839876871765e-13
4012.62 1.1729332446246043e-13
4018.06 1.0593287077196497e-13
4023.5 1.0339734618209331e-13
4028.95 1.057591666212436e-13
4034.41 1.144969208456437e-13
4039.88 1.1361500783408731e-13
4045.35 1.0900334991622625e-13
4050.83 1.0793174359854857e-13
4056.32 1.1219641636331414e-13
4061.81 1.1168575162226342e-13
4067.32 1.0376975618402455e-13
4072.83 1.0890545661652482e-13
4078.34 9.912877044511341e-14
4083.87 1.0625060523359275e-13
4089.4 9.819538575614791e-14
4094.94 8.852529337939778e-14
4100.49 9.707708559006046e-14
4106.04 9.691036501545259e-14
4111.61 1.0364060166983401e-13
4117.18 9.468216731708167e-14
4122.75 1.0319261044120663e-13
4128.34 9.648981653973931e-14
4133.93 9.726051277113364e-14
4139.53 1.1145044952898535e-13
4145.14 1.1504250075724547e-13
4150.75 1.1585949751982178e-13
4156.38 1.23048949072165e-13
4162.01 1.183729290823389e-13
4167.65 1.1982371993283497e-13
4173.29 1.0707841048075233e-13
4178.95 1.0958988836416912e-13
4184.61 1.162821873436783e-13
4190.28 1.2267830865464683e-13
4195.95 1.2408834445319769e-13
4201.64 1.1632643712156038e-13
4207.33 1.1458468252547742e-13
4213.03 1.262456191957348e-13
4218.74 1.4197676068116296e-13
4224.45 1.5172477896923987e-13
4230.18 1.5785854010926825e-13
4235.91 1.5888355805870145e-13
4241.64 1.5772585733724393e-13
4247.39 1.377963916466402e-13
4253.15 1.358491188975552e-13
4258.91 1.2746980772982465e-13
4264.68 1.304475718483711e-13
4270.45 1.405733092856852e-13
4276.24 1.3891969420425517e-13
4282.03 1.4330135553510414e-13
4287.83 1.5637491730728852e-13
4293.64 1.721542256624549e-13
4299.46 1.8240720565192876e-13
4305.28 1.9261558709625028e-13
4311.12 1.984713400622285e-13
4316.96 2.0229144089480205e-13
4322.8 1.9756198245289946e-13
4328.66 1.9763916077056772e-13
4334.52 1.9217337882256303e-13
4340.4 1.8479579383525888e-13
4346.28 1.875170566016143e-13
4352.16 1.891445387176976e-13
4358.06 1.9603157825004316e-13
4363.96 1.8334330135767873e-13
4369.88 1.8889925174832393e-13
4375.8 1.8835420507773662e-13
4381.72 1.8663858676148502e-13
4387.66 1.9048975533422886e-13
4393.6 1.881121401124683e-13
4399.56 1.8357934465732425e-13
4405.52 1.8734384500357145e-13
4411.48 1.7788898483661094e-13
4417.46 1.6811289876517978e-13
4423.45 1.6613182205030222e-13
4429.44 1.6545360837329011e-13
4435.44 1.7096286776870586e-13
4441.45 1.659210863748952e-13
4447.46 1.6237421860781534e-13
4453.49 1.5306088128437632e-13
4459.52 1.5648064212551878e-13
4465.56 1.5553095162603432e-13
4471.61 1.573177655847493e-13
4477.67 1.6027041642310304e-13
4483.74 1.5702272474543088e-13
4489.81 1.551245466683815e-13
4495.89 1.5258540206846751e-13
4501.98 1.5881705240179796e-13
4508.08 1.712476561403465e-13
4514.19 2.0695518943610006e-13
4520.31 3.017500449147479e-13
4526.43 3.3369918890184896e-13
4532.56 3.6661803066047415e-13
4538.7 3.6910889691021394e-13
4544.85 4.039107558679042e-13
4551.01 4.1408936585160734e-13
4557.17 4.0488064625421726e-13
4563.35 3.8655961381854584e-13
4569.53 3.9408592845256035e-13
4575.72 3.9209605328816754e-13
4581.92 2.998881008856164e-13
4588.13 2.486667534321148e-13
4594.34 2.4149074973967923e-13
4600.57 2.586190525618951e-13
4606.8 2.5414277954721373e-13
4613.04 2.273941416594175e-13
4619.29 1.864539535608921e-13
4625.55 1.765077240835399e-13
4631.81 1.722967676353972e-13
4638.09 1.4959847227438146e-13
4644.37 1.3347230114869076e-13
4650.66 1.348092870063898e-13
4656.96 1.2929791843223395e-13
4663.27 1.2942815274846516e-13
4669.59 1.285675994845243e-13
4675.92 1.2749795255749192e-13
4682.25 1.2718135983524452e-13
4688.59 1.2588963594550034e-13
4694.94 1.167880140228843e-13
4701.3 1.2270485634467048e-13
4707.67 1.211956047410056e-13
4714.05 1.1461444544824362e-13
4720.44 1.1498336339275667e-13
4726.83 1.1068574169904511e-13
4733.24 1.0973829361147432e-13
4739.65 1.1190563528595189e-13
4746.07 1.1421277145930934e-13
4752.5 1.0557197843583397e-13
4758.94 1.0315378933262931e-13
4765.38 1.0685192542546137e-13
4771.84 1.0780989286681857e-13
4778.3 1.085602267091026e-13
4784.78 1.0857735449899817e-13
4791.26 1.0542344351353391e-13
4797.75 1.033362659126284e-13
4804.25 1.0436938467630668e-13
4810.76 1.0640028348878912e-13
4817.28 1.031020309444182e-13
4823.8 9.78019134980499e-14
4830.34 1.0129584734473747e-13
4836.88 1.0505535709901275e-13
4843.43 1.1006560917566792e-13
4849.99 1.1925285344738542e-13
4856.56 1.2094525434901346e-13
4863.14 1.3245641955682323e-13
4869.73 1.304475823584758e-13
4876.33 1.3959004074500333e-13
4882.94 1.4572018776568044e-13
4889.55 1.5908519033479073e-13
4896.17 1.6071255109297634e-13
4902.81 1.524312130612969e-13
4909.45 1.5235468310857462e-13
4916.1 1.4120536515710644e-13
4922.76 1.306744126514627e-13
4929.43 1.255096333095462e-13
4936.11 1.139295674836015e-13
4942.79 1.1013157671588617e-13
4949.49 1.0261993902315304e-13
4956.2 1.089950146486159e-13
4962.91 1.1438262133019296e-13
4969.63 1.1402089987998186e-13
4976.37 1.1978261354373663e-13
4983.11 1.254172400428239e-13
4989.86 1.4282859469024448e-13
4996.62 1.443056273751605e-13
5003.39 1.5110190799395366e-13
5010.17 1.5070393215540732e-13
5016.95 1.4147688872177196e-13
5023.75 1.3892742873787947e-13
5030.55 1.3357243225933356e-13
5037.37 1.2102266411862557e-13
5044.19 1.1996751484912437e-13
5051.03 1.2405951765374775e-13
5057.87 1.178861489515504e-13
5064.72 1.0764533063089891e-13
5071.58 1.0915566264111721e-13
5078.45 1.0472499777928e-13
5085.33 1.0932513374249625e-13
5092.22 1.1371401176548063e-13
5099.12 1.1543932531439447e-13
5106.03 1.2223123933496158e-13
5112.95 1.4359732035088305e-13
5119.87 1.650184426152273e-13
5126.81 1.8739575523617592e-13
5133.75 2.0545396191578492e-13
5140.71 2.0746695285607038e-13
5147.67 2.2513833536524713e-13
5154.65 2.303242451079842e-13
5161.63 2.352137014668464e-13
5168.62 2.311607456871491e-13
5175.62 2.2803853223053877e-13
5182.64 2.151066449022817e-13
5189.66 2.0282159300962488e-13
5196.69 2.0491731438662186e-13
5203.73 1.9971747744653786e-13
5210.78 2.0164356079252935e-13
5217.84 2.0063501060187436e-13
5224.91 1.981632261328156e-13
5231.98 2.0700637855418145e-13
5239.07 2.1219700314852068e-13
5246.17 2.0360091666993541e-13
5253.28 2.025687625574162e-13
5260.39 1.9518696959208195e-13
5267.52 1.9352301255765843e-13
5274.66 1.8118643293041498e-13
5281.8 1.7064822583854084e-13
5288.96 1.7836405413905187e-13
5296.12 1.6586252534915731e-13
5303.3 1.6619257616464846e-13
5310.48 1.694573865944645e-13
5317.67 1.6687771177229604e-13
5324.88 1.6010236814239876e-13
5332.09 1.5250052030031797e-13
5339.32 1.3561191473502021e-13
5346.55 1.264850673338439e-13
5353.79 1.3208553199792684e-13
5361.05 1.3058164919491835e-13
5368.31 1.236635814856611e-13
5375.58 1.1763156773115148e-13
5382.86 1.1066036165826027e-13
5390.16 1.1054650645284824e-13
5397.46 1.0693850116723517e-13
5404.77 1.1007784192037682e-13
5412.09 1.0283832712536831e-13
5419.42 9.527183424032831e-14
5426.77 8.954714476189458e-14
5434.12 9.238513494580871e-14
5441.48 9.372202018401594e-14
5448.85 8.625787173157282e-14
5456.23 8.84849154111258e-14
5463.62 8.599422611240077e-14
5471.03 8.361653514979471e-14
5478.44 8.393573121331442e-14
5485.86 8.401594855496669e-14
5493.29 8.627681108229532e-14
5500.73 8.822379488586448e-14
5508.18 9.1738339862095e-14
5515.65 9.628331370620686e-14
5523.12 9.692330317729473e-14
5530.6 1.0213043668705562e-13
5538.09 9.903503411050428e-14
5545.6 1.014927097316963e-13
5553.11 1.0186403747134053e-13
5560.63 8.351018145061833e-14
5568.17 8.829969911796285e-14
5575.71 8.096250126477422e-14
5583.26 7.902198006130897e-14
5590.83 6.290963550904979e-14
5598.4 6.066779503058938e-14
5605.98 5.838929877725146e-14
5613.58 6.16235890291064e-14
5621.18 6.4619876218586e-14
5628.8 7.163473460992221e-14
5636.42 7.207724003099078e-14
5644.06 7.197759267704402e-14
5651.71 6.438642725010095e-14
5659.36 7.063598355479545e-14
5667.03 7.075921430363652e-14
5674.71 7.56127114816559e-14
5682.39 7.005975616202496e-14
5690.09 6.823658749078256e-14
5697.8 6.303518501457541e-14
5705.52 6.030446443575285e-14
5713.25 4.2041692718641116e-14
5720.99 5.870051920681441e-14
5728.74 4.951424302122159e-14
5736.5 4.653080180652387e-14
5744.27 4.291637530824862e-14
5752.05 3.850807808567889e-14
5759.84 3.851877656979858e-14
5767.65 3.2918699001475474e-14
5775.46 3.19787307360239e-14
5783.29 3.3022383005022956e-14
5791.12 3.394213737532792e-14
5798.97 3.829359783134825e-14
5806.82 4.2008447304247714e-14
5814.69 4.429146634792856e-14
5822.57 5.4526991623963664e-14
5830.45 6.032503956292887e-14
5838.35 6.29223122477757e-14
5846.26 7.251574186754335e-14
5854.18 7.711089570099708e-14
5862.11 8.429296052196872e-14
5870.05 8.777039068984657e-14
5878.01 8.602589149243192e-14
5885.97 8.040592266472979e-14
5893.94 7.897726166972726e-14
5901.93 8.190237204746235e-14
5909.92 8.110536576034109e-14
5917.93 7.228316963054984e-14
5925.95 7.531639999086984e-14
5933.97 7.264091143910727e-14
5942.01 7.361940008434021e-14
5950.06 7.174538543256553e-14
5958.12 6.979857054942285e-14
5966.2 5.4648221698124475e-14
5974.28 5.47724997292099e-14
5982.37 4.995517411081089e-14
5990.48 4.50277421433844e-14
5998.59 3.979473861193002e-14
6006.72 3.586861084756053e-14
6014.85 3.105312850787073e-14
6023.0 2.431479610195409e-14
6031.16 2.775563074349726e-14
6039.33 2.23311965452701e-14
6047.52 1.953697770693219e-14
6055.71 1.9627402061911266e-14
6063.91 1.5514198777826552e-14
6072.13 1.683064500553801e-14
6080.35 2.2787243334017974e-14
6088.59 2.622310435743158e-14
6096.84 2.436044785001807e-14
6105.1 3.2443511799515933e-14
6113.37 3.3728722213180346e-14
6121.65 3.880885656336125e-14
6129.94 3.516971461032694e-14
6138.25 3.5534363439555876e-14
6146.56 3.165245146093648e-14
6154.89 3.55536830968849e-14
6163.23 3.416485640047433e-14
6171.58 3.0677712924691094e-14
6179.94 4.0077751609064686e-14
6188.31 4.295203167992856e-14
6196.69 5.151213941304393e-14
6205.09 6.42110997226699e-14
6213.5 1.0117863335442424e-13
6221.91 1.7627694516747057e-13
6230.34 3.06402037628554e-13
6238.78 3.640647221312668e-13
6247.23 4.564389735338509e-13
6255.7 4.987872033790286e-13
6264.17 6.160570844047232e-13
6272.66 6.554889204252265e-13
6281.16 6.734664708905646e-13
6289.67 7.160499164416814e-13
6298.19 7.43531649127061e-13
6306.72 8.267131372837471e-13
6315.26 7.50008462136186e-13
6323.82 6.960186942108666e-13
6332.38 6.86885920053125e-13
6340.96 6.48524323718391e-13
6349.55 5.47361602886581e-13
6358.15 5.282335053878336e-13
6366.77 4.4488775105410613e-13
6375.39 3.9610842005464085e-13
6384.03 3.831634325343285e-13
6392.68 3.688690429872781e-13
6401.34 3.486710452287162e-13
6410.01 3.363996286202033e-13
6418.7 3.2092949202624924e-13
6427.39 2.7370385713420835e-13
6436.1 2.280116723960274e-13
6444.82 2.0750792467910482e-13
6453.55 1.9881183378460242e-13
6462.29 1.8204655193380296e-13
6471.04 1.6956537204650733e-13
6479.81 1.6437987965826192e-13
6488.59 1.5589903509470943e-13
6497.38 1.4790869262454333e-13
6506.18 1.3988516202745594e-13
6515.0 1.3108819469071223e-13
6523.82 1.3434676920728697e-13
6532.66 1.244123483154853e-13
6541.51 1.2321918708036416e-13
6550.37 1.3023295443547533e-13
6559.25 1.2686976814351713e-13
6568.13 1.1351318696063901e-13
6577.03 1.2119042680415804e-13
6585.94 1.2082357862833572e-13
6594.86 1.224031626341151e-13
6603.8 1.2179971378608842e-13
6612.74 1.1366737376034093e-13
6621.7 1.1155556544989585e-13
6630.67 1.0808359544787608e-13
6639.65 1.0631917334775909e-13
6648.65 1.0648794111620218e-13
6657.66 1.0656328229830062e-13
6666.68 1.071282631317287e-13
6675.71 1.0048738427380066e-13
6684.75 9.188368346875214e-14
6693.81 8.601013484389753e-14
6702.88 8.787360461307079e-14
6711.96 8.944218549977596e-14
6721.05 8.09261240737367e-14
6730.15 7.870590100773604e-14
6739.27 7.062876968014475e-14
6748.4 5.98952087747453e-14
6757.54 5.649011643735e-14
6766.7 4.7922040595081633e-14
6775.86 3.9611902348869645e-14
6785.04 3.653734078112889e-14
6794.24 3.195973551193611e-14
6803.44 2.926973576854468e-14
6812.66 2.655046229720018e-14
6821.89 2.7603572792222552e-14
6831.13 2.5600458346589764e-14
6840.38 2.6916458927454998e-14
6849.65 2.4645530847642012e-14
6858.93 2.7014544969340128e-14
6868.22 2.1857458771841788e-14
6877.52 2.0138646423938114e-14
6886.84 2.553036253600825e-14
6896.17 2.414846442306578e-14
6905.51 2.388229579816592e-14
6914.87 2.8416411505794202e-14
6924.24 2.6759318356458425e-14
6933.62 2.911730966294416e-14
6943.01 3.251066290174913e-14
6952.42 4.111132875095008e-14
6961.83 4.76245425805866e-14
6971.27 5.181221449711281e-14
6980.71 5.319173304708593e-14
6990.17 5.317156039296204e-14
6999.64 5.4044822774366784e-14
7009.12 5.66170394591131e-14
7018.61 5.970647085982574e-14
7028.12 5.874062688575377e-14
7037.64 6.109357217716879e-14
7047.18 5.943148323499986e-14
7056.73 6.762902541895531e-14
7066.29 7.748416085610255e-14
7075.86 8.812344975111807e-14
7085.44 9.51760413610761e-14
7095.04 1.041660523244817e-13
7104.65 1.0557331427206022e-13
7114.28 1.2271663221221318e-13
7123.92 1.2303012853727914e-13
7133.57 1.3380480599909954e-13
7143.23 1.3578950493804448e-13
7152.91 1.2454165148426839e-13
7162.6 1.217977275022561e-13
7172.3 1.0307819192383048e-13
7182.02 8.834033617399318e-14
7191.75 8.545776338676016e-14
7201.49 1.0201755721995899e-13
7211.25 1.303074824650556e-13
7221.02 1.8482733191933508e-13
7230.8 2.18715407903524e-13
7240.59 2.499089030531486e-13
7250.4 3.407526465896641e-13
7260.23 4.0677748810575806e-13
7270.06 4.913150957044888e-13
7279.91 5.146994109545051e-13
7289.77 4.63768788283143e-13
7299.65 5.067712188622694e-13
7309.54 4.91317306508741e-13
7319.44 4.1629451088256985e-13
7329.36 3.663043317804954e-13
7339.28 3.493069684886076e-13
7349.23 3.0087654907394364e-13
7359.18 2.622173158893392e-13
7369.15 2.407649929860751e-13
7379.14 2.1420326980860093e-13
7389.13 1.8368632085229744e-13
7399.14 1.5978503931728108e-13
7409.17 1.40200390543492e-13
7419.2 1.2655854957270226e-13
7429.25 1.1911279306741427e-13
7439.32 1.0702946254265292e-13
7449.4 9.5851982265113e-14
7459.49 8.182203027501601e-14
7469.59 7.172594331582105e-14
7479.71 6.136429636393804e-14
7489.85 5.5847603959804e-14
7499.99 4.819162408087693e-14
7510.15 4.6403616499756096e-14
7520.33 4.3311138431010536e-14
7530.52 4.0868653434771654e-14
7540.72 3.745487318521885e-14
7550.93 3.294096999647351e-14
7561.16 2.990586671330413e-14
7571.41 2.8962901416188093e-14
7581.66 2.776521168906682e-14
7591.93 2.3334798137479994e-14
7602.22 7.045599450384271e-15
7612.52 1.2333261317280629e-14
7622.83 2.0764426639262194e-14
7633.16 1.67178973318997e-14
7643.5 2.144576055442853e-14
7653.85 2.6905683707000686e-14
7664.22 3.4665974467165054e-14
7674.6 4.218864875383539e-14
7685.0 4.620085480838808e-14
7695.41 5.165358572587643e-14
7705.84 5.5398116247236575e-14
7716.28 6.444456658653103e-14
7726.73 7.165023446110968e-14
7737.2 7.399509853309932e-14
7747.68 6.65485385802602e-14
7758.18 7.3187833707171e-14
7768.69 7.017212336369859e-14
7779.21 7.098590204749376e-14
7789.75 5.957472188937406e-14
7800.3 5.202197111294042e-14
7810.87 4.521040194238338e-14
7821.45 4.554376842482023e-14
7832.05 4.3735332381094083e-14
7842.66 4.2281444153980224e-14
7853.28 4.071015635225974e-14
7863.92 2.909278719958075e-14
7874.57 2.780308747390716e-14
7885.24 2.5823019716856717e-14
7895.92 3.111520085672877e-14
7906.62 3.130251744233971e-14
7917.33 3.649867935446591e-14
7928.06 3.8567448979920125e-14
7938.8 4.195712518473533e-14
7949.55 4.103667854141628e-14
7960.32 4.123160087937776e-14
7971.11 4.2299945289560607e-14
7981.91 4.246430417139518e-14
7992.72 3.627846949059124e-14
8003.55 3.743859037309078e-14
8014.39 3.77116053509302e-14
8025.25 3.668818449830227e-14
8036.12 3.598960976352782e-14
8047.0 3.7294765022953263e-14
8057.91 3.836198207171697e-14
8068.82 3.847019002297618e-14
8079.75 3.6613591874338135e-14
8090.7 3.253516286720109e-14
8101.66 3.4180524367313863e-14
8112.63 3.268215301585799e-14
8123.63 3.189788222716035e-14
8134.63 2.6393073207046166e-14
8145.65 2.5274889422704442e-14
8156.69 2.388132139415835e-14
8167.74 2.4711110179117093e-14
8178.8 2.6753072236087716e-14
8189.88 2.527383549787434e-14
8200.98 2.967889954357719e-14
8212.09 3.131986322432793e-14
8223.21 2.1430870895616295e-14
8234.35 2.3741457835270467e-14
8245.51 2.7161588181481313e-14
8256.68 2.917946952653028e-14
8267.86 3.001186353893429e-14
8279.06 2.7184346620727873e-14
8290.28 3.2376362745313494e-14
8301.51 3.312976101583647e-14
8312.76 3.595538115582611e-14
8324.02 3.092017572460397e-14
8335.29 2.910388741733335e-14
8346.59 3.567215137201753e-14
8357.89 4.3129972793190054e-14
8369.22 4.5022864024187973e-14
8380.55 4.968569712732329e-14
8391.91 5.105704369941034e-14
8403.28 5.675304109575926e-14
8414.66 5.761431296591618e-14
8426.06 5.881914532205463e-14
8437.47 6.168647322387818e-14
8448.9 6.64498965685221e-14
8460.35 7.961573970516955e-14
8471.81 8.939035111480135e-14
8483.29 1.0766966858471564e-13
8494.78 1.2515293706352254e-13
8506.29 1.384832116776265e-13
8517.81 1.4909328977835303e-13
8529.35 1.5189402894811776e-13
8540.91 1.2688694443625326e-13
8552.48 1.0928278610748728e-13
8564.06 9.642716676992311e-14
8575.67 9.367185760104449e-14
8587.28 1.0047046460517022e-13
8598.92 1.1015990103338041e-13
8610.57 1.2813782162365418e-13
8622.23 1.6021371105995575e-13
8633.91 1.7985438808042986e-13
8645.61 1.9614247244422332e-13
8657.32 1.8095681895824335e-13
8669.05 1.8416373743205076e-13
8680.79 1.58957920955359e-13
8692.55 1.4501971227465895e-13
8704.33 1.2543624768593977e-13
8716.12 1.147959897125961e-13
8727.93 1.2272478428737272e-13
8739.75 1.2421919485337817e-13
8751.59 1.0615274047323812e-13
8763.45 9.861586363634489e-14
8775.32 8.82587913650249e-14
8787.21 9.071406297684944e-14
8799.11 9.40282961143683e-14
8811.03 1.0515545182091593e-13
8822.97 7.474862810668598e-14
8834.92 5.471486585213517e-14
8846.89 5.165881226441249e-14
8858.88 5.060305919412213e-14
8870.88 4.641061887382409e-14
8882.9 3.994165760614679e-14
8894.93 3.2862294863733766e-14
8906.98 3.505697412617463e-14
8919.05 3.5829874412488054e-14
8931.13 3.051107266460784e-14
8943.23 3.301942453330577e-14
8955.34 3.094715920843496e-14
8967.48 2.6632102122420553e-14
8979.62 3.732632372110966e-14
8991.79 3.3680727287082365e-14
9003.97 3.1813664338640716e-14
9016.17 3.6191848510061145e-14
9028.38 3.203836557316474e-14
9040.61 4.043534108758548e-14
9052.86 4.096106239612189e-14
9065.12 3.3508777983353047e-14
9077.41 2.9014649843662236e-14
9089.7 2.855675819965598e-14
9102.02 2.7119232005841002e-14
9114.35 2.896641707856197e-14
9126.7 2.8332872161442468e-14
9139.06 2.651597330743516e-14
9151.44 3.0244186022710273e-14
9163.84 3.7258187201235535e-14
9176.25 3.2220502781040806e-14
9188.68 3.979224234202652e-14
nan nan
nan nan
nan nan
nan nan
nan nan
nan nan
nan nan
nan nan
nan nan
nan nan
nan nan
nan nan
nan nan
nan nan
nan nan
nan nan
nan nan
nan nan
nan nan
nan nan
nan nan
nan nan
nan nan
nan nan
nan nan
nan nan
nan nan
nan nan
nan nan
nan nan
nan nan
nan nan
nan nan
nan nan
nan nan
nan nan
nan nan
nan nan
nan nan
nan nan
nan nan
nan nan
nan nan
nan nan
nan nan
nan nan
nan nan
nan nan
nan nan
nan nan
nan nan
nan nan
nan nan
nan nan
nan nan
nan nan
nan nan
nan nan
nan nan
nan nan
nan nan
nan nan
