4047.600000000001 1.026434928982161
4056.8000000000006 0.520444563597863
4066.0000000000005 1.1656980780615234
4075.2000000000007 0.15599924936935294
4084.4000000000005 0.16637264796881965
4093.600000000001 0.27603446740321774
4102.8 0.526540368077458
4112.000000000001 0.04313751186180273
4121.200000000001 0.5989362474967321
4130.400000000001 0.6635911279947319
4139.6 0.14205422066036943
4148.8 1.1240912584566358
4158.000000000001 0.4402635282003551
4167.200000000001 0.3807435392130537
4176.400000000001 0.4288154490430406
4185.6 0.7530893353003092
4194.8 0.21641639969238674
4204.000000000001 0.48553949995593504
4213.200000000001 0.8722815899288795
4222.400000000001 -0.10297539069072316
4231.6 0.7104474336374828
4240.8 0.44956480714748104
4250.000000000001 -0.02737249586153217
4259.200000000001 0.19643726394521466
4268.400000000001 0.5488634952439693
4277.6 0.17100284288117054
4286.8 0.6105965711067498
4296.000000000001 0.14171780346481003
4305.200000000001 0.4316658191138394
4314.400000000001 0.11776932948029817
4323.6 0.41972639336751394
4332.8 0.4446690790671391
4342.000000000001 0.7684522557095907
4351.200000000001 0.44584362770641045
4360.400000000001 0.4681566358009004
4369.6 0.5860409901040236
4378.8 0.6915435028833352
4388.000000000001 0.5932749707384842
4397.200000000001 0.6180361982159642
4406.400000000001 0.6614014628691208
4415.6 0.8286758704231643
4424.8 0.5188698964966133
4434.000000000001 0.7150502560422184
4443.200000000001 0.5670227244387964
4452.400000000001 0.1743271082533507
4461.6 0.878529232220433
4470.8 0.618271400540402
4480.000000000001 -0.005171911484779117
4489.200000000001 0.4996557765643943
4498.400000000001 0.22594423528302768
4507.6 0.6068382881387746
4516.8 0.40086619745713714
4526.0 0.32118439046835573
4535.200000000001 0.22336663398101864
4544.400000000001 0.45329930456647044
4553.6 0.4917963126846083
4562.8 0.5440578880288943
4572.0 0.7073909044169591
4581.200000000001 0.8682979066368542
4590.400000000001 1.0707866318465813
4599.6 1.0492122215514517
4608.8 0.7606201082717526
4618.0 1.0373529555749643
4627.200000000001 0.8157758827269322
4636.400000000001 0.8322814577753567
4645.6 0.9083927233802433
4654.8 0.872730021014776
4664.0 0.7586803226836139
4673.200000000001 0.8985883762451178
4682.400000000001 1.1483348648001777
4691.6 0.9117577595336366
4700.8 0.8865118373028491
4710.0 0.7705025333089801
4719.200000000001 0.6586624203539237
4728.400000000001 0.5846437501660366
4737.6 0.7466559575008228
4746.8 0.7538648244430647
4756.0 0.8382712658234744
4765.200000000001 0.6862979955197009
4774.400000000001 0.6243736059426949
4783.6 0.6104256305694583
4792.8 0.0711862567599409
4802.0 0.400234308012985
4811.200000000001 0.428313884444777
4820.400000000001 0.45593429441863337
4829.6 0.6430531311381938
4838.8 0.5384435229101537
4848.0 0.686414920545838
4857.200000000001 0.9121938313072459
4866.400000000001 1.0596172106395787
4875.6 1.210534519287021
4884.8 1.041950195769219
4894.0 0.979445910892209
4903.200000000001 1.2056816072717345
4912.400000000001 0.9165759346729753
4921.6 1.2050147101030793
4930.8 1.3378801418692625
4940.0 1.3237953717036646
4949.200000000001 1.1986001105734505
4958.400000000001 1.0898732877374993
4967.6 1.0487844258391743
4976.8 0.8983713398027412
4986.0 0.7923291169417007
4995.200000000001 0.7781569962091945
5004.400000000001 0.983428481775237
5013.6 0.9246258445443583
5022.8 1.0921844336593227
5032.0 1.2224933661972084
5041.200000000001 1.0807959521112445
5050.400000000001 1.1533602993722887
5059.6 1.0897958842973214
5068.8 1.2915689260334764
5078.0 1.2656534965512667
5087.200000000001 1.095631887252104
5096.400000000001 1.205479807451869
5105.6 0.9083808435248902
5114.8 0.9362412063420329
5124.0 0.7667817219200792
5133.200000000001 0.8135840374961417
5142.400000000001 0.7493379083732213
5151.6 0.8171104473645681
5160.8 0.8762231007347939
5170.0 0.8724873293149795
5179.200000000001 0.9025834181491346
5188.400000000001 1.08571754586816
5197.6 1.0918715616161874
5206.8 0.986548772811637
5216.0 1.045726764021912
5225.200000000001 1.2333615555763118
5234.400000000001 1.2755251694524197
5243.6 1.1009223852967382
5252.8 1.2858931762749022
5262.0 1.2216285863696852
5271.200000000001 1.3043217974101582
5280.400000000001 1.07056828405872
5289.6 1.0786391889450995
5298.8 1.1468252199587956
5308.0 1.2200102256350691
5317.200000000001 1.1253742043255142
5326.400000000001 1.272829528615606
5335.6 1.2961038195458983
5344.8 1.3928698619201256
5354.0 1.3260152899655628
5363.200000000001 1.300339932895809
5372.400000000001 1.3405110276131391
5381.6 1.2025459703438293
5390.8 1.285402840801924
5400.0 1.265361491712921
5409.200000000001 1.41440059730042
5418.400000000001 1.196624702369993
5427.6 1.2940889940690197
5436.8 1.2762751332101554
5446.0 1.2251310967857383
5455.200000000001 1.2232386275293647
5464.400000000001 1.278871244204907
5473.6 1.122111542908526
5482.8 1.2491968268690692
5492.0 1.0806780179683797
5501.200000000001 1.0823305782423367
5510.400000000001 1.1948857773855444
5519.6 1.2103631629716802
5528.8 1.2210550443906258
5538.0 1.2569646607770704
5547.200000000001 1.2819282759027144
5556.400000000001 1.2245339972262288
5565.6 1.079687302965504
5574.8 1.3613862779917438
5584.0 1.3263712483840815
5593.200000000001 1.1805593522733657
5602.400000000001 1.1827975546570706
5611.6 1.0409968235566325
5620.8 1.190872942153118
5630.0 1.1556281976978346
5639.200000000001 1.0972271089790846
5648.4 1.1528189155756763
5657.6 1.1363063841256116
5666.8 1.055119837856363
5676.0 1.0646264444811504
5685.200000000001 1.1281142391724255
5694.4 1.2738365737714539
5703.6 1.1822338599985218
5712.8 1.1348410634636612
5722.0 1.189830231239605
5731.200000000001 1.2157319423020774
5740.4 1.130631798104645
5749.6 1.1874167174386163
5758.8 1.2141900710546087
5768.0 1.0114296926345092
5777.200000000001 1.24605636319005
5786.4 1.2290969703108454
5795.6 1.1372779755626692
5804.8 1.074935381837244
5814.0 1.1716883453156768
5823.2 1.114897567467192
5832.4 1.1123505076632376
5841.6 1.0791195027025322
5850.8 0.9221971734056701
5860.0 0.8374347801764237
5869.2 1.0478280759824339
5878.4 0.9901676346349166
5887.6 0.950061428502135
5896.8 1.3077357969807084
5906.0 1.288234426447554
5915.2 1.2650683577000243
5924.4 1.4172008709887107
5933.6 1.324860412464828
5942.8 1.1416683066260573
5952.0 1.3332025431457617
5961.2 1.2771756184598901
5970.4 1.4360269813094548
5979.6 1.4197139939698897
5988.8 1.4493829791781576
5998.0 1.3610492566931551
6007.2 1.2755973053713436
6016.4 1.4589051396974002
6025.6 1.2351893574393316
6034.8 1.222395078844385
6044.0 1.0478875384428255
6053.2 1.193242969845801
6062.4 1.418873112989458
6071.6 1.3322569476153727
6080.8 1.2520422724940443
6090.0 1.2752053292839272
6099.200000000001 1.228908120513432
6108.4 1.3000385825471772
6117.6 1.3430263732932135
6126.8 1.3917242577254565
6136.0 1.232350432588027
6145.200000000001 1.2650884650642784
6154.4 1.248223810765024
6163.6 1.2458505597760245
6172.8 1.3223568300620339
6182.0 1.323971331088506
6191.200000000001 1.4406365664807126
6200.4 1.2969298324903789
6209.6 1.2696301831153576
6218.8 1.2853544529912626
6228.0 1.269118925288103
6237.2 1.289158926195274
6246.4 1.1636286976085963
6255.6 1.3027338892311513
6264.8 1.3788318222345448
6274.0 1.2904184893290354
6283.2 1.2504035910011189
6292.4 1.2611557144286754
6301.6 1.31114783715265
6310.8 1.1171911643568415
6320.0 1.1666054873843288
6329.2 1.2155962926318602
6338.4 1.101528498672419
6347.6 1.2065391789009468
6356.8 0.9033288909809644
6366.0 0.7422248737840605
6375.2 0.9777800821787015
6384.4 0.7689039239807381
6393.6 0.7303519901385486
6402.8 0.7003574664753417
6412.0 0.7180032580653954
6421.2 0.7900200400987734
6430.4 0.5236224941832391
6439.6 0.6350017443683295
6448.8 0.528986202953991
6458.0 0.4931542932442276
6467.2 0.5505852875386668
6476.4 0.6761774473393763
6485.6 0.3067896881156526
6494.8 0.6145695475081624
6504.0 0.803043332715841
6513.2 1.156934057585081
6522.4 1.3628599781713442
6531.6 1.586682837896826
6540.799999999999 2.1912661765208705
6550.0 2.3458120247867087
6559.2 2.287333436638105
6568.4 2.6129428853005745
6577.6 2.868176486572901
6586.799999999999 3.06342764576697
6596.0 2.955281566753673
6605.2 3.0775227638557174
6614.4 2.7376277275564984
6623.6 2.8126490096674304
6632.799999999999 2.52697228341018
6642.0 2.7078950556813406
6651.2 2.583262607610977
6660.4 2.517777200023478
6669.6 2.3421732051008015
6678.799999999999 2.3990525273219347
6688.0 2.1371365288491497
6697.2 2.0248700135341564
6706.4 2.0240011234420052
6715.6 1.9229511861172472
6724.799999999999 1.872819119892645
6734.0 1.8712927611756351
6743.2 1.9632907998132438
6752.4 1.9258216752250121
6761.6 1.6434707357997602
6770.799999999999 1.8233590756038265
6780.0 1.6701121296472414
6789.2 1.6607187055523083
6798.4 1.5225747676650625
6807.6 1.5030489716986348
6816.799999999999 1.6886115422723567
6826.0 1.4470429215242728
6835.2 1.7323779867932427
6844.4 1.4085853766250769
6853.6 1.2791710258382134
6862.799999999999 1.005899835646259
6872.0 1.2046569621677556
6881.2 1.2872129953859046
6890.4 1.0865818819379607
6899.6 1.1480534028493918
6908.799999999999 1.2714325154964814
6918.0 1.2385287652773889
6927.2 1.3246184495795772
6936.4 1.3747928094848725
6945.6 1.3443999297169291
6954.799999999999 1.3410725246880248
6964.0 1.3418401533582238
6973.2 1.5240117886294273
6982.4 1.6982092890522793
6991.6 1.263599982760648
7000.799999999999 1.4315503510552205
7010.0 1.5793124214311351
7019.2 1.6318930255912323
7028.4 1.5734945395546596
7037.6 1.4207691550190495
7046.799999999999 1.4948543229436793
7056.0 1.359491198498023
7065.2 1.4698651998070462
7074.4 1.3284001570328596
7083.6 1.4184363132085358
7092.799999999999 1.2330110483226124
7102.0 1.4459441893031606
7111.2 1.4280736647346972
7120.4 1.613730572688669
7129.6 1.5048585040979396
7138.799999999999 1.2861557452330956
7148.0 1.3711886125220722
7157.2 1.334612392962376
7166.4 1.2605590635936323
7175.6 1.333489929520726
7184.799999999999 1.4294086985724432
7194.0 1.3915409043034244
7203.2 1.3467713498894442
7212.4 1.422283509431639
7221.6 1.4326754875067285
7230.799999999999 1.3333276877964353
7240.0 1.3799890291818482
7249.2 1.0872511229232984
7258.4 1.3976810019419583
7267.6 1.2435358899216158
7276.799999999999 1.2980749918617027
7286.0 1.2878762351745376
7295.2 1.6233347586765237
7304.4 1.408975098052371
7313.6 1.5035273274579768
7322.799999999999 1.2470172550643632
7332.0 1.2850017192900587
7341.2 1.4451435298964475
7350.4 1.529603617598901
7359.6 1.5307163584786185
7368.799999999999 1.1399597252256766
7378.0 1.3785724768580403
7387.2 1.396913868193001
7396.4 1.1415146003787155
7405.6 1.2547520735886086
7414.799999999999 1.5689937248893597
7424.0 1.3016745033232129
7433.2 1.4600132673578639
7442.4 1.3837968877808382
7451.6 1.255788055753859
7460.799999999999 1.4851439653869831
7470.0 1.2909477298291474
7479.2 1.4468732715554105
7488.4 1.4129907032469846
7497.6 1.5347730943315137
7506.799999999999 1.2553031663058587
7516.0 1.2230960393198336
7525.2 1.3907910247313087
7534.4 1.3467283615722603
7543.6 1.2453883342685117
7552.799999999999 1.6730522777371215
7562.0 0.9972307975924752
7571.2 1.1293613268142373
7580.4 1.3863900495750967
7589.599999999999 0.9553940239049339
7598.799999999999 0.25690863114973467
7608.0 0.545705083452939
7617.2 0.5811896442604823
7626.4 0.6448038411401886
7635.599999999999 0.9950573596091342
7644.799999999999 0.8157927224753755
7654.0 1.1976060084045181
7663.2 1.0428069628497023
7672.4 1.2304169548376442
7681.599999999999 1.7378677151429125
7690.799999999999 1.1937151213231845
7700.0 1.5403436108299182
7709.2 1.1441190041822362
7718.4 1.121758793199575
7727.599999999999 1.1443434251110187
7736.799999999999 1.080067470367372
7746.0 1.7155506186950593
7755.2 1.1517960737209698
7764.4 1.1903723516327929
7773.599999999999 1.3595409060592312
7782.799999999999 0.662442277597839
7792.0 1.6916336802496383
7801.2 1.46965541786095
7810.4 1.6112160278950036
7819.599999999999 1.12476757566692
7828.799999999999 1.3224195091368363
7838.0 1.3145401555440859
7847.2 1.5211874127955376
7856.4 1.1736022376451687
7865.599999999999 1.2967605489146359
7874.799999999999 1.5322041838173701
7884.0 1.1766150679139171
7893.199999999999 1.0971892797553904
7902.4 1.364595992434222
7911.599999999999 1.5594703052357604
7920.799999999999 1.1100246739336765
7930.0 1.4647145929144403
7939.199999999999 0.9821570450285074
7948.4 1.4326545401598516
7957.599999999999 0.9630786964780464
7966.799999999999 1.0974410836471675
7976.0 2.165428186105916
7985.199999999999 2.1939377267539855
7994.4 1.208172190778764
