3505.11157226562 3.624699195602433e-15
3507.94076776504 3.460592121292028e-15
3510.76996326446 3.721279448512579e-15
3513.59915876388 3.652536421223086e-15
3516.4283542633 3.4904219288230097e-15
3519.25754976273 3.495096203686138e-15
3522.08674526214 3.448726525172892e-15
3524.91594076156 3.1391274937508812e-15
3527.74513626099 3.2944155635129846e-15
3530.5743317604 3.4540467200104607e-15
3533.40352725983 3.64444497771841e-15
3536.23272275925 3.4984088906722174e-15
3539.06191825867 3.4347927538174354e-15
3541.89111375809 3.508479986332719e-15
3544.72030925751 3.483152379657393e-15
3547.54950475693 3.4769877342037634e-15
3550.37870025635 3.2447536840521925e-15
3553.20789575577 3.2612514113111886e-15
3556.03709125519 3.167812917629682e-15
3558.86628675461 3.2644361596073395e-15
3561.69548225403 3.308930287513191e-15
3564.52467775345 3.3176782938125717e-15
3567.35387325287 3.488497141099456e-15
3570.18306875229 3.1485007343956036e-15
3573.01226425171 3.406566263200354e-15
3575.84145975113 3.328375981564719e-15
3578.67065525055 3.523873120730368e-15
3581.49985074997 3.1293294904541894e-15
3584.32904624939 3.4417239578320476e-15
3587.15824174881 3.259119358173246e-15
3589.98743724823 3.4343252563148497e-15
3592.81663274765 3.4080706495405852e-15
3595.64582824707 3.380423755960793e-15
3598.47502374649 3.2438250934912493e-15
3601.30421924591 3.459361177317675e-15
3604.13341474533 3.4788164803352346e-15
3606.96261024475 3.4451033619807513e-15
3609.79180574417 3.4161483281702904e-15
3612.62100124359 3.3007988797110932e-15
3615.45019674301 3.25173532259675e-15
3618.27939224243 3.307317635487126e-15
3621.10858774185 3.596194943131545e-15
3623.93778324127 3.2518340937484306e-15
3626.76697874069 3.410924979798987e-15
3629.59617424011 3.278566935988126e-15
3632.42536973953 3.2102656930564932e-15
3635.25456523895 3.2377418020537695e-15
3638.08376073837 3.0960828918508557e-15
3640.91295623779 3.3000821318011617e-15
3643.74215173721 3.380707817681623e-15
3646.57134723663 3.1842779347215523e-15
3649.40054273605 3.3032672466594216e-15
3652.22973823547 3.405185619751547e-15
3655.05893373489 3.2892752841779672e-15
3657.88812923431 3.395871269237312e-15
3660.71732473373 3.320937451406676e-15
3663.54652023315 3.2772947734781382e-15
3666.37571573257 3.4294720531661892e-15
3669.20491123199 3.323636881207111e-15
3672.03410673141 3.139531154444442e-15
3674.86330223083 3.1860734960600104e-15
3677.69249773025 3.0077098999304636e-15
3680.52169322967 2.9572142165763506e-15
3683.35088872909 3.1021725590044564e-15
3686.18008422852 3.0316806005074583e-15
3689.00927972793 3.1114451801624535e-15
3691.83847522736 3.178549588475828e-15
3694.66767072677 3.1973896122660978e-15
3697.4968662262 3.2840326529617942e-15
3700.32606172562 3.0927336935721205e-15
3703.15525722504 3.2310810291461376e-15
3705.98445272446 3.0080355174798074e-15
3708.81364822388 3.213618935210829e-15
3711.6428437233 3.0620677937005513e-15
3714.47203922272 3.0376725485697134e-15
3717.30123472214 3.131050967091849e-15
3720.13043022156 3.1017373013231452e-15
3722.95962572098 3.2299277275363732e-15
3725.7888212204 3.210607723344092e-15
3728.61801671982 3.074427788578975e-15
3731.44721221924 3.3432469165286616e-15
3734.27640771866 3.4167500310302198e-15
3737.10560321808 3.231260663269236e-15
3739.9347987175 3.301926326626281e-15
3742.76399421692 3.1428734218531943e-15
3745.59318971634 3.2906887431677294e-15
3748.42238521576 3.2013113511859736e-15
3751.25158071518 3.0998017548308016e-15
3754.0807762146 3.0192321079394606e-15
3756.90997171402 3.161699075683379e-15
3759.73916721344 2.997447075090508e-15
3762.56836271286 2.9882882427705176e-15
3765.39755821228 3.0313039363730884e-15
3768.2267537117 3.0375250814391552e-15
3771.05594921112 3.009033323085044e-15
3773.88514471054 3.2041636165460665e-15
3776.71434020996 3.036596955601882e-15
3779.54353570938 3.0398591026041445e-15
3782.3727312088 2.960134184782486e-15
3785.20192670822 2.9959356951927707e-15
3788.03112220764 3.0218538099110166e-15
3790.86031770706 3.2139335427203792e-15
3793.68951320648 2.949050191684737e-15
3796.5187087059 3.0386920632822918e-15
3799.34790420532 3.0337783096255412e-15
3802.17709970474 3.092003160624183e-15
3805.00629520416 2.9510688374677268e-15
3807.83549070358 3.184930262896367e-15
3810.664686203 2.8898062050670033e-15
3813.49388170242 3.017538309006612e-15
3816.32307720184 3.038296475597655e-15
3819.15227270126 3.0210476611477994e-15
3821.98146820068 2.9579190912341898e-15
3824.8106637001 2.870776558853529e-15
3827.63985919952 3.0157582195910484e-15
3830.46905469894 2.8566751428186653e-15
3833.29825019836 2.7877759463618067e-15
3836.12744569778 2.850269684631448e-15
3838.9566411972 2.734803194104721e-15
3841.78583669662 2.951150271401907e-15
3844.61503219604 2.7299790965373676e-15
3847.44422769546 2.960814398397338e-15
3850.27342319488 2.8365681685222823e-15
3853.10261869431 2.8954683142379888e-15
3855.93181419373 2.956900926693449e-15
3858.76100969314 2.9084752474801636e-15
3861.59020519257 2.8640657808394592e-15
3864.41940069198 2.8509916788158905e-15
3867.24859619141 2.9482460101840492e-15
3870.07779169083 2.880209591438272e-15
3872.90698719025 2.8485765676558486e-15
3875.73618268967 2.7926580342939066e-15
3878.56537818909 2.8038974683556985e-15
3881.39457368851 2.672667893299814e-15
3884.22376918793 2.698195778926358e-15
3887.05296468735 2.9323843317131804e-15
3889.88216018677 2.8580054890931165e-15
3892.71135568619 2.736635065055167e-15
3895.54055118561 2.5165967078318546e-15
3898.36974668503 2.8487784990736107e-15
3901.19894218445 2.8272038435884387e-15
3904.02813768387 2.810505552366627e-15
3906.85733318329 2.6654565040685106e-15
3909.68652868271 2.7123587599031152e-15
3912.51572418213 2.6826311375103094e-15
3915.34491968155 2.6459005517593568e-15
3918.17411518097 2.603106514611173e-15
3921.00331068039 2.55817376597597e-15
3923.83250617981 2.674173065306249e-15
3926.66170167923 2.595167910057282e-15
3929.49089717865 2.57020736373574e-15
3932.32009267807 2.6250764597066904e-15
3935.14928817749 2.520029702553744e-15
3937.97848367691 2.5739216574760154e-15
3940.80767917633 2.671931862890334e-15
3943.63687467575 2.647682383756396e-15
3946.46607017517 2.655910499552155e-15
3949.29526567459 2.5978769466549948e-15
3952.12446117401 2.613672285967637e-15
3954.95365667343 2.6115724074797605e-15
3957.78285217285 2.5964256250711173e-15
3960.61204767227 2.5543795895276068e-15
3963.44124317169 2.6497416583921193e-15
3966.27043867111 2.546339170707726e-15
3969.09963417053 2.526561269968631e-15
3971.92882966995 2.4369776516412713e-15
3974.75802516937 2.5450914988997377e-15
3977.58722066879 2.535908305450639e-15
3980.41641616821 2.5765022495515444e-15
3983.24561166763 2.5844949308662515e-15
3986.07480716705 2.687944231316285e-15
3988.90400266647 2.496022920022718e-15
3991.73319816589 2.624790680736873e-15
3994.56239366531 2.5102807674168167e-15
3997.39158916473 2.4541416407423226e-15
4000.22078466415 2.5854439627314634e-15
4003.04998016357 2.5079903997776855e-15
4005.87917566299 2.5809480621601353e-15
4008.70837116242 2.558421638276341e-15
4011.53756666183 2.574060734912626e-15
4014.36676216126 2.5097607497736686e-15
4017.19595766068 2.536367185791608e-15
4020.0251531601 2.5540589748855786e-15
4022.85434865952 2.5605084233015266e-15
4025.68354415894 2.4415911627108622e-15
4028.51273965836 2.5925539443814297e-15
4031.34193515778 2.503319555767949e-15
4034.1711306572 2.4865452349563872e-15
4037.00032615662 2.5511157611076324e-15
4039.82952165604 2.5635334212479837e-15
4042.65871715546 2.4624971647767344e-15
4045.48791265488 2.48613023435843e-15
4048.3171081543 2.434152101276003e-15
4051.14630365372 2.5574659040221628e-15
4053.97549915314 2.4042034317054586e-15
4056.80469465256 2.429683222483422e-15
4059.63389015198 2.586700288170914e-15
4062.4630856514 2.490630901027307e-15
4065.29228115082 2.4752671932631174e-15
4068.12147665024 2.537861309797878e-15
4070.95067214966 2.547400369661677e-15
4073.77986764908 2.5873345034738923e-15
4076.6090631485 2.501822024287475e-15
4079.43825864792 2.50788823119468e-15
4082.26745414734 2.4689393580081167e-15
4085.09664964676 2.436896726382376e-15
4087.92584514618 2.5415327859625543e-15
4090.7550406456 2.3428413754299905e-15
4093.58423614502 2.4661457357597677e-15
4096.41343164444 2.409626836880598e-15
4099.24262714386 2.4990573525147345e-15
4102.07182264328 2.3883522305865077e-15
4104.9010181427 2.4353568376015457e-15
4107.73021364212 2.354344706754612e-15
4110.55940914154 2.3896853312205714e-15
4113.38860464096 2.384864653816088e-15
4116.21780014038 2.499784761743521e-15
4119.0469956398 2.314259083075047e-15
4121.87619113922 2.355821622591918e-15
4124.70538663864 2.3515946533630832e-15
4127.53458213806 2.4039280290513722e-15
4130.36377763748 2.1612889644010016e-15
4133.1929731369 2.3285936404594523e-15
4136.02216863632 2.255337133439814e-15
4138.85136413574 2.2806942737778486e-15
4141.68055963516 2.3091967765083793e-15
4144.50975513458 2.2340097454229784e-15
4147.338950634 2.3224730393686694e-15
4150.16814613342 2.3020630192063874e-15
4152.99734163284 2.2367265070092577e-15
4155.82653713226 2.2008092234349584e-15
4158.65573263168 2.202174734162296e-15
4161.4849281311 2.1272104150304382e-15
4164.31412363052 2.12947886279969e-15
4167.14331912994 2.167661900647459e-15
4169.97251462937 2.1967746441824817e-15
4172.80171012879 2.2127977590309242e-15
4175.63090562821 2.132174784903002e-15
4178.46010112762 2.039446525246953e-15
4181.28929662705 2.073359904767225e-15
4184.11849212647 2.0635833649491205e-15
4186.94768762589 2.0438648990113537e-15
4189.77688312531 2.038398261056713e-15
4192.60607862473 2.1133340224535606e-15
4195.43527412415 2.0689859730600065e-15
4198.26446962357 2.133772690837214e-15
4201.09366512299 2.1075104047935623e-15
4203.92286062241 2.0964732388421286e-15
4206.75205612183 2.107640809131238e-15
4209.58125162125 2.048599943977946e-15
4212.41044712067 2.0443142510536597e-15
4215.23964262009 1.9786416918962952e-15
4218.06883811951 2.04287689587582e-15
4220.89803361893 2.06482950349699e-15
4223.72722911835 2.0744958379244676e-15
4226.55642461777 2.1897734923441213e-15
4229.38562011719 2.0756155004056153e-15
4232.21481561661 2.060862456572971e-15
4235.04401111603 2.1384525434742627e-15
4237.87320661545 2.204745531098119e-15
4240.70240211487 2.1238506139518116e-15
4243.53159761429 2.1255632765688037e-15
4246.36079311371 1.975910885563495e-15
4249.18998861313 2.1612756046919836e-15
4252.01918411255 2.141910160850047e-15
4254.84837961197 2.130891853356481e-15
4257.67757511139 2.158359423582619e-15
4260.50677061081 2.0886230091023282e-15
4263.33596611023 2.0990600887189635e-15
4266.16516160965 2.0763099992709983e-15
4268.99435710907 2.0647827525138286e-15
4271.82355260849 2.0469921887711505e-15
4274.65274810791 2.131712564421223e-15
4277.48194360733 2.140395186664437e-15
4280.31113910675 2.164459273676608e-15
4283.14033460617 2.092233702149172e-15
4285.96953010559 2.0711505939048367e-15
4288.79872560501 2.110520126329227e-15
4291.62792110443 2.1347340917274996e-15
4294.45711660385 2.1852500496965183e-15
4297.28631210327 2.1591829043982774e-15
4300.11550760269 2.1301885709601087e-15
4302.94470310211 2.0856782482771226e-15
4305.77389860153 2.0833889185933603e-15
4308.60309410095 2.2018353057283663e-15
4311.43228960037 2.084794031084606e-15
4314.26148509979 2.0487228657171615e-15
4317.09068059921 2.1257564310435517e-15
4319.91987609863 2.1402391681159335e-15
4322.74907159805 2.067715392236603e-15
4325.57826709747 2.1492917793668803e-15
4328.40746259689 2.0389935527181277e-15
4331.23665809631 2.095241489186677e-15
4334.06585359573 2.1264764545472945e-15
4336.89504909516 2.145094767383558e-15
4339.72424459457 2.1378710226872018e-15
4342.553440094 2.1068761614254353e-15
4345.38263559342 2.1458179642044714e-15
4348.21183109283 2.101559282219133e-15
4351.04102659226 2.0025035260414966e-15
4353.87022209168 2.0353486353727053e-15
4356.6994175911 2.111137933076654e-15
4359.52861309052 2.081594820893786e-15
4362.35780858994 2.0757593505582104e-15
4365.18700408936 2.1644658327960092e-15
4368.01619958878 2.0308670262495844e-15
4370.8453950882 2.03772328333116e-15
4373.67459058762 2.075703147500864e-15
4376.50378608704 2.06555270452532e-15
4379.33298158646 2.0640774874801722e-15
4382.16217708588 2.0711698740768877e-15
4384.9913725853 2.025112586288955e-15
4387.82056808472 1.9753787170156264e-15
4390.64976358414 2.057129589503348e-15
4393.47895908356 2.082651284293171e-15
4396.30815458298 1.945471141498301e-15
4399.1373500824 1.9630743466640482e-15
4401.96654558182 2.035140144879617e-15
4404.79574108124 1.9387862049860293e-15
4407.62493658066 1.995177892509902e-15
4410.45413208008 2.000860018647029e-15
4413.2833275795 1.9727094704274977e-15
4416.11252307892 2.0140029568178115e-15
4418.94171857834 1.9795877660130468e-15
4421.77091407776 2.1240502821522206e-15
4424.60010957718 1.9684909019178467e-15
4427.4293050766 2.0244028542732278e-15
4430.25850057602 1.942454640990893e-15
4433.08769607544 1.9570121545791126e-15
4435.91689157486 1.978842858617835e-15
4438.74608707428 1.893797379844834e-15
4441.5752825737 1.939782577399227e-15
4444.40447807312 1.970472516464574e-15
4447.23367357254 1.9245660837297627e-15
4450.06286907196 2.0147825949337297e-15
4452.89206457138 1.989655619440908e-15
4455.7212600708 1.9197177067669407e-15
4458.55045557022 1.956706165457037e-15
4461.37965106964 1.9431617508369225e-15
4464.20884656906 1.9098650619842586e-15
4467.03804206848 1.8445469153457413e-15
4469.8672375679 1.9001320166189426e-15
4472.69643306732 1.8958221952868035e-15
4475.52562856674 1.8770401858093553e-15
4478.35482406616 1.8066266527336473e-15
4481.18401956558 1.8595643255079237e-15
4484.013215065 1.8390691230081194e-15
4486.84241056442 1.8279881259258398e-15
4489.67160606384 1.918357431050543e-15
4492.50080156326 1.8330371756026077e-15
4495.32999706269 1.8712803895070592e-15
4498.1591925621 1.8262798158153613e-15
4500.98838806153 1.852385339680935e-15
4503.81758356095 1.7917467950534127e-15
4506.64677906036 1.887089304472563e-15
4509.47597455979 1.8941113528384104e-15
4512.30517005921 1.781808000510287e-15
4515.13436555863 1.7786408759287156e-15
4517.96356105805 1.8289474693606278e-15
4520.79275655747 1.8559703637978497e-15
4523.62195205689 1.7899864531608102e-15
4526.45114755631 1.7482566231531111e-15
4529.28034305573 1.7831618974871727e-15
4532.10953855515 1.83504763458576e-15
4534.93873405457 1.8011560681804878e-15
4537.76792955399 1.781607516105482e-15
4540.59712505341 1.8544208353545994e-15
4543.42632055283 1.7678232770549692e-15
4546.25551605225 1.8139116732519553e-15
4549.08471155167 1.7771492544109748e-15
4551.91390705109 1.784104523065664e-15
4554.74310255051 1.785326166888874e-15
4557.57229804993 1.78662418838344e-15
4560.40149354935 1.6605930102426925e-15
4563.23068904877 1.7179162570565464e-15
4566.05988454819 1.766714216544954e-15
4568.88908004761 1.8167995798255118e-15
4571.71827554703 1.820241791400457e-15
4574.54747104645 1.7527471804285264e-15
4577.37666654587 1.7692693349425677e-15
4580.20586204529 1.7442161303794572e-15
4583.03505754471 1.7880667921985976e-15
4585.86425304413 1.735508755536789e-15
4588.69344854355 1.7165152019552882e-15
4591.52264404297 1.6981033921754036e-15
4594.35183954239 1.7606949169019148e-15
4597.18103504181 1.7156855392900657e-15
4600.01023054123 1.6569786790884576e-15
4602.83942604065 1.6700969824381009e-15
4605.66862154007 1.681409032462946e-15
4608.49781703949 1.7194199583609895e-15
4611.32701253891 1.6249769481543895e-15
4614.15620803833 1.6309151092708267e-15
4616.98540353775 1.7118115186883663e-15
4619.81459903717 1.7225454460345926e-15
4622.64379453659 1.6759726935095173e-15
4625.47299003601 1.653851616107054e-15
4628.30218553543 1.680304002528963e-15
4631.13138103485 1.6320087728078966e-15
4633.96057653427 1.5927911566841218e-15
4636.78977203369 1.6374876315247215e-15
4639.61896753311 1.5676874471739491e-15
4642.44816303253 1.626344254240799e-15
4645.27735853195 1.6342548118505316e-15
4648.10655403137 1.5420680435332766e-15
4650.93574953079 1.5830227402652515e-15
4653.76494503021 1.5742934831881241e-15
4656.59414052963 1.5816600366769309e-15
4659.42333602906 1.5752775207887484e-15
4662.25253152848 1.5677320604114663e-15
4665.08172702789 1.587153983392677e-15
4667.91092252732 1.5507089696108203e-15
4670.74011802674 1.552834558697617e-15
4673.56931352616 1.612261533563548e-15
4676.39850902558 1.536921499409925e-15
4679.227704525 1.5340933189555054e-15
4682.05690002442 1.5641900994675024e-15
4684.88609552384 1.5321812596006038e-15
4687.71529102326 1.4905042193713501e-15
4690.54448652268 1.4726823425401107e-15
4693.3736820221 1.5397569163286149e-15
4696.20287752152 1.5019446342677916e-15
4699.03207302094 1.4822041618258132e-15
4701.86126852036 1.4988830912033934e-15
4704.69046401978 1.4900327246574782e-15
4707.5196595192 1.4673886707220458e-15
4710.34885501862 1.4153694766642658e-15
4713.17805051804 1.4713732735181097e-15
4716.00724601746 1.474639075735998e-15
4718.83644151688 1.5130527000098711e-15
4721.6656370163 1.518409819574474e-15
4724.49483251572 1.4584383939396167e-15
4727.32402801514 1.5363134683226503e-15
4730.15322351456 1.5154204167166542e-15
4732.98241901398 1.5155985717987824e-15
4735.8116145134 1.590305214681837e-15
4738.64081001282 1.4901382278775174e-15
4741.47000551224 1.5501308633634336e-15
4744.29920101166 1.5863787162519682e-15
4747.12839651108 1.5720096101773877e-15
4749.9575920105 1.518956175996865e-15
4752.78678750992 1.5634443907133575e-15
4755.61598300934 1.6305424218173665e-15
4758.44517850876 1.58511961794275e-15
4761.27437400818 1.624532612949874e-15
4764.1035695076 1.6328260337148676e-15
4766.93276500702 1.649399970124435e-15
4769.76196050644 1.6963364604815287e-15
4772.59115600586 1.6792052785074864e-15
4775.42035150528 1.6256656967329894e-15
4778.2495470047 1.6718456536961872e-15
4781.07874250412 1.6243410866634961e-15
4783.90793800354 1.6675693789862496e-15
4786.73713350296 1.6802280683871666e-15
4789.56632900238 1.706285209804589e-15
4792.3955245018 1.6843947292406534e-15
4795.22472000122 1.6800137224598237e-15
4798.05391550064 1.8069619285952783e-15
4800.88311100006 1.7632050928718331e-15
4803.71230649948 1.6570510825019489e-15
4806.5415019989 1.7475891104618686e-15
4809.37069749832 1.731922598924269e-15
4812.19989299774 1.7402427767799265e-15
4815.02908849716 1.7178511912665101e-15
4817.85828399658 1.6746118553312096e-15
4820.687479496 1.7976966411724723e-15
4823.51667499542 1.6982956951747465e-15
4826.34587049484 1.7643630831158355e-15
4829.17506599427 1.6663350803047148e-15
4832.00426149369 1.7032462066422245e-15
4834.8334569931 1.732825926853038e-15
4837.66265249253 1.6876514795104091e-15
4840.49184799195 1.7199625027021793e-15
4843.32104349137 1.7160848207486605e-15
4846.15023899079 1.722457827842182e-15
4848.97943449021 1.7452222575021116e-15
4851.80862998963 1.7557010108700204e-15
4854.63782548905 1.7132660095121192e-15
4857.46702098847 1.7469631750887355e-15
4860.29621648789 1.6873898008995752e-15
4863.12541198731 1.6778227399992944e-15
4865.95460748673 1.6756720730997529e-15
4868.78380298615 1.683019164885026e-15
4871.61299848557 1.7041129732031364e-15
4874.44219398499 1.7311255524682136e-15
4877.27138948441 1.7029681588383661e-15
4880.10058498383 1.6681600316618612e-15
4882.92978048325 1.6155171864721896e-15
4885.75897598267 1.6437010197121753e-15
4888.58817148209 1.6543433626367739e-15
4891.41736698151 1.7096082988771698e-15
4894.24656248093 1.686381901245353e-15
4897.07575798035 1.6348827289507862e-15
4899.90495347977 1.671022123802386e-15
4902.73414897919 1.6549347622747133e-15
4905.56334447861 1.5993926194721521e-15
4908.39253997803 1.6110351500085159e-15
4911.22173547745 1.6106719832462841e-15
4914.05093097687 1.645720758450711e-15
4916.88012647629 1.620795911486993e-15
4919.70932197571 1.5854529199156002e-15
4922.53851747513 1.642841412364431e-15
4925.36771297455 1.5906778989478308e-15
4928.19690847397 1.5913412752805664e-15
4931.02610397339 1.6232010158019002e-15
4933.85529947281 1.585685200740203e-15
4936.68449497223 1.5911633403371591e-15
4939.51369047165 1.6220074667209156e-15
4942.34288597107 1.566222093518263e-15
4945.17208147049 1.6184170928131793e-15
4948.00127696991 1.6093186756990786e-15
4950.83047246933 1.4998722172680357e-15
4953.65966796875 1.5749705290507163e-15
4956.48886346817 1.6134797820549586e-15
4959.31805896759 1.5880396767998855e-15
4962.14725446701 1.5803996456003552e-15
4964.97644996643 1.5443336816187585e-15
4967.80564546585 1.5357444283620502e-15
4970.63484096527 1.5496863177066628e-15
4973.46403646469 1.5410173683337031e-15
4976.29323196411 1.5359671496976015e-15
4979.12242746353 1.4750695001494698e-15
4981.95162296295 1.5125584818992786e-15
4984.78081846237 1.5343872197616612e-15
4987.61001396179 1.5155577235819473e-15
4990.43920946122 1.483051297445063e-15
4993.26840496063 1.541540563316185e-15
4996.09760046006 1.5392726061100361e-15
4998.92679595948 1.5572012228707969e-15
5001.7559914589 1.561043451633843e-15
5004.58518695832 1.411247805312064e-15
5007.41438245774 1.4199772109855412e-15
5010.24357795716 1.5324984288197628e-15
5013.07277345658 1.4674399003149045e-15
5015.901968956 1.4453524630140987e-15
5018.73116445542 1.4678899876748117e-15
5021.56035995484 1.4818985028510087e-15
5024.38955545426 1.490282936244424e-15
5027.21875095368 1.4157019728383085e-15
5030.0479464531 1.4078187459542577e-15
5032.87714195252 1.4914584612611895e-15
5035.70633745194 1.4666551994575709e-15
5038.53553295136 1.4192290878337745e-15
5041.36472845078 1.425382421144892e-15
5044.1939239502 1.3777628320446007e-15
5047.02311944962 1.4038816164975465e-15
5049.85231494904 1.3578287514527702e-15
5052.68151044846 1.4616676592706787e-15
5055.51070594788 1.435657022640111e-15
5058.3399014473 1.3935682994938136e-15
5061.16909694672 1.4044126188075746e-15
5063.99829244614 1.4230170565610874e-15
5066.82748794556 1.5084279267344163e-15
5069.65668344498 1.4386797084315792e-15
5072.4858789444 1.438152045793886e-15
5075.31507444382 1.3924291655032755e-15
5078.14426994324 1.394221830059178e-15
5080.97346544266 1.4392642586688117e-15
5083.80266094208 1.3733886865288886e-15
5086.6318564415 1.4140044220347688e-15
5089.46105194092 1.4048323477503205e-15
5092.29024744034 1.35673451413812e-15
5095.11944293976 1.3767077951974192e-15
5097.94863843918 1.3827479856101411e-15
5100.7778339386 1.3600593354255356e-15
5103.60702943802 1.3799099124945444e-15
5106.43622493744 1.3171633098028267e-15
5109.26542043686 1.3034052940803717e-15
5112.09461593628 1.3137822473205105e-15
5114.9238114357 1.3370986050961776e-15
5117.75300693512 1.3243103346052828e-15
5120.58220243454 1.3203938180882605e-15
5123.41139793396 1.3245479703472072e-15
5126.24059343338 1.3458893291870824e-15
5129.06978893281 1.2677452420438447e-15
5131.89898443222 1.3332517267503053e-15
5134.72817993164 1.3278184681145335e-15
5137.55737543107 1.34306354065527e-15
5140.38657093048 1.3443330933046284e-15
5143.21576642991 1.4654866556645304e-15
5146.04496192933 1.3508378937832999e-15
5148.87415742875 1.3929817841578015e-15
5151.70335292816 1.378137579649924e-15
5154.53254842759 1.3113396378229324e-15
5157.36174392701 1.2805151569326643e-15
5160.19093942643 1.2981530346278535e-15
5163.02013492585 1.2907542929289478e-15
5165.84933042527 1.318638129650976e-15
5168.67852592469 1.2205102849175567e-15
5171.50772142411 1.2486244405747683e-15
5174.33691692353 1.2616241612672542e-15
5177.16611242295 1.2695309229103145e-15
5179.99530792237 1.2333269323964102e-15
5182.82450342179 1.1613409803956452e-15
5185.65369892121 1.1618094051254726e-15
5188.48289442063 1.2034416438134418e-15
5191.31208992005 1.2313445678600519e-15
5194.14128541947 1.2444585557699255e-15
5196.97048091889 1.1996420534455243e-15
5199.79967641831 1.2603523882771574e-15
5202.62887191773 1.2490650918778663e-15
5205.45806741715 1.203796120188056e-15
5208.28726291657 1.2632706044763178e-15
5211.11645841599 1.2664120766913336e-15
5213.94565391541 1.243605009936886e-15
5216.77484941483 1.1901034729822312e-15
5219.60404491425 1.2528676761986146e-15
5222.43324041367 1.2365293598595996e-15
5225.26243591309 1.1739176805246925e-15
5228.09163141251 1.2518587930704184e-15
5230.92082691193 1.2198092618072714e-15
5233.75002241135 1.2572829253906517e-15
5236.57921791077 1.1944187025227034e-15
5239.40841341019 1.2195607678511546e-15
5242.23760890961 1.175614787709269e-15
5245.06680440903 1.210002817990753e-15
5247.89599990845 1.2175159559821932e-15
5250.72519540787 1.2130647872024854e-15
5253.55439090729 1.1587567889192179e-15
5256.38358640671 1.191820071287474e-15
5259.21278190613 1.1438509119250317e-15
5262.04197740555 1.1654994908172563e-15
5264.87117290497 1.0939553720819696e-15
5267.70036840439 1.1137069077641417e-15
5270.52956390381 1.205425874328893e-15
5273.35875940323 1.2131337744326822e-15
5276.18795490265 1.1985679408532125e-15
5279.01715040207 1.1721357509222988e-15
5281.84634590149 1.1284250526081069e-15
5284.67554140091 1.116991721583283e-15
5287.50473690033 1.1687839160997036e-15
5290.33393239975 1.1873723292625606e-15
5293.16312789917 1.157665640296454e-15
5295.99232339859 1.1604110233704708e-15
5298.82151889801 1.1659769934255265e-15
5301.65071439744 1.2291735617755967e-15
5304.47990989685 1.141203282176505e-15
5307.30910539627 1.108479068745341e-15
5310.1383008957 1.135355835896455e-15
5312.96749639512 1.1608840953412524e-15
5315.79669189454 1.1424894945981511e-15
5318.62588739396 1.1473572138715683e-15
5321.45508289338 1.1595270583229402e-15
5324.28427839279 1.1405862173104659e-15
5327.11347389222 1.1215649179422036e-15
5329.94266939164 1.115829457932224e-15
5332.77186489106 1.0884133281133246e-15
5335.60106039048 1.1419118514625687e-15
5338.4302558899 1.146381565785167e-15
5341.25945138932 1.0909035950152924e-15
5344.08864688874 1.051703012121357e-15
5346.91784238816 1.0615204984855684e-15
5349.74703788758 1.1267960104093626e-15
5352.576233387 1.1354827880434922e-15
5355.40542888642 1.0453266659897343e-15
5358.23462438584 1.1768237173515095e-15
5361.06381988526 1.1286215010482907e-15
5363.89301538468 1.136047727677614e-15
5366.7222108841 1.076723091220557e-15
5369.55140638352 1.1123166803948262e-15
5372.38060188294 1.1628534277515263e-15
5375.20979738236 1.0749990846817525e-15
5378.03899288178 1.0888651592868437e-15
5380.8681883812 1.0841956220657255e-15
5383.69738388062 1.0460370334108136e-15
5386.52657938004 1.0926171354885263e-15
5389.35577487946 1.0716354169725994e-15
5392.18497037888 1.1344400615491244e-15
5395.0141658783 1.0754111265991341e-15
5397.84336137772 1.0764604880822739e-15
5400.67255687714 1.0809566963154304e-15
5403.50175237656 1.0820563050180471e-15
5406.33094787598 1.0757167755321514e-15
5409.1601433754 1.0701231300308087e-15
5411.98933887482 1.1338864039994083e-15
5414.81853437424 1.0928673476932138e-15
5417.64772987366 1.0765755355384355e-15
5420.47692537308 1.1059077326932536e-15
5423.3061208725 1.0722730777448599e-15
5426.13531637192 1.0252087553127033e-15
5428.96451187134 1.0167700733196937e-15
5431.79370737076 1.014584728500593e-15
5434.62290287018 1.0283641225200992e-15
5437.4520983696 1.0922934110521506e-15
5440.28129386902 1.0646829945547713e-15
5443.11048936844 1.033552078115192e-15
5445.93968486786 1.0621664723801587e-15
5448.76888036728 1.0442571954284456e-15
5451.5980758667 1.0630353965780542e-15
5454.42727136612 1.0637227698744e-15
5457.25646686554 1.0587373735310574e-15
5460.08566236496 1.0515146250207227e-15
5462.91485786438 1.0730866219472117e-15
5465.7440533638 1.0323993501177281e-15
5468.57324886322 9.905300399939906e-16
5471.40244436264 1.0357769885949013e-15
5474.23163986207 1.036560866241732e-15
5477.06083536149 1.0420074262083385e-15
5479.89003086091 1.038389193424643e-15
5482.71922636033 1.0377358896109176e-15
5485.54842185975 9.8503703151685e-16
5488.37761735917 1.0666461913530905e-15
5491.20681285859 1.0469886842682827e-15
5494.03600835801 1.0484723300731193e-15
5496.86520385743 1.0592236520229662e-15
5499.69439935685 1.0759985571700256e-15
5502.52359485627 1.0505054496248761e-15
5505.35279035569 1.0630477361262997e-15
5508.18198585511 9.756806944393668e-16
5511.01118135453 1.0428300353549292e-15
5513.84037685395 1.0558201102340123e-15
5516.66957235337 1.0186680287934891e-15
5519.49876785279 1.0182233442089837e-15
5522.32796335221 1.03253504830329e-15
5525.15715885163 1.0015260660906407e-15
5527.98635435105 1.0032527973669051e-15
5530.81554985047 9.663695550279214e-16
5533.64474534989 1.0387807527782862e-15
5536.47394084931 9.701348340543772e-16
5539.30313634873 1.0486489180806397e-15
5542.13233184815 9.66582786013599e-16
5544.96152734757 1.0073323902375279e-15
5547.79072284699 1.0199066173106084e-15
5550.61991834641 9.602328171990296e-16
5553.44911384583 9.995246033407625e-16
5556.27830934525 9.625394816926022e-16
5559.10750484467 1.0240282734726853e-15
5561.93670034409 9.784362215104764e-16
5564.76589584351 9.574629362136454e-16
5567.59509134293 9.777599597629488e-16
5570.42428684235 9.813437969358733e-16
5573.25348234177 9.74095024906406e-16
5576.08267784119 9.960294477546757e-16
5578.91187334061 9.944425580866382e-16
5581.74106884003 9.071984804434543e-16
5584.57026433945 9.812544924025452e-16
5587.39945983887 9.404292335242977e-16
5590.22865533829 8.966922540912969e-16
5593.05785083771 9.449502438589694e-16
5595.88704633713 9.41670476552222e-16
5598.71624183655 9.465423603056392e-16
5601.54543733597 9.183739720230928e-16
5604.37463283539 9.188079517005106e-16
5607.20382833481 9.475959387786104e-16
5610.03302383423 9.4464756714923e-16
5612.86221933365 9.468998092708976e-16
5615.69141483307 9.381211224301483e-16
5618.52061033249 9.48879941745171e-16
5621.34980583191 9.361987136849104e-16
5624.17900133133 9.454187228345e-16
5627.00819683075 9.585880787351276e-16
5629.83739233018 9.38089602634712e-16
5632.6665878296 9.285691548069249e-16
5635.49578332902 9.270985173539892e-16
5638.32497882843 9.462836876648252e-16
5641.15417432786 9.13794439304769e-16
5643.98336982728 9.081223700606542e-16
5646.8125653267 9.39930539353246e-16
5649.64176082612 9.976198511690927e-16
5652.47095632554 9.330859072689157e-16
5655.30015182496 8.695237590350791e-16
5658.12934732438 9.281259142366476e-16
5660.9585428238 9.384353157306138e-16
5663.78773832322 8.973764119225148e-16
5666.61693382264 9.135292011993889e-16
5669.44612932206 9.393002167283093e-16
5672.27532482148 9.260002730081674e-16
5675.1045203209 8.667865779685349e-16
5677.93371582032 9.112002181620792e-16
5680.76291131974 9.22866527223104e-16
5683.59210681916 9.121145637193556e-16
5686.42130231858 8.838931823379082e-16
5689.250497818 8.96695463657825e-16
5692.07969331742 8.958374021215965e-16
5694.90888881684 8.816201231167784e-16
5697.73808431626 9.032601544805175e-16
5700.56727981568 9.074233022555137e-16
5703.3964753151 8.799104231868471e-16
5706.22567081452 8.72520288665441e-16
5709.05486631394 8.846435722254406e-16
5711.88406181336 8.971538192633093e-16
5714.71325731278 9.078668692476814e-16
5717.5424528122 9.0015140129851e-16
5720.37164831162 9.02251226092621e-16
5723.20084381104 8.95367781606109e-16
5726.03003931046 9.13832308685363e-16
5728.85923480988 8.81119575534593e-16
5731.6884303093 8.662063415544888e-16
5734.51762580872 9.330525791570197e-16
5737.34682130814 9.039446425542346e-16
5740.17601680756 8.957319814586353e-16
5743.00521230698 9.478934207171127e-16
5745.8344078064 9.146631623398652e-16
5748.66360330582 8.869118803499531e-16
5751.49279880524 9.28001228536727e-16
5754.32199430466 9.179178353374947e-16
5757.15118980408 9.51056733030686e-16
5759.9803853035 9.357971029870528e-16
5762.80958080292 8.892296880526323e-16
5765.63877630234 9.10248850284606e-16
5768.46797180176 9.641302971263329e-16
5771.29716730118 9.613023097770756e-16
5774.1263628006 9.306045303821346e-16
5776.95555830002 9.321940349548686e-16
5779.78475379944 9.704628453428814e-16
5782.61394929886 9.678983325941554e-16
5785.44314479828 1.0026468088923837e-15
5788.27234029771 1.0342007363161724e-15
5791.10153579712 9.78102328561446e-16
5793.93073129655 9.585581880977486e-16
5796.75992679597 9.86067953259877e-16
5799.58912229539 9.348787929363374e-16
5802.41831779481 9.488421953732466e-16
5805.24751329423 9.615902644805665e-16
5808.07670879365 9.8123859865757e-16
5810.90590429307 1.004699220329941e-15
5813.73509979249 9.64349895608363e-16
5816.56429529191 9.50380061537096e-16
5819.39349079133 1.0101274444845287e-15
5822.22268629075 1.001145044331639e-15
5825.05188179017 9.356123979031655e-16
5827.88107728959 9.83931856752036e-16
5830.71027278901 9.381892180290353e-16
5833.53946828843 9.43826857151264e-16
5836.36866378785 9.925541599127088e-16
5839.19785928727 9.782150888260425e-16
5842.02705478669 9.819092744682781e-16
5844.85625028611 9.73249353064214e-16
5847.68544578553 9.784974307082015e-16
5850.51464128495 9.809181700100587e-16
5853.34383678437 9.490507356139994e-16
5856.17303228379 9.360651612258756e-16
5859.00222778321 9.796823394151663e-16
5861.83142328263 9.585785850079268e-16
5864.66061878205 9.44814714039895e-16
5867.48981428147 9.839556549696737e-16
5870.31900978089 9.87062887115599e-16
5873.14820528031 9.625652778485724e-16
5875.97740077973 9.333924319783733e-16
5878.80659627915 9.820664618552023e-16
5881.63579177857 9.498883873551346e-16
5884.46498727799 9.386313445964574e-16
5887.29418277741 9.696264102364236e-16
5890.12337827683 9.053521639676584e-16
5892.95257377625 9.220112622217817e-16
5895.78176927567 9.170166013542427e-16
5898.61096477509 9.308064962910023e-16
5901.44016027451 9.69111855916655e-16
5904.26935577393 9.68098163644304e-16
5907.09855127335 9.65117969770633e-16
5909.92774677277 9.534566725650746e-16
5912.75694227219 9.859121869344105e-16
5915.58613777161 9.571839789680924e-16
5918.41533327103 9.315549772182865e-16
5921.24452877045 9.548789567972496e-16
5924.07372426987 9.50406773577764e-16
5926.90291976929 9.508074432573933e-16
5929.73211526871 9.459361393253017e-16
5932.56131076813 9.83308278327314e-16
5935.39050626755 9.636466316175398e-16
5938.21970176697 9.243559728280664e-16
5941.0488972664 9.282792211743525e-16
5943.87809276581 9.103560854420932e-16
5946.70728826523 8.945796856767779e-16
5949.53648376465 9.39533307044036e-16
5952.36567926407 9.478909303469066e-16
5955.19487476349 8.835345154754133e-16
5958.02407026292 8.980670469065243e-16
5960.85326576233 9.081678445980978e-16
5963.68246126175 8.990818618329588e-16
5966.51165676118 9.380561018953224e-16
5969.3408522606 9.25175778717001e-16
5972.17004776002 8.657469216995762e-16
5974.99924325944 9.150815495547837e-16
5977.82843875886 9.255027312769351e-16
5980.65763425828 9.152304441288731e-16
5983.4868297577 9.151396757034085e-16
5986.31602525712 9.04405557605465e-16
5989.14522075654 9.125887186015625e-16
5991.97441625596 8.75200691204513e-16
5994.80361175538 8.629390255411509e-16
5997.6328072548 8.809748149247983e-16
6000.46200275422 9.155453546229492e-16
6003.29119825364 8.44045360696165e-16
6006.12039375306 8.7230841321354e-16
6008.94958925248 8.950425008343273e-16
6011.7787847519 8.796667761460507e-16
6014.60798025132 8.479337768629345e-16
6017.43717575074 9.305725887910523e-16
6020.26637125016 8.953916254915117e-16
6023.09556674958 9.01581171519178e-16
6025.924762249 8.964180459736488e-16
6028.75395774842 8.451758170406361e-16
6031.58315324784 8.392703183608431e-16
6034.41234874726 8.576619379953462e-16
6037.24154424668 8.638923055087177e-16
6040.0707397461 8.400066533501e-16
6042.89993524552 8.718902893039191e-16
6045.72913074494 7.943634624657288e-16
6048.55832624436 8.479679371047353e-16
6051.38752174378 8.033277228876956e-16
6054.2167172432 8.241150963075967e-16
6057.04591274262 8.416108030056667e-16
6059.87510824204 8.207315531419874e-16
6062.70430374146 7.898909744383275e-16
6065.53349924088 8.389786155982954e-16
6068.3626947403 8.179977002607975e-16
6071.19189023972 8.037920884117765e-16
6074.02108573914 8.3862248846151855e-16
6076.85028123856 8.470132345045968e-16
6079.67947673798 8.715911484841541e-16
6082.5086722374 8.259695941437134e-16
6085.33786773682 8.308838656220686e-16
6088.16706323624 8.619642169991653e-16
6090.99625873566 8.061633097757166e-16
6093.82545423508 8.082513658154978e-16
6096.6546497345 7.836859074406133e-16
6099.48384523392 7.862459816618733e-16
6102.31304073334 8.481271889956513e-16
6105.14223623276 7.899254116849197e-16
6107.97143173218 8.273693862928314e-16
6110.8006272316 8.397629877507749e-16
6113.62982273102 7.916638414150778e-16
6116.45901823044 7.938083128097253e-16
6119.28821372987 8.142524783251623e-16
6122.11740922928 8.220603255654841e-16
6124.9466047287 8.141622097139811e-16
6127.77580022813 8.003364900618535e-16
6130.60499572755 8.295474471688485e-16
6133.43419122696 8.0592052918643995e-16
6136.26338672639 8.51523818339397e-16
6139.09258222581 7.76337158645177e-16
6141.92177772523 7.190592022864201e-16
6144.75097322465 8.14852079867593e-16
6147.58016872407 8.154156070658452e-16
6150.40936422349 7.75348135321317e-16
6153.23855972291 7.554627526858486e-16
6156.06775522233 7.72446413389836e-16
6158.89695072175 7.856229293591654e-16
6161.72614622117 7.468220010178515e-16
6164.55534172059 7.9354346854336e-16
6167.38453722001 7.960951907720111e-16
6170.21373271943 7.953075430131226e-16
6173.04292821885 7.567926334906169e-16
6175.87212371827 7.613679413912912e-16
6178.70131921769 7.665238967419475e-16
6181.53051471711 7.7548835742895e-16
6184.35971021653 7.96158309629329e-16
6187.18890571595 7.654907940741437e-16
6190.01810121537 7.673093944642769e-16
6192.84729671479 7.772092540188086e-16
6195.67649221421 8.253140427169856e-16
6198.50568771363 8.086779014424525e-16
6201.33488321305 7.211869826372454e-16
6204.16407871247 7.474212504326691e-16
6206.99327421189 7.287344072540295e-16
6209.82246971131 7.670080386970999e-16
6212.65166521073 7.657247845988103e-16
6215.48086071015 7.749319018488909e-16
6218.31005620957 7.455591175380805e-16
6221.13925170899 7.530841081660771e-16
6223.96844720841 7.714070678576791e-16
6226.79764270783 7.25243516849185e-16
6229.62683820725 7.365035244998093e-16
6232.45603370667 7.548126097351951e-16
6235.28522920609 7.466612401439342e-16
6238.11442470551 7.070737541268048e-16
6240.94362020493 6.857099678706572e-16
6243.77281570435 7.47035094669253e-16
6246.60201120377 7.734515311428056e-16
6249.43120670319 7.332015266868713e-16
6252.26040220261 7.536864889073812e-16
6255.08959770203 7.028816433368656e-16
6257.91879320145 7.454285028483621e-16
6260.74798870087 7.00560107563106e-16
6263.57718420029 6.763598350390635e-16
6266.40637969971 7.143284883218594e-16
6269.23557519913 7.096563599853211e-16
6272.06477069855 6.788718631116528e-16
6274.89396619797 6.640024810040436e-16
6277.72316169739 6.825999739117767e-16
6280.55235719681 7.464102735235555e-16
6283.38155269624 6.670200503078812e-16
6286.21074819566 6.813954504092121e-16
6289.03994369508 6.00798800800281e-16
6291.8691391945 6.936227040403867e-16
6294.69833469392 6.906786208753008e-16
6297.52753019334 6.660917098478225e-16
6300.35672569276 6.36823846805408e-16
6303.18592119218 6.702073314704034e-16
6306.0151166916 6.423135387312794e-16
6308.84431219102 6.549957703652298e-16
6311.67350769044 6.89121952209084e-16
6314.50270318986 6.795483467156204e-16
6317.33189868928 6.560535183781888e-16
6320.1610941887 6.591345863806532e-16
6322.99028968812 6.65660355810853e-16
6325.81948518754 6.546359325675882e-16
6328.64868068696 6.909605619336371e-16
6331.47787618638 6.589019794218406e-16
6334.3070716858 6.246881113113886e-16
6337.13626718522 6.680401247843565e-16
6339.96546268464 6.882878406757548e-16
6342.79465818406 6.661679065844698e-16
6345.62385368348 6.804501498449493e-16
6348.4530491829 7.007337685284668e-16
6351.28224468232 6.703056546442168e-16
6354.11144018174 7.196467242581352e-16
6356.94063568116 7.062772261394947e-16
6359.76983118058 6.924214389869987e-16
6362.59902668 6.902239369949673e-16
6365.42822217942 6.957048044532482e-16
6368.25741767884 6.880072062476142e-16
6371.08661317826 7.261813293532347e-16
6373.91580867768 7.052606327778064e-16
6376.7450041771 7.085145508643138e-16
6379.57419967652 7.348553153501605e-16
6382.40339517594 7.231402692452851e-16
6385.23259067536 7.13027881659046e-16
6388.06178617478 7.182049658316573e-16
6390.8909816742 7.27601940597247e-16
6393.72017717362 7.33818284106974e-16
6396.54937267304 7.092428208495459e-16
6399.37856817246 7.627464478487479e-16
6402.20776367188 7.408998763080367e-16
6405.0369591713 7.577830393457921e-16
6407.86615467072 7.58547808823903e-16
6410.69535017014 7.635467023943563e-16
6413.52454566956 8.009762560268692e-16
6416.35374116898 8.072911162353335e-16
6419.1829366684 8.715757875245872e-16
6422.01213216782 8.443853141329497e-16
6424.84132766724 8.532795710207564e-16
6427.67052316666 8.403060869098653e-16
6430.49971866608 8.488359334579089e-16
6433.32891416551 8.648443074584417e-16
6436.15810966493 8.608110910615504e-16
6438.98730516434 8.896067883877068e-16
6441.81650066377 8.840760158139249e-16
6444.64569616319 8.711227031945735e-16
6447.47489166261 9.023520677122998e-16
6450.30408716202 8.939748033170557e-16
6453.13328266145 8.760405618999588e-16
6455.96247816087 9.02327804529698e-16
6458.79167366029 8.983355043185249e-16
6461.62086915971 8.973718230079155e-16
6464.45006465913 9.210771339000825e-16
6467.27926015855 9.022167647432201e-16
6470.10845565797 8.865078526175452e-16
6472.93765115739 9.064698143653286e-16
6475.76684665681 9.083092488014674e-16
6478.59604215623 8.830870297412517e-16
6481.42523765565 8.979022943299148e-16
6484.25443315507 9.077257045184713e-16
6487.08362865449 9.176457264588576e-16
6489.91282415391 9.419859197708543e-16
6492.74201965333 9.130473274240153e-16
6495.57121515275 9.668665998968068e-16
6498.40041065217 9.285001098926936e-16
6501.22960615159 9.289477220026422e-16
6504.05880165101 9.242296032796733e-16
6506.88799715043 9.15671582850625e-16
6509.71719264985 9.271906208197248e-16
6512.54638814927 9.504191680942277e-16
6515.37558364869 9.016812534006836e-16
6518.20477914811 9.710844948688674e-16
6521.03397464753 8.896369906244267e-16
6523.86317014695 9.469602026481365e-16
6526.69236564637 9.229235898368474e-16
6529.52156114579 9.572989985089823e-16
6532.35075664521 9.520668269516215e-16
6535.17995214463 9.328283168911579e-16
6538.00914764405 9.247830714132398e-16
6540.83834314347 9.306883296099105e-16
6543.66753864289 9.437970262618803e-16
6546.49673414231 9.134658713478684e-16
6549.32592964173 9.376076696548703e-16
6552.15512514115 9.089991898101974e-16
6554.98432064057 9.249947428299989e-16
6557.81351613999 9.518074396853465e-16
6560.64271163941 9.22469735169905e-16
6563.47190713883 9.06865662662067e-16
6566.30110263825 9.199404721595517e-16
6569.13029813767 9.224009631143274e-16
6571.95949363709 9.072574846637896e-16
6574.78868913651 9.276720026685644e-16
6577.61788463593 9.36300271386845e-16
6580.44708013535 9.657973555765062e-16
6583.27627563477 9.587082925937564e-16
6586.10547113419 9.232432001469934e-16
6588.93466663362 9.09943423899452e-16
6591.76386213303 9.699255533425107e-16
6594.59305763245 9.077579113744063e-16
6597.42225313188 9.11135033765399e-16
6600.2514486313 9.335156122136664e-16
6603.08064413071 8.871220352881223e-16
6605.90983963014 8.878340986850581e-16
6608.73903512955 9.49088167961806e-16
6611.56823062898 9.536027005542429e-16
6614.3974261284 8.507415928399994e-16
6617.22662162781 8.995014820016411e-16
6620.05581712724 8.694970849640322e-16
6622.88501262666 8.778334271503663e-16
6625.71420812608 9.284654839472705e-16
6628.5434036255 9.44127394996467e-16
6631.37259912492 8.817667065007854e-16
6634.20179462434 8.928916082438746e-16
6637.03099012376 8.665046848669687e-16
6639.86018562318 8.62509456177311e-16
6642.6893811226 9.424556767219827e-16
6645.51857662202 9.175828286148617e-16
6648.34777212144 8.832035041932417e-16
6651.17696762086 8.580131866263928e-16
6654.00616312028 8.556487750755339e-16
6656.8353586197 8.800076901591918e-16
6659.66455411912 8.835868514643423e-16
6662.49374961854 8.678639304684166e-16
6665.32294511796 8.462115710501387e-16
6668.15214061738 8.561170754060279e-16
6670.9813361168 8.593059088518643e-16
6673.81053161622 8.751115259411052e-16
6676.63972711564 8.152276711918667e-16
6679.46892261506 8.42314085085649e-16
6682.29811811448 8.343521547796915e-16
6685.1273136139 8.79137481150886e-16
6687.95650911332 8.310447942343497e-16
6690.78570461274 8.010102711533586e-16
6693.61490011216 8.638140545368747e-16
6696.44409561158 8.131753717155683e-16
6699.273291111 8.138743005656987e-16
6702.10248661042 8.034005493971486e-16
6704.93168210984 7.987301535774522e-16
6707.76087760926 8.402963493391705e-16
6710.59007310868 7.908180048993567e-16
6713.4192686081 7.479781209298177e-16
6716.24846410752 7.8072818512314375e-16
6719.07765960694 7.812774908490697e-16
6721.90685510636 7.610772460488015e-16
6724.73605060578 7.672854086348918e-16
6727.5652461052 8.002245790954509e-16
6730.39444160462 7.982811725348444e-16
6733.22363710404 7.943264249894694e-16
6736.05283260346 8.082591545288888e-16
6738.88202810288 7.80194893942545e-16
6741.7112236023 7.670882071225406e-16
6744.54041910172 7.909046492650854e-16
6747.36961460114 7.386001416696859e-16
6750.19881010056 7.160032986376911e-16
6753.02800559998 7.418623430137709e-16
6755.8572010994 7.517118986781763e-16
6758.68639659882 7.64947539851782e-16
6761.51559209824 7.82988315233542e-16
6764.34478759766 6.904343728112102e-16
6767.17398309708 6.891673251986559e-16
6770.00317859651 7.213265063767519e-16
6772.83237409592 7.130108338663389e-16
6775.66156959534 7.152375902725831e-16
6778.49076509477 7.596461590274554e-16
6781.31996059418 7.901765270540667e-16
6784.14915609361 7.571641887399126e-16
6786.97835159303 6.848596420127398e-16
6789.80754709245 7.402000371216379e-16
6792.63674259186 7.492267664307721e-16
6795.46593809129 6.992435653749549e-16
6798.29513359071 7.413624795277693e-16
6801.12432909013 7.36541329696146e-16
6803.95352458955 7.243849362047825e-16
6806.78272008897 7.512257288561629e-16
6809.61191558839 6.934626036040413e-16
6812.44111108781 6.945089716653607e-16
6815.27030658723 7.090530096770975e-16
6818.09950208665 6.774163981119164e-16
6820.92869758607 7.00211834216386e-16
6823.75789308549 6.583760984947739e-16
6826.58708858491 6.92019738056226e-16
6829.41628408433 7.336100313373908e-16
6832.24547958375 6.607966055241016e-16
6835.07467508317 7.071586395365666e-16
6837.90387058259 6.526077238298051e-16
6840.73306608201 6.464002342130642e-16
6843.56226158143 6.940153397653231e-16
6846.39145708085 6.892532894703906e-16
6849.22065258027 6.888228276077317e-16
6852.04984807969 7.063990096117114e-16
6854.87904357911 6.433438512238227e-16
6857.70823907853 6.38307026870687e-16
6860.53743457795 6.529199693882274e-16
6863.36663007737 6.323926283796881e-16
6866.19582557679 6.108949336971996e-16
6869.02502107621 6.27041637018393e-16
6871.85421657563 6.797193847095566e-16
6874.68341207505 6.694165918473737e-16
6877.51260757447 6.467304632676841e-16
6880.34180307389 6.554767675132132e-16
6883.17099857331 6.415755483611107e-16
6886.00019407273 6.298255236948933e-16
6888.82938957215 6.473063104734781e-16
6891.65858507157 6.399417815386436e-16
6894.48778057099 6.660702904636639e-16
6897.31697607041 6.4111915835572565e-16
6900.14617156983 6.135047316220773e-16
6902.97536706925 6.237879328323018e-16
6905.80456256867 6.573459650333384e-16
6908.63375806809 6.004757887578111e-16
6911.46295356751 6.456218965921978e-16
6914.29214906693 6.709501873612023e-16
6917.12134456635 6.205997450795369e-16
6919.95054006577 6.534845327268516e-16
6922.77973556519 6.610906650555546e-16
6925.60893106461 6.001830235389172e-16
6928.43812656404 6.691045141202625e-16
6931.26732206345 6.012968081535411e-16
6934.09651756287 6.306564678944972e-16
6936.92571306229 6.55813793012864e-16
6939.75490856172 6.018340959057436e-16
6942.58410406114 6.158571946388527e-16
6945.41329956055 5.831697835923219e-16
6948.24249505998 6.334757104667651e-16
6951.0716905594 6.630516450073812e-16
6953.90088605882 6.291147574899599e-16
6956.73008155824 6.341963723262294e-16
6959.55927705766 5.955134979242204e-16
6962.38847255708 6.055886533541536e-16
6965.2176680565 6.03608778535831e-16
6968.04686355592 6.485456460041045e-16
6970.87605905534 6.066195984466135e-16
6973.70525455476 6.12205884775665e-16
6976.53445005418 6.167065978375841e-16
6979.3636455536 6.138058550419469e-16
6982.19284105302 6.172758721647065e-16
6985.02203655244 5.711632791160377e-16
6987.85123205186 5.972803960313242e-16
6990.68042755128 5.842198627957351e-16
6993.5096230507 5.847244810754317e-16
6996.33881855012 5.956145611947922e-16
6999.16801404954 5.989753954973623e-16
7001.99720954896 6.073257498163429e-16
7004.82640504838 5.888909332962611e-16
7007.6556005478 5.881440032096595e-16
7010.48479604722 5.714090776392871e-16
7013.31399154664 5.631387175892711e-16
7016.14318704606 5.628260060119766e-16
7018.97238254548 5.860582950317976e-16
7021.8015780449 6.085489936019921e-16
7024.63077354432 5.796762220789118e-16
7027.45996904374 5.455858705242093e-16
7030.28916454316 6.088505275106469e-16
7033.11836004258 6.19230181058057e-16
7035.947555542 5.723726290644783e-16
7038.77675104142 5.770337602648101e-16
7041.60594654084 5.68764611108006e-16
7044.43514204026 6.134211365205615e-16
7047.26433753968 5.688719117761164e-16
7050.0935330391 5.436767299820083e-16
7052.92272853852 5.75849932443352e-16
7055.75192403794 6.12491740280298e-16
7058.58111953736 5.698504714455035e-16
7061.41031503678 5.503444339329763e-16
7064.2395105362 5.531562441095604e-16
7067.06870603562 5.85015056920006e-16
7069.89790153504 6.136997099612803e-16
7072.72709703446 5.89008578509002e-16
7075.55629253389 5.741439271343464e-16
7078.3854880333 5.816030673711776e-16
7081.21468353272 5.453194499003382e-16
7084.04387903215 5.709414924745002e-16
7086.87307453157 5.654480493224005e-16
7089.70227003099 5.019236352641974e-16
7092.53146553041 5.733793711667783e-16
7095.36066102982 5.583518579907114e-16
7098.18985652925 5.557325395948303e-16
7101.01905202867 5.179171044418871e-16
7103.84824752809 5.321460593647654e-16
7106.67744302751 5.40943989759193e-16
7109.50663852693 5.519898597356159e-16
7112.33583402635 5.581230627578937e-16
7115.16502952577 5.8725747661568e-16
7117.99422502519 5.54045135085622e-16
7120.82342052461 5.503030806919537e-16
7123.65261602403 5.629643421899662e-16
7126.48181152345 5.498822953844037e-16
7129.31100702287 5.353310725103253e-16
7132.14020252229 5.44558333593714e-16
7134.96939802171 5.68439401519621e-16
7137.79859352113 5.315104922625922e-16
7140.62778902055 5.433425605761022e-16
7143.45698451997 5.147543968178543e-16
7146.28618001939 5.204727833536654e-16
7149.11537551881 5.463326030686673e-16
7151.94457101823 5.095522549088744e-16
7154.77376651765 5.37600874493343e-16
7157.60296201707 5.319135024325424e-16
7160.43215751649 5.681364876495138e-16
7163.26135301591 5.570126793906662e-16
7166.09054851533 5.416545195653433e-16
7168.91974401475 5.38004119363779e-16
7171.74893951417 5.269533997235823e-16
7174.57813501359 5.298798450156554e-16
7177.40733051301 5.128486079294053e-16
7180.23652601243 5.235509236365396e-16
7183.06572151185 5.464992046585152e-16
7185.89491701127 5.339802491782637e-16
7188.72411251069 5.140865997212463e-16
7191.55330801011 5.243093828841133e-16
7194.38250350953 5.2433751732357965e-16
7197.21169900895 4.898148124511222e-16
7200.04089450837 5.087043245109094e-16
7202.87009000779 5.456152411146056e-16
7205.69928550721 5.102372132461383e-16
7208.52848100663 4.788403840728632e-16
7211.35767650605 4.925069985031705e-16
7214.18687200547 5.343042077547163e-16
7217.01606750489 5.217905342561693e-16
7219.84526300431 5.215038324110114e-16
7222.67445850373 5.130019932438397e-16
7225.50365400315 5.38109693724664e-16
7228.33284950257 5.063948105503124e-16
7231.16204500199 5.086287566233344e-16
7233.99124050141 5.401672553222282e-16
7236.82043600083 4.957848008021892e-16
7239.64963150025 5.437571632724038e-16
7242.47882699967 5.311934011888208e-16
7245.30802249909 4.93116361278148e-16
7248.13721799851 5.104786105124042e-16
7250.96641349793 4.985779525231287e-16
7253.79560899736 5.033626074089567e-16
7256.62480449678 4.898805621230904e-16
7259.45399999619 5.018532433451067e-16
7262.28319549561 4.731884660685734e-16
7265.11239099504 5.053085787370677e-16
7267.94158649446 4.843347387427717e-16
7270.77078199388 4.920918627930486e-16
7273.5999774933 5.067726602965598e-16
7276.42917299272 4.978857601043718e-16
7279.25836849214 5.116685588720495e-16
7282.08756399156 4.933174144860898e-16
7284.91675949098 4.632912370154542e-16
7287.7459549904 4.675128965965637e-16
7290.57515048982 5.024248007064271e-16
7293.40434598924 5.237807819087446e-16
7296.23354148866 4.262254229280277e-16
7299.06273698808 4.823276693278724e-16
7301.8919324875 4.782063249765888e-16
7304.72112798692 4.843583698500775e-16
7307.55032348634 5.11553489458377e-16
7310.37951898576 4.6812109706462895e-16
7313.20871448518 4.827821411969203e-16
7316.0379099846 4.4313897780269527e-16
7318.86710548402 4.833082222227869e-16
7321.69630098344 4.517109378430442e-16
7324.52549648286 4.836257119552313e-16
7327.35469198228 4.955849176509004e-16
7330.1838874817 5.08981186941925e-16
7333.01308298112 5.024950718337703e-16
7335.84227848054 4.50996752055196e-16
7338.67147397996 4.79141192217519e-16
7341.50066947938 4.955379413304735e-16
7344.3298649788 4.848984893984718e-16
7347.15906047822 4.482556962510575e-16
7349.98825597764 4.614307139272756e-16
7352.81745147706 4.30925545575714e-16
7355.64664697648 4.892124947307154e-16
7358.4758424759 4.939013435226923e-16
7361.30503797532 4.3744248661347423e-16
7364.13423347474 4.389596484207789e-16
7366.96342897416 4.790102933858496e-16
7369.79262447358 4.844159239964295e-16
7372.621819973 4.554295326995942e-16
7375.45101547242 4.88215370029115e-16
7378.28021097184 4.789927617732152e-16
7381.10940647126 4.318273980662918e-16
7383.93860197068 4.835846718908337e-16
7386.7677974701 4.997328659596886e-16
7389.59699296952 4.758154444652406e-16
7392.42618846894 4.363639769036065e-16
7395.25538396836 4.701828854812726e-16
7398.08457946778 4.734820320159553e-16
7400.9137749672 4.650169086189796e-16
7403.74297046662 4.723062225851922e-16
7406.57216596604 4.615852575806555e-16
7409.40136146546 4.728625474204359e-16
7412.23055696488 4.445704043253095e-16
7415.0597524643 4.777135806100115e-16
7417.88894796372 4.463032266810531e-16
7420.71814346314 4.262537894200899e-16
7423.54733896256 4.666057307528068e-16
7426.37653446199 4.3758420633453555e-16
7429.20572996141 4.593854408229923e-16
7432.03492546082 4.527008736033345e-16
7434.86412096025 4.566505730432352e-16
7437.69331645967 4.2091074422417407e-16
7440.52251195909 3.9385879092376334e-16
7443.35170745851 4.454308066510963e-16
7446.18090295793 4.3837384127934465e-16
7449.01009845735 4.243825622615784e-16
7451.83929395677 4.409577945511555e-16
7454.66848945619 5.105204658216654e-16
7457.49768495561 4.680019841481639e-16
7460.32688045503 4.297466830238619e-16
7463.15607595445 4.639428241015334e-16
7465.98527145387 4.361051585752743e-16
7468.81446695329 4.3019431973112184e-16
7471.64366245271 4.826787180082402e-16
7474.47285795213 4.529032596490693e-16
7477.30205345155 4.3274459200023667e-16
7480.13124895097 4.671530913675582e-16
7482.96044445039 4.4024747367419704e-16
7485.78963994981 4.460370808729788e-16
7488.61883544923 4.601476460070471e-16
7491.44803094865 4.3342739540555093e-16
7494.27722644807 4.596902280254592e-16
7497.10642194749 4.3464471107300115e-16
7499.93561744691 4.566609243702983e-16
7502.76481294633 4.533067197837483e-16
7505.59400844575 4.413767831102047e-16
7508.42320394517 4.557335438210943e-16
7511.25239944459 4.3357911106814054e-16
7514.08159494401 4.231914703375985e-16
7516.91079044343 4.3342418986487265e-16
7519.73998594285 4.642470812599661e-16
7522.56918144227 4.773563232738548e-16
7525.39837694169 3.883091891187707e-16
7528.22757244111 4.37004635044004e-16
7531.05676794053 4.25143163578426e-16
7533.88596343995 4.280316682463864e-16
7536.71515893937 4.450588003199001e-16
7539.54435443879 4.222913624157828e-16
7542.37354993821 4.629811787221956e-16
7545.20274543763 4.487784439121734e-16
7548.03194093705 4.426994133937093e-16
7550.86113643647 4.5036293897963795e-16
7553.69033193589 4.40070027699645e-16
7556.51952743531 4.0264701540374245e-16
7559.34872293473 4.3392234732648534e-16
7562.17791843415 4.01138490598489e-16
7565.00711393357 4.1685580941541034e-16
7567.83630943299 4.477538055966407e-16
7570.66550493242 4.533099103753911e-16
7573.49470043183 4.2696933471193554e-16
7576.32389593125 4.459973388218743e-16
7579.15309143067 4.545908497124272e-16
7581.9822869301 4.3014807354646383e-16
7584.81148242952 4.22137377360251e-16
7587.64067792894 3.8395100983252673e-16
7590.46987342835 3.851362388991193e-16
7593.29906892777 4.0033486735283903e-16
7596.1282644272 3.756993434182277e-16
7598.95745992662 3.815490612226855e-16
7601.78665542604 3.99139803867885e-16
7604.61585092546 3.594997013696413e-16
7607.44504642488 3.989786851185132e-16
7610.2742419243 4.1102000395638635e-16
7613.10343742372 4.724907063267186e-16
7615.93263292314 4.067794175928334e-16
7618.76182842256 3.662931561021409e-16
7621.59102392198 4.3343652648348733e-16
7624.4202194214 4.4094556325905055e-16
7627.24941492082 4.469410696417919e-16
7630.07861042024 4.461948784355645e-16
7632.90780591966 4.822884534577299e-16
7635.73700141908 4.1891888352852386e-16
7638.5661969185 3.824074903350615e-16
7641.39539241792 4.2206793349251634e-16
7644.22458791734 4.4271373547305313e-16
7647.05378341676 4.610701986684564e-16
7649.88297891618 4.257576078206808e-16
7652.7121744156 4.398978632556517e-16
7655.54136991502 3.957497592539556e-16
7658.37056541444 4.4084628759986065e-16
7661.19976091386 4.589073344871452e-16
7664.02895641328 4.463314789524989e-16
7666.8581519127 4.3405517245313045e-16
7669.68734741212 4.133826227083991e-16
7672.51654291154 3.8676647677157547e-16
7675.34573841096 3.9412410249349267e-16
7678.17493391038 4.0417030593618587e-16
7681.0041294098 4.1568518584742977e-16
7683.83332490922 4.1595320617920905e-16
7686.66252040864 4.230022230986856e-16
7689.49171590806 4.0701271490030044e-16
7692.32091140748 4.0908354358192257e-16
7695.1501069069 4.314901690228546e-16
7697.97930240632 3.8130246982142107e-16
7700.80849790574 4.2622839818667366e-16
7703.63769340516 3.868504101053327e-16
7706.46688890458 3.593838353709634e-16
7709.296084404 4.268333311593091e-16
7712.12527990342 4.1485949939406666e-16
7714.95447540284 3.976333260858857e-16
7717.78367090226 4.2276980810149954e-16
7720.61286640168 4.2283070498296187e-16
7723.4420619011 4.527763705597026e-16
7726.27125740052 3.962740260137928e-16
7729.10045289994 3.695589101864178e-16
7731.92964839936 4.184375638003758e-16
7734.75884389878 4.089875281617324e-16
7737.5880393982 3.8357646732801033e-16
7740.41723489763 3.8962704087646995e-16
7743.24643039705 4.1915696348717807e-16
7746.07562589647 3.8091145236200387e-16
7748.90482139589 4.24035931425044e-16
7751.7340168953 4.122154177756873e-16
7754.56321239473 3.772677494375037e-16
7757.39240789415 4.4140774705838893e-16
7760.22160339357 4.074901685912904e-16
7763.05079889299 4.3257336265194983e-16
7765.87999439241 4.3174687687292627e-16
7768.70918989183 4.2659450925692485e-16
7771.53838539125 4.062078622451539e-16
7774.36758089067 3.8427802728799527e-16
7777.19677639009 4.0118145736344337e-16
7780.02597188951 4.1478126917301485e-16
7782.85516738893 3.8402360080652174e-16
7785.68436288835 3.840772449258248e-16
7788.51355838777 4.2598677704571673e-16
7791.34275388719 4.484260854916638e-16
7794.17194938661 3.931954935098318e-16
7797.00114488603 3.9469631468106404e-16
7799.83034038545 3.8434130110962946e-16
7802.65953588487 4.126807712079694e-16
7805.48873138429 4.120676735413556e-16
7808.31792688371 4.061584235220154e-16
7811.14712238313 3.835387411700119e-16
7813.97631788255 3.847148588987539e-16
7816.80551338197 3.597787002152575e-16
7819.63470888139 3.9937763602268744e-16
7822.46390438081 4.45857611318568e-16
7825.29309988023 3.849246661010818e-16
7828.12229537965 3.6734748596600806e-16
7830.95149087907 3.818116547200399e-16
7833.78068637849 3.760849233368513e-16
7836.60988187791 4.181591152789725e-16
7839.43907737733 4.0011609476873807e-16
7842.26827287675 3.8315345347645557e-16
7845.09746837617 3.8244134200488374e-16
7847.92666387559 4.0292267514424944e-16
7850.75585937501 3.7971716622305434e-16
7853.58505487443 3.704919728598746e-16
7856.41425037385 4.1039472066662837e-16
7859.24344587327 4.046728409557166e-16
7862.07264137269 4.1886650117017357e-16
7864.90183687211 3.8166423483620787e-16
7867.73103237153 3.828054656038512e-16
7870.56022787095 4.0166893953409113e-16
7873.38942337037 4.0512469529897553e-16
7876.21861886979 3.944773527696425e-16
7879.04781436921 3.984733038368013e-16
7881.87700986863 3.762641018705605e-16
7884.70620536805 4.2052939276444507e-16
7887.53540086747 4.5757203376338745e-16
7890.36459636689 4.382864330027307e-16
7893.19379186631 3.899755943081795e-16
7896.02298736573 3.6104358174693015e-16
7898.85218286515 3.8903506519554245e-16
7901.68137836458 3.8818146230987167e-16
7904.51057386399 3.82982118264884e-16
7907.33976936341 4.032194397459824e-16
7910.16896486284 3.9447974245712432e-16
7912.99816036226 4.186236618747121e-16
7915.82735586167 4.198009508244298e-16
7918.65655136109 3.715973829071672e-16
7921.48574686052 4.0631402014800136e-16
7924.31494235994 3.994671503221879e-16
7927.14413785936 4.2615041882122946e-16
7929.97333335878 4.150350885144434e-16
7932.8025288582 3.638293686099273e-16
7935.63172435762 3.665800893522999e-16
7938.46091985704 3.783877274594609e-16
7941.29011535646 4.1115104447336306e-16
7944.11931085588 4.122537183762574e-16
7946.9485063553 4.1535254772351256e-16
7949.77770185472 4.188712275534347e-16
7952.60689735414 3.72488722391133e-16
7955.43609285356 3.8459948670215547e-16
7958.26528835298 4.38545473824643e-16
7961.0944838524 4.2066099697694004e-16
7963.92367935182 3.858668037077804e-16
7966.75287485124 3.398592911366574e-16
7969.58207035066 3.3885036033193606e-16
7972.41126585008 3.8755701701239e-16
7975.2404613495 4.226180766377872e-16
7978.06965684892 4.2267077478734004e-16
7980.89885234834 3.9807149212333726e-16
7983.72804784776 3.6874241654771385e-16
7986.55724334718 3.282530815097859e-16
7989.3864388466 3.6978224040676805e-16
7992.21563434602 3.845778098128739e-16
7995.04482984544 3.278783120917254e-16
7997.87402534486 3.711149201072084e-16
8000.70322084428 4.1257943479726846e-16
8003.5324163437 3.657282544226902e-16
8006.36161184312 3.6536137527178786e-16
8009.19080734254 4.245036466775698e-16
8012.02000284196 3.967545340842963e-16
8014.84919834138 3.931598289013291e-16
8017.6783938408 4.010255394958089e-16
8020.50758934022 3.8090694943076085e-16
8023.33678483964 3.915661900014034e-16
8026.16598033906 3.575778013121906e-16
8028.99517583848 3.728289431434579e-16
8031.8243713379 3.7518102874042503e-16
8034.65356683732 3.8750697343869805e-16
8037.48276233674 3.963895982110256e-16
8040.31195783616 3.286047776795649e-16
8043.14115333558 3.5821342023112637e-16
8045.970348835 3.711804147355483e-16
8048.79954433442 3.81793872055118e-16
8051.62873983384 3.681372610451481e-16
8054.45793533326 3.295715499992543e-16
8057.28713083268 3.603250145567137e-16
8060.1163263321 3.8287862436211457e-16
8062.94552183152 3.441507256451527e-16
8065.77471733094 3.4649527485498545e-16
8068.60391283036 3.5818317930407746e-16
8071.43310832978 3.569009471026964e-16
8074.2623038292 3.417981768632503e-16
8077.09149932862 3.444172976522359e-16
8079.92069482804 3.8636307622088967e-16
8082.74989032747 3.821163821615087e-16
8085.57908582688 3.5078820613897986e-16
8088.40828132631 3.837481681957829e-16
8091.23747682573 3.6887465401040374e-16
8094.06667232514 3.3443021804710014e-16
8096.89586782457 3.628686938302215e-16
8099.72506332399 3.462930946016494e-16
8102.55425882341 3.849506884524151e-16
8105.38345432282 3.7524490690933306e-16
8108.21264982225 3.4595826416106854e-16
8111.04184532167 3.5220433951851e-16
8113.87104082109 3.410287550326412e-16
8116.70023632051 3.4688524627438386e-16
8119.52943181993 3.3835221131497493e-16
8122.35862731935 3.618265366397626e-16
8125.18782281877 3.9167908644648726e-16
8128.01701831819 3.2354871104291e-16
8130.84621381761 3.521303647122002e-16
8133.67540931703 3.5611441514463605e-16
8136.50460481645 4.018341179114582e-16
8139.33380031587 3.614967862786517e-16
8142.16299581529 3.567877022450269e-16
8144.99219131471 3.5905202892907854e-16
8147.82138681413 3.482396353144171e-16
8150.65058231355 3.4370372085501573e-16
8153.47977781297 3.369010421489374e-16
8156.30897331239 3.564738152861268e-16
8159.13816881181 3.375967850042717e-16
8161.96736431123 3.108638539334901e-16
8164.79655981065 3.7854096650519784e-16
8167.62575531007 3.7913199586452523e-16
8170.45495080949 3.6887329043074755e-16
8173.28414630891 3.5005284227168247e-16
8176.11334180833 3.796984672625261e-16
8178.94253730775 3.6706054780660493e-16
8181.77173280717 3.535131885113302e-16
8184.60092830659 3.5984985634199454e-16
8187.43012380601 3.3350457122913153e-16
8190.25931930543 4.0705354129401433e-16
8193.08851480485 3.428546127637276e-16
8195.91771030427 3.3714709252391367e-16
8198.74690580369 3.2861857577959846e-16
8201.57610130311 4.056807426310091e-16
8204.40529680253 3.759343037616945e-16
8207.23449230195 3.367245017933273e-16
8210.06368780137 3.531310102090638e-16
8212.89288330079 3.4806965724621883e-16
8215.72207880022 3.726685290329447e-16
8218.55127429963 3.650058335269651e-16
8221.38046979906 3.007311380442661e-16
8224.20966529847 3.043301466859759e-16
8227.0388607979 3.417732274355402e-16
8229.86805629732 3.572539116339601e-16
8232.69725179673 3.4769860155289356e-16
8235.52644729616 3.3610664562513323e-16
8238.35564279558 3.5256604947490563e-16
8241.184838295 3.0660664974226117e-16
8244.01403379442 3.178326914240073e-16
8246.84322929384 3.393630085797778e-16
8249.67242479326 3.378831415747379e-16
8252.50162029268 3.3752546020831634e-16
8255.3308157921 3.4915065985997763e-16
8258.16001129152 3.136148188090871e-16
8260.98920679094 3.3577406079994217e-16
8263.81840229036 3.4918195218800007e-16
8266.64759778978 3.0419767621476273e-16
8269.4767932892 3.0947535602176716e-16
8272.30598878862 3.4558617162081226e-16
8275.13518428804 3.37335643980209e-16
8277.96437978746 3.3104861257440273e-16
8280.79357528688 3.546901910941712e-16
8283.6227707863 3.6404914397442016e-16
8286.45196628572 3.58294723090943e-16
8289.28116178514 3.327781623260445e-16
8292.11035728456 3.372781436599779e-16
8294.93955278398 3.23150870234248e-16
8297.7687482834 3.042480262659215e-16
8300.59794378282 3.6601248860797255e-16
8303.42713928224 3.709752825654077e-16
8306.25633478166 3.331089379002163e-16
8309.08553028108 3.1923218101648343e-16
8311.9147257805 3.2824801329379146e-16
8314.74392127992 3.0029555472245815e-16
8317.57311677934 3.3167162789542577e-16
8320.40231227876 3.4604191451197973e-16
8323.23150777818 3.3646945351663115e-16
8326.0607032776 2.981670742989685e-16
8328.88989877702 2.838735881056329e-16
8331.71909427644 3.1130172292014543e-16
8334.54828977586 2.8859892829053284e-16
8337.37748527528 3.2525140508093817e-16
8340.2066807747 2.9714558638818473e-16
8343.03587627412 3.278848120605962e-16
8345.86507177354 3.2168766830812546e-16
8348.69426727296 3.3984896856716583e-16
8351.52346277238 3.526705533429332e-16
8354.3526582718 3.2015575338048797e-16
8357.18185377122 3.2308677973382367e-16
8360.01104927064 3.345338251528548e-16
8362.84024477006 3.5434642936582006e-16
8365.66944026948 3.386634366081634e-16
8368.49863576891 3.401038117445995e-16
8371.32783126832 2.861223479001652e-16
8374.15702676774 3.056118010294839e-16
8376.98622226716 3.2898840509692807e-16
8379.81541776658 3.239200148973306e-16
8382.644613266 3.447972551476422e-16
8385.47380876542 3.2853014344520205e-16
8388.30300426485 3.098242760627033e-16
8391.13219976426 3.583952336177298e-16
8393.96139526368 2.9644660353976254e-16
8396.79059076311 3.2062313770248097e-16
8399.61978626253 3.7117113355068504e-16
8402.44898176195 3.576378810164496e-16
8405.27817726137 3.1201179950956827e-16
8408.10737276079 3.052383001830988e-16
8410.93656826021 3.338766080935529e-16
8413.76576375963 3.0965291601914985e-16
8416.59495925905 3.432473424689155e-16
8419.42415475847 3.606914723965357e-16
8422.25335025789 3.387558662890309e-16
8425.08254575731 3.168894489829544e-16
8427.91174125673 3.009738891388973e-16
8430.74093675615 2.9355105077592326e-16
8433.57013225557 3.5753695729518237e-16
8436.39932775499 3.4159691204169413e-16
8439.22852325441 2.949417883963219e-16
8442.05771875383 3.147924882703748e-16
8444.88691425325 3.3328804202691306e-16
8447.71610975267 3.1273121154879925e-16
8450.54530525209 3.077213977458152e-16
8453.37450075151 2.9016089949021383e-16
8456.20369625093 2.791481395224001e-16
8459.03289175035 2.867936057661543e-16
8461.86208724977 3.1535869737442246e-16
8464.69128274919 3.167917667632783e-16
8467.52047824861 2.9587783931370436e-16
8470.34967374803 2.861482737244614e-16
8473.17886924745 2.70789053656028e-16
8476.00806474687 2.912378677881086e-16
8478.83726024629 3.206095888990069e-16
8481.66645574571 2.9305331389006545e-16
8484.49565124513 2.8074860989810035e-16
8487.32484674455 2.656146240981043e-16
8490.15404224397 3.273524328820786e-16
8492.98323774339 3.4206243794949835e-16
8495.81243324281 2.995306672977623e-16
8498.64162874223 2.820036405068581e-16
8501.47082424165 3.1295536316788446e-16
8504.30001974107 3.196748152782608e-16
8507.12921524049 3.1077911754763064e-16
8509.95841073991 3.2420673364592163e-16
8512.78760623933 3.272036654965706e-16
8515.61680173875 2.8990882766182375e-16
8518.44599723817 2.905522981234251e-16
8521.27519273759 2.8761804753362424e-16
8524.10438823701 3.0841131900193597e-16
8526.93358373643 3.2972779958228167e-16
8529.76277923585 3.2087322656852013e-16
8532.59197473527 3.173531026620203e-16
8535.42117023469 2.816654208746329e-16
8538.25036573411 2.7263343618072054e-16
8541.07956123353 3.327378257082819e-16
8543.90875673295 2.9155790263060473e-16
8546.73795223237 3.008410649927311e-16
8549.56714773179 3.0315811217019207e-16
8552.39634323121 2.8360779910285323e-16
8555.22553873064 2.7055530327637527e-16
8558.05473423006 2.962934708807121e-16
8560.88392972947 3.074787717096687e-16
8563.71312522889 3.0007136314362305e-16
8566.54232072832 2.7974086297327417e-16
8569.37151622774 2.813056289740029e-16
8572.20071172715 3.1042600701088275e-16
8575.02990722658 2.978023014838519e-16
8577.859102726 3.141743119371558e-16
8580.68829822542 2.7943400677738453e-16
8583.51749372484 2.4535980634375986e-16
8586.34668922426 2.904143342290742e-16
8589.17588472368 2.978759673319515e-16
8592.0050802231 2.657677001723896e-16
8594.83427572252 2.6844186150403307e-16
8597.66347122194 2.937448346696215e-16
8600.49266672136 2.9094998761279974e-16
8603.32186222078 2.9270219366585704e-16
8606.1510577202 2.9200318177835717e-16
8608.98025321962 3.078491150657237e-16
8611.80944871904 2.9933468083885533e-16
8614.63864421846 2.802406181989626e-16
8617.46783971788 3.2255903163112837e-16
8620.2970352173 3.3876855623267296e-16
8623.12623071672 2.723199839387359e-16
8625.95542621614 3.108063562143131e-16
8628.78462171556 3.2369468349704725e-16
8631.61381721498 3.021789120060809e-16
8634.4430127144 3.5009898095804815e-16
8637.27220821382 3.404565358767149e-16
8640.10140371324 3.1790578663813307e-16
8642.93059921266 2.404296235748983e-16
8645.75979471208 2.749107552374008e-16
8648.5889902115 2.687469824747416e-16
8651.41818571092 2.74785146215606e-16
8654.24738121034 3.0179998805066963e-16
8657.07657670976 2.8727378724381386e-16
8659.90577220918 2.6531501607755417e-16
8662.7349677086 2.7222145859027095e-16
8665.56416320802 2.853561719891867e-16
8668.39335870744 2.8895271844341113e-16
8671.22255420686 3.2322830165302957e-16
8674.05174970628 2.939754266408118e-16
8676.8809452057 2.8657677382445215e-16
8679.71014070512 3.3071727669423314e-16
8682.53933620454 2.8266898194912694e-16
8685.36853170396 2.9864428361379984e-16
8688.19772720338 3.4028978237881173e-16
8691.0269227028 2.9317135798983213e-16
8693.85611820222 3.2502375975515835e-16
8696.68531370164 3.1513237266182074e-16
8699.51450920106 3.1038373998794324e-16
8702.34370470048 3.172899068830667e-16
8705.1729001999 2.891449233261451e-16
8708.00209569932 2.7821780118169457e-16
8710.83129119874 3.025536134810325e-16
8713.66048669816 2.746042885152696e-16
8716.48968219758 2.8814052331931536e-16
8719.318877697 3.0234934361856955e-16
8722.14807319643 3.037226007203971e-16
8724.97726869584 3.131190259579379e-16
8727.80646419526 3.0372038520445634e-16
8730.63565969468 3.190397159429134e-16
8733.4648551941 3.3769229810327975e-16
8736.29405069353 2.4557204282598527e-16
8739.12324619294 2.896795197642278e-16
8741.95244169237 3.273105127911775e-16
8744.78163719179 3.2810247731266796e-16
8747.61083269121 3.2886525967618455e-16
8750.44002819063 3.295842274466483e-16
8753.26922369005 3.3026378257965175e-16
8756.09841918947 3.3089082835534496e-16
8758.92761468889 3.314672087252396e-16
8761.75681018831 3.3198187428035215e-16
8764.58600568773 3.324309390054548e-16
8767.41520118715 3.3281154032859453e-16
