3550.0 2.674628733772962e-16
3552.33 2.7169297173946826e-16
3554.66 2.6480361967196883e-16
3556.99 3.21825153130827e-16
3559.32 5.54583920719917e-16
3561.66 5.838885188754643e-16
3563.99 2.2183414443122625e-16
3566.32 1.7104957770529668e-16
3568.65 5.273983424666294e-16
3570.98 5.81965481985804e-16
3573.31 3.934732406464012e-16
3575.64 2.8707079915929634e-16
3577.97 3.366832195513307e-16
3580.3 4.396255701318775e-16
3582.64 3.5110440615060606e-16
3584.97 3.3031761995342185e-16
3587.3 3.7883428443752186e-16
3589.63 2.7033150680407585e-16
3591.96 3.797399779206017e-16
3594.29 5.317967959841235e-16
3596.62 7.70918725943126e-16
3598.95 9.951320369683913e-16
3601.28 6.920605324239911e-16
3603.62 4.509396295318137e-16
3605.95 4.93080193940864e-16
3608.28 4.3883604819799697e-16
3610.61 4.173596729709618e-16
3612.94 4.392339827103647e-16
3615.27 4.488015696334621e-16
3617.6 4.77356401326563e-16
3619.93 6.177667243333771e-16
3622.26 6.407104939304184e-16
3624.6 5.334243046470125e-16
3626.93 6.821354334897191e-16
3629.26 8.23881281757489e-16
3631.59 6.773161743426362e-16
3633.92 5.125317950222599e-16
3636.25 5.233511378697262e-16
3638.58 6.225163705792658e-16
3640.91 5.807149088308602e-16
3643.24 3.9943020044789824e-16
3645.58 2.4573823460674164e-16
3647.91 3.7038220430104203e-16
3650.24 2.813721642618072e-16
3652.57 2.0833646664987166e-16
3654.9 4.848137359465977e-16
3657.23 5.17692666472006e-16
3659.56 3.6364369646035114e-16
3661.89 1.6295479295689334e-16
3664.22 1.2783185542751827e-16
3666.56 2.5198959865350826e-16
3668.89 4.299081561895523e-16
3671.22 6.67481381994071e-16
3673.55 5.281854261856007e-16
3675.88 2.888871775519468e-16
3678.21 2.3590035316563815e-16
3680.54 5.006930506329179e-16
3682.87 8.841429687340338e-16
3685.2 7.75018827907428e-16
3687.53 5.199338238078956e-16
3689.87 4.682795474938651e-16
3692.2 5.021592158924354e-16
3694.53 4.535945388427373e-16
3696.86 5.236177563443712e-16
3699.19 6.861341632321415e-16
3701.52 8.584608534593865e-16
3703.85 6.280993371509498e-16
3706.18 6.415259705447473e-16
3708.51 9.461788961805817e-16
3710.85 7.157376570597721e-16
3713.18 4.92172937955075e-16
3715.51 7.394124874866485e-16
3717.84 7.535202881569551e-16
3720.17 7.433820821139672e-16
3722.5 9.518266896960522e-16
3724.83 8.117849636827975e-16
3727.16 8.042166413382006e-16
3729.49 1.0218568412744738e-15
3731.83 6.492854584191574e-16
3734.16 4.266288846687006e-16
3736.49 7.104566646602766e-16
3738.82 6.852351326135151e-16
3741.15 7.927556130624985e-16
3743.48 1.1072976022712125e-15
3745.81 1.2745840389544692e-15
3748.14 1.0284612545054043e-15
3750.47 9.762186089417022e-16
3752.81 1.0595534837839821e-15
3755.14 8.91951670304476e-16
3757.47 8.478628246970139e-16
3759.8 9.351491773957354e-16
3762.13 1.138592863395557e-15
3764.46 1.117925273266453e-15
3766.79 1.0292911337373228e-15
3769.12 8.338443483341902e-16
3771.45 6.831171238930063e-16
3773.79 7.789264250273419e-16
3776.12 9.522227703587596e-16
3778.45 1.0711432151509638e-15
3780.78 9.419715884804452e-16
3783.11 9.056818690342485e-16
3785.44 9.131412291422828e-16
3787.77 7.167680181268141e-16
3790.1 8.577396574395276e-16
3792.43 9.15588047183171e-16
3794.77 8.642913054517e-16
3797.1 1.0456885158152184e-15
3799.43 7.018584518440385e-16
3801.76 4.758006905887861e-16
3804.09 8.309108179562483e-16
3806.42 6.487358392399555e-16
3808.75 4.0860044562419284e-16
3811.08 4.508793386124322e-16
3813.41 6.60301940909379e-16
3815.75 9.254073497974989e-16
3818.08 7.453385741824137e-16
3820.41 6.836182898358286e-16
3822.74 6.453383824257607e-16
3825.07 8.012203008429911e-16
3827.4 7.436408878058729e-16
3829.73 4.669303011874695e-16
3832.06 6.159223886573209e-16
3834.39 7.716029331707272e-16
3836.73 7.427540791898764e-16
3839.06 6.925356640161063e-16
3841.39 6.553851074406854e-16
3843.72 5.231210601080673e-16
3846.05 3.7741308376996305e-16
3848.38 6.15280077228148e-16
3850.71 6.515865912530484e-16
3853.04 2.521989610677973e-16
3855.37 1.422695947771919e-16
3857.71 3.6647223507860083e-16
3860.04 5.371119505856607e-16
3862.37 2.8810823896367573e-16
3864.7 1.975210621858916e-16
3867.03 4.895866680617403e-16
3869.36 4.1808324270026185e-16
3871.69 3.002048543950973e-16
3874.02 5.928902616342922e-16
3876.35 7.583316403334061e-16
3878.69 5.514296407456811e-16
3881.02 4.644889975989481e-16
3883.35 5.072065620206641e-16
3885.68 4.29443791742654e-16
3888.01 5.317478976585696e-16
3890.34 6.638401694860304e-16
3892.67 7.096595407435823e-16
3895.0 6.879540365280975e-16
3897.33 6.034246665845031e-16
3899.67 7.869294339733192e-16
3902.0 9.878055378859565e-16
3904.33 7.408995515244569e-16
3906.66 6.255688006203311e-16
3908.99 7.408758631260304e-16
3911.32 8.785031251355861e-16
3913.65 1.0216365687505128e-15
3915.98 9.536809908888165e-16
3918.31 1.070439383567145e-15
3920.65 1.2106668375645331e-15
3922.98 1.0493997649901715e-15
3925.31 1.0701224632589249e-15
3927.64 1.2330463607949849e-15
3929.97 1.1012123450524164e-15
3932.3 1.0921125160244935e-15
3934.63 1.2987580968422716e-15
3936.96 1.3609589689791439e-15
3939.29 1.4650957336164863e-15
3941.62 1.4210745974894742e-15
3943.96 1.3441943462981928e-15
3946.29 1.5134224110336567e-15
3948.62 1.7428730231664939e-15
3950.95 1.76712361574603e-15
3953.28 1.8152957621791593e-15
3955.61 1.846043040239761e-15
3957.94 1.80756084159623e-15
3960.27 2.2594540044165365e-15
3962.6 2.5703767843442905e-15
3964.94 2.5095388068426485e-15
3967.27 2.3601728728391437e-15
3969.6 2.3814410588443268e-15
3971.93 2.7023270293711213e-15
3974.26 2.844855389494552e-15
3976.59 2.7130312750590624e-15
3978.92 2.7438940337703108e-15
3981.25 2.8348871090653978e-15
3983.58 2.9010193722082324e-15
3985.92 3.172700274705846e-15
3988.25 3.1124295603704823e-15
3990.58 2.7330264608089725e-15
3992.91 2.723695098462263e-15
3995.24 2.8859747772990367e-15
3997.57 2.8468465492927873e-15
3999.9 2.7596397081626353e-15
4002.23 2.749067263898685e-15
4004.56 2.9010714552299413e-15
4006.9 2.9697437980379133e-15
4009.23 3.1105957270231534e-15
4011.56 2.990934377856683e-15
4013.89 2.8586121447228804e-15
4016.22 2.8839220856442853e-15
4018.55 2.8943512190522033e-15
4020.88 2.9706069007064973e-15
4023.21 3.214514271233259e-15
4025.54 3.1300138110926854e-15
4027.88 2.8214105143139298e-15
4030.21 2.699106352255204e-15
4032.54 2.934271582600593e-15
4034.87 2.9859115907041705e-15
4037.2 2.6846710942461114e-15
4039.53 2.6630927115074922e-15
4041.86 2.2865209037559488e-15
4044.19 2.2326100792724373e-15
4046.52 2.6666638461943933e-15
4048.86 2.661406200309155e-15
4051.19 2.4355241457451204e-15
4053.52 2.2303835769573827e-15
4055.85 1.9526001935803724e-15
4058.18 2.1710459127199963e-15
4060.51 2.1367887073784704e-15
4062.84 1.9485490403305117e-15
4065.17 1.9496515101079033e-15
4067.5 1.881144657933498e-15
4069.84 1.994961289514795e-15
4072.17 1.9780056124097925e-15
4074.5 2.156723998956834e-15
4076.83 2.3863296823951954e-15
4079.16 2.5289819180788527e-15
4081.49 3.179697417168309e-15
4083.82 3.827008908404786e-15
4086.15 4.141272351680751e-15
4088.48 4.4912968468828374e-15
4090.82 4.9197337803733e-15
4093.15 5.0430813912566874e-15
4095.48 4.91409715178792e-15
4097.81 4.861609282246219e-15
4100.14 4.850084455619639e-15
4102.47 5.033719285647471e-15
4104.8 5.0859221889230495e-15
4107.13 4.761959713899631e-15
4109.46 4.5023244217320145e-15
4111.8 4.5664568202132664e-15
4114.13 4.2875640184606924e-15
4116.46 4.268204339322411e-15
4118.79 4.3973311700019775e-15
4121.12 4.2663441646746965e-15
4123.45 4.295321841062522e-15
4125.78 4.322510279828766e-15
4128.11 4.384170051041449e-15
4130.44 4.299366755965495e-15
4132.78 4.31329272885044e-15
4135.11 4.426350886216979e-15
4137.44 4.275168524925552e-15
4139.77 4.151887365415866e-15
4142.1 3.84265037462706e-15
4144.43 3.769926063926014e-15
4146.76 3.6974728556309325e-15
4149.09 3.3082165107190177e-15
4151.42 3.27758318406553e-15
4153.76 3.3376306277359294e-15
4156.09 3.0283439047036257e-15
4158.42 2.9568944632058607e-15
4160.75 3.2083788443577813e-15
4163.08 3.2548850413447972e-15
4165.41 3.172632065154632e-15
4167.74 3.3191096813141812e-15
4170.07 3.229435466630193e-15
4172.4 3.021113678197035e-15
4174.74 2.8736706829460073e-15
4177.07 2.8036252456380716e-15
4179.4 3.023579227940172e-15
4181.73 3.0398929116298332e-15
4184.06 2.737172261225956e-15
4186.39 2.4144877847898363e-15
4188.72 2.277536925044999e-15
4191.05 2.19191992478661e-15
4193.38 2.1465907499377663e-15
4195.71 2.2768812649126828e-15
4198.05 2.2230759892556046e-15
4200.38 2.203474342443639e-15
4202.71 2.1785620919455693e-15
4205.04 2.0158351489770802e-15
4207.37 1.8238876615846596e-15
4209.7 1.6041626060737662e-15
4212.03 1.8669849285516756e-15
4214.36 2.243872700867236e-15
4216.69 2.0548010142315363e-15
4219.03 1.9404522539065135e-15
4221.36 1.9085841612918867e-15
4223.69 2.0013904667273296e-15
4226.02 2.1829199452013717e-15
4228.35 2.1524791123518156e-15
4230.68 2.2042328504866465e-15
4233.01 2.1831567328014513e-15
4235.34 2.040643247024259e-15
4237.67 2.3073129894491e-15
4240.01 2.6680228167616303e-15
4242.34 2.751186273486532e-15
4244.67 2.504667130775992e-15
4247.0 2.02658568610563e-15
4249.33 2.213446563584745e-15
4251.66 2.2067257297492474e-15
4253.99 2.2114067928626377e-15
4256.32 2.474268723143485e-15
4258.65 2.4122765855934905e-15
4260.99 2.102584824877787e-15
4263.32 2.0272054876590703e-15
4265.65 2.0121765864349957e-15
4267.98 1.9523900285356262e-15
4270.31 1.868317490968061e-15
4272.64 1.6863056671879958e-15
4274.97 1.7374929407733468e-15
4277.3 1.824713431571034e-15
4279.63 1.8312891863168865e-15
4281.97 1.7589656633119608e-15
4284.3 1.5773489353939032e-15
4286.63 1.6455856109839142e-15
4288.96 1.6553996060484763e-15
4291.29 1.5800107529007548e-15
4293.62 1.4812642057295395e-15
4295.95 1.4273026202715715e-15
4298.28 1.4820202703369766e-15
4300.61 1.6315814954754795e-15
4302.95 1.5903436692447237e-15
4305.28 1.6428523892653276e-15
4307.61 1.9121023376013675e-15
4309.94 1.967779072767642e-15
4312.27 1.993402596837833e-15
4314.6 2.1014097396182395e-15
4316.93 2.4052195240407035e-15
4319.26 2.727536545081364e-15
4321.59 2.6720857379541523e-15
4323.93 2.715856389116168e-15
4326.26 2.8550216132493363e-15
4328.59 2.9027580642461793e-15
4330.92 2.839144009890677e-15
4333.25 2.8089563114646643e-15
4335.58 2.813166269117722e-15
4337.91 2.7762721730175445e-15
4340.24 2.8753050458625073e-15
4342.57 2.9217449463690167e-15
4344.91 2.924300096609587e-15
4347.24 2.7843097723441906e-15
4349.57 2.5763361882214853e-15
4351.9 2.47680032242418e-15
4354.23 2.3769727647441585e-15
4356.56 2.505100459234109e-15
4358.89 2.713530118190555e-15
4361.22 2.7274473854999547e-15
4363.55 2.9223618400016595e-15
4365.89 2.7330614187745338e-15
4368.22 2.9737001884567902e-15
4370.55 2.831966067395552e-15
4372.88 2.4761798442665676e-15
4375.21 2.6376166540153457e-15
4377.54 2.6817992226649915e-15
4379.87 2.5625090084843565e-15
4382.2 2.8305813927379284e-15
4384.53 3.031259959247204e-15
4386.87 2.963855827965574e-15
4389.2 3.128312543480728e-15
4391.53 3.2023637549380223e-15
4393.86 3.2823028875769648e-15
4396.19 3.0889633937846633e-15
4398.52 3.1832927924410638e-15
4400.85 3.5307478793094142e-15
4403.18 3.418227526886678e-15
4405.51 3.227247682462055e-15
4407.85 3.450026561649439e-15
4410.18 3.464031390894457e-15
4412.51 3.3329168789561267e-15
4414.84 3.370416061019107e-15
4417.17 3.3022200748165206e-15
4419.5 3.2773458928222823e-15
4421.83 3.274773909466958e-15
4424.16 3.4402661371513157e-15
4426.49 3.545217443833214e-15
4428.83 3.4508610267327417e-15
4431.16 3.415598293199411e-15
4433.49 3.392670326640707e-15
4435.82 3.467734819467462e-15
4438.15 3.511639546864581e-15
4440.48 3.3754001741075947e-15
4442.81 3.221344745056479e-15
4445.14 3.299212468620599e-15
4447.47 3.4084887654366555e-15
4449.8 3.569735608811669e-15
4452.14 3.630944092453472e-15
4454.47 3.674351966317041e-15
4456.8 3.682904881723831e-15
4459.13 3.645682438836413e-15
4461.46 3.702420268173991e-15
4463.79 3.6880909841729765e-15
4466.12 3.576693417550707e-15
4468.45 3.5033250158467915e-15
4470.78 3.3715122918571677e-15
4473.12 3.4267688553346877e-15
4475.45 3.4709146371779844e-15
4477.78 3.4275075865996616e-15
4480.11 3.43603899476373e-15
4482.44 3.4214526276777342e-15
4484.77 3.2725337288447456e-15
4487.1 3.224855915581473e-15
4489.43 3.276381914671589e-15
4491.76 3.3356465507284242e-15
4494.1 3.433859635106941e-15
4496.43 3.4503802395472252e-15
4498.76 3.217404229978678e-15
4501.09 3.040130050455058e-15
4503.42 3.1420677078441885e-15
4505.75 3.4008197402943788e-15
4508.08 3.331115150766958e-15
4510.41 3.1343898898037666e-15
4512.74 3.066182682655819e-15
4515.08 3.1589114534330225e-15
4517.41 3.3494808667978006e-15
4519.74 3.345414514341518e-15
4522.07 3.600623459888596e-15
4524.4 3.823968115833442e-15
4526.73 3.949094208589842e-15
4529.06 4.096337665617884e-15
4531.39 4.0928918137097925e-15
4533.72 4.2296517655119755e-15
4536.06 4.525710199879366e-15
4538.39 4.587801031850874e-15
4540.72 4.693285264930408e-15
4543.05 4.862570729621975e-15
4545.38 5.047298383385154e-15
4547.71 5.436916220701729e-15
4550.04 5.931223840554674e-15
4552.37 5.816709195529457e-15
4554.7 6.038023757946971e-15
4557.04 6.391849387833763e-15
4559.37 6.61738477402639e-15
4561.7 6.898158013934035e-15
4564.03 7.05224425155164e-15
4566.36 7.354897917364308e-15
4568.69 7.760253405044603e-15
4571.02 8.039124561237768e-15
4573.35 8.358048044868862e-15
4575.68 9.32244139341587e-15
4578.02 9.826211234887316e-15
4580.35 1.0081375674805703e-14
4582.68 1.0739017455918507e-14
4585.01 1.081634483871636e-14
4587.34 1.10188550030174e-14
4589.67 1.0920141773611152e-14
4592.0 1.071847887433164e-14
4594.33 1.0701260939469112e-14
4596.66 1.0483820962778734e-14
4599.0 1.0258895071568795e-14
4601.33 9.935260073484282e-15
4603.66 9.851452339007013e-15
4605.99 9.712115716011366e-15
4608.32 9.716699816925716e-15
4610.65 9.76111270735629e-15
4612.98 9.994332935071419e-15
4615.31 1.0140734255650084e-14
4617.64 1.019025254578e-14
4619.98 1.0407985931759199e-14
4622.31 1.101604274217414e-14
4624.64 1.1289336567953087e-14
4626.97 1.1278390552776893e-14
4629.3 1.1433981883374996e-14
4631.63 1.1382214315008363e-14
4633.96 1.1205892236359915e-14
4636.29 1.1091572405229432e-14
4638.62 1.0991037513935872e-14
4640.96 1.0835821421715756e-14
4643.29 1.0952648784089601e-14
4645.62 1.1052493913335103e-14
4647.95 1.0913238970230185e-14
4650.28 1.0965480689571528e-14
4652.61 1.1206232988440998e-14
4654.94 1.157409800908249e-14
4657.27 1.1964893099369574e-14
4659.6 1.2097571600971072e-14
4661.94 1.1809851570949934e-14
4664.27 1.203289387982739e-14
4666.6 1.2108569484335433e-14
4668.93 1.2041393348273961e-14
4671.26 1.2077308743510866e-14
4673.59 1.2206098554772095e-14
4675.92 1.2073541520120086e-14
4678.25 1.1788889198972522e-14
4680.58 1.1513578779931401e-14
4682.92 1.143983381316348e-14
4685.25 1.1248726423664298e-14
4687.58 1.1195192127307487e-14
4689.91 1.1067040922741893e-14
4692.24 1.0835643618678536e-14
4694.57 1.0763023344348712e-14
4696.9 1.0557677859992046e-14
4699.23 1.0369780303840455e-14
4701.56 1.0329523017041148e-14
4703.89 1.0302550481514243e-14
4706.23 9.880633225742116e-15
4708.56 9.510706529300663e-15
4710.89 9.2815705950642e-15
4713.22 8.889504020308607e-15
4715.55 8.732831041568482e-15
4717.88 8.725916969475669e-15
4720.21 8.794458848723669e-15
4722.54 8.648809527412629e-15
4724.87 8.496036574965951e-15
4727.21 8.473990151053579e-15
4729.54 8.238617497102569e-15
4731.87 8.077045187260022e-15
4734.2 7.959443915097165e-15
4736.53 7.592641955660285e-15
4738.86 7.19666044524074e-15
4741.19 6.972817078864203e-15
4743.52 6.678188994375434e-15
4745.85 6.269223675169823e-15
4748.19 5.8885480513435825e-15
4750.52 5.68238614695182e-15
4752.85 5.4462864556352415e-15
4755.18 5.0935525059256396e-15
4757.51 4.7735558458485644e-15
4759.84 4.4407291017386045e-15
4762.17 4.299263885384299e-15
4764.5 4.139320267617008e-15
4766.83 3.919815336591006e-15
4769.17 3.646275545485447e-15
4771.5 3.537016245845886e-15
4773.83 3.3929414185387377e-15
4776.16 3.2804566238181462e-15
4778.49 3.155716646029257e-15
4780.82 2.846433390562605e-15
4783.15 2.734777784175556e-15
4785.48 2.589277639725093e-15
4787.81 2.5133256707893817e-15
4790.15 2.7578099862700776e-15
4792.48 2.9963031079794843e-15
4794.81 2.991544039396987e-15
4797.14 2.9849785657995635e-15
4799.47 2.89375413050833e-15
4801.8 2.8871415473259938e-15
4804.13 3.1946118597461455e-15
4806.46 3.3599686510967497e-15
4808.79 3.693641646776807e-15
4811.13 3.9720458526237374e-15
4813.46 4.149753254366076e-15
4815.79 4.286670184263045e-15
4818.12 4.6394750856103814e-15
4820.45 5.209826601366176e-15
4822.78 5.611616954023232e-15
4825.11 5.984045885506336e-15
4827.44 6.330107832168651e-15
4829.77 6.4398732087562816e-15
4832.11 6.7218186405386945e-15
4834.44 7.038504508580733e-15
4836.77 7.333158210036071e-15
4839.1 7.6450310184301e-15
4841.43 7.909476791182828e-15
4843.76 8.36918039071567e-15
4846.09 8.828395194250602e-15
4848.42 9.022744009291739e-15
4850.75 9.033866423928209e-15
4853.09 9.215102121250705e-15
4855.42 9.413980424460062e-15
4857.75 9.417890381916317e-15
4860.08 9.453227280238576e-15
4862.41 9.696724306438028e-15
4864.74 9.861185353456167e-15
4867.07 9.724686776187259e-15
4869.4 9.75115974405319e-15
4871.73 9.820322665500855e-15
4874.07 9.635958761997843e-15
4876.4 9.485753278544321e-15
4878.73 9.258672572945159e-15
4881.06 9.180626620884268e-15
4883.39 9.270058445925802e-15
4885.72 9.14660323617215e-15
4888.05 8.928690128762932e-15
4890.38 9.081223592614851e-15
4892.71 9.102952533576642e-15
4895.05 9.038875401746898e-15
4897.38 9.116016834743481e-15
4899.71 9.370380933750295e-15
4902.04 9.913109521162914e-15
4904.37 9.953501338658e-15
4906.7 1.0205969929165811e-14
4909.03 1.0719552127073289e-14
4911.36 1.1119513409004503e-14
4913.69 1.1481367160560798e-14
4916.03 1.171918316494467e-14
4918.36 1.1969925612570821e-14
4920.69 1.2300193655415133e-14
4923.02 1.257158774639186e-14
4925.35 1.2855119007336025e-14
4927.68 1.2979896634122292e-14
4930.01 1.2956722820047288e-14
4932.34 1.3002990276346953e-14
4934.67 1.301020164447032e-14
4937.01 1.2956039365592543e-14
4939.34 1.2442515210542522e-14
4941.67 1.2126600343066882e-14
4944.0 1.2218300943587046e-14
4946.33 1.1950942790679185e-14
4948.66 1.183830805125297e-14
4950.99 1.1483921630946626e-14
4953.32 1.09527824521622e-14
4955.65 1.0707239724773758e-14
4957.98 1.0482695887023952e-14
4960.32 1.018004528713594e-14
4962.65 9.81743281324623e-15
4964.98 9.569024068221278e-15
4967.31 9.308050355277523e-15
4969.64 8.952549187447108e-15
4971.97 8.67640636386368e-15
4974.3 8.482366788956703e-15
4976.63 8.412321880167277e-15
4978.96 8.417660073809348e-15
4981.3 8.494562633370661e-15
4983.63 8.546505719534915e-15
4985.96 8.823894304216305e-15
4988.29 9.073803967108173e-15
4990.62 9.296050779836966e-15
4992.95 9.752976592782644e-15
4995.28 1.0231916803623266e-14
4997.61 1.0822594304471789e-14
4999.94 1.1415162638911225e-14
5002.28 1.1905574951206749e-14
5004.61 1.224359038612769e-14
5006.94 1.268096310617348e-14
5009.27 1.3226974617793253e-14
5011.6 1.3857891962101662e-14
5013.93 1.4234516752250272e-14
5016.26 1.4611045755944174e-14
5018.59 1.49574817842044e-14
5020.92 1.5169648666468477e-14
5023.26 1.5375318677779574e-14
5025.59 1.5355384375720245e-14
5027.92 1.527828410898865e-14
5030.25 1.5103259869408473e-14
5032.58 1.4908500720560825e-14
5034.91 1.474461208088684e-14
5037.24 1.4693110751076727e-14
5039.57 1.440871425231976e-14
5041.9 1.384760406619155e-14
5044.24 1.324139451462973e-14
5046.57 1.2851191454226993e-14
5048.9 1.2152277194197474e-14
5051.23 1.159356172685279e-14
5053.56 1.1368946571390727e-14
5055.89 1.1005470993414201e-14
5058.22 1.0576406885172527e-14
5060.55 1.024831272811623e-14
5062.88 9.984452877394467e-15
5065.22 9.489488558621284e-15
5067.55 9.221759664031465e-15
5069.88 9.196627800471137e-15
5072.21 9.038399087225022e-15
5074.54 8.518786015103333e-15
5076.87 8.170642371017624e-15
5079.2 7.909159066665194e-15
5081.53 7.57112985043203e-15
5083.86 7.259966982961452e-15
5086.2 7.0402705602621805e-15
5088.53 6.747982365502659e-15
5090.86 6.351758300389318e-15
5093.19 6.18083946118547e-15
5095.52 6.044540551294453e-15
5097.85 5.819941082365624e-15
5100.18 5.578785380096832e-15
5102.51 5.351012967017631e-15
5104.84 5.112213308268612e-15
5107.18 4.763219105737099e-15
5109.51 4.572614877591272e-15
5111.84 4.4680438110171376e-15
5114.17 4.3058445052220625e-15
5116.5 4.469082638227452e-15
5118.83 4.457076675790657e-15
5121.16 4.510038242306873e-15
5123.49 4.4529276262171374e-15
5125.82 4.3657301703021945e-15
5128.16 4.488958408990858e-15
5130.49 4.600534151818699e-15
5132.82 4.8266017944492525e-15
5135.15 4.884537521043758e-15
5137.48 5.05130288998351e-15
5139.81 5.338911030054719e-15
5142.14 5.573391645045047e-15
5144.47 5.687335350288259e-15
5146.8 5.910560103498276e-15
5149.14 6.202406070256669e-15
5151.47 6.1604669809781815e-15
5153.8 6.231966516676112e-15
5156.13 6.6706698555231615e-15
5158.46 6.891120992794224e-15
5160.79 7.259217314399317e-15
5163.12 7.501765393456735e-15
5165.45 7.622486291356709e-15
5167.78 7.731552508166583e-15
5170.12 8.142081383973883e-15
5172.45 8.392898257453188e-15
5174.78 8.366743858782192e-15
5177.11 8.540900284866411e-15
5179.44 8.920219143777224e-15
5181.77 9.141677203606379e-15
5184.1 9.22444737792816e-15
5186.43 9.257694494125506e-15
5188.76 9.206151289418055e-15
5191.1 9.19148611016746e-15
5193.43 9.242450689183348e-15
5195.76 9.183748966986107e-15
5198.09 9.039850892548742e-15
5200.42 9.002706454776376e-15
5202.75 9.035923056782928e-15
5205.08 8.903099883310963e-15
5207.41 8.945267516970759e-15
5209.74 8.970836357476834e-15
5212.07 9.016569763357299e-15
5214.41 9.07318950195333e-15
5216.74 9.037845770917584e-15
5219.07 9.066903974593611e-15
5221.4 9.120861997290144e-15
5223.73 9.067929399088604e-15
5226.06 9.183639558048803e-15
5228.39 9.310228417643966e-15
5230.72 9.147044137645037e-15
5233.05 9.080353472333514e-15
5235.39 9.031959876117906e-15
5237.72 8.82673441061556e-15
5240.05 8.76150077215198e-15
5242.38 8.644472954970598e-15
5244.71 8.731643693806456e-15
5247.04 8.750966275867776e-15
5249.37 8.786853615922666e-15
5251.7 8.949266170516925e-15
5254.03 9.153118599722196e-15
5256.37 9.170223567666858e-15
5258.7 9.366425756740447e-15
5261.03 9.591635615256689e-15
5263.36 9.539635471794733e-15
5265.69 9.37525412852531e-15
5268.02 9.594238776040136e-15
5270.35 9.387729577243157e-15
5272.68 9.092185793807361e-15
5275.01 8.971887051785637e-15
5277.35 9.034603078734538e-15
5279.68 8.676028700956744e-15
5282.01 8.442693646047368e-15
5284.34 8.591710487979207e-15
5286.67 8.447463066608173e-15
5289.0 8.450441236382056e-15
5291.33 8.587891616659676e-15
5293.66 8.894160050908743e-15
5295.99 9.215608358992034e-15
5298.33 9.30433191730577e-15
5300.66 9.476077865563223e-15
5302.99 9.611758085441307e-15
5305.32 9.691548735262832e-15
5307.65 1.0003205637599672e-14
5309.98 1.0128891087721444e-14
5312.31 1.0212880990734193e-14
5314.64 1.0479148893485522e-14
5316.97 1.0635208243958803e-14
5319.31 1.0721884651156084e-14
5321.64 1.089852917878076e-14
5323.97 1.1032127906284001e-14
5326.3 1.1050351530726725e-14
5328.63 1.1109132175299648e-14
5330.96 1.1117965924640303e-14
5333.29 1.1132868600100509e-14
5335.62 1.0945923497494783e-14
5337.95 1.0852193079596613e-14
5340.29 1.085112714726916e-14
5342.62 1.0965514840985406e-14
5344.95 1.0995813668000152e-14
5347.28 1.1067203601829905e-14
5349.61 1.1063462987633975e-14
5351.94 1.1191855627331782e-14
5354.27 1.1473117506525313e-14
5356.6 1.1686125455124802e-14
5358.93 1.1865114345464761e-14
5361.27 1.2088505143858598e-14
5363.6 1.2145030982632425e-14
5365.93 1.2319643946111213e-14
5368.26 1.2446389712835726e-14
5370.59 1.2504174343841653e-14
5372.92 1.2382593801653864e-14
5375.25 1.2231470582752205e-14
5377.58 1.2056060272418034e-14
5379.91 1.2032208819047335e-14
5382.25 1.1761234996736297e-14
5384.58 1.1783239479336732e-14
5386.91 1.1896813427977841e-14
5389.24 1.1905646366172579e-14
5391.57 1.1908342975917121e-14
5393.9 1.1851271031834808e-14
5396.23 1.1782289103988027e-14
5398.56 1.1908339997473254e-14
5400.89 1.2188951297206963e-14
5403.23 1.2292898386347054e-14
5405.56 1.2364443464633113e-14
5407.89 1.2693137903351407e-14
5410.22 1.2918075964949731e-14
5412.55 1.3199507437464101e-14
5414.88 1.35382473799933e-14
5417.21 1.386584913912632e-14
5419.54 1.3984073865018968e-14
5421.87 1.4056467878997928e-14
5424.21 1.4066027072596317e-14
5426.54 1.4174325379540129e-14
5428.87 1.4164017136477237e-14
5431.2 1.4057498953636584e-14
5433.53 1.40947762618587e-14
5435.86 1.401433218924074e-14
5438.19 1.3823694267484531e-14
5440.52 1.380666265699304e-14
5442.85 1.3650562319969187e-14
5445.19 1.3594685016556767e-14
5447.52 1.3474058776458241e-14
5449.85 1.3225837002515486e-14
5452.18 1.3019730417867339e-14
5454.51 1.2929265746613323e-14
5456.84 1.2741412294511911e-14
5459.17 1.2496229272092577e-14
5461.5 1.261690289432466e-14
5463.83 1.2835763759946581e-14
5466.16 1.2736112952956743e-14
5468.5 1.2660462635619108e-14
5470.83 1.2509805666812056e-14
5473.16 1.2454027702867874e-14
5475.49 1.2355295998447923e-14
5477.82 1.2252313930675606e-14
5480.15 1.220963881414005e-14
5482.48 1.2015923835535851e-14
5484.81 1.1932827365883728e-14
5487.14 1.1827553455471204e-14
5489.48 1.179240239153198e-14
5491.81 1.2008632295482554e-14
5494.14 1.1907076405389325e-14
5496.47 1.1655462568580242e-14
5498.8 1.1566238818092733e-14
5501.13 1.1680436756246318e-14
5503.46 1.1891455234791153e-14
5505.79 1.2062604478351936e-14
5508.12 1.243781961539353e-14
5510.46 1.2755002702861889e-14
5512.79 1.3156619759177372e-14
5515.12 1.3523440689228222e-14
5517.45 1.383261015387262e-14
5519.78 1.4171572552590585e-14
5522.11 1.4602032966830376e-14
5524.44 1.479375066749133e-14
5526.77 1.493995524109562e-14
5529.1 1.511715796583082e-14
5531.44 1.5312200080706912e-14
5533.77 1.549608284959838e-14
5536.1 1.5464712653031305e-14
5538.43 1.524549708095528e-14
5540.76 1.5070356265080127e-14
5543.09 1.510579105150283e-14
5545.42 1.512027543679692e-14
5547.75 1.4949345954251813e-14
5550.08 1.4802824264004804e-14
5552.42 1.4503719843372772e-14
5554.75 1.422396326673167e-14
5557.08 1.404089561506024e-14
5559.41 1.3802635618863779e-14
5561.74 1.3627216710917832e-14
5564.07 1.338029715339506e-14
5566.4 1.3107534858943782e-14
5568.73 1.292869337590613e-14
5571.06 1.2844690863322463e-14
5573.4 1.2706803415538281e-14
5575.73 1.2321825252716997e-14
5578.06 1.2045760785364834e-14
5580.39 1.1870543259137468e-14
5582.72 1.1750170996609747e-14
5585.05 1.1702939613723448e-14
5587.38 1.164023215071388e-14
5589.71 1.151445217104296e-14
5592.04 1.1225299460511552e-14
5594.38 1.11449058705706e-14
5596.71 1.097090615303614e-14
5599.04 1.0771295989047567e-14
5601.37 1.0415355171138364e-14
5603.7 1.0177543743719146e-14
5606.03 1.0009597805039574e-14
5608.36 9.796185992463173e-15
5610.69 9.636488958191066e-15
5613.02 9.460550659306361e-15
5615.36 9.260560803847498e-15
5617.69 9.168200644562947e-15
5620.02 9.240509518878156e-15
5622.35 9.049462853117695e-15
5624.68 8.941570910330798e-15
5627.01 8.892114202633156e-15
5629.34 8.91773902939111e-15
5631.67 8.898493589136537e-15
5634.0 9.055965970185933e-15
5636.34 9.299726567197096e-15
5638.67 9.412892823503345e-15
5641.0 9.792755005931176e-15
5643.33 9.876685777458882e-15
5645.66 1.0312766845816159e-14
5647.99 1.0826374936368446e-14
5650.32 1.1087269468465373e-14
5652.65 1.1441131437136842e-14
5654.98 1.1683533200229178e-14
5657.32 1.1848802540443541e-14
5659.65 1.196866556778129e-14
5661.98 1.2163645561744573e-14
5664.31 1.239639167629638e-14
5666.64 1.2598716574276912e-14
5668.97 1.2742253755463014e-14
5671.3 1.2850800531521611e-14
5673.63 1.3028075139449716e-14
5675.96 1.3152468328994832e-14
5678.3 1.3171262094751972e-14
5680.63 1.3002470013606222e-14
5682.96 1.2903961213614164e-14
5685.29 1.2818179238716814e-14
5687.62 1.284559534513814e-14
5689.95 1.2884536441733036e-14
5692.28 1.2688916428206254e-14
5694.61 1.2536617332220285e-14
5696.94 1.237658493627795e-14
5699.28 1.2050999667550632e-14
5701.61 1.1897157402265541e-14
5703.94 1.1754020130002939e-14
5706.27 1.1425801872959079e-14
5708.6 1.1093929393991235e-14
5710.93 1.0792738463147318e-14
5713.26 1.0726648025458092e-14
5715.59 1.0717381388152084e-14
5717.92 1.0432220216200483e-14
5720.25 1.0216155822501516e-14
5722.59 1.0097316598480038e-14
5724.92 9.976588627331355e-15
5727.25 9.870061914210322e-15
5729.58 9.763261510902356e-15
5731.91 9.605883806266745e-15
5734.24 9.537518680690802e-15
5736.57 9.394517261596161e-15
5738.9 9.134018499341914e-15
5741.23 8.9441994262545e-15
5743.57 8.657371266610547e-15
5745.9 8.526100349667165e-15
5748.23 8.330789655296375e-15
5750.56 8.041316764769295e-15
5752.89 7.722392928041504e-15
5755.22 7.55479550572857e-15
5757.55 7.212388553991998e-15
5759.88 6.946831424939353e-15
5762.21 6.738688219396437e-15
5764.55 6.4481158364529906e-15
5766.88 6.2520654750910975e-15
5769.21 6.022226010928306e-15
5771.54 5.767683199364146e-15
5773.87 5.543298526131701e-15
5776.2 5.262157279807764e-15
5778.53 4.81846439739458e-15
5780.86 4.7034358427421165e-15
5783.19 4.55961508098579e-15
5785.53 4.410168722535246e-15
5787.86 4.213565999919753e-15
5790.19 4.02559975937412e-15
5792.52 3.997534360018717e-15
5794.85 3.691971138496e-15
5797.18 3.5587083909779304e-15
5799.51 3.659508459975674e-15
5801.84 3.672308615463799e-15
5804.17 3.65997110337636e-15
5806.51 3.6576247756218555e-15
5808.84 3.753744566060969e-15
5811.17 3.746989485571426e-15
5813.5 3.788522618509107e-15
5815.83 3.915128720561158e-15
5818.16 4.126926140635019e-15
5820.49 4.2351152405186754e-15
5822.82 4.390315220732411e-15
5825.15 4.564413423859891e-15
5827.49 4.7772391832178485e-15
5829.82 5.0918811187815255e-15
5832.15 5.2698175326046015e-15
5834.48 5.4169302049486485e-15
5836.81 5.627857109349033e-15
5839.14 6.068804576569284e-15
5841.47 6.36262703406707e-15
5843.8 6.427575308889628e-15
5846.13 6.733502937153702e-15
5848.47 7.110344106392607e-15
5850.8 7.382802455018578e-15
5853.13 7.64672645268665e-15
5855.46 8.011577067320691e-15
5857.79 8.42483061432885e-15
5860.12 8.742436589278852e-15
5862.45 9.202132927962136e-15
5864.78 9.48706049643901e-15
5867.11 1.0135326107726303e-14
5869.45 1.0792825448273253e-14
5871.78 1.1313612722359465e-14
5874.11 1.1761552846231632e-14
5876.44 1.2530485764648075e-14
5878.77 1.3299522240159591e-14
5881.1 1.3845815597407958e-14
5883.43 1.4110912836693189e-14
5885.76 1.4082740859104228e-14
5888.09 1.422797235313069e-14
5890.43 1.4416491386888435e-14
5892.76 1.4711573974431707e-14
5895.09 1.5145173764222105e-14
5897.42 1.5334625424223435e-14
5899.75 1.576424921996799e-14
5902.08 1.6156571751929744e-14
5904.41 1.6193369272320588e-14
5906.74 1.618126940779764e-14
5909.07 1.636542400663158e-14
5911.41 1.6385391031582352e-14
5913.74 1.6460773907006208e-14
5916.07 1.627077059546701e-14
5918.4 1.625319135168142e-14
5920.73 1.6236082364531823e-14
5923.06 1.622282544949271e-14
5925.39 1.6440573789058706e-14
5927.72 1.6405499478783825e-14
5930.05 1.630234361882368e-14
5932.39 1.6059770787717773e-14
5934.72 1.5746254097911196e-14
5937.05 1.5566834656829434e-14
5939.38 1.5632784427861563e-14
5941.71 1.545876671791978e-14
5944.04 1.513993080000473e-14
5946.37 1.5003620940442277e-14
5948.7 1.4959961111506326e-14
5951.03 1.478978824995718e-14
5953.37 1.4633035729065892e-14
5955.7 1.4456862639007215e-14
5958.03 1.4263947386981214e-14
5960.36 1.4054876431424404e-14
5962.69 1.4062327613639865e-14
5965.02 1.3973828530368109e-14
5967.35 1.3992464051218732e-14
5969.68 1.3873483400534394e-14
5972.01 1.356302071215783e-14
5974.34 1.3472964921151915e-14
5976.68 1.3734201396151767e-14
5979.01 1.3656949927588189e-14
5981.34 1.3698764675474756e-14
5983.67 1.3591507395097686e-14
5986.0 1.3344756263821399e-14
5988.33 1.3270938664914431e-14
5990.66 1.3132100891125771e-14
5992.99 1.3112290325931073e-14
5995.32 1.305898374092384e-14
5997.66 1.2894257731656278e-14
5999.99 1.2832605294535386e-14
6002.32 1.2818177199067454e-14
6004.65 1.2788984342578714e-14
6006.98 1.26166673308032e-14
6009.31 1.2532040113885252e-14
6011.64 1.2385581302913637e-14
6013.97 1.2314588196674255e-14
6016.3 1.2182933702885803e-14
6018.64 1.20179409480949e-14
6020.97 1.1944788731861385e-14
6023.3 1.2054205663565157e-14
6025.63 1.1784926772633692e-14
6027.96 1.150550290098558e-14
6030.29 1.1541960298575678e-14
6032.62 1.1435318664126093e-14
6034.95 1.1451867446349954e-14
6037.28 1.1289291679504676e-14
6039.62 1.1221402823946625e-14
6041.95 1.1214183205091647e-14
6044.28 1.1127551518245158e-14
6046.61 1.0827594967129135e-14
6048.94 1.0567266085835248e-14
6051.27 1.0634970445481431e-14
6053.6 1.0773160251407905e-14
6055.93 1.0653857871594347e-14
6058.26 1.0605570533861372e-14
6060.6 1.0596095813778246e-14
6062.93 1.0555886831536466e-14
6065.26 1.0516647849183289e-14
6067.59 1.0514067793003877e-14
6069.92 1.0657261668638711e-14
6072.25 1.0771466134259039e-14
6074.58 1.0674098214426282e-14
6076.91 1.0505831930899453e-14
6079.24 1.0440743809929849e-14
6081.58 1.0334726183188836e-14
6083.91 1.0237913620866483e-14
6086.24 1.0009108404425907e-14
6088.57 9.844861211341098e-15
6090.9 9.615070295862354e-15
6093.23 9.44040269360522e-15
6095.56 9.335728221951557e-15
6097.89 9.092833434608855e-15
6100.22 8.894017625912952e-15
6102.56 8.902976955387351e-15
6104.89 9.062425178409363e-15
6107.22 9.032581463622911e-15
6109.55 8.933727182898935e-15
6111.88 9.045939499118993e-15
6114.21 9.173957655910245e-15
6116.54 9.266651106692174e-15
6118.87 9.357546471180118e-15
6121.2 9.602663603637994e-15
6123.54 9.74912257133858e-15
6125.87 1.0050502564148389e-14
6128.2 1.0282214913992346e-14
6130.53 1.0556263671195385e-14
6132.86 1.0732691755160769e-14
6135.19 1.0915065089661004e-14
6137.52 1.1169901199652229e-14
6139.85 1.1238396522207373e-14
6142.18 1.120895314622686e-14
6144.52 1.1483513385364935e-14
6146.85 1.1513865904872325e-14
6149.18 1.14383837615754e-14
6151.51 1.1552507270822331e-14
6153.84 1.1612647895238968e-14
6156.17 1.1402835832021457e-14
6158.5 1.1550120023229754e-14
6160.83 1.1494594277206446e-14
6163.16 1.1466520201690443e-14
6165.5 1.1382595285552342e-14
6167.83 1.12834946926166e-14
6170.16 1.1077776606362966e-14
6172.49 1.1051942654202655e-14
6174.82 1.0868124344057443e-14
6177.15 1.0749319963341497e-14
6179.48 1.0787331332379069e-14
6181.81 1.0744125063953745e-14
6184.14 1.0521041620301593e-14
6186.48 1.0386504001994629e-14
6188.81 1.0392932274933958e-14
6191.14 1.0410844134524462e-14
6193.47 1.0195090656449246e-14
6195.8 1.00075691337713e-14
6198.13 9.922267260842692e-15
6200.46 9.771179458213369e-15
6202.79 9.51682163512671e-15
6205.12 9.263866691417314e-15
6207.46 9.243970543982722e-15
6209.79 9.3076759499292e-15
6212.12 9.248771546669723e-15
6214.45 9.402664236777429e-15
6216.78 9.590632948611653e-15
6219.11 9.884857525764387e-15
6221.44 9.957584843101476e-15
6223.77 1.0257344586394644e-14
6226.1 1.0525911680235049e-14
6228.43 1.0634217464316823e-14
6230.77 1.0868407671919715e-14
6233.1 1.1203331929266584e-14
6235.43 1.1360809813328161e-14
6237.76 1.1486310423197014e-14
6240.09 1.1540692858569578e-14
6242.42 1.1568286097782289e-14
6244.75 1.1698632686381495e-14
6247.08 1.1808432762830643e-14
6249.41 1.1864712439686541e-14
6251.75 1.182239748561283e-14
6254.08 1.1736513043218037e-14
6256.41 1.1726268167134905e-14
6258.74 1.1823230498622661e-14
6261.07 1.1861162408674551e-14
6263.4 1.1875230825125268e-14
6265.73 1.1875122077729133e-14
6268.06 1.1751016857749445e-14
6270.39 1.1623128634147099e-14
6272.73 1.1260274991325373e-14
6275.06 1.1141086078242193e-14
6277.39 1.0973184933060486e-14
6279.72 1.0972699105172701e-14
6282.05 1.1023344686382986e-14
6284.38 1.1127655314396562e-14
6286.71 1.1116068390115715e-14
6289.04 1.0935602825249325e-14
6291.37 1.0972292765547915e-14
6293.71 1.1032577907594985e-14
6296.04 1.1013036404474004e-14
6298.37 1.1016235288558498e-14
6300.7 1.1058941607804922e-14
6303.03 1.0973517067474707e-14
6305.36 1.0837336510442842e-14
6307.69 1.0694893321017866e-14
6310.02 1.0638885793830339e-14
6312.35 1.0656636331344953e-14
6314.69 1.0417435349241467e-14
6317.02 1.0292753011522136e-14
6319.35 1.0223104501685508e-14
6321.68 1.0222580685665437e-14
6324.01 9.982455332162894e-15
6326.34 9.935230104577407e-15
6328.67 9.948346645088874e-15
6331.0 9.835443277112288e-15
6333.33 9.871242702966732e-15
6335.67 9.846655917928661e-15
6338.0 9.615374325414624e-15
6340.33 9.61816510299192e-15
6342.66 9.489789155558026e-15
6344.99 9.291176173912298e-15
6347.32 9.087972959028634e-15
6349.65 8.908223842620405e-15
6351.98 8.927353392583688e-15
6354.31 8.84553969549698e-15
6356.65 8.474058807757596e-15
6358.98 8.015234932926076e-15
6361.31 7.638901299171601e-15
6363.64 7.436403059915024e-15
6365.97 7.157810506138609e-15
6368.3 6.85841255285536e-15
6370.63 6.7033851121032116e-15
6372.96 6.527502339931536e-15
6375.29 6.40971906165356e-15
6377.63 6.1608296284339435e-15
6379.96 5.943428793731571e-15
6382.29 5.687656529656022e-15
6384.62 5.470909568344761e-15
6386.95 5.377563912337102e-15
6389.28 5.252873143861056e-15
6391.61 5.085527308921052e-15
6393.94 4.866285642197567e-15
6396.27 4.723322976529839e-15
6398.61 4.659638697640885e-15
6400.94 4.590079323304836e-15
6403.27 4.556074983826823e-15
6405.6 4.31141753934838e-15
6407.93 4.0569654190207524e-15
6410.26 3.831331528833538e-15
6412.59 3.849490897756857e-15
6414.92 3.7536333029664345e-15
6417.25 3.671322619435079e-15
6419.59 3.6822875603390214e-15
6421.92 3.624028582026945e-15
6424.25 3.684150358245206e-15
6426.58 3.806013135626601e-15
6428.91 3.772956284340244e-15
6431.24 3.699164368387527e-15
6433.57 3.778703517145595e-15
6435.9 3.575889062636247e-15
6438.23 3.6627606705955516e-15
6440.57 3.8438407832458925e-15
6442.9 3.966008044608461e-15
6445.23 4.237593990118671e-15
6447.56 4.2760766776497495e-15
6449.89 4.302753774362388e-15
6452.22 4.523484509260019e-15
6454.55 4.623221058783091e-15
6456.88 5.046149050959304e-15
6459.21 5.20197588474909e-15
6461.55 5.63851785103545e-15
6463.88 6.078776697314484e-15
6466.21 6.518249965422962e-15
6468.54 6.818808757226805e-15
6470.87 7.020772111209436e-15
6473.2 7.66826327876945e-15
6475.53 8.36685203994771e-15
6477.86 8.912873794882153e-15
6480.19 9.40588076692605e-15
6482.52 1.0236171223975189e-14
6484.86 1.1099467651587298e-14
6487.19 1.1793857605760834e-14
6489.52 1.251557394237055e-14
6491.85 1.2873808549846813e-14
6494.18 1.358596133674861e-14
6496.51 1.4200545115095161e-14
6498.84 1.4866171998615775e-14
6501.17 1.5559954899390353e-14
6503.5 1.6135377209005375e-14
6505.84 1.662436703818345e-14
6508.17 1.711111902395396e-14
6510.5 1.768344732603292e-14
6512.83 1.8166280580027822e-14
6515.16 1.84850946545774e-14
6517.49 1.8959341914907818e-14
6519.82 1.9771091227730695e-14
6522.15 2.027912776485976e-14
6524.48 2.1048490722237862e-14
6526.82 2.174219168380511e-14
6529.15 2.252756799504471e-14
6531.48 2.3580573865252365e-14
6533.81 2.448042879265439e-14
6536.14 2.5300175843410754e-14
6538.47 2.6120034729499634e-14
6540.8 2.6771843977224817e-14
6543.13 2.7073439782711988e-14
6545.46 2.748796081251255e-14
6547.8 2.795209880734006e-14
6550.13 2.8472598422483675e-14
6552.46 2.90044446695372e-14
6554.79 2.925736137448296e-14
6557.12 2.967660769867465e-14
6559.45 2.981355523431639e-14
6561.78 2.999078526353462e-14
6564.11 3.028705858084398e-14
6566.44 3.045498584549691e-14
6568.78 3.0140059364017353e-14
6571.11 2.985269452785803e-14
6573.44 2.97332511190377e-14
6575.77 2.948167733392929e-14
6578.1 2.926220531217903e-14
6580.43 2.9130623929406e-14
6582.76 2.9193135629652597e-14
6585.09 2.903248831985544e-14
6587.42 2.889947167356401e-14
6589.76 2.858578042079902e-14
6592.09 2.838175636733736e-14
6594.42 2.8017631562917293e-14
6596.75 2.7938786303236188e-14
6599.08 2.7620133224516533e-14
6601.41 2.71178253703522e-14
6603.74 2.6766553295464553e-14
6606.07 2.649445682412386e-14
6608.4 2.596349442229155e-14
6610.74 2.560633143050451e-14
6613.07 2.5273165214635734e-14
6615.4 2.514418663560408e-14
6617.73 2.477896136588935e-14
6620.06 2.4458804496177115e-14
6622.39 2.4245129272128317e-14
6624.72 2.3766895588598473e-14
6627.05 2.3311062290503533e-14
6629.38 2.288685318634125e-14
6631.72 2.243444423093612e-14
6634.05 2.2307339328863863e-14
6636.38 2.2004605351855505e-14
6638.71 2.1481743749387914e-14
6641.04 2.0953147439511357e-14
6643.37 2.0636452159381434e-14
6645.7 2.0395074717710063e-14
6648.03 1.9988735066539918e-14
6650.36 1.9502635946042183e-14
6652.7 1.9266507879001684e-14
6655.03 1.8931715159446287e-14
6657.36 1.8859365442477186e-14
6659.69 1.860319152195926e-14
6662.02 1.8438452820851297e-14
6664.35 1.8231512732158464e-14
6666.68 1.810881852827455e-14
6669.01 1.7561561070456367e-14
6671.34 1.7149221566768458e-14
6673.68 1.684787265480215e-14
6676.01 1.6694022955097123e-14
6678.34 1.6441104403261577e-14
6680.67 1.6007686177596523e-14
6683.0 1.5629725116801908e-14
6685.33 1.5564724156228365e-14
6687.66 1.5437633297933328e-14
6689.99 1.520286064146507e-14
6692.32 1.4888630867374124e-14
6694.66 1.466245353211841e-14
6696.99 1.4381961757610507e-14
6699.32 1.4236011656137042e-14
6701.65 1.4181601293999299e-14
6703.98 1.4034776649242822e-14
6706.31 1.3833637097670053e-14
6708.64 1.3762217418646347e-14
6710.97 1.3597836455265195e-14
6713.3 1.3314942147207209e-14
6715.64 1.3174930778803328e-14
6717.97 1.3130736336759202e-14
6720.3 1.2862477724622388e-14
6722.63 1.274752742255732e-14
6724.96 1.2558405560221647e-14
6727.29 1.2268203398561063e-14
6729.62 1.2147298033194047e-14
6731.95 1.1992106202791854e-14
6734.28 1.2131788867758173e-14
6736.61 1.1991043790766614e-14
6738.95 1.179205640072925e-14
6741.28 1.1653057837425046e-14
6743.61 1.1487053971616826e-14
6745.94 1.1356270819921989e-14
6748.27 1.1180614713773632e-14
6750.6 1.1071622456440161e-14
6752.93 1.1110287001139121e-14
6755.26 1.0988806272846336e-14
6757.59 1.0780649004356076e-14
6759.93 1.0493365769885894e-14
6762.26 1.0463491542186173e-14
6764.59 1.0480205186843939e-14
6766.92 1.0444538275573614e-14
6769.25 1.0463305475116353e-14
6771.58 1.027184643443507e-14
6773.91 1.0150820118042634e-14
6776.24 1.0228582768826122e-14
6778.57 1.0246567031425235e-14
6780.91 1.0279858875429545e-14
6783.24 1.0090576782510455e-14
6785.57 9.87386364549722e-15
6787.9 9.813699427881225e-15
6790.23 9.791973521175475e-15
6792.56 9.775818272361923e-15
6794.89 9.623971514006232e-15
6797.22 9.62044884891546e-15
6799.55 9.620225970031814e-15
6801.89 9.458749009622525e-15
6804.22 9.440503645474746e-15
6806.55 9.504978712606444e-15
6808.88 9.495732266483598e-15
6811.21 9.62838514077938e-15
6813.54 9.754969441309344e-15
6815.87 9.64549557592062e-15
6818.2 9.562731336793305e-15
6820.53 9.433322481971976e-15
6822.87 9.330732963435444e-15
6825.2 9.34330054652087e-15
6827.53 9.279644009703038e-15
6829.86 9.173351011649797e-15
6832.19 9.131709987367466e-15
6834.52 9.233588555391264e-15
6836.85 9.241324653940269e-15
6839.18 9.314194396827089e-15
6841.51 9.282113139290878e-15
6843.85 9.091261671985877e-15
6846.18 9.226860512709142e-15
6848.51 9.264279382706355e-15
6850.84 9.16398548652331e-15
6853.17 9.10356035767751e-15
6855.5 9.086968932479946e-15
6857.83 8.804570165002702e-15
6860.16 8.647499974177888e-15
6862.49 8.520348438026751e-15
6864.83 8.392962604688597e-15
6867.16 8.277216519601687e-15
6869.49 8.683665060246614e-15
6871.82 8.851846870679468e-15
6874.15 8.736139727885149e-15
6876.48 8.662019170201826e-15
6878.81 8.752553458714302e-15
6881.14 8.614787289491963e-15
6883.47 8.301581425546717e-15
6885.81 8.280388066234909e-15
6888.14 8.154655993815292e-15
6890.47 8.157822845861098e-15
6892.8 8.173404367021432e-15
6895.13 7.92786142297552e-15
6897.46 7.926091639551066e-15
6899.79 7.938566068803282e-15
6902.12 8.070644395811682e-15
6904.45 8.007909330964205e-15
6906.79 7.855010717587108e-15
6909.12 7.817263551209047e-15
6911.45 7.856661112778703e-15
6913.78 7.799166734961098e-15
6916.11 7.82938587982284e-15
6918.44 7.879724320559611e-15
6920.77 7.825110170930991e-15
6923.1 7.914113290559607e-15
6925.43 7.857064535842571e-15
6927.77 7.708186952540963e-15
6930.1 7.878618292790497e-15
6932.43 7.867111013654012e-15
6934.76 7.681537938944691e-15
6937.09 7.704364313315535e-15
6939.42 7.659401541354344e-15
6941.75 7.602690504594412e-15
6944.08 7.68277335249875e-15
6946.41 7.593158514132274e-15
6948.75 7.514729699070588e-15
6951.08 7.622234673922876e-15
6953.41 7.770712068262825e-15
6955.74 7.806571232143112e-15
6958.07 7.78144610881157e-15
6960.4 7.863707008402095e-15
6962.73 7.957818130076691e-15
6965.06 8.051601604038217e-15
6967.39 8.002558856036809e-15
6969.73 7.879099627425625e-15
6972.06 7.890952433267361e-15
6974.39 7.830457112673031e-15
6976.72 7.842481312197719e-15
6979.05 7.826033920267417e-15
6981.38 7.794790677089857e-15
6983.71 7.768604428681335e-15
6986.04 8.008203696295648e-15
6988.37 8.25403166721451e-15
6990.7 8.457463834423085e-15
6993.04 8.55663686466081e-15
6995.37 8.584869841197742e-15
6997.7 8.654058558909379e-15
7000.03 8.766686700080677e-15
7002.36 8.6818704442158e-15
7004.69 8.81196619400033e-15
7007.02 8.843929171053405e-15
7009.35 8.778668288266161e-15
7011.68 8.720482167356874e-15
7014.02 8.420104188958985e-15
7016.35 8.392981939444608e-15
7018.68 8.542068692530434e-15
7021.01 8.624244552597564e-15
7023.34 8.585916818088615e-15
7025.67 8.432098816155861e-15
7028.0 8.674522131201428e-15
7030.33 8.81963750581016e-15
7032.66 9.020151647670592e-15
7035.0 9.012974633571137e-15
7037.33 9.030645516611757e-15
7039.66 9.050600604242648e-15
7041.99 9.053155735850295e-15
7044.32 8.94135415993007e-15
7046.65 8.715284786160873e-15
7048.98 8.531598785147258e-15
7051.31 8.543947520321893e-15
7053.64 8.396296225029202e-15
7055.98 8.447789130480595e-15
7058.31 8.4191930673371e-15
7060.64 8.531188553951885e-15
7062.97 8.620278987662162e-15
7065.3 8.54763143542696e-15
7067.63 8.480282119750689e-15
7069.96 8.445314414022052e-15
7072.29 8.34742094036309e-15
7074.62 8.393675697839194e-15
7076.96 8.529013519023733e-15
7079.29 8.748540082080535e-15
7081.62 8.623341140592892e-15
7083.95 8.681728011337705e-15
7086.28 8.642401216215639e-15
7088.61 8.701140274202123e-15
7090.94 8.557622740924192e-15
7093.27 8.14080371395087e-15
7095.6 8.057711690142584e-15
7097.94 7.952915867267448e-15
7100.27 7.83084307446813e-15
7102.6 7.725368425659077e-15
7104.93 7.74438910735107e-15
7107.26 7.811104431813528e-15
7109.59 8.035146237637893e-15
7111.92 8.205007173819685e-15
7114.25 8.302759418596105e-15
7116.58 8.323111607047564e-15
7118.92 8.342560414319145e-15
7121.25 8.162010626818443e-15
7123.58 7.869376960059803e-15
7125.91 7.753798880380464e-15
7128.24 7.611450681988476e-15
7130.57 7.725489347376771e-15
7132.9 7.862566060326824e-15
7135.23 7.847059166063739e-15
7137.56 7.94515860330171e-15
7139.9 8.007785927015387e-15
7142.23 7.985220867278357e-15
7144.56 7.977539013907767e-15
7146.89 8.021851639292259e-15
7149.22 7.934769074243419e-15
7151.55 8.225023933503921e-15
7153.88 8.138647553631489e-15
7156.21 8.053909801742546e-15
7158.54 8.03454182891823e-15
7160.88 7.825001910904232e-15
7163.21 7.966447364055367e-15
7165.54 8.150797532248767e-15
7167.87 8.207502825035664e-15
7170.2 8.121109916344239e-15
7172.53 8.012642384357669e-15
7174.86 8.003543597721571e-15
7177.19 8.027401856858392e-15
7179.52 7.817552300388324e-15
7181.86 7.961129596254216e-15
7184.19 8.356678376288246e-15
7186.52 8.638697151855198e-15
7188.85 8.276641040571083e-15
7191.18 8.317391172158406e-15
7193.51 8.751521130033673e-15
7195.84 8.567132565212552e-15
7198.17 8.944348563549286e-15
7200.5 9.239880902869715e-15
7202.84 9.318495946704366e-15
7205.17 9.45631923365577e-15
7207.5 9.543918464186942e-15
7209.83 9.244655299956407e-15
7212.16 9.065081095362853e-15
7214.49 9.036787164301721e-15
7216.82 8.923103008620448e-15
7219.15 9.074342088718687e-15
7221.48 8.935698039033782e-15
7223.82 8.932141264002332e-15
7226.15 9.120011477833383e-15
7228.48 9.054129619271509e-15
7230.81 8.723010167291535e-15
7233.14 8.863687999148259e-15
7235.47 9.00492097774944e-15
7237.8 8.972482896921337e-15
7240.13 8.919659734246572e-15
7242.46 9.286545236505264e-15
7244.79 9.169906418914421e-15
7247.13 9.095137100709876e-15
7249.46 9.223327489837092e-15
7251.79 9.336137344868274e-15
7254.12 9.318186883298221e-15
7256.45 8.962543932893127e-15
7258.78 8.61767027398479e-15
7261.11 8.661382861389403e-15
7263.44 8.673371527105836e-15
7265.77 8.598033057262504e-15
7268.11 8.3278527517302e-15
7270.44 8.294142040675496e-15
7272.77 8.45325797303422e-15
7275.1 8.762443032534242e-15
7277.43 9.23750823915991e-15
7279.76 9.34095305827704e-15
7282.09 9.4771536567242e-15
7284.42 9.569707281758001e-15
7286.75 9.23384983446876e-15
7289.09 9.02193788045238e-15
7291.42 9.49751793420438e-15
7293.75 1.0059044027608425e-14
7296.08 1.0061772857561539e-14
7298.41 9.448291539581082e-15
7300.74 9.600913419211383e-15
7303.07 1.0063584029557186e-14
7305.4 9.999395982472159e-15
7307.73 9.854422862985465e-15
7310.07 9.663389224809488e-15
7312.4 9.485218090709756e-15
7314.73 9.414225045394666e-15
7317.06 9.273435231782819e-15
7319.39 9.527990017511065e-15
7321.72 9.927063147975554e-15
7324.05 9.893547063416435e-15
7326.38 9.6985350862753e-15
7328.71 9.463841024112022e-15
7331.05 9.393414324006931e-15
7333.38 9.664831834080483e-15
7335.71 1.001634101267787e-14
7338.04 9.931425742534827e-15
7340.37 9.894427567653073e-15
7342.7 9.976518657980904e-15
7345.03 9.89134194034355e-15
7347.36 9.604635994437928e-15
7349.69 9.3159967517414e-15
7352.03 9.11152309026059e-15
7354.36 8.987596812817425e-15
7356.69 8.840919498461914e-15
7359.02 8.59747237335067e-15
7361.35 8.534156936548729e-15
7363.68 8.50161845416418e-15
7366.01 8.385737524788425e-15
7368.34 8.299508108021659e-15
7370.67 8.272170705737562e-15
7373.01 8.500492632656236e-15
7375.34 8.629385276963657e-15
7377.67 8.416341968158778e-15
7380.0 8.257792973098791e-15
7382.33 8.249467449657113e-15
7384.66 8.621451916873174e-15
7386.99 8.682190678622056e-15
7389.32 8.61338091518653e-15
7391.65 8.593609525838077e-15
7393.99 8.045930334552368e-15
7396.32 7.840763268952457e-15
7398.65 7.781190325666941e-15
7400.98 7.848184026376072e-15
7403.31 7.623570679163324e-15
7405.64 7.534141672869639e-15
7407.97 8.18484194280506e-15
7410.3 8.41228922966339e-15
7412.63 8.400908330863698e-15
7414.97 8.39026319838536e-15
7417.3 8.250111084445604e-15
7419.63 7.905118654797662e-15
7421.96 7.828492023514976e-15
7424.29 8.078523662834137e-15
7426.62 8.050840963633008e-15
7428.95 7.971722028943123e-15
7431.28 7.729727325207393e-15
7433.61 7.675009015474997e-15
7435.95 7.885957053490691e-15
7438.28 7.666104746238018e-15
7440.61 7.80561872431408e-15
7442.94 8.183535663670427e-15
7445.27 8.373634173580078e-15
7447.6 8.209267464722705e-15
7449.93 7.967759409504367e-15
7452.26 7.658852223155195e-15
7454.59 7.50219812036334e-15
7456.93 7.414338046486232e-15
7459.26 7.57879991970861e-15
7461.59 7.860817995455357e-15
7463.92 8.032379463918388e-15
7466.25 8.22519069741703e-15
7468.58 8.304592859006595e-15
7470.91 7.999337068101232e-15
7473.24 7.79667453033794e-15
7475.57 8.02578060344362e-15
7477.91 8.230823903425565e-15
7480.24 8.069669912730166e-15
7482.57 7.764144816864289e-15
7484.9 7.35788179560269e-15
7487.23 7.115624338221397e-15
7489.56 7.15464161323475e-15
7491.89 6.9506021341807255e-15
7494.22 6.734527316271857e-15
7496.55 6.727201184913945e-15
7498.88 7.057827550649678e-15
7501.22 6.9118682090124065e-15
7503.55 7.195162836395034e-15
7505.88 7.46626092476169e-15
7508.21 7.558635309199351e-15
7510.54 7.255311484269396e-15
7512.87 7.293690223796437e-15
7515.2 7.581985003567089e-15
7517.53 7.498226704235528e-15
7519.86 7.158275840502936e-15
7522.2 6.898782945550951e-15
7524.53 6.856219697221914e-15
7526.86 6.989730411348633e-15
7529.19 6.960305595455314e-15
7531.52 6.971353689684272e-15
7533.85 6.61370119464509e-15
7536.18 6.627503517464439e-15
7538.51 6.652738301324327e-15
7540.84 6.47828042165837e-15
7543.18 6.564674402804332e-15
7545.51 6.6214357805443146e-15
7547.84 6.642518621631967e-15
7550.17 6.880748328702217e-15
7552.5 6.714398479587305e-15
7554.83 6.555171202802045e-15
7557.16 6.465123296334305e-15
7559.49 6.212022323883469e-15
7561.82 6.094867964310301e-15
7564.16 6.163857783553185e-15
7566.49 6.183034932026825e-15
7568.82 6.268819640415928e-15
7571.15 6.4625450879020285e-15
7573.48 6.4227586385922246e-15
7575.81 6.341192700562881e-15
7578.14 6.4730891738214684e-15
7580.47 6.326549230155344e-15
7582.8 6.282957200960152e-15
7585.14 6.261422708715004e-15
7587.47 5.6961122996956564e-15
7589.8 4.907311752040645e-15
7592.13 4.282602729291728e-15
7594.46 4.137204657015679e-15
7596.79 4.091422495040719e-15
7599.12 4.0233316777626386e-15
7601.45 3.8841570762065384e-15
7603.78 3.98263639760763e-15
7606.12 4.363917484651863e-15
7608.45 4.7454258008021535e-15
7610.78 5.091528019800886e-15
7613.11 5.427778518717689e-15
7615.44 5.672174122936853e-15
7617.77 5.018780263796979e-15
7620.1 4.581047746416242e-15
7622.43 4.402424962179707e-15
7624.76 4.7123049618419645e-15
7627.1 4.8550660149180304e-15
7629.43 4.905489954370092e-15
7631.76 5.2239741970761916e-15
7634.09 5.651108450765455e-15
7636.42 5.7892198300244924e-15
7638.75 5.796606612076444e-15
7641.08 5.983686495585978e-15
7643.41 6.081870178773971e-15
7645.74 5.962512249104014e-15
7648.08 6.105696476510854e-15
7650.41 6.138626305781942e-15
7652.74 6.222116665683007e-15
7655.07 6.263190621085968e-15
7657.4 6.05509519325939e-15
7659.73 5.654569967281715e-15
7662.06 5.422338606589529e-15
7664.39 5.50259596638544e-15
7666.72 5.6199410306787085e-15
7669.06 5.400289106972595e-15
7671.39 5.033557507602692e-15
7673.72 4.6812011923265246e-15
7676.05 4.542008224470653e-15
7678.38 4.548680205633381e-15
7680.71 4.652779752703697e-15
7683.04 4.745017829984371e-15
7685.37 5.073342251781164e-15
7687.7 5.189769608726282e-15
7690.04 5.163585701436503e-15
7692.37 5.015109059726038e-15
7694.7 4.847197128997213e-15
7697.03 4.7266470415372234e-15
7699.36 4.883922063097692e-15
7701.69 4.806976821347054e-15
7704.02 4.78210821465326e-15
7706.35 5.0015387109854204e-15
7708.68 5.1514553446150094e-15
7711.02 5.298486112458427e-15
7713.35 5.31652722339464e-15
7715.68 5.142519643149027e-15
7718.01 4.958493961142342e-15
7720.34 4.809368110700386e-15
7722.67 4.926519183016825e-15
7725.0 5.02610351026729e-15
7727.33 5.131171076385647e-15
7729.66 5.399821103199195e-15
7732.0 5.451924452131517e-15
7734.33 5.4303967911734636e-15
7736.66 5.676568455251784e-15
7738.99 5.849339270556569e-15
7741.32 6.133108759599622e-15
7743.65 6.160076415354461e-15
7745.98 6.262476514230518e-15
7748.31 6.22335827582317e-15
7750.64 6.061871274580058e-15
7752.97 6.133545157398183e-15
7755.31 6.055666275793068e-15
7757.64 6.006694781501551e-15
7759.97 6.065744509200405e-15
7762.3 6.602325969683357e-15
7764.63 6.7463055685847825e-15
7766.96 6.596491715817007e-15
7769.29 6.5403472313437e-15
7771.62 6.386222039790495e-15
7773.95 6.578931746690457e-15
7776.29 7.22017170756447e-15
7778.62 7.726526995100874e-15
7780.95 8.17952287215346e-15
7783.28 8.22012859913918e-15
7785.61 8.096915790782193e-15
7787.94 7.76763574309998e-15
7790.27 7.88772273539512e-15
7792.6 7.322589141404469e-15
7794.93 7.048946816643219e-15
7797.27 7.054155024588683e-15
7799.6 6.720300257630283e-15
7801.93 6.479016865948396e-15
7804.26 6.0219096845110176e-15
7806.59 5.934907278397804e-15
7808.92 6.192360639870759e-15
7811.25 6.0710108924217926e-15
7813.58 6.250973644633286e-15
7815.91 6.291396294047528e-15
7818.25 6.4389428673438224e-15
7820.58 6.451411057841563e-15
7822.91 6.709205118285276e-15
7825.24 6.894463553053233e-15
7827.57 6.949045978145988e-15
7829.9 6.973665003932846e-15
7832.23 7.155159569013444e-15
7834.56 7.141512966391399e-15
7836.89 6.887055615842192e-15
7839.23 6.9622408705238746e-15
7841.56 6.8755689771505966e-15
7843.89 6.3817232940849435e-15
7846.22 6.119456142471023e-15
7848.55 5.942856558427551e-15
7850.88 6.066386196993565e-15
7853.21 5.8125350860132876e-15
7855.54 5.8240338493367914e-15
7857.87 5.81341039254935e-15
7860.21 5.678149717773498e-15
7862.54 5.735957150089296e-15
7864.87 5.627868494924096e-15
7867.2 5.779816316164459e-15
7869.53 5.8926961412688784e-15
7871.86 5.842083691771686e-15
7874.19 5.593016322549714e-15
7876.52 5.481296797646179e-15
7878.85 5.654653623187231e-15
7881.19 6.3104039506011785e-15
7883.52 6.488505306827751e-15
7885.85 6.735177034498046e-15
7888.18 6.717840891744275e-15
7890.51 6.51345991165054e-15
7892.84 6.351101926858188e-15
7895.17 6.252776482085031e-15
7897.5 6.111788833220963e-15
7899.83 5.918765975438265e-15
7902.17 5.665074802123215e-15
7904.5 5.23033127825453e-15
7906.83 5.0924222135793455e-15
7909.16 5.065279135967646e-15
7911.49 5.3351008516787395e-15
7913.82 5.474795195525949e-15
7916.15 5.4860356449938385e-15
7918.48 5.5350863230175086e-15
7920.81 5.153417199470774e-15
7923.15 5.0551196640990736e-15
7925.48 5.575740754103435e-15
7927.81 6.5657059907145974e-15
7930.14 6.862325710230988e-15
7932.47 6.4830232709680676e-15
7934.8 6.189961651987235e-15
7937.13 6.101193099188345e-15
7939.46 5.986413517727915e-15
7941.79 5.757902441892595e-15
7944.13 5.404099631216446e-15
7946.46 5.214717844973324e-15
7948.79 4.862486608368769e-15
7951.12 4.784445066500468e-15
7953.45 4.824094555412223e-15
7955.78 4.819356350877358e-15
7958.11 4.762180393379533e-15
7960.44 4.7677060322001104e-15
7962.77 4.636009746313777e-15
7965.11 4.718224999909506e-15
7967.44 4.745448761801503e-15
7969.77 4.912097730757063e-15
7972.1 5.0465586147821544e-15
7974.43 5.182306930546742e-15
7976.76 5.221181972192118e-15
7979.09 5.174235940577284e-15
