6007.42431641001 2.9196872372359178e-15
6011.6326551475 2.8939060744157085e-15
6015.84099388499 2.8412762098127163e-15
6020.04933262248 2.822403796060838e-15
6024.25767135997 2.7521992190398346e-15
6028.46601009746 2.7271617560520296e-15
6032.67434883495 2.693378621591126e-15
6036.88268757244 2.6152271566634432e-15
6041.09102630993 2.626054673191749e-15
6045.29936504741 2.5596210592398025e-15
6049.50770378491 2.5501910230944094e-15
6053.7160425224 2.5277010845311735e-15
6057.92438125989 2.5159184542238847e-15
6062.13271999738 2.502661740595139e-15
6066.34105873487 2.462099980919117e-15
6070.54939747236 2.4657283205540303e-15
6074.75773620985 2.4742940547887733e-15
6078.96607494734 2.396173813326891e-15
6083.17441368483 2.347097093293681e-15
6087.38275242232 2.2702847729310113e-15
6091.59109115981 2.271504148520244e-15
6095.7994298973 2.2199423016648956e-15
6100.00776863479 2.157544686596816e-15
6104.21610737228 2.105436777460723e-15
6108.42444610977 2.0454573193967592e-15
6112.63278484726 2.046684991961022e-15
6116.84112358475 2.036496373098921e-15
6121.04946232224 2.0915380493459527e-15
6125.25780105973 2.1420082599261155e-15
6129.46613979722 2.2032196075748878e-15
6133.67447853471 2.3154382549008334e-15
6137.8828172722 2.3753879639757514e-15
6142.09115600969 2.455205256252745e-15
6146.29949474718 2.4925127641213035e-15
6150.50783348467 2.5251846503540365e-15
6154.71617222216 2.551634886734912e-15
6158.92451095965 2.5583120434515153e-15
6163.13284969714 2.616712020179005e-15
6167.34118843463 2.6065640081916413e-15
6171.54952717212 2.563557148146691e-15
6175.75786590961 2.5278721491356453e-15
6179.9662046471 2.516231282699428e-15
6184.17454338459 2.4581477509469273e-15
6188.38288212208 2.398390486274746e-15
6192.59122085956 2.2837753427732084e-15
6196.79955959706 2.241791853682006e-15
6201.00789833455 2.133396312176123e-15
6205.21623707204 2.1142565560834874e-15
6209.42457580953 1.9945866453818124e-15
6213.63291454702 1.9961178398530263e-15
6217.84125328451 1.9528440386275832e-15
6222.049592022 1.9748624392607496e-15
6226.25793075949 2.0639527530917828e-15
6230.46626949698 2.1392360692774598e-15
6234.67460823447 2.2488123053482615e-15
6238.88294697196 2.30278384980562e-15
6243.09128570945 2.359864954175023e-15
6247.29962444694 2.4188680249526665e-15
6251.50796318443 2.4707870341314565e-15
6255.71630192192 2.4741640995897683e-15
6259.92464065941 2.4729251319482784e-15
6264.1329793969 2.511497409372275e-15
6268.34131813439 2.502757369251295e-15
6272.54965687188 2.4726613570338447e-15
6276.75799560937 2.481838558532269e-15
6280.96633434686 2.4217453017272216e-15
6285.17467308435 2.4268933646336215e-15
6289.38301182184 2.431169874149281e-15
6293.59135055933 2.4452295971225965e-15
6297.79968929682 2.384214880691873e-15
6302.00802803431 2.372092836931372e-15
6306.2163667718 2.351814009645371e-15
6310.42470550929 2.312590184117451e-15
6314.63304424678 2.2804893657291227e-15
6318.84138298427 2.2075927272933835e-15
6323.04972172176 2.16550587894579e-15
6327.25806045925 2.1659115351557182e-15
6331.46639919674 2.1527730259077094e-15
6335.67473793423 2.1051652571939215e-15
6339.88307667172 2.070076648968986e-15
6344.09141540921 2.021151352544954e-15
6348.2997541467 1.917346643750683e-15
6352.50809288419 1.875137898712536e-15
6356.71643162168 1.7728005039865792e-15
6360.92477035917 1.6522916006943425e-15
6365.13310909666 1.646963939844015e-15
6369.34144783415 1.5993487652478361e-15
6373.54978657164 1.6390065966245395e-15
6377.75812530913 1.6807854046517129e-15
6381.96646404662 1.693688914440618e-15
6386.17480278411 1.6876498985103215e-15
6390.3831415216 1.6826902208928934e-15
6394.59148025909 1.6443678782307048e-15
6398.79981899658 1.6332253672902129e-15
6403.00815773407 1.5883113465001757e-15
6407.21649647156 1.5096857061926136e-15
6411.42483520905 1.4569350550829857e-15
6415.63317394654 1.3886112459310159e-15
6419.84151268403 1.3497251923903906e-15
6424.04985142152 1.2721238613297682e-15
6428.25819015901 1.2258544594941622e-15
6432.4665288965 1.1984489563178262e-15
6436.67486763399 1.1612723756355239e-15
6440.88320637148 1.1606961735444714e-15
6445.09154510897 1.1339330131780766e-15
6449.29988384646 1.103274781517021e-15
6453.50822258395 1.0659569916444054e-15
6457.71656132144 1.0837173821333781e-15
6461.92490005893 1.0905884434863754e-15
6466.13323879642 1.0760867519701408e-15
6470.34157753391 1.1019040792297446e-15
6474.5499162714 1.111900803580638e-15
6478.75825500889 1.1329693400870043e-15
6482.96659374638 1.1547460737514525e-15
6487.17493248387 1.1637372327155887e-15
6491.38327122136 1.2021007500611348e-15
6495.59160995885 1.2141333872844704e-15
6499.79994869634 1.2414228461185135e-15
6504.00828743383 1.2802777517251703e-15
6508.21662617132 1.3612050739446753e-15
6512.42496490881 1.4658884117198962e-15
6516.6333036463 1.6372230088034134e-15
6520.84164238379 1.842719750464898e-15
6525.04998112128 2.099952324847329e-15
6529.25831985877 2.450303868055419e-15
6533.46665859626 2.8166429239785113e-15
6537.67499733375 3.213508632865628e-15
6541.88333607124 3.569031003904276e-15
6546.09167480873 3.90802532466015e-15
6550.30001354622 4.168672861672499e-15
6554.50835228371 4.394723892527054e-15
6558.7166910212 4.6039340444577046e-15
6562.92502975869 4.711386971984698e-15
6567.13336849618 4.8139460369758386e-15
6571.34170723367 4.877807284990365e-15
6575.55004597116 5.022005411836817e-15
6579.75838470865 5.081086726357055e-15
6583.96672344614 5.052104088655814e-15
6588.17506218363 5.009827416550027e-15
6592.38340092112 5.063788113117807e-15
6596.59173965861 4.992178096849307e-15
6600.8000783961 4.8404952301110635e-15
6605.00841713359 4.676501396122052e-15
6609.21675587108 4.549739752536336e-15
6613.42509460857 4.463309452921071e-15
6617.63343334606 4.304139052609621e-15
6621.84177208355 4.134868819234803e-15
6626.05011082104 4.031356424646844e-15
6630.25844955853 3.903041536197627e-15
6634.46678829602 3.788678293309721e-15
6638.67512703351 3.675792355679948e-15
6642.883465771 3.594861793490483e-15
6647.09180450849 3.500417759023941e-15
6651.30014324598 3.3736560406094976e-15
6655.50848198347 3.298526381889078e-15
6659.71682072096 3.2249234320377355e-15
6663.92515945845 3.1400285269594024e-15
6668.13349819594 3.0741165594751817e-15
6672.34183693343 3.0174312251315066e-15
6676.55017567092 2.9008372414830614e-15
6680.75851440841 2.8432597273752243e-15
6684.9668531459 2.8135126016481617e-15
6689.17519188339 2.7385334082773267e-15
6693.38353062088 2.6799591363010123e-15
6697.59186935837 2.6579158097260897e-15
6701.80020809586 2.6236410213176513e-15
6706.00854683335 2.567919681447238e-15
6710.21688557084 2.4969308647530818e-15
6714.42522430833 2.473988798142461e-15
6718.63356304582 2.4117555755628783e-15
6722.84190178331 2.4003906560692653e-15
6727.0502405208 2.4009833054096275e-15
6731.25857925829 2.35455534170028e-15
6735.46691799578 2.337730956972496e-15
6739.67525673327 2.290660011323058e-15
6743.88359547076 2.254989604997313e-15
6748.09193420825 2.222958525290139e-15
6752.30027294574 2.2155552081922157e-15
6756.50861168323 2.190221282682033e-15
6760.71695042072 2.145490790670141e-15
6764.92528915821 2.1198081365591224e-15
6769.1336278957 2.1001836195780264e-15
6773.34196663319 2.1167371023253504e-15
6777.55030537068 2.1059614610159978e-15
6781.75864410817 2.108654577748957e-15
6785.96698284566 2.0901712714515447e-15
6790.17532158315 2.066160794152605e-15
6794.38366032064 2.075234725581653e-15
6798.59199905813 2.0672067146741102e-15
6802.80033779562 2.0462936606362286e-15
6807.00867653311 2.0367781983889085e-15
6811.2170152706 2.0171245030367945e-15
6815.42535400809 2.034907000256962e-15
6819.63369274558 2.0229660082931576e-15
6823.84203148307 2.0019889445133137e-15
6828.05037022056 1.9982050600592863e-15
6832.25870895805 1.9924292427074204e-15
6836.46704769554 1.9931853123224254e-15
6840.67538643303 1.981190722870315e-15
6844.88372517052 1.9615987984056573e-15
6849.09206390801 1.9843954555190946e-15
6853.3004026455 1.968036862255189e-15
6857.50874138299 1.971993253760806e-15
6861.71708012048 1.9972488735971202e-15
6865.92541885797 2.0179082100510894e-15
6870.13375759546 1.9475945760286223e-15
6874.34209633295 1.8801577278103747e-15
6878.55043507044 1.8677108889552862e-15
6882.75877380793 1.949897945140717e-15
6886.96711254542 1.9653986570846886e-15
6891.17545128291 1.9677771568329356e-15
6895.3837900204 1.904608226249142e-15
6899.59212875789 1.8949305618979178e-15
6903.80046749538 1.9089348008073368e-15
6908.00880623287 1.9032521187186717e-15
6912.21714497036 1.9360026355854616e-15
6916.42548370785 1.933923695750401e-15
6920.63382244534 1.896260756990514e-15
6924.84216118283 1.892653163178649e-15
6929.05049992032 1.897636594682569e-15
6933.25883865781 1.916673961906511e-15
6937.4671773953 1.9179427230871043e-15
6941.67551613279 1.9268525007604454e-15
6945.88385487028 1.904096512979137e-15
6950.09219360777 1.8647220135725216e-15
6954.30053234526 1.826508713909115e-15
6958.50887108275 1.8389423242943764e-15
6962.71720982024 1.8448115166032847e-15
6966.92554855773 1.841230660789291e-15
6971.13388729522 1.855506296232778e-15
6975.34222603271 1.8458850973974617e-15
6979.5505647702 1.8245801531967864e-15
6983.75890350769 1.8581516996561502e-15
6987.96724224518 1.866904955811822e-15
6992.17558098267 1.913795749785314e-15
6996.38391972016 1.917343987751708e-15
7000.59225845765 1.9642026139009225e-15
7004.80059719514 1.9588424393073944e-15
7009.00893593263 1.9073482339689786e-15
7013.21727467012 1.9440398216255753e-15
7017.42561340761 1.9716382243719363e-15
7021.6339521451 1.957574214703745e-15
7025.84229088259 1.940877782909485e-15
7030.05062962008 1.9164483483555012e-15
7034.25896835757 1.92949244480156e-15
7038.46730709506 1.908167676370311e-15
7042.67564583255 1.868211122072653e-15
7046.88398457004 1.917776081248046e-15
7051.09232330753 1.9016215636337363e-15
7055.30066204502 1.875743997118623e-15
7059.50900078251 1.869984003066209e-15
7063.71733952 1.8458175397910687e-15
7067.92567825749 1.8551796990016204e-15
7072.13401699498 1.8724334128946262e-15
7076.34235573247 1.829801679322397e-15
7080.55069446996 1.852315553482334e-15
7084.75903320745 1.8254761677582176e-15
7088.96737194494 1.834825122776419e-15
7093.17571068243 1.7894994580794034e-15
7097.38404941992 1.805640023007907e-15
7101.59238815741 1.7599087920422245e-15
7105.8007268949 1.8001080765674918e-15
7110.00906563239 1.802771229671899e-15
7114.21740436988 1.809695892834386e-15
7118.42574310737 1.772764997245566e-15
7122.63408184486 1.7671323437149978e-15
7126.84242058235 1.7729941736308764e-15
7131.05075931984 1.782867864765636e-15
7135.25909805733 1.8058532708675065e-15
7139.46743679482 1.8014450012335953e-15
7143.67577553231 1.785767678470136e-15
7147.8841142698 1.7442273704092262e-15
7152.09245300729 1.7260832822812246e-15
7156.30079174478 1.7661668416815042e-15
7160.50913048227 1.7635519161227294e-15
7164.71746921976 1.7706617298063622e-15
7168.92580795725 1.7574215826708239e-15
7173.13414669474 1.7484908774220008e-15
7177.34248543223 1.7369803045200626e-15
7181.55082416972 1.7460986540688723e-15
7185.75916290721 1.7784750452644046e-15
7189.9675016447 1.7744846255046368e-15
7194.17584038219 1.7817418807268747e-15
7198.38417911968 1.82067472500802e-15
7202.59251785717 1.8134444358628526e-15
7206.80085659466 1.8070427827378094e-15
7211.00919533215 1.8301287869651238e-15
7215.21753406964 1.8548322657565596e-15
7219.42587280713 1.892011295246971e-15
7223.63421154462 1.9096765175599985e-15
7227.84255028211 1.9275366573643845e-15
7232.0508890196 1.9213130681573127e-15
7236.25922775709 1.8868835710465437e-15
7240.46756649458 1.871795602326497e-15
7244.67590523207 1.886462038830758e-15
7248.88424396956 1.90374596006332e-15
7253.09258270705 1.88496599276764e-15
7257.30092144454 1.8869247362816223e-15
7261.50926018203 1.8079981873065726e-15
7265.71759891952 1.790109436479014e-15
7269.92593765701 1.795395411570151e-15
7274.1342763945 1.788483456831234e-15
7278.34261513199 1.828443887444147e-15
7282.55095386948 1.847701400112244e-15
7286.75929260697 1.843588659675317e-15
7290.96763134446 1.8573327008157225e-15
7295.17597008195 1.888549592213257e-15
7299.38430881944 1.8731165093615183e-15
7303.59264755693 1.894931868064388e-15
7307.80098629442 1.9526999249999657e-15
7312.00932503191 1.9787735666841886e-15
7316.2176637694 1.991796158358752e-15
7320.42600250689 1.9835005796760005e-15
7324.63434124438 1.9707305379611845e-15
7328.84267998187 1.9371226108612457e-15
7333.05101871936 1.9430986435176513e-15
7337.25935745685 1.9833200491861543e-15
7341.46769619434 2.0029239832387216e-15
7345.67603493183 1.9866171254806554e-15
7349.88437366932 1.9824297043797398e-15
7354.09271240681 1.9318554720427883e-15
7358.3010511443 1.9051035271379388e-15
7362.50938988179 1.906876184624058e-15
7366.71772861928 1.8586233324393733e-15
7370.92606735677 1.9169410374306676e-15
7375.13440609426 1.93633474229689e-15
7379.34274483175 1.8990703917282426e-15
7383.55108356924 1.819546420542548e-15
7387.75942230673 1.7627366762997516e-15
7391.96776104422 1.8101627183728558e-15
7396.17609978171 1.7672301001592865e-15
7400.3844385192 1.7772770379821614e-15
7404.59277725669 1.7811682763112032e-15
7408.80111599418 1.7662802468744567e-15
7413.00945473167 1.7356944535767042e-15
7417.21779346916 1.6973603520423607e-15
7421.42613220665 1.6847709037081846e-15
7425.63447094414 1.7365883716905224e-15
7429.84280968163 1.7506561834117907e-15
7434.05114841912 1.7531716277423362e-15
7438.25948715661 1.7370993931089019e-15
7442.4678258941 1.7317632239440534e-15
7446.67616463159 1.7503267099366744e-15
7450.88450336908 1.7876847645831977e-15
7455.09284210657 1.840829995635624e-15
7459.30118084406 1.866956137038657e-15
7463.50951958155 1.862686216926683e-15
7467.71785831904 1.8810125408073058e-15
7471.92619705653 1.8338345913773677e-15
7476.13453579402 1.8033168542966016e-15
7480.34287453151 1.8565947845765126e-15
7484.551213269 1.8786982213184894e-15
7488.75955200649 1.899965949502798e-15
7492.96789074398 1.8827620475226607e-15
7497.17622948147 1.8255798878305954e-15
7501.38456821896 1.817576606397733e-15
7505.59290695645 1.8119052945407867e-15
7509.80124569394 1.815895618419299e-15
7514.00958443143 1.8560769409182516e-15
7518.21792316892 1.8694708452624046e-15
7522.42626190641 1.8198105622537103e-15
7526.6346006439 1.8236743600510148e-15
7530.84293938139 1.8024396720755327e-15
7535.05127811888 1.768012557793385e-15
7539.25961685637 1.786267667118402e-15
7543.46795559386 1.7812693906862944e-15
7547.67629433135 1.8169901660200495e-15
7551.88463306884 1.8553135245157928e-15
7556.09297180633 1.8055742959238132e-15
7560.30131054382 1.7673387753410954e-15
7564.50964928131 1.713766420003686e-15
7568.7179880188 1.7022287578206874e-15
7572.92632675629 1.712679051026973e-15
7577.13466549378 1.703951960540431e-15
7581.34300423127 1.736393266940246e-15
7585.55134296876 1.7747110990171757e-15
7589.75968170625 1.8301199261805203e-15
7593.96802044374 1.8616721301114362e-15
7598.17635918123 1.87118577229162e-15
7602.38469791872 1.7418906579093402e-15
7606.59303665621 1.6281336257622884e-15
7610.8013753937 1.5686942829212544e-15
7615.00971413119 1.6532827417200645e-15
7619.21805286868 1.7170747923835241e-15
7623.42639160617 1.7745371328369865e-15
7627.63473034366 1.7469332403911072e-15
7631.84306908115 1.6809814039775208e-15
7636.05140781864 1.6568588172392094e-15
7640.25974655613 1.6207498260829281e-15
7644.46808529362 1.5455425689493649e-15
7648.67642403111 1.6033298466128815e-15
7652.8847627686 1.5900515724127086e-15
7657.09310150609 1.57915559382224e-15
7661.30144024358 1.5787980457955588e-15
7665.50977898107 1.5585431966700356e-15
7669.71811771856 1.5634154486122468e-15
7673.92645645605 1.5312174229156492e-15
7678.13479519354 1.5079473741399632e-15
7682.34313393103 1.54437109758784e-15
7686.55147266852 1.5831636596623397e-15
7690.75981140601 1.6332411944838064e-15
7694.9681501435 1.6913196759296567e-15
7699.17648888099 1.7216645681217192e-15
7703.38482761848 1.6915722094927758e-15
7707.59316635597 1.6551321945691533e-15
7711.80150509346 1.6243823198723467e-15
7716.00984383095 1.543143026676155e-15
7720.21818256844 1.5325630694192753e-15
7724.42652130593 1.4717026130073379e-15
7728.63486004342 1.4670995657239264e-15
7732.84319878091 1.4202365646056327e-15
7737.0515375184 1.3464405611613795e-15
7741.25987625589 1.2611839296308695e-15
7745.46821499338 1.2764306174032101e-15
7749.67655373087 1.2571991974619987e-15
7753.88489246836 1.3016437784122765e-15
7758.09323120585 1.3425870679705263e-15
7762.30156994334 1.4307511800288534e-15
7766.50990868083 1.5021910074761826e-15
7770.71824741832 1.5088090469180823e-15
7774.92658615581 1.5456976633593867e-15
7779.1349248933 1.5857054433545485e-15
7783.34326363079 1.5724389948737649e-15
7787.55160236828 1.611839743580947e-15
7791.75994110577 1.6558642598072439e-15
7795.96827984326 1.6924157277874088e-15
7800.17661858075 1.7451674706124252e-15
7804.38495731824 1.762506737557287e-15
7808.59329605573 1.7141017338815659e-15
7812.80163479322 1.7062141229066892e-15
7817.00997353071 1.647726527159296e-15
7821.2183122682 1.6563730520008433e-15
7825.42665100569 1.627234995478285e-15
7829.63498974318 1.67356694147939e-15
7833.84332848067 1.6685845742979922e-15
7838.05166721816 1.6363270320313394e-15
7842.26000595565 1.637889648376036e-15
7846.46834469314 1.6071523207681617e-15
7850.67668343063 1.57144719346255e-15
7854.88502216812 1.544990542900454e-15
7859.09336090561 1.5336988567700217e-15
7863.3016996431 1.5831757890133338e-15
7867.51003838059 1.5755086629666263e-15
7871.71837711808 1.5699410284191756e-15
7875.92671585557 1.5464298278433888e-15
7880.13505459306 1.5259106480282274e-15
7884.34339333055 1.5135230491108276e-15
7888.55173206804 1.5349304217889003e-15
7892.76007080553 1.5537012901721606e-15
7896.96840954302 1.5761801931772867e-15
7901.17674828051 1.5686040520864031e-15
7905.385087018 1.5528519257371679e-15
7909.59342575549 1.5067784159412664e-15
7913.80176449298 1.4732174309655657e-15
7918.01010323047 1.5286641854027108e-15
7922.21844196796 1.531894947847256e-15
7926.42678070545 1.5497379952810335e-15
7930.63511944294 1.5256282688702619e-15
7934.84345818043 1.4737819220350597e-15
7939.05179691792 1.4659172797157293e-15
7943.26013565541 1.4830870771083183e-15
7947.4684743929 1.5138906817447042e-15
7951.67681313039 1.5017723739109668e-15
7955.88515186788 1.5394262613565492e-15
7960.09349060537 1.5210903146280112e-15
7964.30182934286 1.4587392725870002e-15
7968.51016808035 1.44019357513693e-15
7972.71850681784 1.4261828339586173e-15
7976.92684555533 1.4626208825240298e-15
7981.13518429282 1.5079087542506205e-15
7985.34352303031 1.5077740450672611e-15
7989.5518617678 1.4976294247094013e-15
7993.76020050529 1.4662310702884014e-15
7997.96853924278 1.4641306575865488e-15
8002.17687798027 1.459276194643979e-15
8006.38521671776 1.4613510345610072e-15
8010.59355545525 1.4696027427380997e-15
8014.80189419274 1.4658343626173452e-15
8019.01023293023 1.4502710074300468e-15
8023.21857166772 1.48061610318695e-15
8027.42691040521 1.4932032599597141e-15
8031.6352491427 1.462063419077473e-15
8035.84358788019 1.4293114351418964e-15
8040.05192661768 1.4124934518336947e-15
8044.26026535517 1.444580933068124e-15
8048.46860409266 1.4540991048425316e-15
8052.67694283015 1.4536395270883988e-15
8056.88528156764 1.4236152769367106e-15
8061.09362030513 1.4602820886734012e-15
8065.30195904262 1.4774304913775895e-15
8069.51029778011 1.4735366597835307e-15
8073.7186365176 1.4234909364943136e-15
8077.92697525509 1.4433077640386844e-15
8082.13531399258 1.4466265577312365e-15
8086.34365273007 1.4006468973946776e-15
8090.55199146756 1.418105157563362e-15
8094.76033020505 1.405607010753521e-15
8098.96866894254 1.3980794780836178e-15
8103.17700768003 1.4242414778225439e-15
8107.38534641752 1.4169543305982333e-15
8111.59368515501 1.4601255330679484e-15
8115.8020238925 1.4706909688746758e-15
8120.01036262999 1.4557507796317549e-15
8124.21870136748 1.4267763155613297e-15
8128.42704010497 1.416496417024286e-15
8132.63537884246 1.4230373370747125e-15
8136.84371757995 1.3921409061948344e-15
8141.05205631744 1.3899598855480742e-15
8145.26039505493 1.3918200252156083e-15
8149.46873379242 1.4235353675663827e-15
8153.67707252991 1.4712780990306657e-15
8157.8854112674 1.4175657906002879e-15
8162.09375000489 1.4720248239505234e-15
8166.30208874238 1.443240560944921e-15
8170.51042747987 1.3752043744750736e-15
8174.71876621736 1.3160697449815692e-15
8178.92710495485 1.3444224215092286e-15
8183.13544369234 1.3509761825202195e-15
8187.34378242983 1.3678303605881864e-15
8191.55212116732 1.3620654373352106e-15
8195.76045990481 1.3952181964331697e-15
8199.9687986423 1.4033230257907204e-15
8204.17713737979 1.3851055049390352e-15
8208.38547611728 1.3878778980632603e-15
8212.59381485477 1.3631402046917385e-15
8216.80215359226 1.3476621154890065e-15
8221.01049232975 1.3206888726223399e-15
8225.21883106724 1.3698323855168912e-15
8229.42716980473 1.4248211361446937e-15
8233.63550854222 1.440098648134739e-15
8237.84384727971 1.4430120164721823e-15
8242.0521860172 1.4411842317063076e-15
8246.26052475469 1.4332804032423799e-15
8250.46886349218 1.4030003567873603e-15
8254.67720222967 1.3471508410488748e-15
8258.88554096716 1.346847837396653e-15
8263.09387970465 1.3503154238049012e-15
8267.30221844214 1.3602711072582032e-15
8271.51055717963 1.4053760440264229e-15
8275.71889591712 1.4158398142726136e-15
8279.92723465461 1.417187770019927e-15
8284.1355733921 1.4137557151929847e-15
8288.34391212959 1.3895364211549781e-15
8292.55225086708 1.3930779050433277e-15
8296.76058960457 1.380826716035269e-15
8300.96892834206 1.3025874268442712e-15
8305.17726707955 1.291361996983088e-15
8309.38560581704 1.2940287406710338e-15
8313.59394455453 1.2846428646036788e-15
8317.80228329202 1.3168726468026688e-15
8322.01062202951 1.3271871847539242e-15
8326.218960767 1.3306814247754625e-15
8330.42729950449 1.301048170550661e-15
8334.63563824198 1.2558393694480033e-15
8338.84397697947 1.1656932917149154e-15
8343.05231571696 1.0982623224200006e-15
8347.26065445445 1.0438480303120903e-15
8351.46899319194 9.80013425468296e-16
8355.67733192943 8.848711794414025e-16
8359.88567066692 8.592828866413301e-16
8364.09400940441 7.737482054634919e-16
8368.3023481419 6.846053404673744e-16
8372.51068687939 6.371330937416578e-16
8376.71902561688 5.616161961518975e-16
8380.92736435437 5.044397128971413e-16
8385.13570309186 4.300938815911133e-16
8389.34404182935 3.438387764050406e-16
8393.55238056684 3.260210059144146e-16
8397.76071930433 3.019389108690482e-16
8401.96905804182 3.0076723356333057e-16
8406.17739677931 2.9639690810641647e-16
8410.3857355168 2.998197387322917e-16
8414.59407425429 2.9281754920106967e-16
8418.80241299178 2.893618149987355e-16
8423.01075172927 2.973572605815522e-16
8427.21909046676 3.2169181245412993e-16
8431.42742920425 3.550784437020357e-16
8435.63576794174 3.354971602421844e-16
8439.84410667923 3.463821375231435e-16
8444.05244541672 3.771670266390594e-16
8448.26078415421 3.8155536627661585e-16
8452.4691228917 4.0706186036551216e-16
8456.67746162919 4.333801941016969e-16
8460.88580036668 4.605126789550087e-16
8465.09413910417 5.00374583350098e-16
8469.30247784166 5.374415326490454e-16
8473.51081657915 5.567350369207557e-16
8477.71915531664 5.998744431729244e-16
8481.92749405413 6.640560556103964e-16
8486.13583279162 7.14325407879322e-16
8490.34417152911 7.676814351094864e-16
8494.5525102666 8.174532703021076e-16
8498.76084900409 8.914829645440606e-16
8502.96918774158 9.709038194063086e-16
8507.17752647907 1.0221616420558829e-15
8511.38586521656 1.0284003764736271e-15
8515.59420395405 1.0368201500287886e-15
8519.80254269154 9.905700350823194e-16
8524.01088142903 9.569919650634288e-16
8528.21922016652 9.366766727683498e-16
8532.42755890401 9.055928342370345e-16
8536.6358976415 9.154198830164607e-16
8540.84423637899 8.881678341483426e-16
8545.05257511648 8.924134262305672e-16
8549.26091385397 8.885941798855711e-16
8553.46925259146 8.565784364249162e-16
8557.67759132895 8.446802295715285e-16
8561.88593006644 8.280761144248379e-16
8566.09426880393 7.81825228524863e-16
8570.30260754142 7.64899979430202e-16
8574.51094627891 7.548754038250487e-16
8578.7192850164 7.871547253022871e-16
8582.92762375389 8.2505919381380355e-16
8587.13596249138 8.642680621713324e-16
8591.34430122887 8.995926372843284e-16
8595.55263996636 9.178405978170458e-16
8599.76097870385 9.940210922624181e-16
8603.96931744134 1.026028354345786e-15
8608.17765617883 1.0680300933357574e-15
8612.38599491632 1.1466964488935564e-15
8616.59433365381 1.2375231250245534e-15
8620.8026723913 1.3249469286433907e-15
8625.01101112879 1.3946205525946312e-15
8629.21934986628 1.5484750137680702e-15
8633.42768860377 1.6812346955554404e-15
8637.63602734126 1.7749486345999596e-15
8641.84436607875 1.85689461070715e-15
8646.05270481624 1.921931386232111e-15
8650.26104355373 1.9842270180448158e-15
8654.46938229122 2.0145860726268403e-15
8658.67772102871 2.0381470625863072e-15
8662.8860597662 2.0643927845109925e-15
8667.09439850369 2.1586658585319263e-15
8671.30273724118 2.2721627977413695e-15
8675.51107597867 2.372066346941257e-15
8679.71941471616 2.415603578549915e-15
8683.92775345365 2.4444020630169244e-15
8688.13609219114 2.370497131777205e-15
8692.34443092863 2.3929596206035005e-15
8696.55276966612 2.3485989216461383e-15
8700.76110840361 2.2697592310985963e-15
8704.9694471411 2.231720969549788e-15
8709.17778587859 2.274180133020305e-15
8713.38612461608 2.2592497218467063e-15
8717.59446335357 2.2816717849335297e-15
8721.80280209106 2.305581741295876e-15
8726.01114082855 2.3366917691258094e-15
8730.21947956604 2.2662043660943024e-15
8734.42781830353 2.1931721668625236e-15
8738.63615704102 2.1353788541497387e-15
8742.84449577851 2.0528165762255995e-15
8747.052834516 2.1014437881992386e-15
8751.26117325349 2.0752291319061843e-15
8755.46951199098 2.098807825863274e-15
8759.67785072847 2.03137692001643e-15
8763.88618946596 2.0704462321307652e-15
8768.09452820345 2.0410838549413294e-15
8772.30286694094 1.949195534490129e-15
8776.51120567843 1.87059184230909e-15
8780.71954441592 1.7763247942276856e-15
8784.92788315341 1.6833746547605262e-15
8789.1362218909 1.6506245198833539e-15
8793.34456062839 1.6687612109473806e-15
8797.55289936588 1.690751346438039e-15
8801.76123810337 1.7110592845983775e-15
8805.96957684086 1.6893256771219378e-15
8810.17791557835 1.6176445704498311e-15
8814.38625431584 1.5548434520207909e-15
8818.59459305333 1.5210312670010066e-15
8822.80293179082 1.4958522902632052e-15
8827.01127052831 1.39819701361626e-15
8831.2196092658 1.2981667331830778e-15
8835.42794800329 1.3110441395850285e-15
8839.63628674078 1.379978473064375e-15
8843.84462547827 1.3734406033230034e-15
8848.05296421576 1.3833385345583442e-15
8852.26130295325 1.3892272677168017e-15
8856.46964169074 1.3751632665283092e-15
8860.67798042823 1.3338567710351495e-15
8864.88631916572 1.2518710252367413e-15
8869.09465790321 1.2200019300957552e-15
8873.3029966407 1.1910777550508622e-15
8877.51133537819 1.1156201949190299e-15
8881.71967411568 1.086057890023946e-15
8885.92801285317 1.0305362738803627e-15
8890.13635159066 9.760920772498621e-16
8894.34469032815 9.873456610264646e-16
8898.55302906564 1.0830764355834128e-15
8902.76136780313 1.1049829502266673e-15
8906.96970654062 1.1144713067108252e-15
8911.17804527811 1.1115537628539086e-15
8915.3863840156 1.1228977934047303e-15
8919.59472275309 1.0987221479119803e-15
8923.80306149058 1.0904203105374689e-15
8928.01140022807 1.1346813352909302e-15
8932.21973896556 1.1816949365708384e-15
8936.42807770305 1.1805066560541897e-15
8940.63641644054 1.1956439603717942e-15
8944.84475517803 1.2083001593536134e-15
8949.05309391552 1.2474347169477218e-15
8953.26143265301 1.307440082722035e-15
8957.4697713905 1.3559162956656371e-15
8961.67811012799 1.3668189271858168e-15
8965.88644886548 1.3262376414941056e-15
8970.09478760297 1.260739487118347e-15
8974.30312634046 1.2295356278167784e-15
8978.51146507795 1.2411657409610182e-15
8982.71980381544 1.16461765321936e-15
8986.92814255293 1.2240254054003352e-15
8991.13648129042 1.2640045034747688e-15
8995.34482002791 1.1924527991439855e-15
8999.5531587654 1.23129349465708e-15
9003.76149750289 1.266985264600218e-15
9007.96983624038 1.2651738088221836e-15
9012.17817497787 1.2112715424311626e-15
9016.38651371536 1.1690920440541282e-15
9020.59485245285 1.1030999102139861e-15
9024.80319119034 1.0454325090028e-15
9029.01152992783 1.017801696195178e-15
9033.21986866532 9.756015051229736e-16
9037.42820740281 9.249150261915036e-16
9041.6365461403 8.644767743957327e-16
9045.84488487779 8.480987825486162e-16
9050.05322361528 8.539434206138865e-16
9054.26156235277 8.763986867126711e-16
9058.46990109026 9.044787560472936e-16
9062.67823982775 9.272224263176954e-16
9066.88657856524 9.54281570612652e-16
9071.09491730273 9.549004301532563e-16
9075.30325604022 9.962326387652859e-16
9079.51159477771 1.027923549219976e-15
9083.7199335152 1.0172594240030504e-15
9087.92827225269 1.0564468894386734e-15
9092.13661099018 1.1026526902238353e-15
9096.34494972767 1.1244144692740814e-15
9100.55328846516 1.1530621566718651e-15
9104.76162720265 1.1799891716482941e-15
9108.96996594014 1.2250873221884891e-15
9113.17830467763 1.2389943070070077e-15
9117.38664341512 1.255545436575711e-15
9121.59498215261 1.2482935648702483e-15
9125.8033208901 1.2496193694388898e-15
9130.01165962759 1.277013087750704e-15
9134.21999836508 1.2539982189985864e-15
9138.42833710257 1.2348260569835694e-15
9142.63667584006 1.1798459168873446e-15
9146.84501457755 1.1533929297323997e-15
9151.05335331504 1.1835989457005958e-15
9155.26169205253 1.103987149841255e-15
9159.47003079002 1.148313276024719e-15
9163.67836952751 1.158714046618265e-15
9167.886708265 1.1136423163224786e-15
9172.09504700249 1.0949938088008521e-15
9176.30338573998 1.0961399651615953e-15
9180.51172447747 1.027919394818538e-15
9184.72006321496 9.264230069680258e-16
9188.92840195245 9.18390057584337e-16
9193.13674068994 8.882859392283379e-16
9197.34507942743 8.792561018815969e-16
9201.55341816492 8.899668405778851e-16
9205.76175690241 9.117215093027547e-16
9209.9700956399 9.330829733119554e-16
9214.17843437739 9.814222764641937e-16
9218.38677311488 1.0237154207682723e-15
9222.59511185237 1.04910699372043e-15
9226.80345058986 1.070853372184609e-15
9231.01178932735 1.0596579783059761e-15
9235.22012806484 1.057722594494428e-15
9239.42846680233 1.0874499163475314e-15
9243.63680553982 1.0839410399005351e-15
9247.84514427731 1.0974079469162739e-15
9252.0534830148 1.1211596098415168e-15
9256.26182175229 1.133390680991828e-15
9260.47016048978 1.120335966252478e-15
9264.67849922727 1.190213228863167e-15
9268.88683796476 1.1880450894049912e-15
9273.09517670225 1.1994271426859276e-15
9277.30351543974 1.2171767916582345e-15
9281.51185417723 1.204445819111349e-15
9285.72019291472 1.2152683382231859e-15
9289.92853165221 1.2447860519205292e-15
9294.1368703897 1.2321747158538092e-15
9298.34520912719 1.3258499193321686e-15
9302.55354786468 1.2730141589719361e-15
9306.76188660217 1.2344699349763185e-15
9310.97022533966 1.1847906847501634e-15
9315.17856407715 1.1778671937800829e-15
9319.38690281464 1.2639471265959402e-15
9323.59524155213 1.2658588917610385e-15
9327.80358028962 1.2997290227110263e-15
9332.01191902711 1.3075229293625056e-15
9336.2202577646 1.2332532696747515e-15
9340.42859650209 1.157827004454088e-15
9344.63693523958 1.1071712622545591e-15
9348.84527397707 1.0614285193623293e-15
9353.05361271456 1.03283911002682e-15
9357.26195145205 1.070607161298472e-15
9361.47029018954 1.0393734170810724e-15
9365.67862892703 1.069643661543207e-15
9369.88696766452 1.0949715467515673e-15
9374.09530640201 1.0612339450014353e-15
9378.3036451395 1.1407778352507437e-15
9382.51198387699 1.1519352214115903e-15
9386.72032261448 1.0729628297308334e-15
9390.92866135197 1.0392657266549164e-15
9395.13700008946 1.0555984459785497e-15
9399.34533882695 1.0540934906558942e-15
9403.55367756444 1.0300471794832103e-15
9407.76201630193 1.0850099101348836e-15
9411.97035503942 1.0900983813884275e-15
9416.17869377691 1.1598495037143393e-15
9420.3870325144 1.1299701004332423e-15
9424.59537125189 1.1697863403553612e-15
9428.80370998938 1.1812491337010748e-15
9433.01204872687 1.17025766513052e-15
9437.22038746436 1.2095669954776245e-15
9441.42872620185 1.2477051290582241e-15
9445.63706493934 1.1545414778195436e-15
9449.84540367683 1.1342191873840008e-15
9454.05374241432 1.1933446107662034e-15
9458.26208115181 1.1626534821406707e-15
9462.4704198893 1.181351235766592e-15
9466.67875862679 1.2175965780997265e-15
9470.88709736428 1.2022805854886212e-15
9475.09543610177 1.2282782402039024e-15
9479.30377483926 1.292063517834739e-15
9483.51211357675 1.2586144599139159e-15
9487.72045231424 1.1497107919845817e-15
9491.92879105173 1.0873798234146124e-15
9496.13712978922 1.0745715216274263e-15
9500.34546852671 1.022911649751566e-15
9504.5538072642 1.0028830120357389e-15
9508.76214600169 1.0171070612263433e-15
9512.97048473918 1.059182511658923e-15
9517.17882347667 1.0698222965617508e-15
9521.38716221416 1.0176000142278693e-15
9525.59550095165 1.104509981166862e-15
9529.80383968914 1.1028814947714889e-15
9534.01217842663 1.0732294865217342e-15
9538.22051716412 1.106407651761806e-15
9542.42885590161 1.1114233410068575e-15
9546.6371946391 1.0600242673561248e-15
9550.84553337659 1.063846153389918e-15
9555.05387211408 1.1561982151145801e-15
9559.26221085157 1.1653868394478066e-15
9563.47054958906 1.113566789226404e-15
9567.67888832655 1.0408763701172426e-15
9571.88722706404 1.0415719843787301e-15
9576.09556580153 1.0847996972124739e-15
9580.30390453902 1.0287173122992666e-15
9584.51224327651 1.058076940082503e-15
9588.720582014 9.98127035244721e-16
9592.92892075149 9.908248544806427e-16
9597.13725948898 9.989541514845302e-16
9601.34559822647 9.226560467712032e-16
9605.55393696396 9.51310508711278e-16
9609.76227570145 1.0024102169241491e-15
9613.97061443894 9.461962738751159e-16
9618.17895317643 9.265107388626361e-16
9622.38729191392 9.589708518893847e-16
9626.59563065141 9.943158032677623e-16
9630.8039693889 9.64891674593378e-16
9635.01230812639 9.815263902493756e-16
9639.22064686388 9.963956039249019e-16
9643.42898560137 9.710677127362215e-16
9647.63732433886 1.0073780847859355e-15
9651.84566307635 1.0394638016751537e-15
9656.05400181384 1.0326445410244344e-15
9660.26234055133 9.920493329402853e-16
9664.47067928882 1.0014502833513388e-15
9668.67901802631 9.917499967718727e-16
9672.8873567638 1.0001080378814225e-15
9677.09569550129 1.0448624742661972e-15
9681.30403423878 1.0378644201069558e-15
9685.51237297627 9.117026795373194e-16
9689.72071171376 9.472954589076326e-16
9693.92905045125 1.0442593235362418e-15
9698.13738918874 1.0286931224923486e-15
9702.34572792623 9.537061864474797e-16
9706.55406666372 1.0115419236036648e-15
9710.76240540121 9.72390202907436e-16
9714.9707441387 9.550529617861028e-16
9719.17908287619 1.0339033219956527e-15
9723.38742161368 1.0003061828237522e-15
9727.59576035117 9.80088630430938e-16
9731.80409908866 9.705001412404892e-16
9736.01243782615 1.0101979023176936e-15
9740.22077656364 1.047151690964447e-15
9744.42911530113 1.0357801674565884e-15
9748.63745403862 9.72610898778229e-16
9752.84579277611 9.561369461195971e-16
9757.0541315136 9.475890675229257e-16
9761.26247025109 9.278178285343707e-16
9765.47080898858 9.782861410249045e-16
9769.67914772607 9.762406455134157e-16
9773.88748646356 1.0608516075155859e-15
9778.09582520105 9.703888101648063e-16
9782.30416393854 9.165354029025304e-16
9786.51250267603 9.903779849137677e-16
9790.72084141352 9.396192181832533e-16
9794.92918015101 1.0181423089601587e-15
9799.1375188885 9.83774687844845e-16
9803.34585762599 9.420777775317322e-16
9807.55419636348 9.49574382802664e-16
9811.76253510097 9.0322314956755e-16
9815.97087383846 9.952709436847282e-16
9820.17921257595 1.0101545045633706e-15
9824.38755131344 9.444657481482085e-16
9828.59589005093 9.459378955454018e-16
9832.80422878842 9.642921453508279e-16
9837.01256752591 9.271381008715807e-16
9841.2209062634 9.106014225991839e-16
9845.42924500089 8.989528115440874e-16
9849.63758373838 9.012284222142215e-16
9853.84592247587 9.497671019853365e-16
9858.05426121336 9.17638153910742e-16
9862.26259995085 9.50386151862771e-16
9866.47093868834 9.726814671141271e-16
9870.67927742583 9.344411503412571e-16
9874.88761616332 9.486188972016083e-16
9879.09595490081 9.41490080976826e-16
9883.3042936383 9.55438601438071e-16
9887.51263237579 8.445257519035792e-16
9891.72097111328 8.632557669861539e-16
9895.92930985077 8.493537239978334e-16
9900.13764858826 8.5959292729757e-16
9904.34598732575 9.505340646333743e-16
9908.55432606324 8.791871109674394e-16
9912.76266480073 8.529446109605716e-16
9916.97100353822 9.256202134560138e-16
9921.17934227571 8.527775837414894e-16
9925.3876810132 9.146783850398172e-16
9929.59601975069 9.102766520172361e-16
9933.80435848818 9.03069734547731e-16
9938.01269722567 8.010076811684525e-16
9942.22103596316 7.568336965142997e-16
9946.42937470065 8.970007495702162e-16
9950.63771343814 8.599654618950866e-16
9954.84605217563 8.501534060016572e-16
9959.05439091312 8.351236671609404e-16
9963.26272965061 8.24432925821308e-16
9967.4710683881 8.681570549507321e-16
9971.67940712559 7.214105327445392e-16
9975.88774586308 7.50118775002792e-16
9980.09608460057 9.210003260842782e-16
9984.30442333806 8.270639148217362e-16
9988.51276207555 8.433519741069831e-16
9992.72110081304 8.210076035148413e-16
9996.92943955053 9.373095961091182e-16
10001.137778288 0.0
