6011.34912109001 1.5713376723865995e-15
6015.55555200203 1.5782784402835775e-15
6019.76198291405 1.5925455236403996e-15
6023.96841382607 1.5593493869803644e-15
6028.17484473809 1.5578871262823055e-15
6032.38127565011 1.5509930828731216e-15
6036.58770656213 1.5502087086236685e-15
6040.79413747415 1.5443054557747581e-15
6045.00056838617 1.5672552701458722e-15
6049.20699929819 1.5475230099418095e-15
6053.41343021021 1.5351460935118964e-15
6057.61986112223 1.5276909405779868e-15
6061.82629203425 1.5199710910917162e-15
6066.03272294627 1.520635857658914e-15
6070.23915385829 1.494043723351494e-15
6074.4455847703 1.5305543894067515e-15
6078.65201568233 1.4983154616582756e-15
6082.85844659435 1.5058594120445004e-15
6087.06487750637 1.4818299824569517e-15
6091.27130841839 1.4971677411305882e-15
6095.47773933041 1.5018134102945816e-15
6099.68417024242 1.492768582919665e-15
6103.89060115445 1.5082419557252338e-15
6108.09703206647 1.5183416592761724e-15
6112.30346297849 1.5049351872363154e-15
6116.50989389051 1.5243882156656497e-15
6120.71632480253 1.4999573575906799e-15
6124.92275571455 1.4941962530208292e-15
6129.12918662657 1.4696446251270424e-15
6133.33561753858 1.4784751390747046e-15
6137.54204845061 1.4752613633249639e-15
6141.74847936263 1.493576187730152e-15
6145.95491027465 1.486984816657515e-15
6150.16134118667 1.4731406348187207e-15
6154.36777209869 1.4354410860784134e-15
6158.57420301071 1.4459946018932796e-15
6162.78063392273 1.4476517914220295e-15
6166.98706483475 1.4525602872082302e-15
6171.19349574677 1.448386853389022e-15
6175.39992665879 1.4390965914981223e-15
6179.60635757081 1.4392877034314917e-15
6183.81278848283 1.4394715544522341e-15
6188.01921939485 1.4567271195616862e-15
6192.22565030687 1.4474779628941833e-15
6196.43208121889 1.4276300007656718e-15
6200.63851213091 1.4392641451904463e-15
6204.84494304293 1.4429697021487791e-15
6209.05137395495 1.4630795474735858e-15
6213.25780486697 1.4381139578213712e-15
6217.46423577899 1.4174852499173104e-15
6221.670666691 1.4130104347418798e-15
6225.87709760303 1.4312803524100422e-15
6230.08352851504 1.4198561252917242e-15
6234.28995942707 1.4206130268854806e-15
6238.49639033909 1.4175388271024208e-15
6242.70282125111 1.4120837714583849e-15
6246.90925216313 1.436910448535682e-15
6251.11568307515 1.421402512840903e-15
6255.32211398717 1.4054015942515097e-15
6259.52854489919 1.4017908542982708e-15
6263.73497581121 1.407732386475033e-15
6267.94140672323 1.4023513889610725e-15
6272.14783763525 1.4090651697056885e-15
6276.35426854727 1.376182506305137e-15
6280.56069945929 1.3651161769734319e-15
6284.76713037131 1.3702607200663982e-15
6288.97356128333 1.3952150448612253e-15
6293.17999219535 1.3687164933510217e-15
6297.38642310737 1.332120958867081e-15
6301.59285401939 1.3277376404722597e-15
6305.79928493141 1.3050780016259217e-15
6310.00571584343 1.3051344375277513e-15
6314.21214675545 1.3037994869934861e-15
6318.41857766747 1.2471304795445728e-15
6322.62500857949 1.2368863245884626e-15
6326.83143949151 1.2077905865348913e-15
6331.03787040353 1.1819559179639478e-15
6335.24430131555 1.1694013681124335e-15
6339.45073222757 1.1841207285016321e-15
6343.65716313959 1.2525853380669289e-15
6347.8635940516 1.2388438881954731e-15
6352.07002496363 1.2791509352429085e-15
6356.27645587565 1.2820595088043066e-15
6360.48288678767 1.2675217039771602e-15
6364.68931769969 1.2781616026806773e-15
6368.89574861171 1.2552340945717362e-15
6373.10217952373 1.2220780557765926e-15
6377.30861043575 1.2386320802233456e-15
6381.51504134777 1.221374344264021e-15
6385.72147225979 1.2075958152923153e-15
6389.92790317181 1.2185597869078874e-15
6394.13433408383 1.2282617054089806e-15
6398.34076499585 1.2490761026710699e-15
6402.54719590787 1.2674874378808008e-15
6406.75362681989 1.2761419386717861e-15
6410.96005773191 1.2643641582217452e-15
6415.16648864392 1.2368932766436679e-15
6419.37291955595 1.2239727273253456e-15
6423.57935046797 1.2050507766567345e-15
6427.78578137999 1.196790714574049e-15
6431.99221229201 1.1719995652487771e-15
6436.19864320403 1.1593825966159848e-15
6440.40507411605 1.1806500596425645e-15
6444.61150502807 1.1686761302335123e-15
6448.81793594008 1.1910877428539607e-15
6453.02436685211 1.2071845560111238e-15
6457.23079776413 1.212826750386251e-15
6461.43722867615 1.2252963656409829e-15
6465.64365958817 1.2456365103644069e-15
6469.85009050019 1.25341750978537e-15
6474.05652141221 1.263656097200642e-15
6478.26295232423 1.2862268354283432e-15
6482.46938323625 1.2981815272511403e-15
6486.67581414827 1.3452154452101252e-15
6490.88224506029 1.3985722680182323e-15
6495.08867597231 1.4214633002696909e-15
6499.29510688433 1.4433631437913453e-15
6503.50153779634 1.4635415406737243e-15
6507.70796870837 1.5163458284972764e-15
6511.91439962039 1.6142136767039742e-15
6516.12083053241 1.6715012864495455e-15
6520.32726144443 1.7187460444168842e-15
6524.53369235645 1.7561914856443674e-15
6528.74012326847 1.7992833514583823e-15
6532.94655418049 1.833592158807817e-15
6537.15298509251 1.846713631061221e-15
6541.35941600453 1.907132023783969e-15
6545.56584691655 1.91889469297169e-15
6549.77227782857 1.952137381308099e-15
6553.97870874059 1.9574832338654885e-15
6558.18513965261 1.948656960705282e-15
6562.39157056463 1.9453406382500742e-15
6566.59800147665 1.9616336550172477e-15
6570.80443238867 1.960368751216986e-15
6575.01086330069 1.9840984669690914e-15
6579.21729421271 2.0505791874437886e-15
6583.42372512473 2.2041707366209947e-15
6587.63015603675 2.555761385376348e-15
6591.83658694877 3.3360654316369146e-15
6596.04301786079 5.26865129493023e-15
6600.24944877281 3.7030141504710346e-15
6604.45587968483 3.507209175134892e-15
6608.66231059685 4.925828806451331e-15
6612.86874150887 3.608001214010249e-15
6617.07517242089 2.9192855857189565e-15
6621.28160333291 2.5575892269816016e-15
6625.48803424493 2.3913227321189552e-15
6629.69446515695 2.2821894215660205e-15
6633.90089606897 2.2194791369716565e-15
6638.10732698099 2.174980746868302e-15
6642.31375789301 2.1927312400707946e-15
6646.52018880503 2.1982317910089735e-15
6650.72661971705 2.158440060548492e-15
6654.93305062907 2.1199501271123435e-15
6659.13948154109 2.1117667085701433e-15
6663.34591245311 2.1054810681908965e-15
6667.55234336513 2.0900973705511403e-15
6671.75877427715 2.0655470179503626e-15
6675.96520518917 2.048610993675645e-15
6680.17163610119 2.048230241772867e-15
6684.37806701321 2.006361358364884e-15
6688.58449792523 1.97041414596154e-15
6692.79092883725 1.9641722706282588e-15
6696.99735974927 1.944959558299355e-15
6701.20379066129 1.930764702930719e-15
6705.41022157331 1.890888708506214e-15
6709.61665248533 1.8221825054578544e-15
6713.82308339735 1.814324446225746e-15
6718.02951430937 1.801550046415199e-15
6722.23594522139 1.8004939200728678e-15
6726.44237613341 1.77966447182316e-15
6730.64880704543 1.71170927408369e-15
6734.85523795745 1.7121913234091132e-15
6739.06166886947 1.634000296600148e-15
6743.26809978149 1.6324991670764793e-15
6747.4745306935 1.5974704718248743e-15
6751.68096160553 1.5930153349609536e-15
6755.88739251755 1.5591378169169952e-15
6760.09382342957 1.5156835921623115e-15
6764.30025434159 1.4959067173264095e-15
6768.50668525361 1.4752251635840643e-15
6772.71311616563 1.459459834458191e-15
6776.91954707765 1.443311667837423e-15
6781.12597798967 1.4102588015692877e-15
6785.33240890169 1.37902871989471e-15
6789.53883981371 1.3376865355963768e-15
6793.74527072573 1.2971817147383502e-15
6797.95170163775 1.319304462451912e-15
6802.15813254977 1.3166218302656737e-15
6806.36456346179 1.2636911783226482e-15
6810.57099437381 1.2436951057866308e-15
6814.77742528583 1.2247795822425225e-15
6818.98385619785 1.211201521313963e-15
6823.19028710987 1.2104708487229529e-15
6827.39671802189 1.187894318992018e-15
6831.60314893391 1.1749509411278533e-15
6835.80957984593 1.1618155676528205e-15
6840.01601075795 1.1588379391557708e-15
6844.22244166997 1.1354450390958489e-15
6848.42887258199 1.1550109225200302e-15
6852.63530349401 1.164295306260543e-15
6856.84173440603 1.187519223858819e-15
6861.04816531805 1.1837843142945044e-15
6865.25459623007 1.1220362446169205e-15
6869.46102714209 9.920254760546734e-16
6873.66745805411 9.97609744112035e-16
6877.87388896613 1.103130022806575e-15
6882.08031987815 1.1495542677928935e-15
6886.28675079017 1.1407147170043355e-15
6890.49318170219 1.1323320718367122e-15
6894.69961261421 1.1341799878499997e-15
6898.90604352623 1.1517330171107203e-15
6903.11247443825 1.149968995293736e-15
6907.31890535027 1.163929987975197e-15
6911.52533626229 1.166001714356469e-15
6915.73176717431 1.1494063649223963e-15
6919.93819808633 1.1219395748674326e-15
6924.14462899835 1.1224888119161282e-15
6928.35105991037 1.1195892810312294e-15
6932.55749082239 1.130833943611458e-15
6936.76392173441 1.1331098145239266e-15
6940.97035264643 1.1283674630758778e-15
6945.17678355845 1.1178969648843303e-15
6949.38321447047 1.1053605944367484e-15
6953.58964538249 1.1022158481941952e-15
6957.79607629451 1.1019451702232368e-15
6962.00250720653 1.120158341598671e-15
6966.20893811855 1.1446377654312344e-15
6970.41536903057 1.1160016059171637e-15
6974.62179994259 1.1087735334614331e-15
6978.82823085461 1.1007978729281439e-15
6983.03466176663 1.085802921581228e-15
6987.24109267865 1.0980825148936066e-15
6991.44752359067 1.1111539198701454e-15
6995.65395450269 1.0981214874393955e-15
6999.86038541471 1.0765760931505962e-15
7004.06681632673 1.0794789926863072e-15
7008.27324723875 1.0829142101467182e-15
7012.47967815077 1.0793776336218228e-15
7016.68610906279 1.09049986494274e-15
7020.89253997481 1.1204434733349078e-15
7025.09897088683 1.1082261551309927e-15
7029.30540179885 1.1012371835658933e-15
7033.51183271087 1.080367906890652e-15
7037.71826362289 1.0873922983662609e-15
7041.92469453491 1.0980410690407976e-15
7046.13112544693 1.0932283472225536e-15
7050.33755635895 1.118593065925013e-15
7054.54398727097 1.1205826305989011e-15
7058.75041818299 1.0759788383714631e-15
7062.95684909501 1.078211033686436e-15
7067.16328000703 1.0807299439066304e-15
7071.36971091905 1.1021326944574537e-15
7075.57614183107 1.1010869418867942e-15
7079.78257274309 1.0879566892649532e-15
7083.98900365511 1.0769673401978853e-15
7088.19543456713 1.0705619496219769e-15
7092.40186547915 1.094927718051656e-15
7096.60829639117 1.1063538187929332e-15
7100.81472730319 1.1585053095456197e-15
7105.02115821521 1.192553890051792e-15
7109.22758912723 1.179406362469975e-15
7113.43402003925 1.1646377659852363e-15
7117.64045095127 1.1417699024169896e-15
7121.84688186329 1.1323028421767579e-15
7126.05331277531 1.1565995286677656e-15
7130.25974368733 1.157699483816759e-15
7134.46617459935 1.1369710449679727e-15
7138.67260551137 1.13782431534796e-15
7142.87903642339 1.1322563587356343e-15
7147.08546733541 1.0989165201851507e-15
7151.29189824743 1.1058089963658262e-15
7155.49832915945 1.1118029121939972e-15
7159.70476007147 1.1231387042392505e-15
7163.91119098349 1.12107782220648e-15
7168.11762189551 1.0928664401071531e-15
7172.32405280753 1.0489670024836092e-15
7176.53048371955 1.0511474887667509e-15
7180.73691463157 1.0531685553494095e-15
7184.94334554359 1.0499052366111326e-15
7189.14977645561 1.0838172677289523e-15
7193.35620736763 1.0944552071638006e-15
7197.56263827965 1.0822940036799083e-15
7201.76906919167 1.0578244639381341e-15
7205.97550010369 1.0488996850084018e-15
7210.18193101571 1.0843994155598387e-15
7214.38836192773 1.1310775526203463e-15
7218.59479283975 1.1390386840878836e-15
7222.80122375177 1.1390668975496601e-15
7227.00765466379 1.1302983634826343e-15
7231.21408557581 1.0974698025738456e-15
7235.42051648783 1.0735398913131798e-15
7239.62694739985 1.0932128432205916e-15
7243.83337831187 1.1071373167345621e-15
7248.03980922389 1.1175245971361953e-15
7252.24624013591 1.111584539896378e-15
7256.45267104793 1.1078617041126554e-15
7260.65910195995 1.097203557993411e-15
7264.86553287197 1.0904811212076558e-15
7269.07196378399 1.0853409534172062e-15
7273.27839469601 1.1184404765828015e-15
7277.48482560803 1.1212776652921968e-15
7281.69125652005 1.1277370376668173e-15
7285.89768743207 1.1287337977855434e-15
7290.10411834409 1.0990430069048583e-15
7294.31054925611 1.078352194948626e-15
7298.51698016813 1.1185150868711913e-15
7302.72341108015 1.1171627851733535e-15
7306.92984199217 1.13190544117513e-15
7311.13627290419 1.123173392847788e-15
7315.34270381621 1.1403458604495813e-15
7319.54913472823 1.1254132914499432e-15
7323.75556564025 1.0982053444946038e-15
7327.96199655227 1.1020698129795107e-15
7332.16842746429 1.083402152990258e-15
7336.37485837631 1.1363853210477822e-15
7340.58128928833 1.1166152791164236e-15
7344.78772020035 1.1450753310595145e-15
7348.99415111237 1.117488669135064e-15
7353.20058202439 1.10084767509139e-15
7357.40701293641 1.0566875021242455e-15
7361.61344384843 1.0718513042901877e-15
7365.81987476045 1.0863871150341315e-15
7370.02630567247 1.0955261893873883e-15
7374.23273658449 1.1086844340563793e-15
7378.43916749651 1.0904147607146824e-15
7382.64559840853 1.0545044885418711e-15
7386.85202932055 1.0362365894304003e-15
7391.05846023257 1.0302255412857746e-15
7395.26489114459 1.0541605889201317e-15
7399.47132205661 1.0809881789812743e-15
7403.67775296863 1.0948942216840168e-15
7407.88418388065 1.0683179389717884e-15
7412.09061479267 1.0507523354644002e-15
7416.29704570469 1.0283360029100183e-15
7420.50347661671 1.0144744349723704e-15
7424.70990752873 1.0508764155983574e-15
7428.91633844075 1.0590663020300305e-15
7433.12276935277 1.0758163223312018e-15
7437.32920026479 1.0385630345860307e-15
7441.53563117681 1.0103768920958942e-15
7445.74206208883 1.0087432868452065e-15
7449.94849300085 9.98826029208798e-16
7454.15492391287 1.049592269838888e-15
7458.36135482489 1.057106566797139e-15
7462.56778573691 1.0383627606054147e-15
7466.77421664893 1.0174390526816277e-15
7470.98064756095 1.0111691816726734e-15
7475.18707847297 9.84931868072487e-16
7479.39350938499 1.002709389538147e-15
7483.59994029701 1.0254986345474927e-15
7487.80637120903 1.038364129626367e-15
7492.01280212105 1.0351649630845084e-15
7496.21923303307 1.01382072568356e-15
7500.42566394509 9.9399462042308e-16
7504.63209485711 9.8947095304545e-16
7508.83852576913 9.871012551902782e-16
7513.04495668115 1.0258834639245276e-15
7517.25138759317 1.0364398812963412e-15
7521.45781850519 1.039844443221802e-15
7525.66424941721 9.958984011021601e-16
7529.87068032923 9.692960554536862e-16
7534.07711124125 9.64508640645344e-16
7538.28354215327 9.73161545581208e-16
7542.48997306529 9.813010507753836e-16
7546.69640397731 9.871286233292176e-16
7550.90283488933 1.0054664417504299e-15
7555.10926580135 1.0059673793514007e-15
7559.31569671337 9.670584879753601e-16
7563.52212762539 9.413941488262755e-16
7567.72855853741 9.371133844315539e-16
7571.93498944943 9.55085903629725e-16
7576.14142036145 9.675224764114823e-16
7580.34785127347 9.964589941397565e-16
7584.55428218549 1.0442826365621866e-15
7588.76071309751 1.0700609759071383e-15
7592.96714400953 1.003998653590309e-15
7597.17357492155 8.058758372456555e-16
7601.38000583357 6.608712165901891e-16
7605.58643674559 6.983570583400589e-16
7609.79286765761 9.0937610898365e-16
7613.99929856963 1.006214803095943e-15
7618.20572948165 1.101661155087296e-15
7622.41216039367 1.0390653573133476e-15
7626.61859130569 9.070546941645365e-16
7630.82502221771 8.61842613747772e-16
7635.03145312973 8.72824154321462e-16
7639.23788404175 8.587459670581217e-16
7643.44431495377 8.822480638425918e-16
7647.65074586579 8.922192457401324e-16
7651.85717677781 9.367642038426246e-16
7656.06360768983 9.623692508499965e-16
7660.27003860185 9.581511553972788e-16
7664.47646951387 9.66298578007463e-16
7668.68290042589 9.284778876244781e-16
7672.88933133791 9.122273384671767e-16
7677.09576224993 9.091440060735583e-16
7681.30219316195 9.22333208550454e-16
7685.50862407397 9.076885071040183e-16
7689.71505498599 9.494817299537042e-16
7693.92148589801 9.427056638433736e-16
7698.12791681003 9.604299294086714e-16
7702.33434772205 9.416438142932293e-16
7706.54077863407 9.319180476073631e-16
7710.74720954609 9.048597449259724e-16
7714.95364045811 8.988794967541525e-16
7719.16007137013 8.94028985473408e-16
7723.36650228215 9.097148431990188e-16
7727.57293319417 9.336227403092412e-16
7731.77936410619 9.543486444809124e-16
7735.98579501821 9.406397387801776e-16
7740.19222593023 9.129573400296618e-16
7744.39865684225 9.099263098780378e-16
7748.60508775427 8.806851701706186e-16
7752.81151866629 8.949998049489759e-16
7757.01794957831 9.038688897132584e-16
7761.22438049033 9.186440985743025e-16
7765.43081140235 9.211254731814317e-16
7769.63724231437 9.227538531461547e-16
7773.84367322639 9.095770103555669e-16
7778.05010413841 8.745129245033009e-16
7782.25653505043 8.711108788616029e-16
7786.46296596245 8.90157310533662e-16
7790.66939687447 8.967393123894768e-16
7794.87582778649 9.393931723621557e-16
7799.08225869851 9.383807772708349e-16
7803.28868961053 9.377998680455496e-16
7807.49512052255 8.97377216244755e-16
7811.70155143457 8.88229856523723e-16
7815.90798234659 8.974585640350528e-16
7820.11441325861 9.041101077639345e-16
7824.32084417063 9.232487966714976e-16
7828.52727508265 9.398203383906757e-16
7832.73370599467 9.437825949827678e-16
7836.94013690669 9.26773796061045e-16
7841.14656781871 9.257832068457973e-16
7845.35299873073 9.094274014628486e-16
7849.55942964275 8.927400675756947e-16
7853.76586055477 8.936541586119725e-16
7857.97229146679 9.140570339721928e-16
7862.17872237881 9.316035870605545e-16
7866.38515329083 9.594313603291745e-16
7870.59158420285 9.180413255710302e-16
7874.79801511487 9.135983368875252e-16
7879.00444602689 8.929130070026417e-16
7883.21087693891 8.917718838662323e-16
7887.41730785093 9.180592759647066e-16
7891.62373876295 9.419544724989611e-16
7895.83016967497 9.455300199349513e-16
7900.03660058699 9.412521053923966e-16
7904.24303149901 9.14673109662621e-16
7908.44946241103 8.799257595941184e-16
7912.65589332305 8.896356540284255e-16
7916.86232423507 9.065617348533077e-16
7921.06875514709 9.407546099781895e-16
7925.27518605911 9.575495913093218e-16
7929.48161697113 9.395948097752646e-16
7933.68804788315 8.99035087142397e-16
7937.89447879517 8.839739938859684e-16
7942.10090970719 8.951505993585666e-16
7946.30734061921 9.148742985157827e-16
7950.51377153123 9.208546456814083e-16
7954.72020244325 9.182920432531188e-16
7958.92663335527 8.938047270591837e-16
7963.13306426729 8.799833865724378e-16
7967.33949517931 8.744899318599181e-16
7971.54592609133 8.692174046006351e-16
7975.75235700335 8.894498573411657e-16
7979.95878791537 9.077860549681492e-16
7984.16521882739 9.142202827606568e-16
7988.37164973941 8.97671997985424e-16
7992.57808065143 8.871506909022119e-16
7996.78451156345 9.013434041960643e-16
8000.99094247547 8.759104759864229e-16
8005.19737338749 8.889602113835726e-16
8009.40380429951 9.117732432924437e-16
8013.61023521153 9.016473634609663e-16
8017.81666612355 8.918234371696234e-16
8022.02309703557 9.033851908974965e-16
8026.22952794759 9.023669047864968e-16
8030.43595885961 8.73112282357509e-16
8034.64238977163 8.819545226092614e-16
8038.84882068365 8.863505985183321e-16
8043.05525159567 8.829697737939527e-16
8047.26168250769 9.066825974855564e-16
8051.46811341971 9.045885958210396e-16
8055.67454433173 9.050324634258947e-16
8059.88097524375 8.758644926795162e-16
8064.08740615577 8.680313626517354e-16
8068.29383706779 8.742302506292478e-16
8072.50026797981 8.663694199808962e-16
8076.70669889183 8.618638874627515e-16
8080.91312980385 8.556195498501851e-16
8085.11956071587 8.497304204519331e-16
8089.32599162789 8.431464703435367e-16
8093.53242253991 8.305679953376141e-16
8097.73885345193 8.430820440583235e-16
8101.94528436395 8.579504615643264e-16
8106.15171527597 8.60354179697342e-16
8110.35814618799 8.849291642885325e-16
8114.56457710001 8.708634869330057e-16
8118.77100801203 8.732110674358117e-16
8122.97743892405 8.704031278588777e-16
8127.18386983607 8.484361541866355e-16
8131.39030074809 8.239722995054608e-16
8135.59673166011 8.081658714619806e-16
8139.80316257213 8.209973792047922e-16
8144.00959348415 8.082344499182395e-16
8148.21602439617 8.471148190754804e-16
8152.42245530819 8.634312787082493e-16
8156.62888622021 8.356044529529961e-16
8160.83531713223 8.403038460637773e-16
8165.04174804425 8.182676441053687e-16
8169.24817895627 8.045289812644962e-16
8173.45460986829 8.023067680746973e-16
8177.66104078031 7.984274853798408e-16
8181.86747169233 7.927092351814148e-16
8186.07390260435 8.276021212984503e-16
8190.28033351637 8.390867522630655e-16
8194.48676442839 8.351184711266972e-16
8198.69319534041 8.379907240567027e-16
8202.89962625243 8.28157156010478e-16
8207.10605716445 8.311805443873992e-16
8211.31248807647 8.025257158250336e-16
8215.51891898849 7.88846242196476e-16
8219.72534990051 8.053143408602984e-16
8223.93178081253 7.852284137852353e-16
8228.13821172455 7.432085524906576e-16
8232.34464263657 7.948326778662787e-16
8236.55107354859 8.515401485852573e-16
8240.75750446061 8.356971256965333e-16
8244.96393537263 8.253134216200889e-16
8249.17036628465 8.161991329831936e-16
8253.37679719667 7.828764570505069e-16
8257.58322810869 7.65225436521669e-16
8261.78965902071 7.677318101586079e-16
8265.99608993273 7.68988407301611e-16
8270.20252084475 7.862531537092783e-16
8274.40895175677 7.968529763439847e-16
8278.61538266879 8.074679435587775e-16
8282.82181358081 8.281876426736663e-16
8287.02824449283 8.177540640510789e-16
8291.23467540485 7.95582497091947e-16
8295.44110631687 7.779850784342582e-16
8299.64753722889 7.598199995183842e-16
8303.85396814091 7.398313031296487e-16
8308.06039905293 7.565669693949529e-16
8312.26682996495 7.543518097033765e-16
8316.47326087697 7.662439447858124e-16
8320.67969178899 7.786410305301722e-16
8324.88612270101 7.977176429051783e-16
8329.09255361303 8.200282091646793e-16
8333.29898452505 7.952890023984231e-16
8337.50541543707 7.796428938260082e-16
8341.71184634909 7.647596475067379e-16
8345.91827726111 7.489435061507568e-16
8350.12470817313 7.530309698550988e-16
8354.33113908515 7.353855117901546e-16
8358.53756999717 7.62866595742898e-16
8362.74400090919 7.652458626610804e-16
8366.95043182121 7.919560644272417e-16
8371.15686273323 7.962966122488882e-16
8375.36329364525 7.908515266226509e-16
8379.56972455727 7.644558046786763e-16
8383.77615546929 7.411136350427649e-16
8387.98258638131 7.293513109060614e-16
8392.18901729333 7.219650984078223e-16
8396.39544820535 7.187433360732709e-16
8400.60187911737 7.052254589044461e-16
8404.80831002939 7.240743112616259e-16
8409.01474094141 7.319664954107142e-16
8413.22117185343 7.641141910072269e-16
8417.42760276545 7.453143402885399e-16
8421.63403367747 7.157947645785958e-16
8425.84046458949 7.225364374434564e-16
8430.04689550151 6.995305062394552e-16
8434.25332641353 6.689328131003466e-16
8438.45975732555 6.689721160972654e-16
8442.66618823757 6.825194914983007e-16
8446.87261914959 7.017017809054703e-16
8451.07905006161 7.095397429821659e-16
8455.28548097363 7.256826750809741e-16
8459.49191188565 7.398275024328835e-16
8463.69834279767 7.429528397944266e-16
8467.90477370969 7.32951568083455e-16
8472.11120462171 7.15969396020004e-16
8476.31763553373 7.082217285258284e-16
8480.52406644575 7.117448650420514e-16
8484.73049735777 7.338320234535102e-16
8488.93692826979 7.644049240110033e-16
8493.14335918181 7.907047394639158e-16
8497.34979009383 7.95771121688001e-16
8501.55622100585 8.171628908551736e-16
8505.76265191787 8.035731205247634e-16
8509.96908282989 7.728985505366161e-16
8514.17551374191 7.885920457430092e-16
8518.38194465393 7.720876229456898e-16
8522.58837556595 7.592484596373171e-16
8526.79480647797 7.581195669909365e-16
8531.00123738999 7.51435151884996e-16
8535.20766830201 7.435154572230386e-16
8539.41409921403 7.707098198523282e-16
8543.62053012605 8.155888572054109e-16
8547.82696103807 8.403950827819327e-16
8552.03339195009 8.565331342004464e-16
8556.23982286211 8.200644820947244e-16
8560.44625377413 7.6621844211963675e-16
8564.65268468615 7.453421405125087e-16
8568.85911559817 7.708592113803468e-16
8573.06554651019 7.415460335359331e-16
8577.27197742221 7.254510979100655e-16
8581.47840833423 7.650596576122485e-16
8585.68483924625 7.938596607958805e-16
8589.89127015827 8.634322906492535e-16
8594.09770107029 9.007607070086575e-16
8598.30413198231 8.765898772163668e-16
8602.51056289433 8.361381504381885e-16
8606.71699380635 7.792355098469361e-16
8610.92342471837 7.882969339293823e-16
8615.12985563039 7.804898418260407e-16
8619.33628654241 7.822758746375157e-16
8623.54271745443 7.948125638437444e-16
8627.74914836645 7.925406187843455e-16
8631.95557927847 8.299541927847913e-16
8636.16201019049 8.639927211837664e-16
8640.36844110251 8.495369126431954e-16
8644.57487201453 8.439794175979342e-16
8648.78130292655 8.62152921629434e-16
8652.98773383857 8.314962312280261e-16
8657.19416475059 7.975872171849057e-16
8661.40059566261 8.085351858488459e-16
8665.60702657463 8.088095938503861e-16
8669.81345748665 8.41362085233775e-16
8674.01988839867 8.730145507707897e-16
8678.22631931069 8.753970715854806e-16
8682.43275022271 8.952164007176087e-16
8686.63918113473 8.703944478745665e-16
8690.84561204675 8.512041316240741e-16
8695.05204295877 8.457807626389965e-16
8699.25847387079 7.959042884160677e-16
8703.46490478281 8.087797006884785e-16
8707.67133569483 8.363910181938452e-16
8711.87776660685 8.844477104378152e-16
8716.08419751887 9.056579315211303e-16
8720.29062843089 9.026872573607714e-16
8724.49705934291 8.660330670543277e-16
8728.70349025493 8.38231378401848e-16
8732.90992116695 8.234388641176648e-16
8737.11635207897 7.904703113215465e-16
8741.32278299099 7.961638663065573e-16
8745.52921390301 7.727540703914892e-16
8749.73564481503 7.695150021132924e-16
8753.94207572705 7.912113142480606e-16
8758.14850663907 8.183322376852282e-16
8762.35493755109 8.406434721207908e-16
8766.56136846311 8.405015697745426e-16
8770.76779937513 8.249539679073372e-16
8774.97423028715 7.784018108797601e-16
8779.18066119917 7.856430856336308e-16
8783.38709211119 7.596268277180997e-16
8787.59352302321 7.4410675526715225e-16
8791.79995393523 7.494990879232098e-16
8796.00638484725 7.514435970707598e-16
8800.21281575927 8.195523238708556e-16
8804.41924667129 8.426511713026415e-16
8808.62567758331 8.219688665059502e-16
8812.83210849533 8.090936285215306e-16
8817.03853940735 7.752073085556437e-16
8821.24497031937 7.68465228588802e-16
8825.45140123139 7.354207506247324e-16
8829.65783214341 6.975845443394421e-16
8833.86426305543 7.115119728932387e-16
8838.07069396745 7.398172503683351e-16
8842.27712487947 7.388529967749273e-16
8846.48355579149 7.629203571724971e-16
8850.68998670351 7.418175066940094e-16
8854.89641761553 7.483887461159112e-16
8859.10284852755 7.546633448656113e-16
8863.30927943957 7.291316941837771e-16
8867.51571035159 7.028860986104563e-16
8871.72214126361 6.777757680264813e-16
8875.92857217563 6.905225735842428e-16
8880.13500308765 6.848888286602161e-16
8884.34143399967 6.950828427547821e-16
8888.54786491169 6.996793225612038e-16
8892.75429582371 6.807406443010489e-16
8896.96072673573 7.274957932269057e-16
8901.16715764775 7.277147859646146e-16
8905.37358855977 7.247634686535473e-16
8909.58001947179 7.062997195570389e-16
8913.78645038381 7.298374698161795e-16
8917.99288129583 7.293576470112071e-16
8922.19931220785 6.670666875952785e-16
8926.40574311987 6.719609975682839e-16
8930.61217403189 6.527722606065016e-16
8934.81860494391 6.577163430251124e-16
8939.02503585593 6.806012637620711e-16
8943.23146676795 6.817152536407449e-16
8947.43789767997 6.948583689453034e-16
8951.64432859199 6.918404026208758e-16
8955.85075950401 7.216727223259732e-16
8960.05719041603 7.278318071086292e-16
8964.26362132805 6.728467771104363e-16
8968.47005224007 6.612281702386745e-16
8972.67648315209 6.510090525976348e-16
8976.88291406411 6.571703007014017e-16
8981.08934497613 6.647699255466414e-16
8985.29577588815 6.523182783761494e-16
8989.50220680017 6.27117799692355e-16
8993.70863771219 6.460261196249846e-16
8997.91506862421 6.885828964651152e-16
9002.12149953623 6.682732891831274e-16
9006.32793044825 6.830854897407422e-16
9010.53436136027 7.011080267035629e-16
9014.74079227229 6.817646031747142e-16
9018.94722318431 6.849415302650485e-16
9023.15365409633 6.73116851395477e-16
9027.36008500835 6.677165632156373e-16
9031.56651592037 6.575136226164353e-16
9035.77294683239 6.623672070498032e-16
9039.97937774441 6.59145565349988e-16
9044.18580865643 6.599248776322026e-16
9048.39223956845 6.697594748390023e-16
9052.59867048047 6.794113712040901e-16
9056.80510139249 7.095140054390725e-16
9061.01153230451 7.14634473925171e-16
9065.21796321653 7.168330161631513e-16
9069.42439412855 7.392099812214287e-16
9073.63082504057 7.271044021815084e-16
9077.83725595259 6.795157718115136e-16
9082.04368686461 6.58528261104706e-16
9086.25011777663 6.470807118359546e-16
9090.45654868865 6.363001620544905e-16
9094.66297960067 6.429456664542747e-16
9098.86941051269 6.368708957869975e-16
9103.07584142471 6.498271786108233e-16
9107.28227233673 6.757515949029457e-16
9111.48870324875 6.89711751064091e-16
9115.69513416077 6.779210549910516e-16
9119.90156507279 6.631707681493119e-16
9124.10799598481 6.702150171088742e-16
9128.31442689683 6.730867917932524e-16
9132.52085780885 6.313619317503242e-16
9136.72728872087 6.369425146803194e-16
9140.93371963289 6.117730526715928e-16
9145.14015054491 6.371408768721232e-16
9149.34658145693 6.118664792110958e-16
9153.55301236895 6.068939486658599e-16
9157.75944328097 6.061714602455128e-16
9161.96587419299 6.446628171860748e-16
9166.17230510501 6.569360057297336e-16
9170.37873601703 6.489035534196515e-16
9174.58516692905 6.21968338197171e-16
9178.79159784107 6.075922798322215e-16
9182.99802875309 6.445065765426447e-16
9187.20445966511 6.238244827628182e-16
9191.41089057713 5.977498219707609e-16
9195.61732148915 6.020380627980534e-16
9199.82375240117 6.009426515085551e-16
9204.03018331319 6.116902359334931e-16
9208.23661422521 6.14055533773763e-16
9212.44304513723 6.226974246199808e-16
9216.64947604925 6.327855545097223e-16
9220.85590696127 6.399385061959595e-16
9225.06233787329 6.432628405357558e-16
9229.26876878531 6.350981508210066e-16
9233.47519969733 6.415834390963524e-16
9237.68163060935 6.343330900249548e-16
9241.88806152137 6.237667456014924e-16
9246.09449243339 6.292373560839885e-16
9250.30092334541 6.061370264097531e-16
9254.50735425743 6.09589232687236e-16
9258.71378516945 6.357854957494839e-16
9262.92021608147 6.699460836291517e-16
9267.12664699349 6.492462850156939e-16
9271.33307790551 6.465399959911594e-16
9275.53950881753 6.760126339594537e-16
9279.74593972955 6.78202021446473e-16
9283.95237064157 7.462974596180138e-16
9288.15880155359 7.065462771619987e-16
9292.36523246561 6.524623740167005e-16
9296.57166337763 6.197713103951838e-16
9300.77809428965 5.732548936412488e-16
9304.98452520167 6.267767276106506e-16
9309.19095611369 6.056742563436964e-16
9313.39738702571 5.896004424621509e-16
9317.60381793773 5.432082042320158e-16
9321.81024884975 5.765413197325075e-16
9326.01667976177 5.802450750101017e-16
9330.22311067379 5.969051770492209e-16
9334.42954158581 5.58919954411025e-16
9338.63597249783 5.046482138941748e-16
9342.84240340985 4.984886590491803e-16
9347.04883432187 5.455105169374792e-16
9351.25526523389 5.65647733747859e-16
9355.46169614591 5.296036186308226e-16
9359.66812705793 5.589409442268466e-16
9363.87455796995 6.342529514611894e-16
9368.08098888197 5.839032454886826e-16
9372.28741979399 5.550414171064825e-16
9376.49385070601 5.915976403584334e-16
9380.70028161803 5.50831822995275e-16
9384.90671253005 5.716152983952016e-16
9389.11314344207 5.800255194824368e-16
9393.31957435409 6.130448930365147e-16
9397.52600526611 5.946862542778255e-16
9401.73243617813 5.603605907170486e-16
9405.93886709015 5.499513022041714e-16
9410.14529800217 5.710065971793051e-16
9414.35172891419 5.951369660828241e-16
9418.55815982621 6.09527301884931e-16
9422.76459073823 6.089145313188722e-16
9426.97102165025 5.24778302422229e-16
9431.17745256227 5.503400666878912e-16
9435.38388347429 6.258789892757401e-16
9439.59031438631 5.167780972677279e-16
9443.79674529833 5.059513000206338e-16
9448.00317621035 5.777258626466063e-16
9452.20960712237 5.78976241403967e-16
9456.41603803439 5.086315416001379e-16
9460.62246894641 4.892833624273854e-16
9464.82889985843 5.640688938044322e-16
9469.03533077045 5.817264170911643e-16
9473.24176168247 5.733242233424967e-16
9477.44819259449 5.803051983898237e-16
9481.65462350651 5.449851545289693e-16
9485.86105441853 5.665474285415466e-16
9490.06748533055 6.091306261024646e-16
9494.27391624257 5.353769057994635e-16
9498.48034715459 4.826917855976866e-16
9502.68677806661 5.264567648333385e-16
9506.89320897863 5.88953200698313e-16
9511.09963989065 6.13577200909927e-16
9515.30607080267 5.525990277853191e-16
9519.51250171469 4.928805078507853e-16
9523.71893262671 5.08879624146636e-16
9527.92536353873 5.487423030223059e-16
9532.13179445075 5.5968877722370645e-16
9536.33822536277 5.738366641133152e-16
9540.54465627479 5.621785782488619e-16
9544.75108718681 5.364904278264114e-16
9548.95751809883 5.198250108073958e-16
9553.16394901085 5.208445892113136e-16
9557.37037992287 4.731906676359144e-16
9561.57681083489 5.097793009207814e-16
9565.78324174691 5.222962083665415e-16
9569.98967265893 5.499236098785976e-16
9574.19610357095 5.799686456067733e-16
9578.40253448297 5.694908933427116e-16
9582.60896539499 5.676489725416971e-16
9586.81539630701 5.582472593778456e-16
9591.02182721903 5.305472364738706e-16
9595.22825813105 5.565003913826869e-16
9599.43468904307 6.307573109627167e-16
9603.64111995509 6.384486130137232e-16
9607.84755086711 5.723988244021061e-16
9612.05398177913 5.549108067838826e-16
9616.26041269115 5.930802163896693e-16
9620.46684360317 5.775675471410194e-16
9624.67327451519 5.275501430911642e-16
9628.87970542721 5.765743920876197e-16
9633.08613633923 5.540229134704226e-16
9637.29256725125 5.348045832710822e-16
9641.49899816327 5.339420454524323e-16
9645.70542907529 5.168576958415768e-16
9649.91185998731 5.701478062529575e-16
9654.11829089933 5.546539641405336e-16
9658.32472181135 5.013928701550139e-16
9662.53115272337 5.164220935793505e-16
9666.73758363539 5.438452254292794e-16
9670.94401454741 5.510553614539312e-16
9675.15044545943 5.458759963651663e-16
9679.35687637145 5.479492660119833e-16
9683.56330728347 5.252461052043693e-16
9687.76973819549 5.400269145167537e-16
9691.97616910751 5.109586121748711e-16
9696.18260001953 5.02978636085881e-16
9700.38903093155 5.160997870550567e-16
9704.59546184357 5.061611254147369e-16
9708.80189275559 5.509971348650646e-16
9713.00832366761 5.456413034224401e-16
9717.21475457963 5.273923754809579e-16
9721.42118549165 5.519828119890329e-16
9725.62761640367 5.425406974678055e-16
9729.83404731569 5.145191337930152e-16
9734.04047822771 5.364268740183828e-16
9738.24690913973 5.348990688515028e-16
9742.45334005175 4.9453545447268e-16
9746.65977096377 5.475371931958976e-16
9750.86620187579 5.055401868668096e-16
9755.07263278781 4.858525949050529e-16
9759.27906369983 4.717100311911363e-16
9763.48549461185 5.208296799308368e-16
9767.69192552387 5.083851542698054e-16
9771.89835643589 5.261138076315915e-16
9776.10478734791 5.186462644658561e-16
9780.31121825993 5.137259216383188e-16
9784.51764917195 5.044419216012518e-16
9788.72408008397 4.806567979079144e-16
9792.93051099599 5.017159288191475e-16
9797.13694190801 4.884423579902607e-16
9801.34337282003 5.240651792725152e-16
9805.54980373205 5.204908541548138e-16
9809.75623464407 5.057874666304502e-16
9813.96266555609 5.170495018983938e-16
9818.16909646811 5.188320261660629e-16
9822.37552738013 5.238003374706475e-16
9826.58195829215 5.329008063299256e-16
9830.78838920417 5.237091444682104e-16
9834.99482011619 5.07318748203322e-16
9839.20125102821 5.125016043133362e-16
9843.40768194023 5.150522315841e-16
9847.61411285225 4.632958804566439e-16
9851.82054376427 4.745051935377153e-16
9856.02697467629 5.332920701692618e-16
9860.23340558831 5.121524737660184e-16
9864.43983650033 5.219964014216661e-16
9868.64626741235 5.228906136685331e-16
9872.85269832437 5.005642357660138e-16
9877.05912923639 4.755224986469184e-16
9881.26556014841 5.029809462677386e-16
9885.47199106043 5.078850791945171e-16
9889.67842197245 5.067528492640715e-16
9893.88485288447 4.560609191580139e-16
9898.09128379649 4.539229439093505e-16
9902.29771470851 4.7199779457734655e-16
9906.50414562053 4.813438600418246e-16
9910.71057653255 5.078986207811056e-16
9914.91700744457 5.140851144009649e-16
9919.12343835659 4.552354802322483e-16
9923.32986926861 4.943204761089616e-16
9927.53630018063 4.988630915213706e-16
9931.74273109265 4.838778391914969e-16
9935.94916200467 4.371512527778915e-16
9940.15559291669 4.4263963972312905e-16
9944.36202382871 4.405431744725693e-16
9948.56845474073 4.2490488787659092e-16
9952.77488565275 4.572560580739745e-16
9956.98131656477 4.654622025439573e-16
9961.18774747679 4.7325147275422e-16
9965.39417838881 4.774149624935849e-16
9969.60060930083 4.63287222991503e-16
9973.80704021285 4.435832359936718e-16
9978.01347112487 3.9653783603533727e-16
9982.21990203689 4.22123287267347e-16
9986.42633294891 4.3303631493888685e-16
9990.63276386093 4.355992087345467e-16
9994.83919477295 4.534913534225436e-16
9999.04562568497 4.154549804917597e-16
10003.252056597 4.1512333922976683e-16
