6011.91210938 1.0827335541697958e-16
6016.11886358761 1.171222311398874e-16
6020.32561779522 1.117416715668072e-16
6024.53237200283 1.0991769970586823e-16
6028.73912621045 1.0985098876627278e-16
6032.94588041806 1.0474667112751932e-16
6037.15263462567 9.814417389840207e-17
6041.35938883328 1.0091691025569891e-16
6045.56614304089 1.0065544556968884e-16
6049.7728972485 9.784722970343866e-17
6053.97965145611 9.707579013191243e-17
6058.18640566372 9.329387429581223e-17
6062.39315987133 9.550737612581314e-17
6066.59991407893 9.575795067430993e-17
6070.80666828655 9.756725440762129e-17
6075.01342249416 8.756383280678128e-17
6079.22017670177 1.0020697706848216e-16
6083.42693090938 9.385036313980865e-17
6087.63368511699 9.123163251938295e-17
6091.84043932459 9.403070752844958e-17
6096.04719353221 9.117872292579558e-17
6100.25394773981 9.37901740318217e-17
6104.46070194743 8.551024305651627e-17
6108.66745615504 8.688740789752284e-17
6112.87421036265 8.31864089039364e-17
6117.08096457025 8.457597580332517e-17
6121.28771877786 8.185894297816348e-17
6125.49447298548 8.30095255311838e-17
6129.70122719309 8.235808953253403e-17
6133.9079814007 8.489878769949606e-17
6138.11473560831 8.410416228007305e-17
6142.32148981592 8.85061153908785e-17
6146.52824402353 8.181947188101497e-17
6150.73499823114 8.591375370134816e-17
6154.94175243874 7.927672408896672e-17
6159.14850664636 8.104509128958756e-17
6163.35526085397 8.56427384096896e-17
6167.56201506158 8.437578331282171e-17
6171.76876926919 8.648327914838211e-17
6175.9755234768 8.874971728495753e-17
6180.18227768441 8.242708824514524e-17
6184.38903189202 8.662772554107234e-17
6188.59578609963 9.003741004156305e-17
6192.80254030724 8.995080463655821e-17
6197.00929451485 8.98970458606993e-17
6201.21604872246 8.870573926842071e-17
6205.42280293006 9.095661868547005e-17
6209.62955713768 9.241101750070993e-17
6213.83631134529 9.718865688684015e-17
6218.0430655529 9.53286820935056e-17
6222.24981976051 1.017530531149866e-16
6226.45657396811 1.0303952375996915e-16
6230.66332817573 1.0479628200330547e-16
6234.87008238334 1.0864785840756708e-16
6239.07683659095 1.1739602517750593e-16
6243.28359079856 1.2342722913603248e-16
6247.49034500617 1.2453959628761109e-16
6251.69709921378 1.326293443517077e-16
6255.90385342139 1.3364922520668094e-16
6260.110607629 1.3552478758233625e-16
6264.31736183661 1.415503096491091e-16
6268.52411604421 1.490982357903529e-16
6272.73087025183 1.56079740707226e-16
6276.93762445944 1.6830857021358542e-16
6281.14437866705 1.749387330361068e-16
6285.35113287466 1.942466503947143e-16
6289.55788708227 2.1024820163542294e-16
6293.76464128987 2.293567764008201e-16
6297.97139549749 2.441807226823357e-16
6302.1781497051 2.43344241879424e-16
6306.38490391271 2.4176242360613373e-16
6310.59165812032 2.628925644266708e-16
6314.79841232793 2.5795689391987077e-16
6319.00516653553 2.4466895022030487e-16
6323.21192074314 2.4395158084164015e-16
6327.41867495076 2.4538594632647086e-16
6331.62542915837 2.42007388977262e-16
6335.83218336598 2.3818715600089543e-16
6340.03893757359 2.269793875508746e-16
6344.2456917812 2.2162568993234852e-16
6348.45244598881 2.3217156865136167e-16
6352.65920019642 2.2504353133782986e-16
6356.86595440403 2.40346412879731e-16
6361.07270861164 2.3446704077245204e-16
6365.27946281925 2.3675539568992825e-16
6369.48621702686 2.388876085216735e-16
6373.69297123447 2.551533580146178e-16
6377.89972544208 2.5934827595878133e-16
6382.10647964969 2.620233795324488e-16
6386.3132338573 2.58349728951366e-16
6390.51998806491 2.5877963607994693e-16
6394.72674227252 2.553911110601412e-16
6398.93349648013 2.5190428356420396e-16
6403.14025068774 2.4111571691021854e-16
6407.34700489535 2.325056022357346e-16
6411.55375910296 2.295478833931386e-16
6415.76051331056 2.369938697025064e-16
6419.96726751817 2.36411321422095e-16
6424.17402172579 2.291265040667076e-16
6428.38077593339 2.2769219081663843e-16
6432.58753014101 2.2260969506081875e-16
6436.79428434862 2.1391495826616863e-16
6441.00103855623 2.1538296787544584e-16
6445.20779276384 2.076330788228818e-16
6449.41454697145 2.0283575844601874e-16
6453.62130117906 1.997423209245149e-16
6457.82805538667 1.95135132281593e-16
6462.03480959428 1.9074775371292357e-16
6466.24156380189 1.8604451727964328e-16
6470.4483180095 1.8910819951606673e-16
6474.65507221711 1.8802435964187177e-16
6478.86182642472 1.8476338726904122e-16
6483.06858063233 1.7773657562504302e-16
6487.27533483994 1.7441690689858686e-16
6491.48208904755 1.747982529253067e-16
6495.68884325516 1.6988709477208952e-16
6499.89559746277 1.6224090710466806e-16
6504.10235167037 1.6086855050812474e-16
6508.30910587799 1.5816999204029147e-16
6512.5158600856 1.598316357932699e-16
6516.72261429321 1.4780304561106874e-16
6520.92936850081 1.602118404490608e-16
6525.13612270842 1.5371205421886062e-16
6529.34287691604 1.5255050926578836e-16
6533.54963112365 1.4916783812986442e-16
6537.75638533126 1.491810916829276e-16
6541.96313953887 1.4604429307340962e-16
6546.16989374648 1.37587035606472e-16
6550.37664795409 1.379186344793071e-16
6554.5834021617 1.3826953978640315e-16
6558.79015636931 1.3061891845751972e-16
6562.99691057692 1.3039249354534814e-16
6567.20366478453 1.3222229695949153e-16
6571.41041899214 1.2472711832441436e-16
6575.61717319975 1.2095617139170937e-16
6579.82392740736 1.2295725307078332e-16
6584.03068161497 1.1616271130404104e-16
6588.23743582258 1.1641002353206692e-16
6592.44419003019 1.1292495099092195e-16
6596.6509442378 1.1269865569126637e-16
6600.85769844541 1.0720037720510919e-16
6605.06445265302 1.135073392910932e-16
6609.27120686062 1.1104964564111903e-16
6613.47796106824 1.0548987491086561e-16
6617.68471527585 1.0705691570382708e-16
6621.89146948346 1.0318397808570265e-16
6626.09822369107 9.981702561436266e-17
6630.30497789868 1.0407889425338214e-16
6634.51173210629 1.0930383721932772e-16
6638.7184863139 1.0315113686101193e-16
6642.92524052151 9.591488861775258e-17
6647.13199472912 1.0320564052821244e-16
6651.33874893673 9.986373827197407e-17
6655.54550314434 1.0283765159594239e-16
6659.75225735195 1.0503336780429616e-16
6663.95901155956 1.011233706928739e-16
6668.16576576717 9.883289046208383e-17
6672.37251997477 1.0005201015578168e-16
6676.57927418239 1.0172722959929835e-16
6680.78602839 1.0009154103875753e-16
6684.99278259761 9.755046909364771e-17
6689.19953680522 9.640831354472541e-17
6693.40629101283 9.434492507391827e-17
6697.61304522043 9.466303279817207e-17
6701.81979942805 9.376900233861443e-17
6706.02655363566 8.65561900549879e-17
6710.23330784327 8.720564493539167e-17
6714.44006205088 8.398556210732689e-17
6718.64681625849 8.514235572222712e-17
6722.8535704661 8.465006384592377e-17
6727.06032467371 8.134199192570657e-17
6731.26707888132 8.061428410950077e-17
6735.47383308893 8.132428065173202e-17
6739.68058729654 7.854148825104577e-17
6743.88734150415 7.815321067595079e-17
6748.09409571176 7.989202588452631e-17
6752.30084991937 8.054775522521931e-17
6756.50760412698 7.414781290538072e-17
6760.71435833459 7.545738017416561e-17
6764.9211125422 7.599517577463979e-17
6769.12786674981 7.029320379072565e-17
6773.33462095742 7.587608477240375e-17
6777.54137516503 7.349077094454587e-17
6781.74812937264 7.129876213471058e-17
6785.95488358025 7.123643753837617e-17
6790.16163778786 7.0301100744301e-17
6794.36839199547 7.330994973719462e-17
6798.57514620308 7.376664378540398e-17
6802.78190041069 6.892601503371064e-17
6806.9886546183 6.773120497748717e-17
6811.19540882591 7.143131605477183e-17
6815.40216303352 7.688580201014292e-17
6819.60891724113 7.133058448001931e-17
6823.81567144874 6.827656259004787e-17
6828.02242565635 7.126905637956258e-17
6832.22917986396 6.965988085249643e-17
6836.43593407157 6.871773122013848e-17
6840.64268827918 6.766564622723253e-17
6844.84944248679 7.425094721508795e-17
6849.0561966944 6.856858591719253e-17
6853.26295090201 7.292171651611767e-17
6857.46970510962 7.00545206333955e-17
6861.67645931723 6.985045864287514e-17
6865.88321352484 6.758252894422986e-17
6870.08996773245 5.836954729158627e-17
6874.29672194006 5.637514852465271e-17
6878.50347614767 6.110248192147682e-17
6882.71023035528 6.860022405496264e-17
6886.91698456289 6.604338102737526e-17
6891.1237387705 6.23575313688153e-17
6895.33049297811 6.222312903880366e-17
6899.53724718572 5.864516788840889e-17
6903.74400139333 6.200770744987653e-17
6907.95075560094 5.845161742902896e-17
6912.15750980855 6.120679499740134e-17
6916.36426401616 5.657364843609464e-17
6920.57101822377 5.884582572175787e-17
6924.77777243137 5.973401772580045e-17
6928.98452663899 5.36164564900273e-17
6933.1912808466 5.595893017801267e-17
6937.39803505421 5.887325139116899e-17
6941.60478926182 6.047606627633393e-17
6945.81154346943 6.128624608841563e-17
6950.01829767704 6.125483030886678e-17
6954.22505188465 6.245462771665789e-17
6958.43180609226 6.329892145711798e-17
6962.63856029987 6.072061648326648e-17
6966.84531450748 6.364889941248929e-17
6971.05206871509 6.79251794794501e-17
6975.2588229227 6.341600816560681e-17
6979.46557713031 6.412066088171722e-17
6983.67233133792 6.478128883767526e-17
6987.87908554553 6.651489045999986e-17
6992.08583975314 7.352323481480419e-17
6996.29259396075 7.187930508326814e-17
7000.49934816836 7.115243042924268e-17
7004.70610237597 7.598076690558072e-17
7008.91285658358 7.730366352085885e-17
7013.11961079118 8.118633690570566e-17
7017.3263649988 8.099696493263981e-17
7021.53311920641 8.636686867433272e-17
7025.73987341402 8.415916236399509e-17
7029.94662762163 9.031395582024763e-17
7034.15338182924 8.654055699589601e-17
7038.36013603685 8.915357319480178e-17
7042.56689024446 9.131185557030683e-17
7046.77364445207 9.321963942152223e-17
7050.98039865968 9.512552963078335e-17
7055.18715286729 9.151285047306227e-17
7059.3939070749 9.374516278733847e-17
7063.60066128251 9.171224615534155e-17
7067.80741549012 8.709231867433769e-17
7072.01416969773 9.036576726878428e-17
7076.22092390534 9.122473376928366e-17
7080.42767811295 9.472164633771781e-17
7084.63443232056 9.436277075483748e-17
7088.84118652817 9.075512778788634e-17
7093.04794073578 8.887563128596205e-17
7097.25469494339 8.810350232769429e-17
7101.461449151 9.359862543764867e-17
7105.66820335861 9.277040876456469e-17
7109.87495756622 9.203920608981431e-17
7114.08171177383 9.109715789193442e-17
7118.28846598144 9.641403839999791e-17
7122.49522018905 9.798330392334378e-17
7126.70197439666 9.556776985489806e-17
7130.90872860427 1.0116064533473005e-16
7135.11548281188 9.893922221583162e-17
7139.32223701949 9.896670465558308e-17
7143.5289912271 9.61226444598366e-17
7147.73574543471 9.594206005585711e-17
7151.94249964232 9.508649738865343e-17
7156.14925384993 9.899105944962437e-17
7160.35600805754 1.0143747332542187e-16
7164.56276226515 9.879347271399561e-17
7168.76951647276 9.446538329585381e-17
7172.97627068037 9.380229913950114e-17
7177.18302488798 9.646917772721318e-17
7181.38977909559 9.616322529750216e-17
7185.5965333032 9.437075384892013e-17
7189.80328751081 1.0097514393225351e-16
7194.01004171842 1.0106349331066682e-16
7198.21679592603 9.62740544370259e-17
7202.42355013364 1.0171530509128521e-16
7206.63030434125 1.1057573447653689e-16
7210.83705854886 1.1175821839525452e-16
7215.04381275647 1.179970066451778e-16
7219.25056696408 1.14869328066484e-16
7223.45732117169 1.1312275215631495e-16
7227.6640753793 1.1435991576728114e-16
7231.87082958691 1.2280571505754277e-16
7236.07758379452 1.1849278996708393e-16
7240.28433800213 1.2317067148098924e-16
7244.49109220974 1.2995610993534294e-16
7248.69784641735 1.3308315202963514e-16
7252.90460062496 1.3318590467912853e-16
7257.11135483257 1.3643551796471872e-16
7261.31810904018 1.4148263780134672e-16
7265.52486324779 1.4188807589904932e-16
7269.7316174554 1.482210096043275e-16
7273.93837166301 1.5081443900040478e-16
7278.14512587062 1.6623665949542667e-16
7282.35188007823 1.7092606894454966e-16
7286.55863428584 1.7561979178491114e-16
7290.76538849345 1.7906686875838413e-16
7294.97214270106 1.847998741600944e-16
7299.17889690867 1.9360470345021486e-16
7303.38565111628 1.9032712901289705e-16
7307.59240532389 2.0427856002107913e-16
7311.7991595315 2.1344793816911174e-16
7316.00591373911 2.211689978031044e-16
7320.21266794672 2.2042781861547731e-16
7324.41942215433 2.1201362003679763e-16
7328.62617636194 2.2044085654853505e-16
7332.83293056955 2.2896489705041883e-16
7337.03968477716 2.262736723065332e-16
7341.24643898477 2.33549481181321e-16
7345.45319319238 2.268433946022764e-16
7349.65994739999 2.227715395305596e-16
7353.8667016076 2.289259721703257e-16
7358.07345581521 2.270751362245657e-16
7362.28021002282 2.3289206835294387e-16
7366.48696423043 2.283508547610829e-16
7370.69371843804 2.332951118857705e-16
7374.90047264565 2.360328626109361e-16
7379.10722685326 2.2983312044471216e-16
7383.31398106087 2.1999961857301284e-16
7387.52073526848 2.1562351869297566e-16
7391.72748947609 2.1828708419202852e-16
7395.9342436837 2.076830511519448e-16
7400.14099789131 2.1398100200258987e-16
7404.34775209892 2.1451431331728028e-16
7408.55450630653 2.055766487402097e-16
7412.76126051414 2.0086214261095504e-16
7416.96801472175 1.8815259533119855e-16
7421.17476892936 1.8518700256052662e-16
7425.38152313697 1.7944146042087785e-16
7429.58827734458 1.8101852229439004e-16
7433.79503155219 1.7746446993315152e-16
7438.0017857598 1.67534761612657e-16
7442.20853996741 1.5752733792783208e-16
7446.41529417502 1.4833007164550165e-16
7450.62204838263 1.4353207229296105e-16
7454.82880259024 1.4551969202802948e-16
7459.03555679785 1.4274784495829578e-16
7463.24231100546 1.331623229581049e-16
7467.44906521307 1.2380960863464744e-16
7471.65581942068 1.25486238977163e-16
7475.86257362829 1.1862087852081804e-16
7480.0693278359 1.1606134200883835e-16
7484.27608204351 1.179674843578648e-16
7488.48283625112 1.1387525212330928e-16
7492.68959045873 1.059625508731206e-16
7496.89634466634 1.0116568660486078e-16
7501.10309887395 1.0846332313039958e-16
7505.30985308156 1.0110529058003413e-16
7509.51660728917 9.952703488880995e-17
7513.72336149678 1.0181250793174899e-16
7517.93011570439 9.852001750838138e-17
7522.136869912 9.547921314406544e-17
7526.34362411961 9.314033243577808e-17
7530.55037832722 9.646199825657962e-17
7534.75713253483 8.571236304562904e-17
7538.96388674244 8.501073094592039e-17
7543.17064095005 8.815016285055002e-17
7547.37739515766 8.700155760593893e-17
7551.58414936527 8.872484713080103e-17
7555.79090357288 8.719008156321937e-17
7559.99765778049 8.710094351420515e-17
7564.2044119881 7.762275973850257e-17
7568.41116619571 8.181656571029135e-17
7572.61792040332 7.40749747209798e-17
7576.82467461093 7.285023838493012e-17
7581.03142881854 7.607554917694378e-17
7585.23818302615 8.256553334355874e-17
7589.44493723376 7.912710758140283e-17
7593.65169144137 7.468297741945635e-17
7597.85844564898 6.367318452656742e-17
7602.06519985659 4.9504055236164014e-17
7606.2719540642 5.209152348234333e-17
7610.47870827181 6.22536869807429e-17
7614.68546247942 6.838102629319226e-17
7618.89221668703 7.956515850855631e-17
7623.09897089464 7.306305972266842e-17
7627.30572510225 6.166720474625688e-17
7631.51247930986 5.444307657186113e-17
7635.71923351747 6.000179536737308e-17
7639.92598772508 5.664299738031702e-17
7644.13274193269 5.987019274053917e-17
7648.3394961403 5.898985001975286e-17
7652.54625034791 6.35146537063964e-17
7656.75300455552 6.580523847430697e-17
7660.95975876313 6.669951188396294e-17
7665.16651297074 6.237481176491219e-17
7669.37326717835 6.173092642327352e-17
7673.58002138596 6.076725066121744e-17
7677.78677559357 5.514740700563073e-17
7681.99352980118 5.867734652107584e-17
7686.20028400879 6.103997277649056e-17
7690.4070382164 6.551844411482174e-17
7694.61379242401 6.170884963657997e-17
7698.82054663162 6.467206144148414e-17
7703.02730083923 6.304116679423242e-17
7707.23405504684 6.479436695689264e-17
7711.44080925445 6.729491407540008e-17
7715.64756346206 6.234426550359171e-17
7719.85431766967 6.059300598926642e-17
7724.06107187728 6.900174092434161e-17
7728.26782608489 7.259296506538588e-17
7732.4745802925 7.778883441850866e-17
7736.68133450011 7.481314392461006e-17
7740.88808870772 7.367607903356292e-17
7745.09484291533 7.440991450531536e-17
7749.30159712294 7.648216708120128e-17
7753.50835133055 8.09451186467775e-17
7757.71510553816 8.368631209188168e-17
7761.92185974577 9.149806635013688e-17
7766.12861395338 9.532381783063613e-17
7770.33536816099 1.0413213198356294e-16
7774.5421223686 1.1479097185602726e-16
7778.74887657621 1.1589572883301565e-16
7782.95563078382 1.2233089849958002e-16
7787.16238499143 1.3045114287324021e-16
7791.36913919904 1.2704902779234888e-16
7795.57589340665 1.3155908282398547e-16
7799.78264761426 1.3073133204645412e-16
7803.98940182187 1.3259564619692647e-16
7808.19615602948 1.289314174456511e-16
7812.40291023709 1.3005902419804436e-16
7816.6096644447 1.282777898160587e-16
7820.81641865231 1.2471526875810892e-16
7825.02317285992 1.1898782245980866e-16
7829.22992706753 1.224929926212525e-16
7833.43668127514 1.2258551500589048e-16
7837.64343548275 1.2525929972979615e-16
7841.85018969036 1.1999130656612197e-16
7846.05694389797 1.164977651084653e-16
7850.26369810558 1.187415576036065e-16
7854.47045231319 1.1334182456472694e-16
7858.6772065208 1.0986814531456826e-16
7862.88396072841 1.213888426381079e-16
7867.09071493602 1.1398919934041158e-16
7871.29746914363 1.1645878336597612e-16
7875.50422335124 1.2123938253065246e-16
7879.71097755885 1.1906958210692455e-16
7883.91773176646 1.1867868036470199e-16
7888.12448597407 1.150008044023044e-16
7892.33124018168 1.1826236282367228e-16
7896.53799438929 1.1873896559220057e-16
7900.7447485969 1.1581219235155053e-16
7904.95150280451 1.1430588716390249e-16
7909.15825701212 1.1646623346116537e-16
7913.36501121973 1.1576806380171307e-16
7917.57176542734 1.0888422855128284e-16
7921.77851963495 1.0951420867907774e-16
7925.98527384256 1.188600061504569e-16
7930.19202805017 1.134010030213262e-16
7934.39878225778 9.657974468057151e-17
7938.60553646539 8.996101268001487e-17
7942.812290673 9.22418443030369e-17
7947.01904488061 8.11071818708303e-17
7951.22579908822 7.792549990831753e-17
7955.43255329583 7.701117782521123e-17
7959.63930750344 7.435979972866882e-17
7963.84606171105 7.928360235695605e-17
7968.05281591866 7.685701976276455e-17
7972.25957012627 6.969457050550166e-17
7976.46632433388 7.23904611973161e-17
7980.67307854149 7.124995110400296e-17
7984.8798327491 7.059385546520407e-17
7989.08658695671 7.149150553576323e-17
7993.29334116432 7.296892773490753e-17
7997.50009537193 7.045769162305108e-17
8001.70684957954 6.652693483083947e-17
8005.91360378715 6.852883570109564e-17
8010.12035799476 6.523820952294389e-17
8014.32711220237 6.515231283066345e-17
8018.53386640998 6.922660550184715e-17
8022.74062061759 6.818174213914217e-17
8026.9473748252 6.710499545416772e-17
8031.15412903281 6.831894986970442e-17
8035.36088324042 6.477654274536391e-17
8039.56763744803 6.174526876249845e-17
8043.77439165564 6.424871114468406e-17
8047.98114586325 6.46995235479467e-17
8052.18790007086 6.276629378619349e-17
8056.39465427847 6.707319813861585e-17
8060.60140848608 6.571079144266984e-17
8064.80816269369 6.118675539687778e-17
8069.0149169013 5.867985151821053e-17
8073.22167110891 5.355619283150591e-17
8077.42842531652 5.87441700319976e-17
8081.63517952413 5.38683423294751e-17
8085.84193373174 6.054400953418878e-17
8090.04868793935 5.955171891263433e-17
8094.25544214696 5.910196148689983e-17
8098.46219635457 5.922661195765048e-17
8102.66895056218 5.608594615060672e-17
8106.87570476979 5.100231033981623e-17
8111.0824589774 5.628667094102003e-17
8115.28921318501 5.3389882512425354e-17
8119.49596739262 5.443326401814154e-17
8123.70272160023 6.029145693414089e-17
8127.90947580784 5.1334603243245865e-17
8132.11623001545 4.8753588587939655e-17
8136.32298422306 5.436974789142106e-17
8140.52973843067 4.8794970552977645e-17
8144.73649263828 5.065735416317811e-17
8148.94324684589 5.204987145079399e-17
8153.1500010535 4.5669621126979143e-17
8157.35675526111 4.6339872105678653e-17
8161.56350946872 4.587679333057268e-17
8165.77026367633 4.8415071729325863e-17
8169.97701788394 4.354146033268742e-17
8174.18377209155 4.342821864632013e-17
8178.39052629916 4.084231266267144e-17
8182.59728050677 3.9290763883367e-17
8186.80403471438 4.155389392367524e-17
8191.01078892199 4.127958608491595e-17
8195.2175431296 4.170685467803972e-17
8199.42429733721 4.249749585621021e-17
8203.63105154482 4.381924196335886e-17
8207.83780575243 4.019591315407075e-17
8212.04455996004 4.081935990815238e-17
8216.25131416765 3.9988869426089194e-17
8220.45806837526 3.683075212608942e-17
8224.66482258287 3.9768902233675046e-17
8228.87157679048 3.587844336726039e-17
8233.07833099809 4.498151271094969e-17
8237.2850852057 4.78463536671752e-17
8241.49183941331 4.7079274543786615e-17
8245.69859362092 4.834938876773029e-17
8249.90534782853 4.5806899567401236e-17
8254.11210203614 4.371400138040923e-17
8258.31885624375 4.3247267676445917e-17
8262.52561045136 4.167490123337758e-17
8266.73236465897 4.4507209492236075e-17
8270.93911886658 4.6195177600322606e-17
8275.14587307419 4.5685622413773407e-17
8279.3526272818 4.030635520671472e-17
8283.55938148941 3.289047721562998e-17
8287.76613569702 4.0419852409076867e-17
8291.97288990463 4.266877783306438e-17
8296.17964411224 4.000317289806641e-17
8300.38639831985 3.990378096398116e-17
8304.59315252746 3.745469492239242e-17
8308.79990673507 3.920244673569082e-17
8313.00666094268 3.846249453001951e-17
8317.21341515029 3.941552679137465e-17
8321.4201693579 3.8633029365370827e-17
8325.62692356551 3.967399070658924e-17
8329.83367777312 4.0109168403881314e-17
8334.04043198073 3.668540569395283e-17
8338.24718618834 4.3838263395646324e-17
8342.45394039595 3.7056254910436006e-17
8346.66069460356 4.317666066096915e-17
8350.86744881117 3.8310496827531395e-17
8355.07420301878 4.0713498021328626e-17
8359.28095722639 3.908689341646659e-17
8363.487711434 4.1563628369978176e-17
8367.69446564161 4.055170200349065e-17
8371.90121984922 4.384053242567252e-17
8376.10797405683 4.622006049187629e-17
8380.31472826444 4.5114649404610383e-17
8384.52148247205 4.109885135323251e-17
8388.72823667966 4.1494184605023066e-17
8392.93499088727 4.7310504603455055e-17
8397.14174509488 4.846491150522562e-17
8401.34849930249 4.200146293869006e-17
8405.5552535101 4.42740508182518e-17
8409.76200771771 5.0152991143975106e-17
8413.96876192532 5.032962399665533e-17
8418.17551613293 4.957062279454525e-17
8422.38227034054 5.183610567740283e-17
8426.58902454815 5.06028016917674e-17
8430.79577875576 5.55342219298138e-17
8435.00253296337 5.983832372388017e-17
8439.20928717098 6.545051761261453e-17
8443.41604137859 6.882139252349946e-17
8447.6227955862 7.83812800412646e-17
8451.82954979381 8.576247866664575e-17
8456.03630400142 8.498431631918668e-17
8460.24305820903 8.897913927581069e-17
8464.44981241664 9.881188787967248e-17
8468.65656662425 9.428962310979101e-17
8472.86332083186 9.148079896915925e-17
8477.07007503947 9.793536656005758e-17
8481.27682924708 9.702383119857534e-17
8485.48358345469 1.013970684897994e-16
8489.6903376623 1.0308689043691719e-16
8493.89709186991 1.0480123392759068e-16
8498.10384607752 1.2004069387820658e-16
8502.31060028513 1.2497099646684337e-16
8506.51735449274 1.297582341078703e-16
8510.72410870035 1.2968049502822444e-16
8514.93086290796 1.2263247406642553e-16
8519.13761711557 1.310854238461001e-16
8523.34437132318 1.3717512986557601e-16
8527.55112553079 1.3941793637638516e-16
8531.7578797384 1.52556337259938e-16
8535.96463394601 1.4923652164680075e-16
8540.17138815362 1.6348627868257347e-16
8544.37814236123 1.8153411542401982e-16
8548.58489656884 1.878440415164982e-16
8552.79165077645 1.8970636144367124e-16
8556.99840498406 1.9391136119221205e-16
8561.20515919167 1.969376555866791e-16
8565.41191339928 2.0960186561675022e-16
8569.61866760689 2.1208294727627974e-16
8573.8254218145 2.179207792013427e-16
8578.03217602211 2.236184516939742e-16
8582.23893022972 2.333717243354703e-16
8586.44568443733 2.4313063542244014e-16
8590.65243864494 2.459910428616119e-16
8594.85919285255 2.4977561525453464e-16
8599.06594706016 2.473404586946333e-16
8603.27270126777 2.3963410347285893e-16
8607.47945547538 2.37502533415465e-16
8611.68620968299 2.2732929206435735e-16
8615.8929638906 2.2064951316759571e-16
8620.09971809821 2.1951810262664904e-16
8624.30647230582 2.1119724982596808e-16
8628.51322651343 2.085338524806912e-16
8632.71998072104 2.250444487238347e-16
8636.92673492865 2.3505775426170106e-16
8641.13348913626 2.4278286762080143e-16
8645.34024334387 2.4700875120866327e-16
8649.54699755148 2.2684437060175676e-16
8653.75375175909 2.2616996692389995e-16
8657.9605059667 2.4392302051905857e-16
8662.16726017431 2.345243364141859e-16
8666.37401438192 2.3706432652015553e-16
8670.58076858953 2.620241265229653e-16
8674.78752279714 2.6800282950088785e-16
8678.99427700475 2.720496694181053e-16
8683.20103121236 2.838031662173105e-16
8687.40778541997 2.89010516837419e-16
8691.61453962758 2.927366884197041e-16
8695.82129383519 2.8992336875799444e-16
8700.0280480428 2.9170996059532243e-16
8704.23480225041 2.774769201321421e-16
8708.44155645802 2.870853751055662e-16
8712.64831066563 2.9227576729586357e-16
8716.85506487324 3.031846575802877e-16
8721.06181908085 2.962181790646452e-16
8725.26857328846 2.903926442990025e-16
8729.47532749607 3.039208925735474e-16
8733.68208170368 2.8727441851617534e-16
8737.88883591129 2.7461596569483233e-16
8742.0955901189 2.9330816668096754e-16
8746.30234432651 2.834374043773099e-16
8750.50909853412 2.9044314596317083e-16
8754.71585274173 2.891870289698432e-16
8758.92260694934 3.0607051720397794e-16
8763.12936115695 3.0930636788179384e-16
8767.33611536456 3.03806831111055e-16
8771.54286957217 2.85601207819308e-16
8775.74962377978 2.817109363304176e-16
8779.95637798739 2.7514889631281344e-16
8784.163132195 2.530278639303148e-16
8788.36988640261 2.3551746632912866e-16
8792.57664061022 2.345279373234193e-16
8796.78339481783 2.3772741756472874e-16
8800.99014902544 2.3771907063099087e-16
8805.19690323305 2.4143099626651527e-16
8809.40365744066 2.3098985570235497e-16
8813.61041164827 2.1978943804419917e-16
8817.81716585588 2.1273067543531185e-16
8822.02392006349 1.9788890286269938e-16
8826.2306742711 1.9067291368553512e-16
8830.43742847871 1.7807860439585643e-16
8834.64418268632 1.8782097071052535e-16
8838.85093689393 1.8474465902184824e-16
8843.05769110154 1.8199191524528493e-16
8847.26444530915 1.9139297671116438e-16
8851.47119951676 1.7959775881309148e-16
8855.67795372437 1.783496922263419e-16
8859.88470793198 1.6966894837364706e-16
8864.09146213959 1.687994651545426e-16
8868.2982163472 1.5512956185581266e-16
8872.50497055481 1.504898030133728e-16
8876.71172476242 1.5901882092970606e-16
8880.91847897003 1.4432240609061576e-16
8885.12523317764 1.317957394568151e-16
8889.33198738525 1.3700339704214356e-16
8893.53874159286 1.3855125465883178e-16
8897.74549580047 1.3945025765533776e-16
8901.95225000808 1.4074256509357513e-16
8906.15900421569 1.3307183271753882e-16
8910.3657584233 1.2892043471487168e-16
8914.57251263091 1.1558131361267135e-16
8918.77926683852 1.1897165109545358e-16
8922.98602104613 1.1303342741455954e-16
8927.19277525374 1.1165514266275338e-16
8931.39952946135 1.162998025377982e-16
8935.60628366896 1.1316316978588192e-16
8939.81303787657 1.1018296536928674e-16
8944.01979208418 1.0486808566725494e-16
8948.22654629179 1.0345884600027637e-16
8952.4333004994 1.1062612143507979e-16
8956.64005470701 1.1020359337865669e-16
8960.84680891462 1.0963279796182566e-16
8965.05356312223 1.0449522909266134e-16
8969.26031732984 9.111242317507574e-17
8973.46707153745 9.640411143448682e-17
8977.67382574506 9.148213076866074e-17
8981.88057995267 8.573908318744426e-17
8986.08733416028 6.941384426700992e-17
8990.29408836789 7.813689985632044e-17
8994.5008425755 8.390760271375735e-17
8998.70759678311 8.613596131103605e-17
9002.91435099072 8.9782431698018e-17
9007.12110519833 7.219888955485632e-17
9011.32785940594 7.925669926466967e-17
9015.53461361355 6.900871216353944e-17
9019.74136782116 6.833257261753192e-17
9023.94812202877 6.298918247100825e-17
9028.15487623638 6.184028895857274e-17
9032.36163044399 6.757228522088961e-17
9036.5683846516 6.282739457225897e-17
9040.77513885921 6.376927691144793e-17
9044.98189306682 5.725455082751721e-17
9049.18864727443 5.311896874905214e-17
9053.39540148204 5.518738114732886e-17
9057.60215568965 6.170417702640544e-17
9061.80890989726 5.842658872391372e-17
9066.01566410487 5.914977047368341e-17
9070.22241831248 6.443677080534841e-17
9074.42917252009 5.869994862025189e-17
9078.6359267277 5.133836243043377e-17
9082.84268093531 5.2189756052722464e-17
9087.04943514292 6.048703386366595e-17
9091.25618935053 6.072340001016245e-17
9095.46294355814 5.1079797382363874e-17
9099.66969776575 5.2914978871160934e-17
9103.87645197336 5.245516724225819e-17
9108.08320618097 5.326884128494086e-17
9112.28996038858 6.192951980507972e-17
9116.49671459619 5.818221788763038e-17
9120.7034688038 6.0478085710852e-17
9124.91022301141 5.862871055550804e-17
9129.11697721902 5.2552552223132066e-17
9133.32373142663 5.49388295925689e-17
9137.53048563424 5.082433959810788e-17
9141.73723984185 5.64559167790966e-17
9145.94399404946 5.363075733962748e-17
9150.15074825707 5.824664980883517e-17
9154.35750246468 5.558016236694452e-17
9158.56425667229 5.468774623483624e-17
9162.7710108799 5.737445818558966e-17
9166.97776508751 6.239808592257035e-17
9171.18451929512 5.11926335475304e-17
9175.39127350273 5.4890272408794075e-17
9179.59802771034 5.823931869216685e-17
9183.80478191795 5.482994245834661e-17
9188.01153612556 6.184864464043212e-17
9192.21829033317 5.5204107900676686e-17
9196.42504454078 5.4829620073130225e-17
9200.63179874839 5.5453849213719376e-17
9204.838552956 6.072782770318302e-17
9209.04530716361 6.072748199377251e-17
9213.25206137122 5.944368398780245e-17
9217.45881557883 6.052454409744007e-17
9221.66556978644 6.238922533738101e-17
9225.87232399405 6.807844265675942e-17
9230.07907820166 6.528550145448884e-17
9234.28583240927 6.549008458889673e-17
9238.49258661688 6.840686126122843e-17
9242.69934082449 6.315442981163768e-17
9246.9060950321 6.539091099408107e-17
9251.11284923971 7.739078757407565e-17
9255.31960344732 8.162257246544201e-17
9259.52635765493 8.103900212820145e-17
9263.73311186254 8.112731117189242e-17
9267.93986607015 8.972639631094062e-17
9272.14662027776 9.044999376829952e-17
9276.35337448537 1.011167668213888e-16
9280.56012869298 9.7623387316469e-17
9284.76688290059 9.895909729097636e-17
9288.9736371082 9.745032167150833e-17
9293.18039131581 9.512197874811711e-17
9297.38714552342 9.307041429957581e-17
9301.59389973103 9.309533100483767e-17
9305.80065393864 1.0649329279877921e-16
9310.00740814625 1.0490185064906732e-16
9314.21416235386 9.642582335974233e-17
9318.42091656147 8.928625509423313e-17
9322.62767076908 1.0201900354690325e-16
9326.83442497669 8.280741441331454e-17
9331.0411791843 9.10229352988208e-17
9335.24793339191 8.323258196663341e-17
9339.45468759952 8.020585961524034e-17
9343.66144180713 9.098527733265679e-17
9347.86819601474 9.54595097536323e-17
9352.07495022235 9.464251586730396e-17
9356.28170442996 8.493674797801213e-17
9360.48845863757 8.902867817575337e-17
9364.69521284518 8.206101452587983e-17
9368.90196705279 9.885042302581259e-17
9373.1087212604 1.0441533329980604e-16
9377.31547546801 8.397633091166014e-17
9381.52222967562 8.902833110009655e-17
9385.72898388323 9.175026581802127e-17
9389.93573809084 8.954215044995522e-17
9394.14249229845 1.0697074410570927e-16
9398.34924650606 8.882508384029642e-17
9402.55600071367 8.493674132423196e-17
9406.76275492128 8.596154289823342e-17
9410.96950912889 9.188727895392535e-17
9415.1762633365 1.0111544091640405e-16
9419.38301754411 9.444497013139169e-17
9423.58977175172 7.069509721860942e-17
9427.79652595933 8.378091786561851e-17
9432.00328016694 7.612971402337211e-17
9436.21003437455 8.489266527458245e-17
9440.41678858216 8.711789083841714e-17
9444.62354278977 8.141211680114804e-17
9448.83029699738 7.98189732005486e-17
9453.03705120499 7.25072574448308e-17
9457.2438054126 6.645172326874652e-17
9461.45055962021 6.71630884373647e-17
9465.65731382782 5.715325938425951e-17
9469.86406803543 5.736088960171984e-17
9474.07082224304 7.294836685365624e-17
9478.27757645065 7.631584615341004e-17
9482.48433065826 7.424210106159328e-17
9486.69108486587 6.624715391463246e-17
9490.89783907348 6.913242438531268e-17
9495.10459328109 7.03450090009284e-17
9499.3113474887 5.795775920738524e-17
9503.51810169631 6.059748791354233e-17
9507.72485590392 6.956601536623871e-17
9511.93161011153 6.535226572501902e-17
9516.13836431914 6.049201688428733e-17
9520.34511852675 5.96233968335374e-17
9524.55187273436 5.062346142113777e-17
9528.75862694197 5.5229251119798266e-17
9532.96538114958 5.566014630244613e-17
9537.17213535719 6.377779797823468e-17
9541.3788895648 5.0794597472978136e-17
9545.58564377241 5.3373920002562684e-17
9549.79239798002 5.395680310576337e-17
9553.99915218763 5.378587713104616e-17
9558.20590639524 3.283988156632583e-17
9562.41266060285 4.9861483706191234e-17
9566.61941481046 4.5402354433426814e-17
9570.82616901807 3.1916608077929055e-17
9575.03292322568 3.714166819219032e-17
9579.23967743329 4.8228290058440027e-17
9583.4464316409 3.6221141531447906e-17
9587.65318584851 4.2420665729746786e-17
9591.85994005612 4.455229142388186e-17
9596.06669426373 4.588682893387995e-17
9600.27344847134 5.126210045163377e-17
9604.48020267895 3.703605345480608e-17
9608.68695688656 4.222223842721438e-17
9612.89371109417 4.92468908575912e-17
9617.10046530178 4.403859873964208e-17
9621.30721950939 4.1110606140956706e-17
9625.513973717 3.882721373938248e-17
9629.72072792461 3.775855383620396e-17
9633.92748213222 3.280401423006703e-17
9638.13423633983 3.1651366225071195e-17
9642.34099054744 2.6976319880916892e-17
9646.54774475505 5.208087562435131e-17
9650.75449896266 3.6192168013710215e-17
9654.96125317027 3.4406251859698537e-17
9659.16800737788 4.982020654710169e-17
9663.37476158549 3.0755244810936935e-17
9667.5815157931 2.2911434354342632e-17
9671.78827000071 3.973156388666109e-17
9675.99502420832 3.9860717767633477e-17
9680.20177841593 3.220667461271132e-17
9684.40853262354 2.644120214545272e-17
9688.61528683115 3.8658940352135024e-17
9692.82204103876 2.1579812268798092e-17
9697.02879524637 3.343205169196012e-17
9701.23554945398 2.93869324949522e-17
9705.44230366159 2.9909059396751673e-17
9709.6490578692 3.142507497865998e-17
9713.85581207681 2.729784959417317e-17
9718.06256628442 3.3003246882778354e-17
9722.26932049203 3.625062638131609e-17
9726.47607469964 2.5210356719995e-17
9730.68282890725 2.564344921478156e-17
9734.88958311486 3.9272788109772875e-17
9739.09633732247 2.8895923658581294e-17
9743.30309153008 2.92070723180198e-17
9747.50984573769 2.367842128946206e-17
9751.7165999453 1.9013767963189143e-17
9755.92335415291 3.311397920270575e-17
9760.13010836052 2.5725315088498003e-17
9764.33686256813 4.5718871166587845e-17
9768.54361677574 1.3904336962319313e-17
9772.75037098335 2.800688511084337e-17
9776.95712519096 3.332510406087878e-17
9781.16387939857 2.9913199861269965e-17
9785.37063360618 3.985741962572702e-17
9789.57738781379 4.5644450188883863e-17
9793.7841420214 3.654039815432655e-17
9797.99089622901 3.529379879006846e-17
9802.19765043662 2.0870973136783555e-17
9806.40440464423 3.50308111971827e-17
9810.61115885184 3.556308311685701e-17
9814.81791305945 3.1573749928512085e-17
9819.02466726706 4.2270880820025314e-17
9823.23142147467 3.79679390680014e-17
9827.43817568228 3.7306501846331424e-17
9831.64492988989 3.573742649189753e-17
9835.8516840975 3.6210219171121695e-17
9840.05843830511 3.43591541028104e-17
9844.26519251272 3.976601389361542e-17
9848.47194672033 1.803774752133864e-17
9852.67870092794 9.934277951633637e-18
9856.88545513555 5.836801644385415e-17
9861.09220934316 7.549504398670179e-17
9865.29896355077 3.786237840322969e-17
9869.50571775838 2.950239017307424e-17
9873.71247196599 4.1067635845854135e-17
9877.9192261736 3.301050019535665e-17
9882.12598038121 2.021012984849548e-17
9886.33273458882 1.260935070445504e-17
9890.53948879643 7.939655224291425e-18
9894.74624300404 2.9011610545674405e-17
9898.95299721165 5.2414231625438774e-18
9903.15975141926 2.131058039282005e-17
9907.36650562687 3.044617942001677e-17
9911.57325983448 3.8739985022600136e-17
9915.78001404209 2.4581889497714557e-17
9919.9867682497 2.5955325058725038e-17
9924.19352245731 4.455714846710153e-17
9928.40027666492 1.9032126638227464e-17
9932.60703087253 -3.3164284864896337e-18
9936.81378508014 1.6132827746260446e-17
9941.02053928775 1.1112283577183465e-17
9945.22729349536 2.3041676120637342e-17
9949.43404770297 3.0895967214199933e-17
9953.64080191058 -1.5557399173899017e-18
9957.84755611819 8.96059387682435e-19
9962.0543103258 2.5194851492214926e-17
9966.26106453341 4.246821065644643e-17
9970.46781874102 3.0010172546678175e-17
9974.67457294863 1.1262241689903847e-17
9978.88132715624 2.2425274871680414e-17
9983.08808136385 3.743700989502076e-17
9987.29483557146 3.462692341660717e-17
9991.50158977907 3.0764582591169333e-17
9995.70834398668 3.45491045574137e-17
9999.91509819429 3.573228022818971e-17
10004.1218524019 3.606017688173655e-17
