3713.2761612804206 3.945758885902764e-15
3719.633762533037 3.5715143942366425e-15
3725.991363785653 3.708964548020117e-15
3732.34896503827 3.953211618194801e-15
3738.7065662908863 3.949869486891679e-15
3745.064167543502 3.790582453338592e-15
3751.4217687961186 3.8731736178780114e-15
3757.779370048735 3.966945649822253e-15
3764.136971301351 4.026628814840348e-15
3770.4945725539674 4.018890799307763e-15
3776.852173806584 4.22495208222583e-15
3783.2097750592 4.4039394272726835e-15
3789.5673763118166 4.31250104470515e-15
3795.924977564433 4.267082089834638e-15
3802.282578817049 4.373548222183151e-15
3808.6401800696653 4.280212950106469e-15
3814.9977813222813 4.34477517453448e-15
3821.3553825748977 3.901461530143073e-15
3827.712983827514 3.962948932213446e-15
3834.0705850801305 3.8660280650972506e-15
3840.428186332747 3.952177404020123e-15
3846.7857875853633 4.059392111194528e-15
3853.1433888379793 4.052035679387436e-15
3859.5009900905957 4.123424400495909e-15
3865.858591343212 4.113931964217471e-15
3872.216192595828 3.848871899172509e-15
3878.5737938484444 3.987952256664008e-15
3884.9313951010613 3.929426916546864e-15
3891.2889963536772 3.884910684109801e-15
3897.6465976062937 3.833346301636068e-15
3904.00419885891 3.956947441183876e-15
3910.361800111526 3.826911585618529e-15
3916.7194013641424 3.90734911433608e-15
3923.0770026167584 4.00786787352366e-15
3929.4346038693748 3.964209168872073e-15
3935.7922051219916 4.192571835473985e-15
3942.1498063746076 4.322082849942412e-15
3948.507407627224 4.246839089488825e-15
3954.8650088798404 4.297023057309429e-15
3961.2226101324563 4.190882860733842e-15
3967.5802113850727 4.126600859213419e-15
3973.937812637689 4.42880810163247e-15
3980.295413890305 4.5964090012949785e-15
3986.653015142922 4.626733484411827e-15
3993.0106163955384 4.604208644061581e-15
3999.3682176481543 4.668816141048631e-15
4005.7258189007707 4.655487720770313e-15
4012.083420153387 4.5571168761066235e-15
4018.441021406003 4.409804449875119e-15
4024.7986226586195 4.253644458501119e-15
4031.1562239112354 4.262444170146011e-15
4037.5138251638523 4.1884761846097265e-15
4043.8714264164687 4.038740133353047e-15
4050.2290276690846 4.141514184824133e-15
4056.586628921701 4.122464970249019e-15
4062.9442301743175 4.086216411563716e-15
4069.3018314269334 4.070727946456138e-15
4075.65943267955 3.924436365576538e-15
4082.017033932166 4.097125792420643e-15
4088.374635184783 3.9755412432839945e-15
4094.7322364373986 4.001031210388415e-15
4101.089837690015 4.063018324550794e-15
4107.447438942631 4.4751128834164135e-15
4113.805040195248 4.513506391808761e-15
4120.162641447864 4.276635578569876e-15
4126.520242700481 4.228424744943105e-15
4132.877843953096 4.172957916695582e-15
4139.2354452057125 4.25725198721466e-15
4145.593046458329 4.374432548536996e-15
4151.950647710945 4.165245792926741e-15
4158.308248963562 4.178794642318052e-15
4164.665850216179 4.0493361520829805e-15
4171.0234514687945 4.054768205219049e-15
4177.381052721411 3.97812050979807e-15
4183.738653974027 4.1453637756670924e-15
4190.096255226644 4.207639452738801e-15
4196.45385647926 4.110691321743891e-15
4202.811457731876 4.1484803436166755e-15
4209.169058984492 3.97377017083798e-15
4215.526660237108 3.827921680041903e-15
4221.884261489725 3.825337441293616e-15
4228.241862742341 3.733683088464188e-15
4234.599463994958 3.7354888907303366e-15
4240.957065247573 3.8325829487062515e-15
4247.31466650019 3.758199695616719e-15
4253.672267752806 3.730391002113888e-15
4260.029869005422 3.512238082648358e-15
4266.38747025804 3.5170904366190767e-15
4272.745071510656 3.669000506444755e-15
4279.102672763272 3.5936211887734814e-15
4285.460274015888 3.5598904190054936e-15
4291.817875268504 3.4895797697329227e-15
4298.175476521121 3.5600333305208176e-15
4304.533077773737 3.63126255473707e-15
4310.890679026353 3.691140303455606e-15
4317.248280278969 3.751992093785498e-15
4323.6058815315855 3.824758565678035e-15
4329.963482784202 3.596193929057699e-15
4336.321084036818 3.734736281126862e-15
4342.678685289435 4.031960662159222e-15
4349.03628654205 4.245513045670478e-15
4355.393887794667 4.067282006256361e-15
4361.751489047283 4.231746456096259e-15
4368.1090902999 4.045319789998665e-15
4374.466691552517 4.014801813984734e-15
4380.824292805133 4.010410233339826e-15
4387.181894057749 4.08564232920746e-15
4393.539495310365 3.9545971278469135e-15
4399.8970965629815 3.9794952307433824e-15
4406.254697815598 3.969298101332323e-15
4412.612299068214 4.0408423982330454e-15
4418.96990032083 4.100037444621576e-15
4425.327501573446 4.074747281029536e-15
4431.685102826063 3.948427422651188e-15
4438.042704078679 3.990167603140897e-15
4444.400305331295 3.93297122726666e-15
4450.757906583912 3.976402367177123e-15
4457.115507836527 3.954170569020121e-15
4463.473109089144 3.767945384769622e-15
4469.830710341761 3.852567302735341e-15
4476.188311594377 3.9054514365789344e-15
4482.545912846994 3.844006976659576e-15
4488.90351409961 3.8048125728749065e-15
4495.261115352226 3.863462532239283e-15
4501.618716604842 3.834665467220334e-15
4507.9763178574585 3.8031016179867476e-15
4514.333919110075 3.816380045526696e-15
4520.691520362691 3.874940865965802e-15
4527.049121615308 3.9459223512322895e-15
4533.406722867923 4.0084794006761975e-15
4539.76432412054 4.029044671401004e-15
4546.121925373156 4.0635817125335816e-15
4552.479526625772 4.18586248481219e-15
4558.837127878389 4.236598346080213e-15
4565.194729131004 4.220950625253485e-15
4571.552330383622 4.324630961304187e-15
4577.909931636238 4.27089967257828e-15
4584.2675328888545 4.21743095437506e-15
4590.625134141471 4.190297002207412e-15
4596.982735394087 4.3174636438947e-15
4603.340336646703 4.349548093058077e-15
4609.697937899319 4.199613970642768e-15
4616.055539151936 4.163034870831803e-15
4622.413140404552 4.1174093753791385e-15
4628.770741657168 3.928746182613321e-15
4635.128342909785 3.996184418245029e-15
4641.4859441624 3.99929859511547e-15
4647.843545415017 3.9096886528783366e-15
4654.201146667633 3.860835484131292e-15
4660.5587479202495 3.839228349929018e-15
4666.916349172866 3.820171441998497e-15
4673.273950425482 3.790546875765686e-15
4679.631551678099 3.7776607945397515e-15
4685.989152930715 3.7944228686692154e-15
4692.3467541833315 3.791354270621159e-15
4698.704355435948 3.7046326748306946e-15
4705.061956688564 3.560932517383498e-15
4711.41955794118 3.469368649269891e-15
4717.777159193796 3.4748061996617266e-15
4724.134760446413 3.4157547068788035e-15
4730.492361699029 3.367368249881656e-15
4736.8499629516455 3.2969685382672105e-15
4743.207564204262 3.4020563194398324e-15
4749.565165456877 3.3235440170867343e-15
4755.922766709494 3.2787221696943102e-15
4762.28036796211 3.2866281442472017e-15
4768.637969214727 3.231904792199222e-15
4774.995570467344 3.0836895423598197e-15
4781.353171719959 3.2021868373315327e-15
4787.710772972576 3.2302605094966595e-15
4794.068374225192 3.3192396855912847e-15
4800.425975477809 3.4335651919668897e-15
4806.783576730425 3.505094819331319e-15
4813.141177983041 3.606011564203423e-15
4819.498779235657 3.7714845398918735e-15
4825.856380488273 3.868722236490688e-15
4832.21398174089 3.9417399750817055e-15
4838.571582993506 3.8762972369119835e-15
4844.9291842461225 3.718332094351454e-15
4851.286785498739 3.6115500042771755e-15
4857.644386751354 3.924583602711923e-15
4864.001988003971 4.427909533545922e-15
4870.359589256587 4.622557323270379e-15
4876.717190509205 4.5128965661632285e-15
4883.074791761821 4.37251701523673e-15
4889.4323930144365 4.353649993102601e-15
4895.789994267053 4.357923349022164e-15
4902.147595519669 4.235555020202088e-15
4908.505196772286 4.121768843810117e-15
4914.862798024902 3.911473000493173e-15
4921.2203992775185 3.827819313733541e-15
4927.578000530134 3.8459036597488525e-15
4933.93560178275 3.8654734281647556e-15
4940.293203035367 3.832614761359672e-15
4946.650804287983 3.799629199250944e-15
4953.0084055406 3.731255132070602e-15
4959.366006793216 3.672496751834233e-15
4965.7236080458315 3.65807336024334e-15
4972.081209298448 3.623387179142826e-15
4978.438810551065 3.648818027164011e-15
4984.796411803682 3.683555123478657e-15
4991.154013056298 3.777446221480624e-15
4997.5116143089135 3.7240915955362935e-15
5003.86921556153 3.704130313105045e-15
5010.226816814146 3.575463372814987e-15
5016.584418066763 3.652448562512636e-15
5022.942019319379 3.789047433060423e-15
5029.299620571996 3.708146086534096e-15
5035.657221824611 3.699615029638252e-15
5042.014823077227 3.584976364044693e-15
5048.372424329844 3.5331518813082208e-15
5054.73002558246 3.49795808618452e-15
5061.087626835077 3.3874385564729425e-15
5067.445228087693 3.323803392899002e-15
5073.802829340309 3.3425154374868932e-15
5080.160430592926 3.240276820366213e-15
5086.518031845542 3.3126251312162607e-15
5092.875633098159 3.2297168710284073e-15
5099.233234350775 3.305323708887571e-15
5105.590835603391 3.1555585074125246e-15
5111.948436856007 3.1844572890893466e-15
5118.306038108623 3.2701583922056403e-15
5124.66363936124 3.297477609347581e-15
5131.021240613856 3.2628150975987825e-15
5137.378841866473 3.335686562165127e-15
5143.736443119088 3.2863025811426403e-15
5150.0940443717045 3.254372576700551e-15
5156.451645624321 3.1895607001725278e-15
5162.809246876937 3.1731561481343644e-15
5169.166848129554 3.2658049655606105e-15
5175.52444938217 3.3197311650482994e-15
5181.8820506347865 3.3468126955849837e-15
5188.239651887403 3.311805476384996e-15
5194.597253140019 3.3125678913144557e-15
5200.954854392636 3.358877593125119e-15
5207.312455645252 3.3685519752709654e-15
5213.670056897868 3.3558555856183877e-15
5220.027658150484 3.2849483636058727e-15
5226.3852594031005 3.2738987850578527e-15
5232.742860655717 3.2571097135996605e-15
5239.100461908333 3.264409499147054e-15
5245.45806316095 3.3065401268744864e-15
5251.815664413565 3.226696084719856e-15
5258.173265666182 3.249991254893269e-15
5264.530866918798 3.195098373406391e-15
5270.888468171414 3.165197404623163e-15
5277.246069424031 3.240601978846251e-15
5283.603670676647 3.2466398716331407e-15
5289.961271929264 3.2859834592347327e-15
5296.31887318188 3.2310530495717883e-15
5302.676474434496 3.1768019191510183e-15
5309.034075687113 3.1473085889101466e-15
5315.391676939729 3.17520314007266e-15
5321.749278192345 3.1593716110424683e-15
5328.106879444961 3.1438220026645918e-15
5334.4644806975775 3.0408037770818597e-15
5340.822081950194 3.0742067874658195e-15
5347.17968320281 3.080437571689161e-15
5353.537284455427 3.0640742308017356e-15
5359.894885708042 3.020544912218152e-15
5366.252486960659 3.0021048316054853e-15
5372.610088213275 2.9625863215119377e-15
5378.967689465891 2.8980713529558e-15
5385.325290718509 2.922338205232972e-15
5391.682891971125 2.9011520677910146e-15
5398.040493223741 2.8777648341644697e-15
5404.398094476357 2.8556030425030296e-15
5410.7556957289735 2.8226478809491857e-15
5417.11329698159 2.8015454630581885e-15
5423.470898234206 2.8552986410925313e-15
5429.828499486823 2.825564101799295e-15
5436.186100739438 2.7521367940088842e-15
5442.543701992055 2.7054957902335626e-15
5448.901303244671 2.708377337298507e-15
5455.258904497287 2.666652718713445e-15
5461.616505749904 2.6874044715559858e-15
5467.974107002519 2.6187016545856396e-15
5474.331708255136 2.614164532172205e-15
5480.689309507752 2.5947518195699752e-15
5487.046910760369 2.6119472894823935e-15
5493.404512012986 2.5889104344679954e-15
5499.762113265602 2.565448779899521e-15
5506.119714518218 2.543516393220914e-15
5512.477315770834 2.5647390902181967e-15
5518.8349170234505 2.5734081225328435e-15
5525.192518276067 2.5693302579470083e-15
5531.550119528683 2.514535245464442e-15
5537.9077207813 2.527791364120729e-15
5544.265322033915 2.4825466620666975e-15
5550.622923286532 2.4379426170664182e-15
5556.980524539148 2.486533871368024e-15
5563.3381257917645 2.400591210457811e-15
5569.695727044381 2.4069365094501626e-15
5576.053328296996 2.4402044954251034e-15
5582.410929549613 2.3232518148783175e-15
5588.76853080223 2.3335014108649413e-15
5595.1261320548465 2.336723518247342e-15
5601.483733307463 2.2971423440846548e-15
5607.841334560079 2.3598054260912297e-15
5614.198935812695 2.318700210788466e-15
5620.556537065311 2.2423913428364372e-15
5626.914138317928 2.271351641483706e-15
5633.271739570544 2.2856957297577046e-15
5639.62934082316 2.2420649401636254e-15
5645.986942075777 2.310552595580221e-15
5652.344543328392 2.2923032451042097e-15
5658.702144581009 2.2484758467055482e-15
5665.059745833625 2.3222710462364345e-15
5671.4173470862415 2.3211012148688116e-15
5677.774948338858 2.3220823350128944e-15
5684.132549591473 2.2969234255049002e-15
5690.490150844091 2.3591587610873032e-15
5696.847752096707 2.306073460428337e-15
5703.205353349324 2.4417832907605737e-15
5709.56295460194 2.445011882084252e-15
5715.920555854556 2.5065531261670956e-15
5722.278157107172 2.532297518158524e-15
5728.635758359788 2.530471830536874e-15
5734.993359612405 2.5935436281227778e-15
5741.350960865021 2.6505042851947346e-15
5747.7085621176375 2.6504013749698328e-15
5754.066163370254 2.616308955619318e-15
5760.423764622869 2.6381115123934157e-15
5766.781365875486 2.6380016856725524e-15
5773.138967128102 2.5864174133232383e-15
5779.496568380719 2.543348059721027e-15
5785.854169633335 2.5925675412287545e-15
5792.211770885951 2.626539075686666e-15
5798.569372138568 2.611899142993858e-15
5804.926973391184 2.641232503811833e-15
5811.284574643801 2.710717856679435e-15
5817.642175896417 2.7789105213531737e-15
5823.999777149033 2.850057788764321e-15
5830.357378401649 2.952119480991862e-15
5836.714979654265 3.005348596903234e-15
5843.072580906882 3.012996816010941e-15
5849.430182159498 3.0203247613661218e-15
5855.787783412115 2.9856394055353138e-15
5862.145384664731 2.9239199905431126e-15
5868.502985917346 2.8689856809913044e-15
5874.860587169963 2.7816877275657544e-15
5881.218188422579 2.8036699801134868e-15
5887.575789675196 2.8230736051800706e-15
5893.933390927812 2.864370159522092e-15
5900.2909921804285 2.800863555283634e-15
5906.648593433045 2.8509942866962444e-15
5913.006194685661 2.7893626691740054e-15
5919.363795938278 2.815181241673512e-15
5925.721397190894 2.8145005974636506e-15
5932.0789984435105 2.781991446493306e-15
5938.436599696126 2.794373386655569e-15
5944.794200948742 2.803384928734811e-15
5951.151802201359 2.753810186694974e-15
5957.509403453975 2.725610866710813e-15
5963.867004706592 2.7146631667983603e-15
5970.224605959208 2.7175359722621714e-15
5976.5822072118235 2.7075217566924537e-15
5982.93980846444 2.7201918876824957e-15
5989.297409717056 2.734959674887198e-15
5995.655010969673 2.7475452524899057e-15
6002.01261222229 2.6900828236605588e-15
6008.3702134749055 2.690477013749823e-15
6014.727814727522 2.6392388289766025e-15
6021.085415980138 2.5775247604925088e-15
6027.443017232755 2.488393728373994e-15
6033.800618485371 2.4135843160686956e-15
6040.158219737988 2.3509224985146695e-15
6046.515820990603 2.284648245288229e-15
6052.8734222432195 2.272169571293406e-15
6059.231023495836 2.2442107473889095e-15
6065.588624748452 2.2166336742469084e-15
6071.946226001069 2.2284087457030242e-15
6078.303827253685 2.2031781185456832e-15
6084.661428506301 2.1553055745231584e-15
6091.019029758917 2.1265131311009794e-15
6097.376631011543 2.128424035986245e-15
6103.734232264151 2.086661376842859e-15
6110.091833516767 2.1209425914039575e-15
6116.449434769383 2.1187593801566365e-15
6122.807036021999 2.115547200918486e-15
6129.164637274615 2.1071189998899677e-15
6135.522238527232 2.1061221856131232e-15
6141.879839779848 2.0754218985681892e-15
6148.237441032465 2.0694474720752775e-15
6154.59504228508 2.0790728709058726e-15
6160.9526435376965 1.9972909992998275e-15
6167.310244790313 2.06051689313992e-15
6173.667846042929 2.041654749678466e-15
6180.025447295546 2.064216975823677e-15
6186.383048548162 1.9889381280479967e-15
6192.740649800778 2.0135182615996793e-15
6199.098251053395 2.004492658973876e-15
6205.455852306011 2.020120644865732e-15
6211.813453558628 2.0466781016405505e-15
6218.171054811244 2.04265345479056e-15
6224.52865606386 2.0316291844227727e-15
6230.886257316476 1.9569778246545816e-15
6237.2438585690925 1.9179360664628862e-15
6243.601459821709 1.9250307303919944e-15
6249.959061074325 1.9587021341482894e-15
6256.316662326942 1.979015908999552e-15
6262.674263579557 1.9763060378346493e-15
6269.031864832174 1.9630021443728514e-15
6275.38946608479 1.9452650105994975e-15
6281.747067337406 1.926373033402819e-15
6288.104668590023 1.9176421498200807e-15
6294.462269842639 1.9454462500700295e-15
6300.819871095256 1.952195804129573e-15
6307.177472347872 1.9399793648132992e-15
6313.535073600488 1.9114343041204666e-15
6319.892674853105 1.9273834881196423e-15
6326.250276105721 1.995211026808851e-15
6332.607877358338 1.9876861806615838e-15
6338.965478610963 1.9367111631620244e-15
6345.32307986357 1.978781131846403e-15
6351.680681116186 2.015730490680595e-15
6358.038282368812 1.9989416586606994e-15
6364.395883621419 1.9462107050890813e-15
6370.753484874034 1.9549234627301734e-15
6377.111086126651 1.973551622991268e-15
6383.468687379267 2.017171733998429e-15
6389.8262886318935 2.070371744753885e-15
6396.1838898845 2.07435491497571e-15
6402.541491137126 2.0846229335847762e-15
6408.899092389733 2.095939513976266e-15
6415.256693642349 2.1028308314884497e-15
6421.6142948949655 2.1367623362652367e-15
6427.971896147582 2.160420534306652e-15
6434.329497400198 2.1697022235653284e-15
6440.687098652815 2.1851700630903827e-15
6447.04469990543 2.2136400509807724e-15
6453.402301158047 2.2637806048509342e-15
6459.759902410663 2.350800738818914e-15
6466.117503663279 2.4673700666711408e-15
6472.475104915896 2.5549905643780242e-15
6478.832706168511 2.6322894904401324e-15
6485.190307421128 2.7765986804642668e-15
6491.547908673744 3.0093117542251454e-15
6497.9055099263705 3.1338092484840228e-15
6504.263111178977 3.3196077351054343e-15
6510.620712431594 3.441976243006855e-15
6516.97831368421 3.581353235574002e-15
6523.335914936826 3.690197384118239e-15
6529.693516189443 3.660421548478441e-15
6536.051117442059 3.4882579708982033e-15
6542.408718694675 3.467531475959037e-15
6548.766319947292 3.3231424281602815e-15
6555.123921199907 3.717959563441033e-15
6561.481522452524 4.924296402191174e-15
6567.83912370514 5.382137906125504e-15
6574.1967249577565 5.0869449349134924e-15
6580.554326210373 4.585651878314647e-15
6586.911927462998 4.224318129919069e-15
6593.269528715605 4.000559750500936e-15
6599.627129968221 3.796851992416731e-15
6605.984731220838 3.618863656475769e-15
6612.342332473455 3.459266380711738e-15
6618.699933726081 3.3022430031869725e-15
6625.057534978687 3.2093920073154968e-15
6631.415136231303 3.1427324115242994e-15
6637.77273748392 3.0477031211640014e-15
6644.130338736536 2.943679789706182e-15
6650.487939989152 2.8740725670374535e-15
6656.845541241769 2.807551675744839e-15
6663.203142494384 2.7564770860661778e-15
6669.560743747001 2.604306070390969e-15
6675.918344999617 2.6681280566307745e-15
6682.275946252234 2.583917558852235e-15
6688.63354750486 2.5745856922261867e-15
6694.991148757465 2.521188182387829e-15
6701.348750010082 2.4839590417355678e-15
6707.706351262698 2.412003547657391e-15
6714.063952515316 2.3614773894328113e-15
6720.421553767932 2.2979761444076035e-15
6726.779155020548 2.242420447973913e-15
6733.136756273164 2.1943450483417457e-15
6739.49435752578 2.1425544335708713e-15
6745.851958778397 2.0667279278401086e-15
6752.209560031013 2.0577658594082524e-15
6758.5671612836295 2.071672652837913e-15
6764.924762536246 2.0564695437869388e-15
6771.282363788871 2.0314831588612712e-15
6777.639965041478 1.9925045172388507e-15
6783.997566294094 2.0368124712926725e-15
6790.355167546711 2.0307467967105458e-15
6796.712768799327 1.980312231139555e-15
6803.0703700519425 1.9620089573634504e-15
6809.427971304559 1.975779267321636e-15
6815.785572557185 2.0208675547897596e-15
6822.143173809803 1.8913014123088258e-15
6828.500775062419 1.8548900777677004e-15
6834.858376315025 1.8802305490304395e-15
6841.215977567641 1.8544151070435114e-15
6847.573578820267 1.8603525461085076e-15
6853.931180072874 1.83568818253742e-15
6860.2887813255 1.8493528611492724e-15
6866.646382578117 1.841305630347797e-15
6873.003983830723 1.8234158957950005e-15
