3462.8164769154505 7.086477291188311e-16
3466.491965132213 7.883482123996736e-16
3470.1674533489754 8.599998169896477e-16
3473.842941565738 8.796168113159568e-16
3477.5184297825003 7.868532444303537e-16
3481.193917999263 9.511493826523247e-16
3484.8694062160253 9.792404421866365e-16
3488.5448944327877 9.427510902062753e-16
3492.22038264955 8.631166664599931e-16
3495.8958708663126 7.813776566937186e-16
3499.571359083075 7.9439374153605e-16
3503.246847299837 8.279279174901443e-16
3506.9223355165996 8.444874638143992e-16
3510.597823733362 8.47899944481106e-16
3514.2733119501245 8.228319202979783e-16
3517.948800166887 8.109082969281255e-16
3521.6242883836494 7.744327244935652e-16
3525.2997766004114 8.105227020072853e-16
3528.975264817174 7.979717788760515e-16
3532.6507530339363 7.857327156962114e-16
3536.326241250699 7.814890378761709e-16
3540.0017294674617 7.228630694015275e-16
3543.677217684224 7.941611689468701e-16
3547.352705900986 7.732230536560121e-16
3551.0281941177486 7.77885019807414e-16
3554.703682334511 6.521544736394616e-16
3558.3791705512735 7.362845818672948e-16
3562.054658768036 7.476743034019074e-16
3565.7301469847985 6.989097451283851e-16
3569.4056352015605 7.091113379355217e-16
3573.081123418323 7.764903136828231e-16
3576.7566116350854 7.409871077152984e-16
3580.432099851848 7.093903310306364e-16
3584.1075880686103 6.879465719774e-16
3587.7830762853728 7.299395229310662e-16
3591.458564502135 7.561637383317314e-16
3595.1340527188977 7.481951660051058e-16
3598.80954093566 7.366521286869079e-16
3602.4850291524226 7.197894781528973e-16
3606.160517369185 7.424944156109436e-16
3609.836005585947 7.829404782918326e-16
3613.5114938027095 7.9373125233161e-16
3617.186982019472 7.290803141503008e-16
3620.8624702362345 7.807117445984172e-16
3624.537958452997 8.014087916195484e-16
3628.2134466697594 7.759746594614735e-16
3631.8889348865214 7.580712303521214e-16
3635.564423103284 7.490131175763419e-16
3639.2399113200463 7.169223743422735e-16
3642.9153995368088 7.627938240517867e-16
3646.590887753571 7.534252666863398e-16
3650.2663759703337 7.767547104626238e-16
3653.941864187096 7.894241468964916e-16
3657.6173524038586 8.103967305042861e-16
3661.292840620621 7.489962039069158e-16
3664.9683288373835 8.4620275531668e-16
3668.643817054146 8.365457739857834e-16
3672.3193052709084 8.335203541436956e-16
3675.9947934876704 7.809044190908806e-16
3679.670281704433 7.761070493455157e-16
3683.3457699211954 7.912437182959131e-16
3687.021258137958 8.226741248735756e-16
3690.6967463547203 8.109534776148705e-16
3694.3722345714827 7.983952583864943e-16
3698.0477227882448 8.007514675459391e-16
3701.723211005007 7.84894932258831e-16
3705.3986992217697 7.644198903625991e-16
3709.074187438532 7.600349010240811e-16
3712.749675655295 8.133321562236972e-16
3716.4251638720575 8.31889157322864e-16
3720.1006520888195 8.036178153472698e-16
3723.776140305582 7.751688407779607e-16
3727.4516285223444 7.865631520547052e-16
3731.127116739107 8.483330832519021e-16
3734.8026049558694 8.77958423127451e-16
3738.4780931726314 8.561313991887539e-16
3742.153581389394 8.737397702508762e-16
3745.8290696061563 8.723205463920274e-16
3749.5045578229187 8.714526436893733e-16
3753.180046039681 9.106320672038448e-16
3756.8555342564437 9.580214962018482e-16
3760.5310224732057 9.140625740615735e-16
3764.206510689968 1.0003576290961936e-15
3767.881998906731 1.0318054672239485e-15
3771.5574871234935 1.025491807448308e-15
3775.232975340256 1.0539835372001395e-15
3778.9084635570184 1.0174691613449616e-15
3782.5839517737804 1.05032007630435e-15
3786.259439990543 1.0389390790550427e-15
3789.9349282073053 1.0228407147026656e-15
3793.610416424068 1.0382352411108157e-15
3797.2859046408303 1.0448497764191265e-15
3800.9613928575927 1.043480664368792e-15
3804.6368810743547 1.0521911869532299e-15
3808.312369291117 1.0512851446151746e-15
3811.9878575078797 1.057228147162932e-15
3815.663345724642 1.0755002162953043e-15
3819.3388339414046 1.0831321213654722e-15
3823.014322158167 1.0661468377920702e-15
3826.6898103749295 1.0294938123074763e-15
3830.365298591692 1.0233940074230162e-15
3834.0407868084544 1.0344368578500607e-15
3837.716275025217 1.053307967865362e-15
3841.3917632419793 1.1050195802004673e-15
3845.067251458742 1.1009680567774314e-15
3848.742739675504 1.106611699602865e-15
3852.4182278922663 1.060475361910116e-15
3856.0937161090287 1.1068390264006334e-15
3859.769204325791 1.0215284916618297e-15
3863.4446925425536 1.034019537063445e-15
3867.1201807593156 1.0426141463197294e-15
3870.795668976078 9.974937271033898e-16
3874.4711571928406 9.780400651479302e-16
3878.146645409603 9.420152660568988e-16
3881.822133626366 9.329960429217019e-16
3885.4976218431284 9.000630193574333e-16
3889.1731100598904 9.386588672730693e-16
3892.848598276653 1.0024256057572388e-15
3896.5240864934153 1.0032976119115157e-15
3900.199574710178 1.0137988003781875e-15
3903.8750629269402 1.0194998678295497e-15
3907.5505511437027 1.0140372128864138e-15
3911.2260393604647 9.969038659272748e-16
3914.901527577227 1.0243428116981524e-15
3918.5770157939896 1.0511150247329898e-15
3922.252504010752 1.0319842477871034e-15
3925.9279922275146 1.0155278916812893e-15
3929.603480444277 1.0108869056690332e-15
3933.278968661039 1.0424285926569649e-15
3936.9544568778015 1.0798217106400947e-15
3940.6299450945644 1.1160581298160721e-15
3944.305433311327 1.14944068773742e-15
3947.9809215280893 1.1578917506317847e-15
3951.6564097448518 1.1407947354452436e-15
3955.331897961614 1.1323471168179746e-15
3959.0073861783762 1.167878818914866e-15
3962.6828743951387 1.1881689860901432e-15
3966.358362611901 1.1664443839547087e-15
3970.0338508286636 1.1928011763403772e-15
3973.709339045426 1.2595730707098592e-15
3977.384827262188 1.3320216724048811e-15
3981.0603154789505 1.3622439687622598e-15
3984.735803695713 1.3463875492658385e-15
3988.4112919124755 1.3244663992331044e-15
3992.086780129238 1.3303266991726303e-15
3995.762268346 1.3558163477689977e-15
3999.437756562763 1.3127894254473773e-15
4003.1132447795253 1.304878889738481e-15
4006.7887329962878 1.2705028601849842e-15
4010.46422121305 1.3556059658327875e-15
4014.1397094298127 1.2715431034383094e-15
4017.8151976465747 1.2675537293016078e-15
4021.490685863337 1.2753959139050488e-15
4025.1661740800996 1.2673757667473485e-15
4028.841662296862 1.3112371155745192e-15
4032.5171505136245 1.2361875972418162e-15
4036.192638730387 1.2331481085496556e-15
4039.868126947149 1.2463409979534192e-15
4043.5436151639115 1.2532703590949305e-15
4047.219103380674 1.1922315755178041e-15
4050.8945915974364 1.200040690967028e-15
4054.5700798141993 1.1821436513885775e-15
4058.2455680309617 1.161038528167135e-15
4061.9210562477238 1.1762308661022734e-15
4065.596544464486 1.2180004341116702e-15
4069.2720326812487 1.1998338883728276e-15
4072.947520898011 1.2646246847554651e-15
4076.6230091147736 1.2411277876844236e-15
4080.298497331536 1.195398005220476e-15
4083.9739855482985 1.191626338849689e-15
4087.649473765061 1.2009042800145348e-15
4091.3249619818234 1.2020824477956972e-15
4095.000450198585 1.2149946185769507e-15
4098.675938415347 1.2056078645372704e-15
4102.35142663211 1.2302976041307914e-15
4106.026914848872 1.3116536014116653e-15
4109.702403065635 1.3708334880661603e-15
4113.377891282397 1.363129280233654e-15
4117.05337949916 1.3293495434415858e-15
4120.728867715922 1.3335152581385895e-15
4124.404355932685 1.3378657292059781e-15
4128.079844149447 1.2849558191397123e-15
4131.75533236621 1.2836028138950972e-15
4135.430820582971 1.3131033676187056e-15
4139.106308799734 1.2804366943814906e-15
4142.781797016497 1.2962954966239441e-15
4146.457285233259 1.2962445634003363e-15
4150.132773450022 1.2918445314090542e-15
4153.808261666784 1.3080377168869847e-15
4157.483749883547 1.2949893447226182e-15
4161.159238100309 1.287975115093117e-15
4164.834726317072 1.2717073121426667e-15
4168.510214533834 1.3123363902448504e-15
4172.185702750597 1.275027448735342e-15
4175.861190967359 1.2477726589708233e-15
4179.536679184121 1.2427480570587752e-15
4183.212167400883 1.2869041526946044e-15
4186.887655617646 1.29577685873888e-15
4190.563143834408 1.305010392579421e-15
4194.2386320511705 1.2773072933938042e-15
4197.914120267933 1.2631194539554645e-15
4201.589608484695 1.2422606000257696e-15
4205.265096701458 1.2643338291264007e-15
4208.94058491822 1.2082710305573334e-15
4212.616073134983 1.2120149563582858e-15
4216.291561351745 1.1821333794028247e-15
4219.967049568508 1.1867717476811819e-15
4223.642537785269 1.1298302430016132e-15
4227.318026002032 1.165646843305435e-15
4230.993514218794 1.1903703589282875e-15
4234.669002435557 1.2068773920672775e-15
4238.344490652319 1.1684879209854002e-15
4242.019978869082 1.2239363188079448e-15
4245.695467085844 1.213679345509967e-15
4249.3709553026065 1.1625201754289869e-15
4253.046443519369 1.1855093631604824e-15
4256.721931736132 1.1381282119114038e-15
4260.397419952895 1.0999364416698881e-15
4264.072908169657 1.0664099808385034e-15
4267.748396386419 1.0324293217051394e-15
4271.423884603181 1.0266560001510347e-15
4275.099372819944 1.0659103833646816e-15
4278.774861036706 1.0359322879152854e-15
4282.450349253469 1.0548339097243295e-15
4286.125837470231 1.015782212574646e-15
4289.801325686994 1.003585071403006e-15
4293.476813903756 1.0155990610529697e-15
4297.1523021205185 1.025206788467461e-15
4300.827790337281 1.05748209276416e-15
4304.503278554043 1.0869143752409386e-15
4308.178766770805 1.1176964609882688e-15
4311.854254987567 1.0800181320303044e-15
4315.52974320433 1.0843478371334975e-15
4319.205231421092 1.1243092834578588e-15
4322.880719637855 1.1077134469815501e-15
4326.556207854617 1.1119829436127345e-15
4330.23169607138 1.1209047928096848e-15
4333.907184288142 1.1295332645001872e-15
4337.582672504905 1.1416456723250527e-15
4341.258160721667 1.14369740316564e-15
4344.9336489384295 1.1994205857513186e-15
4348.609137155192 1.2669711451125682e-15
4352.284625371954 1.2716526578177896e-15
4355.960113588716 1.2744570320334832e-15
4359.6356018054785 1.2648794268669696e-15
4363.311090022241 1.2437844201370516e-15
4366.986578239003 1.2321597920465629e-15
4370.662066455767 1.2144447847270172e-15
4374.337554672529 1.2127779450427138e-15
4378.013042889292 1.2183304632294955e-15
4381.688531106054 1.2569256920974363e-15
4385.364019322817 1.2753018636891497e-15
4389.039507539579 1.2380415811701921e-15
4392.7149957563415 1.2314293335168379e-15
4396.390483973103 1.2303587148185697e-15
4400.0659721898655 1.2427390778808783e-15
4403.741460406628 1.2743206618218305e-15
4407.41694862339 1.2913689372949665e-15
4411.092436840153 1.2889383944597891e-15
4414.767925056915 1.2593214036280493e-15
4418.443413273678 1.2610827444769999e-15
4422.11890149044 1.2949237413719067e-15
4425.794389707203 1.2728736022400613e-15
4429.469877923965 1.2862478573993653e-15
4433.145366140728 1.3139632244669755e-15
4436.820854357489 1.2896963889663777e-15
4440.496342574252 1.274777360082948e-15
4444.171830791014 1.2716852451974294e-15
4447.847319007777 1.2646049838814897e-15
4451.522807224539 1.2773916137163132e-15
4455.1982954413015 1.3381637072786687e-15
4458.873783658064 1.3307191022363846e-15
4462.549271874826 1.2676779379274935e-15
4466.224760091589 1.2424475183525811e-15
4469.900248308351 1.25184964630985e-15
4473.575736525114 1.2716758033527192e-15
4477.251224741876 1.2484586170529127e-15
4480.926712958638 1.2624479384884686e-15
4484.602201175401 1.2560719905399123e-15
4488.277689392164 1.211078544672536e-15
4491.953177608926 1.199418887526156e-15
4495.628665825689 1.1798005963895284e-15
4499.304154042451 1.2264590038102607e-15
4502.9796422592135 1.2304294689180765e-15
4506.655130475976 1.2358840432242857e-15
4510.330618692738 1.241486935559219e-15
4514.006106909501 1.1970871014658515e-15
4517.681595126263 1.1941475963056428e-15
4521.357083343026 1.2112060738466017e-15
4525.032571559787 1.2227130789657853e-15
4528.70805977655 1.2378703550117095e-15
4532.383547993312 1.2123386172828256e-15
4536.059036210075 1.2504947743155015e-15
4539.734524426837 1.256246994811971e-15
4543.4100126436 1.2876672298195417e-15
4547.085500860362 1.2843992483765076e-15
4550.760989077125 1.2832508711261302e-15
4554.436477293887 1.3329617441150939e-15
4558.1119655106495 1.3874363378146452e-15
4561.787453727412 1.3942396116553763e-15
4565.4629419441735 1.3847688362543025e-15
4569.138430160936 1.4516724011587546e-15
4572.813918377698 1.4388782311653597e-15
4576.489406594461 1.435734063194906e-15
4580.164894811223 1.451414484225088e-15
4583.840383027986 1.4264512850105073e-15
4587.515871244748 1.4710751006768771e-15
4591.191359461511 1.4414873371864347e-15
4594.866847678273 1.467929263006474e-15
4598.542335895036 1.4758203092290215e-15
4602.217824111799 1.4374730656449767e-15
4605.8933123285615 1.4464383038275699e-15
4609.568800545323 1.4390767117764989e-15
4613.2442887620855 1.4042604599173528e-15
4616.919776978848 1.4226941855174335e-15
4620.59526519561 1.4031379025262327e-15
4624.270753412373 1.3640719320419743e-15
4627.946241629135 1.4023417090471542e-15
4631.621729845898 1.3677023192616385e-15
4635.29721806266 1.3827092182786523e-15
4638.972706279423 1.3692603619440253e-15
4642.648194496185 1.4181995227590871e-15
4646.323682712948 1.3928909154884803e-15
4649.99917092971 1.3786740749803962e-15
4653.674659146472 1.3711761863335384e-15
4657.350147363234 1.375878844484053e-15
4661.025635579997 1.367457871329616e-15
4664.701123796759 1.3874627522061422e-15
4668.3766120135215 1.3700876451205342e-15
4672.052100230284 1.3514116364695223e-15
4675.727588447046 1.3722576930783127e-15
4679.403076663809 1.3294778970086125e-15
4683.078564880571 1.3101077977444139e-15
4686.754053097334 1.293462195007125e-15
4690.429541314096 1.269347318653405e-15
4694.105029530858 1.2686757953177338e-15
4697.78051774762 1.2589094759690344e-15
4701.456005964383 1.2537747298203286e-15
4705.131494181145 1.2636375957337972e-15
4708.806982397908 1.2418648443208725e-15
4712.48247061467 1.2325388976285361e-15
4716.1579588314335 1.2828718658609132e-15
4719.833447048196 1.249248154638896e-15
4723.508935264958 1.2382911045688935e-15
4727.184423481721 1.2236794065323533e-15
4730.859911698483 1.220632588105883e-15
4734.535399915246 1.2059431611960844e-15
4738.210888132007 1.1898030444215705e-15
4741.88637634877 1.1672374829928693e-15
4745.561864565532 1.1857360485363815e-15
4749.237352782295 1.2004375028007717e-15
4752.912840999057 1.2084872423692459e-15
4756.58832921582 1.197899933195528e-15
4760.263817432582 1.1768011577170997e-15
4763.9393056493445 1.1669221702783474e-15
4767.614793866107 1.1585945102523165e-15
4771.290282082869 1.1489363431730926e-15
4774.965770299632 1.1159203479318352e-15
4778.641258516394 1.1056595793679662e-15
4782.316746733156 1.1117431628070495e-15
4785.992234949918 1.1145365850480146e-15
4789.667723166681 1.1062618248277998e-15
4793.343211383443 1.1288723635962693e-15
4797.018699600206 1.1169584251010795e-15
4800.694187816968 1.1323638253372254e-15
4804.369676033731 1.1298248858759052e-15
4808.045164250493 1.1393181316030717e-15
4811.720652467256 1.1569852184162108e-15
4815.396140684018 1.194382171410081e-15
4819.0716289007805 1.221429129543663e-15
4822.747117117542 1.2421028621511206e-15
4826.4226053343045 1.28857735426898e-15
4830.098093551068 1.311643473273849e-15
4833.77358176783 1.327029045921629e-15
4837.449069984593 1.3428603570109686e-15
4841.124558201355 1.3209967356543084e-15
4844.800046418118 1.3106746655312093e-15
4848.47553463488 1.277504137560073e-15
4852.151022851643 1.300691848042797e-15
4855.826511068405 1.3060390942569908e-15
4859.501999285168 1.4011211949884278e-15
4863.17748750193 1.5546739821922422e-15
4866.852975718692 1.6444798627265079e-15
4870.528463935454 1.6639128135633633e-15
4874.2039521522165 1.6203808536775555e-15
4877.879440368979 1.5820727604951354e-15
4881.554928585741 1.5745095956402903e-15
4885.230416802504 1.5597950914727382e-15
4888.905905019266 1.513482070541128e-15
4892.581393236029 1.4814429823949635e-15
4896.256881452791 1.4884844734421013e-15
4899.932369669554 1.517109526374146e-15
4903.607857886316 1.507400151764797e-15
4907.283346103079 1.47396805434402e-15
4910.95883431984 1.4545621162874612e-15
4914.634322536603 1.443931882240053e-15
4918.309810753365 1.4647184556836448e-15
4921.985298970128 1.4459087264495164e-15
4925.66078718689 1.4277013095815849e-15
4929.3362754036525 1.4578579579836963e-15
4933.011763620415 1.4768677644327367e-15
4936.687251837177 1.4466628322196394e-15
4940.36274005394 1.4273724344433171e-15
4944.038228270703 1.4024940758701018e-15
4947.713716487466 1.3840526616317282e-15
4951.389204704227 1.3776834226861985e-15
4955.06469292099 1.3344060304228378e-15
4958.740181137752 1.3041288436706546e-15
4962.415669354515 1.2766955774623254e-15
4966.091157571277 1.277045779686605e-15
4969.76664578804 1.2819840021640938e-15
4973.442134004802 1.2622497598673453e-15
4977.1176222215645 1.261695552676991e-15
4980.793110438327 1.2604147253672107e-15
4984.468598655089 1.2785822365541646e-15
4988.144086871852 1.2865889318235193e-15
4991.819575088614 1.296611276885783e-15
4995.495063305376 1.3131764593184175e-15
4999.170551522138 1.323114836763752e-15
5002.846039738901 1.3507397171048732e-15
5006.521527955663 1.3194158451211462e-15
5010.197016172426 1.3139998443047734e-15
5013.872504389188 1.3265644973429046e-15
5017.547992605951 1.3276116146036256e-15
5021.223480822713 1.4070400925123333e-15
5024.898969039476 1.4576013596425307e-15
5028.574457256238 1.4494397686158457e-15
5032.2499454730005 1.421639760695071e-15
5035.925433689763 1.3820688132347005e-15
5039.6009219065245 1.3706797533864127e-15
5043.276410123287 1.3484030027737231e-15
5046.951898340049 1.3331474039449814e-15
5050.627386556812 1.3266427810071499e-15
5054.302874773574 1.3190978688650592e-15
5057.978362990337 1.280007293962258e-15
5061.6538512071 1.2614978827148418e-15
5065.329339423863 1.2670791361247388e-15
5069.004827640625 1.2267041249856051e-15
5072.6803158573875 1.2215956845170814e-15
5076.35580407415 1.1993549009024663e-15
5080.0312922909125 1.1944426899174602e-15
5083.706780507674 1.1836689967993067e-15
5087.3822687244365 1.1718150269204334e-15
5091.057756941199 1.1764090666677627e-15
5094.733245157961 1.1525879998437012e-15
5098.408733374724 1.121802684754903e-15
5102.084221591486 1.106671441176977e-15
5105.759709808249 1.1471236929561252e-15
5109.435198025011 1.1413790095970258e-15
5113.110686241774 1.1270870592937842e-15
5116.786174458536 1.1392808063348135e-15
5120.461662675299 1.1085402892903818e-15
5124.13715089206 1.0965750216968908e-15
5127.812639108823 1.1142991391341791e-15
5131.488127325585 1.081581720923269e-15
5135.1636155423475 1.0832054878718106e-15
5138.83910375911 1.1143095027943035e-15
5142.5145919758725 1.123806041937134e-15
5146.190080192635 1.130779793459847e-15
5149.865568409397 1.1093396874665336e-15
5153.54105662616 1.0942358218191509e-15
5157.216544842922 1.0810325704494893e-15
5160.892033059685 1.0829040741440496e-15
5164.567521276447 1.0921742403203544e-15
5168.243009493209 1.1235227010888397e-15
5171.918497709971 1.1707051600634279e-15
5175.593985926735 1.2272513232441478e-15
5179.269474143497 1.2140830254636714e-15
5182.9449623602595 1.1922861892591596e-15
5186.620450577022 1.209024253150042e-15
5190.295938793784 1.191089491760073e-15
5193.971427010547 1.196257596661118e-15
5197.646915227309 1.1773601420645255e-15
5201.322403444072 1.1723398578683194e-15
5204.997891660834 1.1950550790643173e-15
5208.673379877597 1.2136075147134519e-15
5212.348868094358 1.2081269139015417e-15
5216.024356311121 1.2378013026176433e-15
5219.699844527883 1.2344840700892507e-15
5223.375332744646 1.2269491623222565e-15
5227.050820961408 1.1634648697069389e-15
5230.726309178171 1.1590481475653594e-15
5234.401797394933 1.1837146771174433e-15
5238.0772856116955 1.1794214828945556e-15
5241.752773828458 1.1806552961705668e-15
5245.42826204522 1.2103970991494496e-15
5249.103750261983 1.1737945612834343e-15
5252.779238478744 1.1925179249732691e-15
5256.454726695507 1.2067436888913766e-15
5260.130214912269 1.1925662588505467e-15
5263.805703129032 1.2075544569223444e-15
5267.481191345794 1.2073797194011607e-15
5271.156679562557 1.1713786444765787e-15
5274.832167779319 1.1641882554859807e-15
5278.507655996082 1.172458380097135e-15
5282.183144212844 1.1853586044266195e-15
5285.858632429607 1.1825693473216176e-15
5289.53412064637 1.1907468137531936e-15
5293.209608863132 1.1844648601768352e-15
5296.885097079894 1.1805867290494898e-15
5300.560585296656 1.205143721678626e-15
5304.236073513419 1.1721506132885915e-15
5307.911561730181 1.1625525877156683e-15
5311.587049946944 1.1476097549877365e-15
5315.262538163706 1.1602665972620831e-15
5318.938026380469 1.1992234196654159e-15
5322.613514597231 1.2125472615454476e-15
5326.289002813994 1.2017973528016644e-15
5329.964491030756 1.2078303822672027e-15
5333.639979247519 1.1874088178300394e-15
5337.315467464281 1.158944616434052e-15
5340.990955681043 1.1905490894131653e-15
5344.666443897805 1.2133766476900283e-15
5348.3419321145675 1.1676549751018793e-15
5352.01742033133 1.1516644705624222e-15
5355.692908548092 1.1790451955076061e-15
5359.368396764855 1.1723332971869657e-15
5363.043884981617 1.1515009535638124e-15
5366.71937319838 1.142114321689891e-15
5370.394861415142 1.1163913704040874e-15
5374.070349631905 1.1358389933269413e-15
5377.745837848667 1.1460870342091334e-15
5381.421326065429 1.131685891625026e-15
5385.096814282191 1.1234370332300197e-15
5388.772302498954 1.0829882608616676e-15
5392.447790715716 1.1182520764647573e-15
5396.123278932479 1.1241735944651728e-15
5399.798767149241 1.1190721967491066e-15
5403.474255366004 1.1075819282522224e-15
5407.149743582767 1.1130205487912996e-15
5410.825231799529 1.1227448242793903e-15
5414.500720016292 1.101745391379472e-15
5418.176208233054 1.0871451327491176e-15
5421.851696449817 1.09512086234913e-15
5425.527184666578 1.1094375758571944e-15
5429.202672883341 1.0773736113936693e-15
5432.878161100103 1.0783602374295807e-15
5436.553649316866 1.0811410419836145e-15
5440.229137533628 1.0684507046486277e-15
5443.904625750391 1.03198416492373e-15
5447.580113967153 1.050653399355139e-15
5451.2556021839155 1.0077451603878978e-15
5454.931090400678 1.0539492122407703e-15
5458.60657861744 1.0076718703046761e-15
5462.282066834203 1.0135265562082582e-15
5465.957555050965 1.0269893112178571e-15
5469.633043267727 1.0236109334537377e-15
5473.308531484489 1.013473158817286e-15
5476.984019701252 9.906976011961714e-16
5480.659507918014 1.0100787992926876e-15
5484.334996134777 1.0014550119638221e-15
5488.010484351539 9.81763998725856e-16
5491.685972568302 9.8945526244053e-16
5495.361460785064 9.713008601387907e-16
5499.0369490018265 9.570781276704432e-16
5502.712437218589 9.448724999725463e-16
5506.3879254353515 9.698251455152217e-16
5510.063413652113 9.778401355514255e-16
5513.7389018688755 1.015289359183922e-15
5517.414390085639 1.0524245202016216e-15
5521.08987830241 1.0126031312235171e-15
5524.765366519164 1.0200507800951038e-15
5528.440854735926 1.0073942477833052e-15
5532.116342952689 9.999746010219698e-16
5535.791831169451 9.946808154431516e-16
5539.467319386214 1.0099626074255146e-15
5543.142807602976 1.002801586017699e-15
5546.8182958197385 9.990572724203264e-16
5550.493784036501 9.729777315693906e-16
5554.1692722532625 9.529490380155918e-16
5557.844760470025 9.397009557067021e-16
5561.520248686787 9.269759247534349e-16
5565.19573690355 9.102473180570739e-16
5568.871225120312 9.165818954105264e-16
5572.546713337075 9.203532584515247e-16
5576.222201553837 9.320398376898825e-16
5579.8976897706 9.148243086683166e-16
5583.573177987362 8.989215034346984e-16
5587.248666204125 8.972070460569925e-16
5590.924154420887 9.302798005602861e-16
5594.59964263765 9.574357025644255e-16
5598.275130854411 9.303902365424671e-16
5601.950619071174 8.711860680390275e-16
5605.626107287936 8.608319361451134e-16
5609.3015955046985 8.495869619607977e-16
5612.977083721461 8.350881401404084e-16
5616.652571938233 8.562569913081579e-16
5620.328060154986 8.453391440376009e-16
5624.003548371748 8.295368910237273e-16
5627.679036588511 8.25763003195448e-16
5631.354524805273 8.090569949723875e-16
5635.030013022037 8.141864989716129e-16
5638.705501238798 8.381780887509995e-16
5642.380989455561 8.35655994960727e-16
5646.056477672323 8.450666760161057e-16
5649.731965889086 8.633801974746969e-16
5653.407454105848 8.811855942198001e-16
5657.0829423226105 8.809137903370464e-16
5660.758430539373 8.461269526086205e-16
5664.433918756135 8.370906052595778e-16
5668.109406972898 8.569314588401557e-16
5671.78489518966 8.618920747615298e-16
5675.460383406423 8.724214049941342e-16
5679.135871623185 8.797077414919213e-16
5682.811359839947 8.856003322606503e-16
5686.486848056709 8.711066587273518e-16
5690.162336273472 8.646798690065347e-16
5693.837824490234 8.822512257275053e-16
5697.513312706997 9.06141394413876e-16
5701.188800923759 9.044032980996048e-16
5704.864289140522 9.208920330649994e-16
5708.539777357284 9.18842863262912e-16
5712.2152655740465 9.159287420359107e-16
5715.890753790809 9.33144429802169e-16
5719.566242007571 9.424990421468031e-16
5723.241730224334 9.485472814974263e-16
5726.917218441095 9.610421111114557e-16
5730.592706657858 9.616431295347216e-16
5734.26819487462 9.531863686811353e-16
5737.943683091383 9.696292822244162e-16
5741.619171308145 9.691563791279687e-16
5745.294659524908 9.465148260843258e-16
5748.970147741671 9.325700986130844e-16
5752.645635958434 9.703038775979879e-16
5756.321124175196 9.93797240916156e-16
5759.9966123919585 9.78841514721434e-16
5763.672100608731 9.930154316021506e-16
5767.3475888254825 9.905699493698325e-16
5771.023077042245 1.0018912177159664e-15
5774.698565259007 1.000924086970565e-15
5778.37405347577 1.0010021547058615e-15
5782.049541692532 9.808542943996756e-16
5785.725029909295 9.697774055198345e-16
5789.400518126057 9.730409571247203e-16
5793.07600634282 9.82252082842455e-16
5796.751494559582 9.782251619885223e-16
5800.426982776345 9.713485631643482e-16
5804.102470993107 9.676327203817103e-16
5807.77795920987 9.670411573715255e-16
5811.453447426631 9.650291013522622e-16
5815.128935643394 9.82023761731237e-16
5818.804423860156 9.923586769444799e-16
5822.4799120769185 1.0068832203606273e-15
5826.155400293681 1.0201622674661736e-15
5829.830888510443 1.0632350730094953e-15
5833.506376727206 1.0783267436413848e-15
5837.181864943968 1.0921122138439655e-15
5840.857353160731 1.0848678025357524e-15
5844.532841377493 1.0960851199263004e-15
5848.208329594256 1.0878285886574418e-15
5851.883817811018 1.0918746235749576e-15
5855.55930602778 1.0934195456275434e-15
5859.234794244542 1.1149818560824407e-15
5862.9102824613055 1.1298470284471008e-15
5866.585770678068 1.1151101607564926e-15
5870.2612588948305 1.1488883159067336e-15
5873.936747111593 1.1577339895381806e-15
5877.612235328365 1.1843100199947542e-15
5881.287723545128 1.1689710152228407e-15
5884.96321176189 1.1550258326725011e-15
5888.638699978643 1.1569986523326174e-15
5892.314188195405 1.1495195678914092e-15
5895.989676412168 1.1871784438397497e-15
5899.665164628929 1.2149112290180082e-15
5903.340652845692 1.2100008777515523e-15
5907.016141062454 1.1852389648171585e-15
5910.691629279217 1.1765940308156285e-15
5914.367117495979 1.2089519873149085e-15
5918.0426057127415 1.1997875157422818e-15
5921.718093929504 1.1566331860960678e-15
5925.393582146266 1.1517902702392931e-15
5929.069070363029 1.1827738788356618e-15
5932.744558579791 1.1359346140594345e-15
5936.420046796554 1.086141699124792e-15
5940.095535013315 1.068758671310646e-15
5943.771023230088 1.0708708120271205e-15
5947.44651144684 1.0809571198851898e-15
5951.121999663603 1.0654200570977599e-15
5954.797487880365 1.0460654367872394e-15
5958.472976097128 1.0401432847572696e-15
5962.14846431389 1.0195761900460898e-15
5965.823952530653 1.0458994918510532e-15
5969.499440747415 1.0537445886761859e-15
5973.1749289641875 1.0425217443186306e-15
5976.850417180941 1.0182237542868302e-15
5980.525905397703 1.055799054638937e-15
5984.201393614465 1.070719933649886e-15
5987.876881831227 1.0623824166448538e-15
5991.55237004799 1.0569567236883418e-15
5995.227858264752 1.0747817310382583e-15
5998.903346481525 1.0836549133737763e-15
6002.578834698287 1.094677757732249e-15
6006.25432291504 1.057506499964709e-15
6009.929811131802 1.0694333112883934e-15
6013.605299348565 1.047493680050365e-15
6017.280787565327 1.0428201075689593e-15
6020.9562757820895 1.020144149359178e-15
6024.631763998852 9.948429233023353e-16
6028.3072522156135 9.733530071867477e-16
6031.982740432376 9.735293008928556e-16
6035.658228649138 9.415177717172182e-16
6039.333716865901 9.237890015426932e-16
6043.009205082663 9.131063621889042e-16
6046.684693299426 8.973337754018231e-16
6050.360181516188 9.05414147816516e-16
6054.035669732951 8.695649807666693e-16
6057.711157949723 8.599149509091915e-16
6061.386646166486 8.545277164383795e-16
6065.062134383238 8.433790260562723e-16
6068.7376226 8.37618546655112e-16
6072.413110816762 8.384941276155795e-16
6076.088599033525 8.357622806523854e-16
6079.764087250287 8.348352701913471e-16
6083.4395754670495 8.357511140021204e-16
6087.115063683812 8.186511999790572e-16
6090.790551900574 8.238705091452368e-16
6094.466040117347 8.121648044847521e-16
6098.1415283341 8.084041956467046e-16
6101.817016550863 7.869805695700671e-16
6105.492504767625 7.949830205096117e-16
6109.167992984388 8.269437364179575e-16
6112.843481201149 8.15497845356781e-16
6116.518969417912 7.926781352092284e-16
6120.194457634674 8.051334075391299e-16
6123.869945851447 8.417015439678833e-16
6127.545434068199 8.413161705828688e-16
6131.2209222849615 8.42545952666005e-16
6134.896410501724 8.340071724920308e-16
6138.571898718486 8.103939783006379e-16
6142.247386935249 8.073459354634046e-16
6145.922875152011 8.046460460820094e-16
6149.598363368774 8.204067114630024e-16
6153.273851585546 8.391382915169056e-16
6156.949339802298 8.249449876165446e-16
6160.62482801906 8.300536401079692e-16
6164.300316235823 8.333803311265721e-16
6167.975804452585 7.916362390359206e-16
6171.651292669348 7.846882380376024e-16
6175.32678088611 7.945386664032652e-16
6179.002269102873 7.81491327971717e-16
6182.677757319645 7.834526429834173e-16
6186.3532455363975 7.890265940284034e-16
6190.02873375316 7.795143169451674e-16
6193.704221969922 7.734958232100586e-16
6197.379710186684 7.732045906077374e-16
6201.055198403446 7.82387830960945e-16
6204.730686620209 7.825692997256453e-16
6208.406174836972 7.91401093437737e-16
6212.081663053735 8.054924483058391e-16
6215.757151270497 8.119120608249648e-16
6219.43263948726 8.159769481115919e-16
6223.108127704022 8.181334232142795e-16
6226.7836159207845 8.179987733313215e-16
6230.459104137547 8.085945148203543e-16
6234.1345923543195 8.036063129933476e-16
6237.810080571082 7.997489240138739e-16
6241.4855687878435 7.877789668601075e-16
6245.161057004596 7.965371924402977e-16
6248.836545221358 8.095269990177486e-16
6252.512033438121 8.0531477709124e-16
6256.187521654883 8.097304618198644e-16
6259.863009871646 8.232435002569768e-16
6263.538498088408 8.058681133204373e-16
6267.213986305171 8.028908600697097e-16
6270.889474521933 8.185636666827591e-16
6274.564962738696 8.189437330106477e-16
6278.240450955458 8.116491243976772e-16
6281.9159391722305 8.052233114025096e-16
6285.591427388982 7.937051394933254e-16
6289.2669156057445 7.844468108547657e-16
6292.942403822507 7.931945743846795e-16
6296.6178920392695 7.975743388970077e-16
6300.293380256032 8.079995715630521e-16
6303.968868472794 8.022120981127975e-16
6307.644356689557 7.812397506350697e-16
6311.319844906319 7.772906087359099e-16
6314.995333123082 7.943439657703914e-16
6318.670821339844 7.953569710343725e-16
6322.346309556608 7.788983296386001e-16
6326.021797773369 7.832756070633676e-16
6329.697285990142 7.777772006081539e-16
6333.372774206894 7.883647762177867e-16
6337.0482624236565 7.970569230023234e-16
6340.723750640419 7.754820449393671e-16
6344.399238857181 7.733344113633526e-16
6348.074727073944 7.811366758545542e-16
6351.750215290706 8.048400735109031e-16
6355.425703507479 7.865019371472617e-16
6359.101191724241 8.024988377350611e-16
6362.776679941004 7.875564771337987e-16
6366.452168157756 7.732347326609687e-16
6370.127656374518 7.795682531097004e-16
6373.80314459128 7.646368741466822e-16
6377.478632808043 8.012864849339315e-16
6381.154121024805 7.999572474503236e-16
6384.829609241568 8.060491147704694e-16
6388.50509745833 7.986590642484643e-16
6392.1805856751025 8.258255578662512e-16
6395.856073891855 8.103140237059949e-16
6399.531562108617 8.438399028958774e-16
6403.20705032538 8.155093412079673e-16
6406.882538542142 8.210669436219401e-16
6410.558026758905 8.334242525655512e-16
6414.233514975666 8.7349588636665295e-16
6417.909003192439 8.514404720650091e-16
6421.584491409201 8.412873354684209e-16
6425.259979625954 8.299163818455278e-16
6428.935467842716 8.887232186147403e-16
6432.610956059489 8.892622737416384e-16
6436.286444276242 8.86611355419695e-16
6439.961932493014 8.981190452674507e-16
6443.637420709776 9.199004618769862e-16
6447.312908926529 9.07334910078583e-16
6450.988397143302 8.9966832069853e-16
6454.663885360053 9.025092225878169e-16
6458.339373576816 9.085945666138e-16
6462.014861793588 9.06242742998177e-16
6465.690350010341 9.376985048913156e-16
6469.365838227103 9.549778799596633e-16
6473.041326443866 1.011720076072411e-15
6476.716814660638 1.0206522760272664e-15
6480.392302877401 1.042822822714814e-15
6484.067791094153 1.1043375389525278e-15
6487.743279310916 1.1562854998337674e-15
6491.418767527678 1.2213446579871382e-15
6495.0942557444405 1.243926331106088e-15
6498.769743961202 1.3159545391040879e-15
6502.4452321779645 1.3832522216905508e-15
6506.120720394727 1.4049384089308787e-15
6509.796208611489 1.5041737507639221e-15
6513.471696828252 1.53809195142788e-15
6517.147185045024 1.570929322657202e-15
6520.822673261787 1.6573626932671338e-15
6524.498161478539 1.7441802172676768e-15
6528.173649695312 1.7299299121409899e-15
6531.849137912064 1.7325462703999e-15
6535.524626128837 1.7117619059315614e-15
6539.200114345599 1.6511479169177905e-15
6542.875602562351 1.6578130107890483e-15
6546.551090779113 1.6096161176557403e-15
6550.226578995876 1.5726933078842075e-15
6553.902067212639 1.6825300279248023e-15
6557.577555429401 1.978054283875308e-15
6561.253043646164 2.4416287571283164e-15
6564.928531862926 2.8151768971899567e-15
6568.604020079689 2.8271312130028827e-15
6572.279508296451 2.6281146847043755e-15
6575.954996513214 2.4412332186398885e-15
6579.630484729976 2.31877976560139e-15
6583.305972946738 2.235991356829577e-15
6586.9814611635 2.1326701788030475e-15
6590.656949380273 2.1006005767780417e-15
6594.332437597035 1.9892354495565083e-15
6598.007925813798 1.9110804283849988e-15
6601.68341403056 1.869605399148279e-15
6605.3589022473125 1.7826708030574254e-15
6609.034390464075 1.718063353223053e-15
6612.709878680847 1.6300636133934854e-15
6616.38536689761 1.594393937388842e-15
6620.060855114372 1.5390784052627041e-15
6623.736343331135 1.4927647406936692e-15
6627.411831547886 1.4391144748742812e-15
6631.087319764659 1.3810635756981083e-15
6634.762807981421 1.353528917632801e-15
6638.438296198174 1.3108443272856052e-15
6642.113784414946 1.287035747466082e-15
6645.789272631699 1.2653525954015496e-15
6649.464760848461 1.2411193692004542e-15
6653.1402490652235 1.1965283148912532e-15
6656.815737281996 1.1933131390368658e-15
6660.4912254987585 1.1743770876184665e-15
6664.166713715521 1.1463596373805053e-15
6667.842201932274 1.1403673336190273e-15
6671.517690149036 1.1476477501182868e-15
6675.193178365798 1.1294270197858367e-15
6678.868666582561 1.137647901344188e-15
6682.544154799333 1.1285547242132786e-15
6686.219643016096 1.1185049886721071e-15
6689.895131232858 1.1031385471447837e-15
6693.570619449611 1.1136965270876675e-15
6697.246107666383 1.1184747308959728e-15
6700.9215958831455 1.0879076258454425e-15
6704.597084099898 1.0745916704843855e-15
6708.27257231667 1.040700935047652e-15
6711.948060533432 1.013725249216115e-15
6715.6235487501945 1.0071343058978603e-15
6719.299036966957 1.0187152323379597e-15
6722.974525183709 9.985217487164519e-16
6726.650013400472 9.797128740706609e-16
6730.325501617244 9.670091696589814e-16
6734.000989833997 9.370984455678346e-16
6737.676478050759 9.242017650889588e-16
6741.351966267522 9.111156051426265e-16
6745.027454484284 8.824640291589686e-16
6748.702942701047 8.635467002465526e-16
6752.378430917809 8.380670340217359e-16
6756.053919134571 8.286059510998301e-16
6759.729407351343 8.359934785725296e-16
6763.4048955680955 8.438870209650018e-16
6767.080383784858 8.293992300764489e-16
6770.75587200163 8.292148939621437e-16
6774.431360218383 8.191483251049676e-16
6778.106848435155 8.10961747188734e-16
6781.782336651918 8.023320662764505e-16
6785.457824868671 7.948742373911135e-16
6789.133313085434 7.997771856849665e-16
6792.808801302206 7.978367935878781e-16
6796.484289518969 7.922319616241517e-16
6800.15977773573 7.996197372287424e-16
6803.835265952493 8.170101005896478e-16
6807.510754169245 8.072384898010706e-16
6811.1862423860075 8.163008570541255e-16
6814.86173060278 8.289276445136027e-16
6818.537218819532 8.380498215041929e-16
6822.212707036305 8.279937944980831e-16
6825.888195253067 7.797817832013737e-16
6829.56368346982 7.821186290532156e-16
6833.239171686592 7.977297726529087e-16
6836.914659903355 8.096890303549027e-16
6840.590148120107 7.906906132193842e-16
6844.265636336879 7.705383335509099e-16
6847.941124553631 7.660812041320964e-16
6851.616612770394 7.454899789489514e-16
6855.292100987166 7.427731149720587e-16
6858.967589203919 7.563339183386341e-16
6862.643077420691 7.575083327216566e-16
6866.3185656374535 7.600681085267238e-16
6869.994053854206 7.606580173751774e-16
6873.669542070978 7.54402107990558e-16
6877.345030287741 7.327167956937721e-16
6881.020518504503 7.305283085604185e-16
6884.696006721255 7.420884051355712e-16
6888.371494938027 7.573467202814296e-16
6892.04698315479 7.732417350774312e-16
6895.722471371552 7.543221371633022e-16
6899.397959588315 7.436163603205601e-16
6903.073447805077 7.507796681684956e-16
6906.748936021831 7.580833788849633e-16
6910.424424238603 7.545683194546494e-16
6914.0999124553555 7.48093767117808e-16
6917.775400672118 7.4705661396265e-16
6921.45088888889 7.539356270360969e-16
6925.126377105653 7.267056601521359e-16
6928.801865322414 7.33644696924343e-16
6932.477353539167 7.498917233437401e-16
6936.152841755929 7.588553186043737e-16
6939.828329972702 7.528013367493436e-16
6943.503818189454 7.601858117128686e-16
6947.179306406217 7.499348644570705e-16
6950.854794622989 7.262991307927846e-16
6954.530282839752 7.422159503656621e-16
6958.205771056514 7.409328026464171e-16
6961.881259273277 7.319378173524144e-16
6965.556747490029 7.504511484959621e-16
6969.2322357068015 7.485646978261674e-16
6972.907723923563 7.541438800556845e-16
6976.5832121403255 7.553050507363924e-16
6980.258700357088 7.505114111779532e-16
6983.93418857385 7.442009014772552e-16
6987.609676790603 7.493641004904705e-16
6991.285165007365 7.515483545659681e-16
6994.960653224138 7.493945114312571e-16
6998.6361414409 7.5862527059472e-16
7002.311629657663 7.597815838507593e-16
7005.987117874425 7.793314640361554e-16
7009.662606091178 7.871413499970897e-16
7013.33809430794 7.943200705769982e-16
7017.013582524712 8.106163951558156e-16
7020.689070741465 8.154297280804981e-16
7024.3645589582375 8.09330878623768e-16
7028.04004717499 8.121132152796481e-16
7031.715535391752 8.117619038578026e-16
7035.391023608525 8.142174521220429e-16
7039.066511825277 8.005312284863218e-16
7042.74200004205 7.939873155232775e-16
7046.417488258812 7.843319986721348e-16
7050.092976475565 7.87544248264748e-16
7053.768464692337 7.848787842699783e-16
7057.443952909099 7.615863070973834e-16
7061.119441125861 7.639554541298866e-16
7064.794929342624 7.751849063026241e-16
7068.470417559386 7.8926200669206e-16
7072.1459057761485 7.8570773771648e-16
7075.821393992911 7.922978705035707e-16
7079.4968822096735 7.873990244771722e-16
7083.172370426436 7.769540787811563e-16
7086.847858643188 7.733270322907094e-16
7090.523346859961 7.657971682276481e-16
7094.198835076723 7.801444051977629e-16
7097.874323293486 7.733900958810233e-16
7101.549811510247 7.740555552385723e-16
7105.22529972701 7.659007698605064e-16
7108.900787943762 7.64865398262305e-16
7112.576276160535 7.709627422525552e-16
7116.251764377287 7.686439578630213e-16
7119.92725259406 7.611633282360231e-16
7123.602740810812 7.701720910087384e-16
7127.278229027575 7.798840935106602e-16
7130.953717244347 7.545217661244759e-16
7134.62920546111 7.3220931724308e-16
7138.304693677873 7.119780310218468e-16
7141.980181894634 7.246651066665696e-16
7145.655670111387 7.423264468650847e-16
7149.331158328159 7.244705744499784e-16
7153.006646544922 7.389989534481074e-16
7156.682134761684 7.276416201884622e-16
7160.357622978447 7.237532454726085e-16
7164.033111195209 7.169529071841233e-16
7167.708599411972 7.257103085879596e-16
7171.384087628724 7.075439216040052e-16
7175.0595758454965 7.178661151170899e-16
7178.735064062259 7.340266942049736e-16
7182.410552279021 7.326556610134322e-16
7186.086040495783 7.421901654242578e-16
7189.761528712535 7.373079553522283e-16
7193.437016929308 7.277219491790751e-16
7197.11250514607 7.363355766379546e-16
7200.787993362823 7.365265277477984e-16
7204.463481579595 7.470528423569059e-16
7208.138969796358 7.422404811251196e-16
7211.81445801311 7.607121446909637e-16
7215.489946229883 7.429878998268373e-16
7219.165434446635 7.584031373723152e-16
7222.840922663408 7.448776392381383e-16
7226.51641088017 7.415532681381484e-16
7230.191899096922 7.417291093012564e-16
7233.867387313694 7.437108580831572e-16
7237.5428755304565 7.595411213286649e-16
7241.218363747219 7.515935455662543e-16
7244.893851963981 7.44549511769713e-16
7248.569340180745 7.070028382739973e-16
7252.244828397507 6.946837943705627e-16
7255.92031661427 6.920539572156976e-16
7259.595804831032 6.823425914986013e-16
7263.271293047785 6.685259628413996e-16
7266.946781264547 6.790475612434618e-16
7270.622269481319 6.505332606740201e-16
7274.297757698081 6.59359572864087e-16
7277.973245914844 6.468332924734622e-16
7281.648734131606 6.312566850919265e-16
7285.3242223483685 6.682176928004988e-16
7288.999710565121 6.330450304956441e-16
7292.675198781893 6.834420231636779e-16
7296.350686998646 6.604611891840961e-16
7300.026175215418 6.637987301854857e-16
7303.701663432181 6.718807368886461e-16
7307.377151648943 6.504204445188956e-16
7311.052639865706 6.344388219928734e-16
7314.728128082467 6.332643700870736e-16
7318.40361629923 6.26958359832764e-16
7322.079104515992 6.15608019496108e-16
7325.754592732745 6.493124814831386e-16
7329.430080949517 6.467111793947219e-16
7333.10556916628 6.360573080004375e-16
7336.781057383042 6.348136983641646e-16
7340.4565455998045 6.295019920543423e-16
7344.132033816567 6.187054006861888e-16
7347.807522033319 6.049487435303598e-16
7351.483010250092 6.313937827092209e-16
7355.158498466854 6.288270229834672e-16
7358.833986683607 6.285118831186745e-16
7362.509474900379 6.437833744452703e-16
7366.184963117142 6.223672502959898e-16
7369.860451333904 5.965670545998394e-16
7373.535939550667 6.129832967705602e-16
7377.211427767429 6.17484721351127e-16
7380.886915984192 6.23520833861251e-16
7384.562404200954 6.28701384797566e-16
7388.2378924177165 6.220910346731193e-16
7391.913380634469 6.158545831595378e-16
7395.588868851241 6.193973518731697e-16
7399.264357068003 6.177336416259671e-16
7402.939845284765 5.81819338092736e-16
7406.615333501518 6.048878820691243e-16
7410.29082171828 6.03343996940671e-16
7413.966309935053 6.327017168742055e-16
7417.641798151815 6.247187020941203e-16
7421.317286368578 6.14047555496062e-16
7424.99277458534 6.155078519199932e-16
7428.668262802103 6.023192840965686e-16
7432.343751018865 5.877055618874677e-16
7436.0192392356275 5.976784162589982e-16
7439.69472745239 6.071866349408429e-16
7443.370215669152 6.241920266793474e-16
7447.045703885914 6.236642646011755e-16
7450.7211921026765 5.996216006516258e-16
7454.396680319429 6.316573043183329e-16
7458.072168536201 6.040877008297795e-16
7461.747656752964 5.775237979533177e-16
7465.423144969726 5.771260618548535e-16
7469.09863318648 6.016556153077582e-16
7472.774121403251 5.961902049583591e-16
7476.449609620014 5.987536824842233e-16
7480.125097836777 6.037327669287947e-16
7483.8005860535395 5.918811469710104e-16
7487.476074270301 5.948339301417107e-16
7491.1515624870635 5.541846672655277e-16
7494.827050703826 5.642334945044133e-16
7498.502538920588 5.870934556673271e-16
7502.178027137351 5.748502624775018e-16
7505.853515354103 5.809120785134375e-16
7509.529003570876 5.724487147678118e-16
7513.204491787638 5.717830484733204e-16
7516.879980004401 5.816392743625752e-16
7520.555468221163 5.684257097239885e-16
7524.230956437926 5.754868492983797e-16
7527.906444654687 5.731149840791813e-16
7531.58193287145 5.544483820616326e-16
7535.257421088212 5.846906921513652e-16
7538.932909304975 5.963593413453049e-16
7542.608397521737 6.377054264414297e-16
7546.2838857384995 5.868505479781555e-16
7549.959373955262 5.73441617353871e-16
7553.634862172024 4.598644311026199e-16
7557.310350388787 4.33434214073221e-16
7560.985838605549 4.1752105200176205e-16
7564.661326822312 5.08633730062908e-16
7568.336815039074 5.553744034312457e-16
7572.012303255836 5.532883549129538e-16
7575.687791472598 5.314314417796228e-16
7579.363279689361 5.237414964576845e-16
7583.038767906123 5.099539403894575e-16
7586.714256122886 4.791470976739335e-16
7590.389744339648 5.279765374831345e-16
7594.0652325564115 5.0851817261149845e-16
7597.740720773174 4.895415549845505e-16
7601.416208989936 5.093482270449429e-16
7605.091697206699 5.026731476143725e-16
7608.767185423461 5.110941743791386e-16
7612.442673640224 5.208537257825546e-16
7616.118161856985 5.034977390594428e-16
7619.793650073748 5.404313645860581e-16
7623.46913829051 5.061538308434629e-16
7627.144626507263 5.01008888953124e-16
7630.820114724035 5.211342000554281e-16
7634.495602940798 5.411275504228871e-16
7638.17109115756 5.153650232218654e-16
7641.846579374323 5.173723476635233e-16
7645.522067591075 5.117682353657089e-16
7649.1975558078475 5.14141053755156e-16
7652.87304402461 5.198466993383778e-16
7656.5485322413715 4.953201547506078e-16
7660.224020458134 4.943315283234047e-16
7663.899508674896 5.272472652338663e-16
7667.574996891659 5.24912156250284e-16
7671.250485108421 5.481915535784156e-16
7674.925973325174 5.335734736812716e-16
7678.601461541946 5.429789601171098e-16
7682.276949758709 5.185089928886656e-16
7685.952437975471 5.448748580210522e-16
7689.627926192234 5.499871775126845e-16
7693.303414408996 5.382614453591999e-16
7696.978902625759 5.459817666472059e-16
7700.65439084252 5.117724124631763e-16
7704.329879059283 5.372100718572182e-16
7708.005367276036 5.294492593493956e-16
7711.680855492808 5.127169648828618e-16
7715.356343709571 5.205178226613469e-16
7719.031831926333 5.075925336045071e-16
7722.707320143096 5.183860901643899e-16
7726.382808359858 4.943272135760843e-16
7730.058296576621 4.953870843936483e-16
7733.733784793383 4.872277034315254e-16
7737.409273010146 5.087596093551293e-16
7741.084761226908 4.852871139423294e-16
7744.76024944367 4.811932881253432e-16
7748.435737660432 5.170709670654017e-16
7752.111225877195 5.26830656777505e-16
7755.786714093957 5.242901137501385e-16
7759.4622023107195 5.172967663824948e-16
7763.137690527482 5.028505498285063e-16
7766.813178744244 4.762486134638615e-16
7770.488666960997 4.712556335775419e-16
7774.164155177769 4.786984168232687e-16
7777.839643394532 5.156573384428906e-16
7781.515131611294 5.452407738379612e-16
7785.190619828057 5.440295679047311e-16
7788.866108044818 5.172763373829311e-16
7792.541596261581 5.345332448852014e-16
7796.217084478343 5.276088776080501e-16
7799.892572695106 5.405853627832975e-16
7803.568060911868 5.238652309841472e-16
7807.243549128631 5.263515335116738e-16
7810.919037345393 5.366583196091321e-16
7814.5945255621555 5.297641697775849e-16
7818.270013778918 5.332760409549657e-16
7821.94550199568 5.12107870011399e-16
7825.620990212444 5.231714177186793e-16
7829.296478429205 5.271711490631155e-16
7832.971966645968 5.298601177022986e-16
7836.64745486272 5.378198641917302e-16
7840.322943079493 5.536074701208904e-16
7843.998431296255 5.290351103981605e-16
7847.673919513018 5.333381379665315e-16
7851.34940772978 5.269557777630249e-16
7855.0248959465425 5.364347347336827e-16
7858.700384163305 5.36804270960637e-16
7862.375872380067 5.114693037758932e-16
7866.05136059682 5.094689265063771e-16
7869.726848813592 5.22209376987161e-16
7873.402337030354 5.366630185013386e-16
7877.077825247116 5.243267204622413e-16
7880.753313463879 5.271489492830528e-16
7884.428801680641 5.330430288090553e-16
7888.104289897394 5.275710142822988e-16
7891.779778114166 5.213532004055074e-16
7895.455266330929 5.34383992583104e-16
7899.130754547691 5.41165100742246e-16
7902.806242764454 5.325618687993117e-16
7906.481730981216 5.200560593540463e-16
7910.1572191979785 5.203643912078001e-16
7913.832707414741 5.268408872121642e-16
7917.5081956315025 5.246155181172624e-16
7921.183683848265 5.226575893161486e-16
7924.859172065027 5.259128936619086e-16
7928.53466028179 5.242664291084102e-16
7932.210148498543 5.199241761569834e-16
7935.885636715315 5.350025532598955e-16
7939.561124932078 5.32955127025063e-16
7943.236613148841 5.259355599459002e-16
7946.912101365603 5.306173721187046e-16
7950.587589582366 5.234880312614811e-16
7954.263077799128 5.248429761093901e-16
7957.93856601589 5.294923718401858e-16
7961.614054232652 5.385666657691626e-16
7965.2895424494145 5.315444613584295e-16
7968.965030666177 5.129839419628688e-16
7972.640518882929 5.123209524832253e-16
7976.316007099702 5.104098896572893e-16
7979.991495316464 5.106029876485803e-16
7983.666983533227 5.159681940400094e-16
7987.342471749989 5.228226064576208e-16
7991.017959966752 5.201750671869842e-16
7994.693448183514 5.111376984548275e-16
7998.368936400277 5.113274306905144e-16
8002.044424617038 4.985476150073473e-16
8005.719912833801 4.926252991069054e-16
8009.395401050563 5.236385844722033e-16
8013.070889267326 5.085949157199314e-16
8016.746377484078 5.008283966811947e-16
8020.4218657008505 5.053187641443813e-16
8024.097353917613 5.058812507954818e-16
8027.772842134365 5.132977791853136e-16
8031.448330351138 5.281341473873577e-16
8035.1238185679 5.162073473292494e-16
8038.799306784663 5.102714352854254e-16
8042.474795001425 5.091557855519421e-16
8046.150283218187 4.863267153080018e-16
8049.825771434949 4.884847406539809e-16
8053.501259651713 4.886923489856843e-16
8057.176747868475 5.014251303068253e-16
8060.852236085238 4.918539651026559e-16
8064.527724302 4.96956620597233e-16
8068.2032125187525 5.032225722658202e-16
8071.878700735525 4.944858114785534e-16
8075.554188952287 4.776897006133292e-16
8079.22967716905 4.878904584799226e-16
8082.905165385812 5.004753227816447e-16
8086.580653602574 4.767499967696825e-16
8090.256141819336 4.721732214421701e-16
8093.931630036099 4.826161835914697e-16
8097.607118252861 4.714460223450166e-16
8101.282606469624 4.647593599725396e-16
8104.958094686386 4.663218368174569e-16
8108.633582903149 4.657870805451783e-16
8112.309071119901 4.476963320920376e-16
8115.984559336674 4.810754852281773e-16
8119.660047553436 4.955516727551688e-16
8123.3355357701985 4.543914083314645e-16
8127.011023986961 4.582569604569403e-16
8130.6865122037225 4.57844405251031e-16
8134.362000420485 4.498864756796776e-16
8138.037488637247 4.620127597725353e-16
8141.71297685401 4.830224056310408e-16
8145.388465070772 4.700848049547298e-16
8149.063953287535 4.677697325935494e-16
8152.739441504297 4.722378982487109e-16
8156.41492972106 4.605315653069844e-16
8160.090417937812 4.715779123396316e-16
8163.765906154575 4.516668938082696e-16
8167.441394371348 4.543571154344631e-16
8171.1168825880995 4.455197845557838e-16
8174.792370804862 4.495021821078813e-16
8178.467859021635 4.684737953993504e-16
8182.143347238398 4.697433324660596e-16
8185.81883545516 4.589736979120584e-16
8189.494323671923 4.451206228864128e-16
8193.169811888685 4.889822604409136e-16
8196.845300105446 4.857196323162902e-16
8200.520788322208 4.932754362376545e-16
8204.19627653897 4.707336987254163e-16
8207.871764755724 4.799700966348713e-16
8211.547252972496 4.866875766064134e-16
8215.222741189258 4.53796754670672e-16
8218.89822940602 4.879667845584212e-16
8222.573717622783 4.816786400791578e-16
8226.249205839546 4.862886941653384e-16
8229.924694056308 4.723813783162911e-16
8233.60018227307 4.821135941606963e-16
8237.275670489833 5.029037561456541e-16
8240.951158706595 4.947870821344751e-16
8244.626646923358 4.559040782717209e-16
8248.30213514012 4.759305823055895e-16
8251.977623356883 4.715420510413511e-16
8255.653111573645 4.767217512255543e-16
8259.328599790408 4.809231555591517e-16
8263.00408800717 4.916831645994734e-16
8266.679576223933 4.772601468825291e-16
8270.355064440695 4.729585618940952e-16
8274.030552657458 4.598494492200858e-16
8277.70604087422 4.698221178714698e-16
8281.38152909098 4.777392032605951e-16
8285.057017307743 5.017257392313488e-16
8288.732505524506 4.888463190941388e-16
8292.407993741268 4.6367723966283205e-16
8296.08348195803 4.7021514446261835e-16
8299.758970174793 5.19072889892037e-16
8303.434458391555 5.130570088415223e-16
8307.109946608318 4.656054992712039e-16
8310.78543482508 4.809503688143454e-16
8314.460923041843 4.900407151859017e-16
8318.136411258605 4.781335629463359e-16
8321.811899475368 4.830346208560313e-16
8325.48738769213 4.853409040410195e-16
8329.162875908893 4.887670724079282e-16
8332.838364125655 4.913666241528051e-16
8336.513852342418 5.074495089434541e-16
8340.189340559182 5.243846180071277e-16
8343.864828775944 5.159587540998308e-16
8347.540316992707 4.9787460185147045e-16
8351.215805209458 4.802067946077594e-16
8354.89129342622 4.781778025366054e-16
8358.566781642994 4.950853778112883e-16
8362.242269859757 5.043339828907337e-16
8365.917758076517 4.942695005172213e-16
8369.59324629328 4.780603467715339e-16
8373.268734510042 4.67692143747413e-16
8376.944222726805 4.644324416087397e-16
8380.619710943567 4.811959197766267e-16
8384.29519916033 5.030166263377969e-16
8387.970687377092 4.7856868178186545e-16
8391.646175593854 4.753532119441835e-16
8395.321663810617 4.954143249636321e-16
8398.99715202738 4.864600228406445e-16
8402.672640244142 4.846417216632896e-16
8406.348128460904 4.651297012391602e-16
8410.023616677667 4.689889655154433e-16
8413.69910489443 4.728642007975505e-16
8417.374593111192 4.564125358119423e-16
8421.050081327954 4.496355693657328e-16
8424.725569544717 4.498367648350768e-16
8428.401057761479 4.569798800088318e-16
8432.076545978241 4.644607064843757e-16
8435.752034195004 4.3734169397595127e-16
8439.427522411766 4.257699206443381e-16
8443.103010628529 4.3071527155480066e-16
8446.778498845291 4.427242228662599e-16
8450.453987062054 4.80746066969065e-16
8454.129475278814 5.004900375978038e-16
8457.804963495577 4.977760387608245e-16
8461.48045171234 4.904311040523905e-16
8465.155939929102 5.102195897967436e-16
8468.831428145864 5.186471486335341e-16
8472.506916362627 5.288915805495383e-16
8476.18240457939 5.4764972926417e-16
8479.857892796152 5.24406798455622e-16
8483.533381012914 5.400885329955541e-16
8487.208869229677 5.264473583399737e-16
8490.884357446439 5.540961402434743e-16
8494.559845663201 5.502849494599568e-16
8498.235333879964 5.889003741653583e-16
8501.910822096726 6.250920528115557e-16
8505.586310313489 6.733647967157392e-16
8509.261798530251 6.689749058017434e-16
8512.937286747014 6.624439995032311e-16
8516.612774963765 6.611019638219636e-16
8520.288263180539 6.492467903475082e-16
8523.963751397301 6.646176805432579e-16
8527.639239614064 6.267211140678546e-16
8531.314727830826 6.626179631365635e-16
8534.990216047589 6.153510858727203e-16
8538.66570426435 6.06668860267088e-16
8542.341192481112 6.252981745991971e-16
8546.016680697874 6.236655056255251e-16
8549.692168914637 6.887531583235661e-16
8553.367657131399 6.818372459710133e-16
8557.043145348161 6.731673710773749e-16
8560.718633564924 6.657979471383035e-16
8564.394121781686 6.396876636748732e-16
8568.06960999845 6.464408830353291e-16
8571.745098215213 6.119438820656883e-16
8575.420586431976 5.878289348590777e-16
8579.096074648738 5.788424509214064e-16
8582.7715628655 5.591788189770938e-16
8586.447051082263 5.483832979892888e-16
8590.122539299025 5.444241358423876e-16
8593.798027515788 5.993957903496864e-16
8597.47351573255 5.611616215397881e-16
8601.149003949313 5.86281490367238e-16
8604.824492166075 5.959350537280271e-16
8608.499980382838 5.694821581741575e-16
8612.1754685996 6.061637369589692e-16
8615.850956816363 6.016925541506655e-16
8619.526445033125 5.806582467649326e-16
8623.201933249886 6.147321646040182e-16
8626.877421466648 6.234556082208882e-16
8630.55290968341 6.1346918789642e-16
8634.228397900173 6.145225147069444e-16
8637.903886116936 6.323497906247212e-16
8641.579374333698 6.52421306155025e-16
8645.25486255046 6.717472870564651e-16
8648.930350767223 6.816935404551771e-16
8652.605838983985 6.301843154214643e-16
8656.281327200748 6.025173229137314e-16
8659.95681541751 6.238427893600292e-16
8663.632303634273 6.389152647854604e-16
8667.307791851035 6.687348547555372e-16
8670.983280067798 6.86219970011279e-16
8674.65876828456 6.790750255975099e-16
8678.334256501323 6.881946382454015e-16
8682.009744718085 7.018941219905892e-16
8685.685232934848 6.765265956135847e-16
8689.36072115161 6.625543563783591e-16
8693.036209368373 6.752632647027181e-16
8696.711697585124 6.57821259905423e-16
8700.387185801897 6.798460201509344e-16
8704.06267401866 6.841727970154455e-16
8707.738162235422 6.330563561538609e-16
8711.413650452183 6.51365014824365e-16
8715.089138668945 6.296654575098453e-16
8718.764626885708 6.133830387703525e-16
8722.44011510247 5.7133289362769e-16
8726.115603319233 6.029723026161571e-16
8729.791091535995 6.160957698077039e-16
8733.466579752758 6.346533748012113e-16
8737.14206796952 6.054430124693305e-16
8740.817556186283 5.957012644885441e-16
8744.493044403045 5.591565385340435e-16
8748.168532619808 5.923595351174551e-16
8751.84402083657 5.811360867055813e-16
8755.519509053333 5.662410011221138e-16
8759.194997270095 5.450619531545614e-16
8762.870485486857 5.769322696097576e-16
8766.54597370362 5.638186453280684e-16
8770.221461920382 6.063193729442426e-16
8773.896950137145 5.65411758907656e-16
8777.572438353907 5.981997213313363e-16
8781.24792657067 5.090741503511497e-16
8784.923414787432 5.496499431134389e-16
8788.598903004195 5.334956078547216e-16
8792.274391220957 5.570549838293595e-16
8795.949879437718 5.220268724861055e-16
8799.625367654482 5.321656320478829e-16
8803.300855871244 5.283202193763338e-16
8806.976344088007 5.310693513980432e-16
8810.65183230477 5.223322091921654e-16
8814.327320521532 5.283278033293732e-16
8818.002808738294 5.548323690137184e-16
8821.678296955057 5.250047971250884e-16
8825.35378517182 5.312085599105388e-16
8829.029273388582 5.535418117930511e-16
8832.704761605344 5.606955603385555e-16
8836.380249822107 5.327544532410729e-16
8840.05573803887 5.149745867945205e-16
8843.731226255632 4.974843435081545e-16
8847.406714472394 5.10766062117556e-16
8851.082202689156 5.159609933125495e-16
8854.757690905919 5.293777858419709e-16
8858.433179122681 5.190695052188911e-16
8862.108667339444 5.045397864393678e-16
8865.784155556206 4.8788812811377e-16
8869.459643772969 5.107671591213686e-16
8873.135131989731 5.076141356281084e-16
8876.810620206494 5.0805356891256105e-16
8880.486108423254 5.256123166107499e-16
8884.161596640017 4.804924327540691e-16
8887.83708485678 4.617591823349951e-16
8891.512573073542 4.69410323036144e-16
8895.188061290304 4.817701032757555e-16
8898.863549507067 5.060492607751694e-16
8902.53903772383 4.790147938040135e-16
8906.214525940592 4.910089395091995e-16
8909.890014157354 4.884913544339616e-16
8913.565502374116 4.841498367625754e-16
8917.240990590879 4.779384905047399e-16
8920.916478807641 4.782489609774009e-16
8924.591967024404 4.952265391278467e-16
8928.267455241166 4.788697961607118e-16
8931.942943457929 4.791801608814094e-16
8935.618431674691 4.618507172465196e-16
8939.293919891454 4.798010909310259e-16
8942.969408108216 4.801114520490664e-16
8946.644896324979 4.942449637422626e-16
8950.320384541741 4.807322728174811e-16
8953.995872758504 4.81042630369414e-16
8957.671360975266 4.826744066603341e-16
8961.346849192028 4.899510794607354e-16
8965.022337408791 4.70522436709634e-16
8968.697825625552 4.778911898339766e-16
8972.373313842314 4.745404128562434e-16
8976.048802059076 4.532163570893369e-16
8979.724290275839 4.507348519098053e-16
8983.399778492601 4.812735156325611e-16
8987.075266709364 4.550331483834235e-16
8990.750754926126 4.912586245669778e-16
8994.426243142889 4.801657210125163e-16
8998.101731359651 4.574140341274106e-16
9001.777219576414 4.884082994506332e-16
9005.452707793176 4.801785769741016e-16
9009.128196009939 4.458911201914231e-16
9012.803684226701 4.576891984213621e-16
9016.479172443464 4.620380697376623e-16
9020.154660660226 4.750799880109757e-16
9023.830148876988 4.516793747686081e-16
9027.505637093753 4.372347441707868e-16
9031.181125310515 4.430778518984344e-16
9034.856613527278 4.626435171580804e-16
9038.53210174404 4.630573001410065e-16
9042.207589960803 4.144644531789083e-16
9045.883078177565 4.3150307725072173e-16
9049.558566394327 4.575200429731827e-16
9053.234054611088 4.376809003556951e-16
9056.90954282785 4.3118173712027107e-16
9060.585031044613 4.4139410492182044e-16
9064.260519261366 4.3944376151157105e-16
9067.936007478138 4.371388592205658e-16
9071.6114956949 4.4290371153592035e-16
9075.286983911663 4.441242577324227e-16
9078.962472128425 4.358219642089444e-16
9082.637960345188 4.283096458813577e-16
9086.31344856195 4.4216285639480104e-16
9089.988936778713 4.724046991451243e-16
9093.664424995475 4.923909822246899e-16
9097.339913212238 4.733682479221073e-16
9101.015401429 4.371402377907924e-16
9104.690889645763 4.495537288203839e-16
9108.366377862525 4.502783274332249e-16
9112.041866079288 4.552358999503689e-16
9115.71735429605 4.330236561700058e-16
9119.392842512812 4.625500002576463e-16
9123.068330729575 4.450079960371372e-16
9126.743818946337 4.4295391545245636e-16
9130.4193071631 4.340865054242758e-16
9134.094795379862 4.366681292477702e-16
9137.770283596625 4.546556117905889e-16
9141.445771813385 4.566337619185326e-16
9145.121260030148 4.204516692209023e-16
9148.79674824691 4.137053405878244e-16
9152.472236463673 4.938667539259634e-16
9156.147724680435 4.497091735370154e-16
9159.823212897198 4.467892813411219e-16
9163.49870111396 4.590804371333901e-16
9167.174189330723 4.154589757885401e-16
9170.849677547485 4.358193510924575e-16
9174.525165764248 4.3236520899977564e-16
9178.20065398101 4.312016067442816e-16
9181.876142197772 4.1210618220866268e-16
9185.551630414535 4.226639189348631e-16
9189.227118631297 4.254262655250461e-16
9192.90260684806 4.346442107995037e-16
9196.578095064822 4.610323598549026e-16
9200.253583281585 4.729726859170198e-16
9203.929071498347 4.788720057247649e-16
9207.60455971511 4.660908918993449e-16
9211.280047931872 4.915685417776045e-16
9214.955536148635 4.772979630028037e-16
9218.631024365397 4.529144445622109e-16
9222.30651258216 4.556463160066558e-16
9225.98200079892 4.629531160509826e-16
9229.657489015683 4.83052026090721e-16
9233.332977232445 4.899842010879845e-16
9237.008465449208 4.753319581515064e-16
9240.68395366597 4.496149195287751e-16
9244.359441882732 4.3945300424920624e-16
9248.034930099495 4.680384156957809e-16
9251.710418316257 4.457333623866291e-16
9255.385906533013 3.7446076721369105e-16
9259.061394749784 3.9272620355280244e-16
9262.736882966547 4.580494339603934e-16
9266.412371183309 4.625311731685734e-16
9270.087859400071 4.48920942748819e-16
9273.763347616834 4.3646143387917196e-16
9277.438835833596 4.4053294449970835e-16
9281.114324050359 3.962778986947227e-16
9284.789812267121 3.823764136647679e-16
9288.465300483884 3.7075512351353704e-16
9292.140788700646 3.913014816582027e-16
9295.816276917409 3.921021825993099e-16
9299.491765134171 4.0395050584845456e-16
9303.167253350934 4.2945927448709754e-16
9306.842741567696 3.8537907399092545e-16
9310.518229784457 3.354982920280854e-16
9314.19371800122 3.156987317897389e-16
9317.869206217982 4.235648598068289e-16
9321.544694434744 3.971876720431942e-16
9325.220182651507 4.608387049988508e-16
9328.895670868269 4.1737889483155704e-16
9332.571159085031 3.8573163574655056e-16
9336.246647301794 3.928580707381256e-16
9339.922135518556 4.2696814427768543e-16
9343.597623735319 4.161569576962169e-16
9347.273111952081 3.830179884077937e-16
9350.948600168844 3.9470674273282924e-16
9354.624088385606 3.9527031113427293e-16
9358.299576602369 3.9512060376054095e-16
9361.975064819131 3.6753450414904273e-16
9365.650553035894 3.9340418052761865e-16
9369.326041252656 4.0433940995220345e-16
9373.001529469419 3.888313902218136e-16
9376.677017686181 3.9716748542819194e-16
9380.352505902943 4.0921258401066905e-16
9384.027994119706 4.2058534950233363e-16
9387.703482336468 3.805061400732307e-16
9391.37897055323 3.948372711857639e-16
9395.054458769993 3.910780396437217e-16
9398.729946986754 3.754120282010006e-16
9402.405435203516 3.9909348541338565e-16
9406.080923420279 3.9189811900394006e-16
9409.756411637041 3.8871180819711035e-16
9413.431899853804 3.855248433310852e-16
9417.107388070566 3.8233783623084884e-16
9420.782876287329 3.7915088878887595e-16
9424.458364504091 3.759641028941924e-16
9428.133852720854 3.858725796911703e-16
9431.809340937616 3.816762003760436e-16
9435.484829154379 4.1477980412395384e-16
9439.160317371141 4.484846015705466e-16
9442.835805587903 4.471208133364521e-16
9446.511293804666 4.254165228207893e-16
9450.186782021428 5.237406209259171e-16
9453.86227023819 4.822629521805312e-16
9457.537758454953 4.3834487325921443e-16
9461.213246671716 4.1882037865169896e-16
9464.888734888478 4.433569913476929e-16
9468.56422310524 4.2978339777465527e-16
9472.239711322003 4.319200100946652e-16
9475.915199538766 4.176831460353315e-16
9479.590687755528 4.0569462019164523e-16
9483.266175972289 4.041792421731165e-16
9486.941664189053 4.0872710984648985e-16
9490.617152405815 4.132506347791268e-16
9494.292640622578 4.3281465506136867e-16
9497.96812883934 4.450027059142405e-16
9501.643617056103 3.961886259733289e-16
9505.319105272865 3.323364322547218e-16
9508.994593489628 3.3445538274337183e-16
9512.67008170639 3.81715377833085e-16
9516.345569923153 4.0262964013407634e-16
9520.021058139915 3.971277831516612e-16
9523.696546356678 4.067656822957008e-16
9527.37203457344 4.1802259216593803e-16
9531.047522790202 4.694384340892825e-16
9534.723011006965 4.281026602081774e-16
9538.398499223727 5.068045005956473e-16
9542.07398744049 4.347306759465979e-16
9545.749475657252 3.877661586059042e-16
9549.424963874015 4.65007318875709e-16
9553.100452090777 4.377196902651163e-16
9556.77594030754 3.516892628119993e-16
9560.451428524302 4.620518208487264e-16
9564.126916741065 3.981385130156965e-16
9567.802404957825 4.218424183192409e-16
9571.477893174588 3.4734822037042476e-16
9575.15338139135 4.317765953016462e-16
9578.828869608113 4.2574477742728647e-16
9582.504357824875 4.069909129096034e-16
9586.179846041638 4.096628749498477e-16
9589.8553342584 4.53073928419967e-16
9593.530822475162 3.8244905843265714e-16
9597.206310691925 4.135906104399703e-16
9600.881798908687 4.2120170685909504e-16
9604.55728712545 3.906311209307744e-16
9608.232775342212 3.815732480990458e-16
9611.908263558975 3.949001272901309e-16
9615.583751775737 3.977794786595875e-16
9619.2592399925 3.8118225862216795e-16
9622.934728209262 3.9147535765793405e-16
9626.610216426025 4.315166216401677e-16
9630.285704642787 4.3567830513715877e-16
9633.96119285955 4.294843796225786e-16
9637.636681076312 4.416043688996399e-16
9641.312169293074 3.966962765187911e-16
9644.987657509837 3.909764011823883e-16
9648.6631457266 4.702591093464335e-16
9652.338633943362 4.221437385563257e-16
9656.014122160122 4.4135800909659915e-16
9659.689610376885 4.58467912942645e-16
9663.365098593647 3.380126221169584e-16
9667.04058681041 3.8654415835894805e-16
9670.716075027172 3.8304705423774157e-16
9674.391563243935 4.0251945053442164e-16
9678.067051460697 4.1051485492707523e-16
9681.74253967746 3.2171976917868597e-16
9685.418027894222 3.418610987711639e-16
9689.093516110985 3.4321056753372697e-16
9692.769004327747 3.558120975079463e-16
9696.44449254451 3.773793038513337e-16
9700.119980761272 3.9441444069559795e-16
9703.795468978034 3.3086166008314265e-16
9707.470957194797 3.722478459241164e-16
9711.14644541156 4.101145740719819e-16
9714.821933628322 4.1371011015914658e-16
9718.497421845086 4.115049385931218e-16
9722.172910061849 5.095295820895854e-16
9725.848398278611 4.685277654168075e-16
9729.523886495374 3.8298472053191476e-16
9733.199374712136 3.793371540058553e-16
9736.874862928898 4.369767084750484e-16
9740.550351145659 4.244908432497271e-16
9744.225839362422 3.5170016608999465e-16
9747.901327579184 3.6978929956899935e-16
9751.576815795946 3.7698520857171853e-16
9755.252304012709 3.905892529663186e-16
9758.927792229471 3.5176509824812126e-16
9762.603280446234 3.3081895337825646e-16
9766.278768662996 3.3958617919769963e-16
9769.954256879759 3.669427565167112e-16
9773.629745096521 3.479896587529725e-16
9777.305233313284 3.574616892642484e-16
9780.980721530046 3.223912759812609e-16
9784.656209746809 3.4176334038783804e-16
9788.331697963571 4.2973791095503375e-16
9792.007186180334 3.777073656114902e-16
9795.682674397096 3.3876059788036496e-16
9799.358162613858 3.386868928671696e-16
9803.03365083062 2.8933068129349077e-16
9806.709139047383 2.864959749101737e-16
9810.384627264146 2.8218836382733066e-16
9814.060115480908 2.9741633409910086e-16
9817.73560369767 3.4166512020665324e-16
9821.411091914433 3.092711958772792e-16
9825.086580131196 3.0165715508448535e-16
9828.762068347956 2.986916754263609e-16
9832.437556564719 2.6297010187149572e-16
9836.113044781481 2.3478522508261433e-16
9839.788532998244 2.928569903597998e-16
9843.464021215006 3.5236931537135486e-16
9847.139509431769 2.9368092885986624e-16
9850.814997648531 1.998307939638513e-16
9854.490485865294 2.1062663747639642e-16
9858.165974082056 2.750866568473979e-16
9861.841462298818 2.5063136890837664e-16
9865.51695051558 2.9140794639399355e-16
9869.192438732343 2.8574180332010454e-16
9872.867926949106 2.800742223470008e-16
9876.543415165868 2.744067315381003e-16
9880.21890338263 2.687394326325227e-16
9883.894391599393 2.630721217380146e-16
9887.569879816156 3.5153762920944134e-16
9891.245368032918 1.8322355469018023e-16
9894.92085624968 3.5553726648723493e-16
9898.596344466443 2.9569768761040545e-16
9902.271832683206 2.9717591910753013e-16
9905.947320899968 3.4234882418242017e-16
9909.62280911673 2.3647060256424287e-16
9913.298297333491 2.509195366287997e-16
9916.973785550254 2.532173065159556e-16
9920.649273767016 2.570598759497825e-16
9924.324761983778 2.4364816921996675e-16
9928.00025020054 2.4681813082366513e-16
9931.675738417303 2.558784453803007e-16
9935.351226634077 2.6974177093831504e-16
9939.02671485086 2.708675572174581e-16
9942.702203067543 2.268251584019919e-16
9946.377691284326 1.9601959395092968e-16
9950.053179501108 2.544659585949501e-16
9953.728667717889 3.0698667384121603e-16
9957.40415593467 2.7168620443597863e-16
9961.079644151354 2.7429827480566466e-16
9964.755132368136 2.420433614287838e-16
9968.430620584919 3.1414513717116395e-16
9972.106108801701 2.817750100330922e-16
9975.781597018484 2.610027765748211e-16
9979.457085235166 2.481895746382651e-16
9983.132573451949 2.379918006425141e-16
9986.808061668731 2.5436076023373477e-16
9990.483549885514 2.3602142765405835e-16
9994.159038102296 1.3892118702888468e-16
9997.834526318979 2.5622768296262274e-16
10001.510014535761 2.5547420189627545e-16
10005.185502752543 1.9645640356611317e-16
10008.860990969326 2.930182266180333e-16
10012.536479186108 2.9925877287538945e-16
10016.21196740279 2.5382120446737904e-16
10019.887455619573 2.409542380541504e-16
10023.562943836356 2.239990304302383e-16
10027.238432053138 2.2956986810352383e-16
10030.91392026992 2.2311280214740055e-16
10034.589408486603 2.2293678757420496e-16
10038.264896703386 2.545778821657639e-16
10041.940384920166 2.6295573826403527e-16
10045.615873136949 2.554275487223362e-16
10049.291361353731 2.4648000595478193e-16
10052.966849570414 2.32549428714243e-16
10056.642337787196 2.2879704785002777e-16
10060.317826003979 2.1166549417953557e-16
10063.993314220761 2.3548028783049533e-16
10067.668802437543 1.7880026041202574e-16
10071.344290654326 1.9484020457056275e-16
10075.019778871008 1.8536729167061966e-16
10078.69526708779 2.4257771576045556e-16
10082.370755304573 1.8828081447863465e-16
10086.046243521356 2.132631830680057e-16
10089.721731738038 1.8523884567481042e-16
10093.39721995482 2.0146908345396206e-16
10097.072708171603 2.084674259317515e-16
10100.748196388386 2.596110416088446e-16
10104.423684605168 1.6468480375979183e-16
10108.09917282185 1.7524933557061256e-16
10111.774661038633 1.8251863713148316e-16
10115.450149255415 1.725200371301704e-16
10119.125637472198 1.7524602630958635e-16
10122.80112568898 1.6497707347822542e-16
10126.476613905663 1.331289319781458e-16
10130.152102122443 1.1403280973715494e-16
10133.827590339226 1.659929588772792e-16
10137.503078556008 2.261933522475879e-16
10141.17856677279 1.7938353247655596e-16
10144.854054989475 1.1221850959833259e-16
10148.529543206256 1.52177725215899e-16
10152.205031423038 1.2121356815997587e-16
10155.88051963982 1.375593837932867e-16
10159.556007856603 1.1512313930476176e-16
10163.231496073287 1.543961549131612e-16
10166.90698429007 1.5364169951669764e-16
10170.582472506852 1.7426578138245314e-16
10174.257960723633 1.0807659756449778e-16
10177.933448940415 1.4669458194162262e-16
10181.6089371571 1.5844113852254705e-16
10185.284425373882 1.2729180586087554e-16
10188.959913590665 1.245380686210028e-16
10192.635401807447 1.5151622282251825e-16
10196.310890024228 1.5409149831818913e-16
10199.986378240912 1.4026657555758635e-16
10203.661866457694 1.2893427336276472e-16
10207.337354674477 1.465971574079781e-16
10211.01284289126 1.6370177682890782e-16
10214.68833110804 1.5126432090303856e-16
10218.363819324722 1.4809805310378337e-16
10222.039307541505 1.4033239772886358e-16
10225.714795758287 1.2317706260564386e-16
10229.39028397507 1.2145313746337463e-16
10233.065772191852 9.475495809937419e-17
10236.741260408535 8.384901082220822e-17
10240.416748625317 1.0318420667037393e-16
10244.0922368421 1.2494562822462607e-16
10247.767725058882 1.4787370101728184e-16
10251.443213275665 1.3955499860022564e-16
10255.118701492347 1.328575864063429e-16
10258.79418970913 1.17991955861632e-16
10262.469677925912 1.1466148852090156e-16
10266.145166142695 1.0128759091298783e-16
10269.820654359477 1.3165053039318628e-16
10273.49614257616 1.258649012871901e-16
10277.171630792942 1.0848140250679776e-16
10280.847119009724 1.0401426858812119e-16
10284.522607226507 9.437268128837472e-17
10288.19809544329 9.051254402290524e-17
10291.873583659972 9.166007603388505e-17
10295.549071876754 1.0374916941545952e-16
10299.224560093535 1.324177652868004e-16
10302.900048310317 1.1512383158162279e-16
10306.5755365271 7.673515380311476e-17
10310.251024743782 8.239115142739257e-17
10313.926512960565 1.5504562207049677e-16
10317.602001177347 4.820058264426518e-17
10321.27748939413 9.491725144488386e-17
10324.952977610912 1.2225954902938443e-16
10328.628465827594 1.0846909547055042e-16
10332.303954044377 1.3514252059301068e-16
10335.97944226116 8.3395793236401e-17
10339.654930477942 1.1618802510240561e-16
10343.330418694724 1.0801064792597696e-16
10347.005906911407 1.0690851831523774e-16
10350.68139512819 1.312846365531991e-16
10354.356883344972 1.0978798924840429e-16
10358.032371561754 1.0355092629972728e-16
10361.707859778537 1.2105630948897503e-16
10365.38334799522 1.1571969924143351e-16
10369.058836212002 1.1374002999544272e-16
10372.734324428784 1.1785862642818424e-16
10376.409812645566 1.0108076012078231e-16
10380.085300862349 1.1268260256607717e-16
10383.760789079033 1.1729840260828792e-16
10387.436277295814 9.438841902220382e-17
10391.111765512595 1.0165180686707708e-16
10394.787253729377 1.2591374290843685e-16
10398.46274194616 1.3110913507456713e-16
10402.138230162844 1.2602308430120037e-16
10405.813718379626 1.153086064607643e-16
10409.489206596409 1.0988586877963967e-16
10413.164694813191 1.0516389479915212e-16
10416.840183029972 9.058628442866696e-17
10420.515671246656 9.370178051811677e-17
10424.191159463438 1.1630910237275008e-16
10427.866647680221 1.0771281121818312e-16
10431.542135897003 8.856263789935135e-17
10435.217624113786 1.010524695663401e-16
10438.893112330567 1.0683618624700394e-16
10442.56860054725 1.003637228839108e-16
10446.244088764033 1.0693103635162993e-16
10449.919576980816 1.1433404929955276e-16
10453.595065197598 1.1514088385579512e-16
10457.27055341428 7.992269818192655e-17
10460.946041631063 9.109297532631664e-17
10464.621529847846 9.861127651350887e-17
10468.297018064628 1.0300067191332922e-16
10471.972506281409 9.341004259895446e-17
10475.647994498091 9.167390605948314e-17
10479.323482714874 1.0755822758799437e-16
10482.998970931656 1.043319021561118e-16
10486.674459148438 1.0931263263697886e-16
10490.349947365221 1.0719416137209589e-16
10494.025435581903 1.0871623348085787e-16
10497.700923798686 1.2081399584187673e-16
10501.376412015468 1.1422735550248085e-16
10505.05190023225 1.0939218734352991e-16
10508.727388449033 1.0872061530312523e-16
10512.402876665716 1.1179852728137263e-16
10516.078364882498 1.0357086497131314e-16
10519.75385309928 8.292208745891652e-17
10523.429341316063 1.003571346176576e-16
10527.104829532846 1.2582497748453905e-16
10530.780317749528 9.615946461445895e-17
10534.45580596631 7.770581491398778e-17
10538.131294183093 1.1421087002896015e-16
10541.806782399875 9.773852298758024e-17
10545.482270616658 1.0547049060891323e-16
10549.15775883334 1.7377767393160942e-16
10552.833247050123 1.1869437152955935e-16
10556.508735266903 1.0344566729191736e-16
10560.184223483686 6.934605049004127e-17
10563.859711700468 8.206876337760171e-17
10567.53519991715 8.73836731616951e-17
10571.210688133933 8.435524332027736e-17
10574.886176350716 9.479523491407101e-17
10578.561664567498 9.110540235504863e-17
10582.23715278428 8.826508497200154e-17
10585.912641000963 9.727654517982725e-17
10589.588129217746 9.202258879184479e-17
10593.263617434528 1.0421407750331552e-16
10596.93910565131 1.21339366658888e-16
10600.614593868093 1.009757731957419e-16
10604.290082084777 8.567969784373381e-17
10607.965570301558 8.404166118279956e-17
10611.64105851834 1.0475616252963737e-16
10615.316546735123 1.3279463602433878e-16
10618.992034951905 8.660097779600504e-17
10622.667523168688 1.0689269643938121e-16
10626.343011385372 9.628490605279809e-17
10630.018499602154 9.572251589757259e-17
10633.693987818935 8.208267966248928e-17
10637.369476035718 9.218071939866172e-17
10641.044964252402 1.0642818270745361e-16
10644.720452469182 1.0306262418835154e-16
10648.395940685965 8.664348347364644e-17
10652.071428902747 9.596793920920892e-17
10655.746917119528 1.1804944954921827e-16
10659.422405336212 9.74049128080915e-17
10663.097893552995 1.2197488999853912e-16
10666.773381769777 1.0883541087844392e-16
10670.44886998656 8.863276497991414e-17
10674.124358203342 1.075122512423066e-16
10677.799846420025 9.088036242670486e-17
10681.475334636807 9.365560211213916e-17
10685.15082285359 1.1704911602928548e-16
10688.826311070372 1.1983290755346052e-16
10692.501799287154 8.657735968398731e-17
10696.177287503937 7.568650982020143e-17
10699.85277572062 1.164579648687131e-16
10703.528263937402 1.0405385639131255e-16
10707.203752154184 1.1026483587290819e-16
10710.879240370967 1.215203189097021e-16
10714.55472858765 9.883908705888846e-17
10718.230216804432 7.669502493941523e-17
10721.905705021214 5.369390568222596e-17
10725.581193237997 7.315085697573751e-17
10729.256681454777 1.0591165068326379e-16
10732.93216967156 9.277919116628327e-17
10736.607657888242 8.564605756238439e-17
10740.283146105025 8.599907472398594e-17
10743.958634321807 1.3954517855726693e-16
10747.63412253859 1.0121147648075534e-16
10751.309610755272 9.922486513489784e-17
10754.985098972054 7.253084474600212e-17
10758.660587188837 7.148778884482776e-17
10762.33607540562 6.117331762767605e-17
10766.011563622402 7.163473993986399e-17
10769.687051839184 7.331757421625378e-17
10773.362540055867 8.238778075154744e-17
10777.03802827265 9.557674977497192e-17
10780.713516489432 8.780974891119027e-17
10784.389004706214 9.15429629644439e-17
10788.064492922997 8.01538972451084e-17
10791.739981139679 7.432626919023909e-17
10795.415469356461 7.632667864034533e-17
10799.090957573244 1.063586791330128e-16
10802.766445790026 6.86892475703026e-17
10806.441934006809 1.0447297095220545e-16
10810.117422223491 8.641470516845719e-17
10813.792910440272 8.021020988507704e-17
10817.468398657054 8.619067943670041e-17
10821.143886873837 9.472877592317404e-17
10824.81937509062 7.825875007031076e-17
10828.494863307302 8.421906012994501e-17
10832.170351524084 8.912903233858377e-17
10835.845839740867 9.309277203548318e-17
10839.52132795765 9.892869682299894e-17
10843.196816174432 7.50126650547106e-17
10846.872304391116 8.023313209685667e-17
10850.547792607897 1.153155098905518e-16
10854.223280824679 9.476856929551314e-17
10857.898769041461 6.842901990902199e-17
10861.574257258146 9.308100855118186e-17
10865.249745474928 8.403312053673067e-17
10868.92523369171 9.565528157988464e-17
10872.600721908491 7.009227270728496e-17
10876.276210125274 6.7851487748599e-17
10879.951698341958 8.594337693470975e-17
10883.62718655874 8.85663149783617e-17
10887.302674775523 9.719081166938579e-17
10890.978162992305 9.518330440052004e-17
10894.653651209088 8.809066433367838e-17
10898.32913942577 9.324070829740012e-17
10902.004627642551 8.543263255624584e-17
10905.680115859333 7.680605365820411e-17
10909.355604076116 9.604077841145218e-17
10913.031092292898 9.167952254159552e-17
10916.70658050958 6.590533260470959e-17
10920.382068726363 7.062582045064829e-17
10924.057556943146 6.321694144468322e-17
10927.733045159928 8.851948670121811e-17
10931.40853337671 9.63235602129123e-17
10935.084021593393 8.953461739043515e-17
10938.759509810176 7.467378677061262e-17
10942.434998026958 7.436500040250464e-17
10946.11048624374 6.84693580436719e-17
10949.785974460523 6.586320881624495e-17
10953.461462677205 6.132204786052469e-17
10957.136950893988 4.598180847494474e-17
10960.81243911077 5.2203566061740066e-17
10964.487927327553 5.512952879886555e-17
10968.163415544335 1.0712062813206835e-16
10971.838903761018 8.428675978699192e-17
10975.5143919778 5.28968946768918e-17
10979.189880194583 3.398304597475932e-17
10982.865368411365 7.456258996121743e-17
10986.540856628146 7.237836695445439e-17
10990.216344844928 6.647302287692766e-17
10993.89183306161 7.423473854860466e-17
10997.567321278393 7.433274016999158e-17
11001.242809495176 6.71501901429426e-17
11004.918297711958 5.690252923319509e-17
11008.59378592864 5.8326936917129e-17
11012.269274145423 7.773582076140044e-17
