3495.3168942584475 7.918190601691482e-15
3498.2645534849503 9.705449796430998e-15
3501.212212711453 1.0063287297243895e-14
3504.159871937956 9.927084815078274e-15
3507.1075311644586 1.1602703896872493e-14
3510.0551903909613 1.1103255012235213e-14
3513.0028496174637 8.352946343572724e-15
3515.9505088439664 9.117453262549468e-15
3518.8981680704687 1.0414112467456037e-14
3521.845827296972 8.992216658467951e-15
3524.7934865234747 6.5016582635079204e-15
3527.741145749977 6.0786115148821506e-15
3530.68880497648 7.564296044966127e-15
3533.6364642029826 9.728891980925194e-15
3536.5841234294953 8.819495471969205e-15
3539.531782655998 8.131993650636724e-15
3542.4794418825004 8.34424861500394e-15
3545.427101109003 7.377695826916405e-15
3548.374760335506 6.87829292241766e-15
3551.3224195620082 8.088411339413386e-15
3554.2700787885115 9.292701953256284e-15
3557.217738015014 9.006604662014667e-15
3560.1653972415165 8.306493869172726e-15
3563.1130564680193 8.525784897045029e-15
3566.0607156945216 7.457455658277298e-15
3569.008374921025 7.15355916347018e-15
3571.9560341475276 8.866275871175918e-15
3574.90369337403 1.0016347531618059e-14
3577.8513526005327 9.961631369096179e-15
3580.7990118270354 9.64449146075496e-15
3583.746671053538 8.47532888639605e-15
3586.694330280041 7.504503542456189e-15
3589.6419895065433 9.434956604298085e-15
3592.589648733046 9.747435778769095e-15
3595.537307959549 8.518965916667143e-15
3598.484967186051 9.893514512356611e-15
3601.4326264125643 9.566784949316982e-15
3604.380285639067 8.746415618491673e-15
3607.3279448655694 8.326989719791782e-15
3610.275604092072 8.031535795785356e-15
3613.2232633185745 9.250723355465778e-15
3616.1709225450777 9.873063024178587e-15
3619.1185817715805 9.736376562392554e-15
3622.066240998083 9.118139346332367e-15
3625.0139002245855 8.754003831828498e-15
3627.9615594510883 9.54316508910791e-15
3630.909218677591 9.257275894019079e-15
3633.856877904094 9.144876224682634e-15
3636.804537130596 8.7166547978331e-15
3639.752196357099 8.901155846924737e-15
3642.6998555836017 9.510585021344543e-15
3645.647514810104 8.156498890478071e-15
3648.595174036607 7.356752641778383e-15
3651.54283326311 7.823143624271521e-15
3654.4904924896123 9.42139755616158e-15
3657.438151716115 1.0016680894442723e-14
3660.3858109426174 9.49758522701576e-15
3663.3334701691206 9.130949180904767e-15
3666.2811293956333 8.95887872078858e-15
3669.2287886221357 9.630087861142827e-15
3672.1764478486384 9.868812563551421e-15
3675.124107075141 9.341438784147252e-15
3678.071766301644 8.953959870107914e-15
3681.0194255281467 8.635133091691468e-15
3683.967084754649 9.042175672607897e-15
3686.914743981152 1.0091154315611859e-14
3689.8624032076546 1.0216939780255048e-14
3692.810062434157 9.85088957554036e-15
3695.75772166066 9.60053812525816e-15
3698.705380887163 9.45229554758966e-15
3701.653040113665 1.0509766624844952e-14
3704.600699340168 1.1116433898216989e-14
3707.5483585666702 1.0749888249810583e-14
3710.4960177931735 1.0272992772978263e-14
3713.443677019676 9.971925578676327e-15
3716.3913362461785 1.0302908062639012e-14
3719.3389954726813 1.0431786360389828e-14
3722.286654699184 1.010152585883492e-14
3725.2343139256864 9.741424793653078e-15
3728.1819731521996 9.84391115579721e-15
3731.129632378702 9.77454337826687e-15
3734.0772916052047 9.898367432031963e-15
3737.0249508317074 1.0112208248256866e-14
3739.9726100582097 1.0283077950318919e-14
3742.920269284713 1.0482177627007474e-14
3745.8679285112157 1.0729983507440369e-14
3748.815587737718 1.0682206328591631e-14
3751.763246964221 1.0671160357933793e-14
3754.710906190723 1.0546453418243673e-14
3757.6585654172263 1.0464713236337625e-14
3760.606224643729 1.0411048211513108e-14
3763.5538838702314 1.0794293434476613e-14
3766.501543096734 1.0837413434843817e-14
3769.449202323237 1.0259734846731196e-14
3772.3968615497392 1.0019639624882402e-14
3775.3445207762425 1.0220007569460302e-14
3778.2921800027448 1.0513950794173831e-14
3781.2398392292475 1.0803931712539843e-14
3784.1874984557503 1.030190847310761e-14
3787.1351576822526 1.0314429525733712e-14
3790.082816908756 1.0811138198470109e-14
3793.0304761352686 1.002779269970506e-14
3795.978135361771 9.618340000510002e-15
3798.9257945882737 9.571868333612215e-15
3801.873453814776 9.85358475533809e-15
3804.821113041279 9.945789775817554e-15
3807.768772267782 1.0155514090936e-14
3810.7164314942843 1.0318799490378204e-14
3813.664090720787 9.9571580737358e-15
3816.61174994729 1.0783083115845771e-14
3819.559409173792 1.1229129288974271e-14
3822.5070684002953 1.0728617378785755e-14
3825.4547276267976 1.0633114972487935e-14
3828.4023868533004 1.0454495535314361e-14
3831.350046079803 1.040755539476366e-14
3834.2977053063055 1.0482868186803224e-14
3837.2453645328087 1.054229845759737e-14
3840.1930237593115 1.062040222864847e-14
3843.140682985814 1.049571152938619e-14
3846.0883422123165 1.0425293496009547e-14
3849.0360014388193 1.097654205592939e-14
3851.983660665322 1.1481783485862322e-14
3854.931319891835 1.0899476612344961e-14
3857.878979118337 1.0440324169752403e-14
3860.82663834484 1.0908895273747993e-14
3863.7742975713427 1.1127291974944032e-14
3866.721956797845 1.1820208831780359e-14
3869.669616024348 1.2156177629785262e-14
3872.6172752508505 1.1298744371399654e-14
3875.5649344773533 1.1407002610875243e-14
3878.512593703856 1.1708116098519556e-14
3881.4602529303584 1.1599114620624828e-14
3884.4079121568616 1.1586980358218582e-14
3887.3555713833643 1.183610976616231e-14
3890.3032306098667 1.1978386136897609e-14
3893.2508898363694 1.2254066915655575e-14
3896.198549062872 1.1868193278936282e-14
3899.1462082893745 1.1320072576987863e-14
3902.0938675158777 1.217287452058705e-14
3905.04152674238 1.2541093826124347e-14
3907.989185968883 1.2062667804773907e-14
3910.9368451953856 1.2218212502127145e-14
3913.884504421888 1.1935527464809068e-14
3916.832163648401 1.2263135930808047e-14
3919.7798228749034 1.2350206971751135e-14
3922.727482101406 1.1889073271581915e-14
3925.675141327909 1.1652556401060688e-14
3928.6228005544112 1.1290028236468807e-14
3931.5704597809145 1.1571817900842233e-14
3934.518119007417 1.2281265559799585e-14
3937.4657782339195 1.2919024415582037e-14
3940.4134374604223 1.2447678912097884e-14
3943.3610966869246 1.1806027403621236e-14
3946.3087559134274 1.2018732308572796e-14
3949.2564151399306 1.222196529879926e-14
3952.204074366433 1.2361770043180528e-14
3955.1517335929357 1.2140155898375946e-14
3958.0993928194384 1.1762477925167986e-14
3961.0470520459407 1.222180494389955e-14
3963.994711272444 1.2882906613159847e-14
3966.9423704989467 1.2545138410840372e-14
3969.890029725449 1.2092700529263365e-14
3972.837688951952 1.2533649293594191e-14
3975.785348178454 1.3153052749515031e-14
3978.7330074049573 1.3195167894557414e-14
3981.68066663146 1.2263349580947945e-14
3984.6283258579624 1.1858659939603737e-14
3987.575985084475 1.2148459540932517e-14
3990.5236443109775 1.2355729167168642e-14
3993.4713035374803 1.2629668791229965e-14
3996.4189627639835 1.3000307544320714e-14
3999.366621990486 1.3105011293758238e-14
4002.3142812169885 1.2811965224163733e-14
4005.2619404434913 1.2639224941678777e-14
4008.2095996699936 1.3052701627809191e-14
4011.157258896497 1.3364148679818321e-14
4014.1049181229996 1.2904080416576705e-14
4017.052577349502 1.2634413900093096e-14
4020.0002365760047 1.2340305324574741e-14
4022.947895802507 1.2164734487844666e-14
4025.8955550290098 1.2870706003422958e-14
4028.843214255513 1.272874998166768e-14
4031.7908734820153 1.2144700214311652e-14
4034.738532708518 1.2440454232872286e-14
4037.686191935021 1.2325974945294656e-14
4040.633851161523 1.1955828131543169e-14
4043.5815103880263 1.2386226199732796e-14
4046.5291696145287 1.2880813044843079e-14
4049.4768288410414 1.3111553664812148e-14
4052.424488067534 1.3412666820444764e-14
4055.3721472940465 1.3519704153331494e-14
4058.3198065205497 1.3845582288403424e-14
4061.2674657470525 1.3721560250873806e-14
4064.215124973555 1.315651533360495e-14
4067.1627842000576 1.2691652991269676e-14
4070.11044342656 1.3002144081926197e-14
4073.0581026530626 1.3416202008085231e-14
4076.005761879566 1.3215700360330315e-14
4078.953421106068 1.3255846617004971e-14
4081.901080332571 1.3271733881942976e-14
4084.8487395590737 1.2843160508230455e-14
4087.796398785576 1.2879153146291815e-14
4090.7440580120788 1.3469790765206587e-14
4093.691717238581 1.3723642905514916e-14
4096.639376465084 1.3375636233754977e-14
4099.5870356915875 1.2825001397041648e-14
4102.53469491809 1.2915506971253692e-14
4105.482354144592 1.3638908462994533e-14
4108.430013371095 1.3776525449880139e-14
4111.377672597598 1.3310029928446446e-14
4114.32533182411 1.3251440322003676e-14
4117.272991050613 1.2755183318606201e-14
4120.220650277116 1.2589435735616228e-14
4123.168309503618 1.3169331693004772e-14
4126.115968730121 1.319417785116452e-14
4129.063627956624 1.2931052567073616e-14
4132.011287183127 1.28438816811645e-14
4134.95894640963 1.2813848184212398e-14
4137.906605636132 1.2663111525466643e-14
4140.854264862634 1.2819626527112612e-14
4143.801924089137 1.28151544008199e-14
4146.74958331564 1.2506261651474693e-14
4149.697242542143 1.2942476626862549e-14
4152.644901768645 1.3100889700122871e-14
4155.592560995147 1.3107414883741623e-14
4158.54022022165 1.3111784310931881e-14
4161.487879448154 1.3163501509216068e-14
4164.4355386746565 1.296462645392699e-14
4167.383197901159 1.318292891617982e-14
4170.330857127661 1.3510815429066816e-14
4173.278516354164 1.309441061365119e-14
4176.226175580667 1.3215873486362227e-14
4179.173834807179 1.3725666389324324e-14
4182.121494033682 1.3720454682556469e-14
4185.069153260184 1.3551462668868096e-14
4188.016812486687 1.355112605664416e-14
4190.96447171319 1.327497342181224e-14
4193.912130939693 1.3149519801728886e-14
4196.859790166196 1.3224642063205195e-14
4199.807449392698 1.321863789162549e-14
4202.755108619201 1.3314233348665945e-14
4205.702767845703 1.3628577113725146e-14
4208.650427072206 1.3814105735319757e-14
4211.598086298709 1.3718682583403601e-14
4214.545745525212 1.3470958375771875e-14
4217.493404751714 1.3214576071902339e-14
4220.441063978216 1.307696942711866e-14
4223.388723204719 1.3350998518069588e-14
4226.336382431223 1.3568290949574698e-14
4229.2840416577255 1.3757473264946109e-14
4232.231700884227 1.341614633233278e-14
4235.17936011073 1.3184295231324038e-14
4238.127019337233 1.3100991395582384e-14
4241.074678563736 1.3010400651153125e-14
4244.022337790238 1.2728834778821773e-14
4246.96999701675 1.2485580276584398e-14
4249.917656243253 1.2851168688970519e-14
4252.865315469756 1.3511348054187254e-14
4255.8129746962595 1.34674853591326e-14
4258.760633922762 1.3274804557060675e-14
4261.708293149265 1.3187957874509273e-14
4264.655952375767 1.3094526774991011e-14
4267.60361160227 1.3210546072724419e-14
4270.551270828772 1.337439138687911e-14
4273.498930055275 1.3511713073317182e-14
4276.446589281778 1.359069419564724e-14
4279.39424850828 1.36836605449721e-14
4282.341907734783 1.3897351640679267e-14
4285.289566961285 1.363488564670865e-14
4288.237226187789 1.332396899343919e-14
4291.184885414292 1.3448957266220732e-14
4294.132544640794 1.3454673088511205e-14
4297.080203867296 1.3264637383866827e-14
4300.027863093799 1.3008683610112932e-14
4302.975522320312 1.3047724293356556e-14
4305.923181546815 1.3565673708931144e-14
4308.8708407733075 1.3678151821602976e-14
4311.818499999819 1.3300452266785546e-14
4314.766159226322 1.3292493562291357e-14
4317.713818452825 1.350217350408596e-14
4320.6614776793285 1.3171815788850062e-14
4323.609136905831 1.2967963005037632e-14
4326.556796132333 1.3117983304019333e-14
4329.504455358836 1.3286110287351594e-14
4332.452114585339 1.3262100221219734e-14
4335.399773811841 1.3165606695322256e-14
4338.347433038344 1.3308161991087776e-14
4341.295092264846 1.339217986909443e-14
4344.242751491349 1.3228439504949556e-14
4347.190410717852 1.2979898929511758e-14
4350.138069944354 1.2905739499856076e-14
4353.085729170858 1.2900061533505082e-14
4356.033388397361 1.3045219625735682e-14
4358.981047623863 1.3055582186179656e-14
4361.928706850365 1.3247214605762416e-14
4364.876366076878 1.3277691421902095e-14
4367.824025303371 1.2970503333160917e-14
4370.771684529884 1.2667333290051008e-14
4373.719343756386 1.2927924986018573e-14
4376.667002982888 1.3359568585190692e-14
4379.614662209391 1.3433059004850938e-14
4382.562321435895 1.3443170720356402e-14
4385.5099806623975 1.3324721242248862e-14
4388.457639888899 1.3170767141299342e-14
4391.405299115402 1.3072657902880981e-14
4394.352958341905 1.304634686876499e-14
4397.300617568408 1.3053766966113551e-14
4400.24827679491 1.2969554778723548e-14
4403.195936021413 1.301822105908532e-14
4406.143595247915 1.2981906136334994e-14
4409.091254474418 1.3374635000075287e-14
4412.038913700921 1.3736635172285707e-14
4414.986572927424 1.3353425106970351e-14
4417.934232153927 1.3127894379188625e-14
4420.881891380429 1.3238855437925916e-14
4423.829550606932 1.3247730953080431e-14
4426.777209833434 1.3309457986561618e-14
4429.724869059947 1.3669199172615783e-14
4432.67252828644 1.3687027125800865e-14
4435.620187512942 1.3604259957089458e-14
4438.567846739455 1.3435912179576301e-14
4441.515505965957 1.3307884063883575e-14
4444.46316519246 1.319743541367742e-14
4447.410824418964 1.3029851343918238e-14
4450.358483645467 1.3262487027607901e-14
4453.306142871968 1.3338804555334852e-14
4456.253802098471 1.3127369977726378e-14
4459.201461324974 1.3313161391351996e-14
4462.149120551477 1.3466939212962967e-14
4465.0967797779795 1.3326662870251664e-14
4468.044439004481 1.343174281383232e-14
4470.992098230984 1.3603985000066262e-14
4473.939757457487 1.3660116540305805e-14
4476.8874166839905 1.355937293374413e-14
4479.835075910493 1.3443341409062034e-14
4482.782735136995 1.3394047495455919e-14
4485.730394363498 1.3743582543842346e-14
4488.678053590001 1.4081788035583745e-14
4491.625712816503 1.4017158009504522e-14
4494.573372043006 1.3841288422157098e-14
4497.521031269519 1.3792654053246722e-14
4500.468690496011 1.4086852670510668e-14
4503.416349722524 1.424898929920936e-14
4506.364008949026 1.4228491863018305e-14
4509.31166817553 1.4045330300502786e-14
4512.259327402033 1.3841714543417e-14
4515.206986628535 1.3596203104464693e-14
4518.154645855037 1.3772731605113068e-14
4521.10230508154 1.384152275242894e-14
4524.049964308043 1.3616638383043776e-14
4526.997623534546 1.3831616430542443e-14
4529.945282761048 1.387693176474563e-14
4532.89294198755 1.3614656530563524e-14
4535.840601214053 1.3456682543846851e-14
4538.788260440556 1.3624648658826619e-14
4541.7359196670595 1.3728548742730153e-14
4544.683578893562 1.356069392839997e-14
4547.631238120064 1.3602349693771959e-14
4550.578897346567 1.375191545424099e-14
4553.52655657307 1.3538907967955602e-14
4556.474215799572 1.3365080420158662e-14
4559.421875026075 1.350788603516209e-14
4562.369534252577 1.3534147128498725e-14
4565.31719347909 1.3758515105626589e-14
4568.264852705593 1.4064689882309615e-14
4571.212511932095 1.3646192695263862e-14
4574.160171158599 1.3373409671195382e-14
4577.107830385101 1.3500362613083213e-14
4580.055489611604 1.3909253922952237e-14
4583.003148838106 1.3960920366701963e-14
4585.950808064609 1.3831537324177721e-14
4588.898467291112 1.3870481665546486e-14
4591.846126517615 1.366664127242083e-14
4594.793785744117 1.3567270622678891e-14
4597.741444970619 1.3848503967076507e-14
4600.689104197122 1.3685567893042562e-14
4603.636763423626 1.3385234464752084e-14
4606.5844226501285 1.3379512986980592e-14
4609.53208187663 1.3550010013228653e-14
4612.479741103133 1.3724493178847002e-14
4615.427400329636 1.3744013580660232e-14
4618.375059556139 1.3595299456063684e-14
4621.3227187826415 1.3453463114858779e-14
4624.270378009143 1.3418148939802053e-14
4627.218037235656 1.322515580466105e-14
4630.165696462159 1.334507192978248e-14
4633.113355688662 1.3778179034814223e-14
4636.061014915165 1.3601122569745136e-14
4639.008674141668 1.3464411380573804e-14
4641.95633336817 1.3547968668344368e-14
4644.903992594673 1.3484107341136438e-14
4647.851651821175 1.361864573767531e-14
4650.799311047678 1.3776765990480048e-14
4653.746970274181 1.3795655071413662e-14
4656.694629500683 1.37484275952305e-14
4659.642288727186 1.3822067376526424e-14
4662.589947953688 1.3737439408099546e-14
4665.537607180191 1.3455123989231486e-14
4668.485266406695 1.3252607254504168e-14
4671.432925633197 1.3307505211234705e-14
4674.380584859699 1.3852439051311445e-14
4677.328244086202 1.3739415328043891e-14
4680.275903312705 1.355567984063007e-14
4683.223562539208 1.3600615067723775e-14
4686.1712217657105 1.382213020225417e-14
4689.118880992222 1.3675238622490352e-14
4692.066540218725 1.3571385615809434e-14
4695.014199445228 1.3529569103275274e-14
4697.961858671731 1.3515157735857109e-14
4700.909517898234 1.3450174113335871e-14
4703.857177124736 1.3522301250562733e-14
4706.804836351239 1.3850103067226828e-14
4709.752495577742 1.4018060998514085e-14
4712.700154804244 1.4066212361152927e-14
4715.647814030747 1.3943851758213231e-14
4718.595473257249 1.375669084150718e-14
4721.543132483752 1.3540256000389793e-14
4724.490791710255 1.3503896440761962e-14
4727.438450936757 1.3498163252658402e-14
4730.386110163261 1.360658592159779e-14
4733.333769389764 1.3668741294366291e-14
4736.281428616266 1.3877349915919685e-14
4739.229087842768 1.3890468021509267e-14
4742.176747069271 1.3911027588210757e-14
4745.124406295774 1.4000365147649187e-14
4748.072065522287 1.3912161452671894e-14
4751.019724748779 1.3784033771680346e-14
4753.967383975291 1.3721381244598615e-14
4756.915043201794 1.373560068571467e-14
4759.862702428297 1.3723763072558334e-14
4762.8103616548005 1.3871640544829193e-14
4765.758020881302 1.3890383836912231e-14
4768.705680107805 1.3738154214115226e-14
4771.653339334308 1.3927637739296942e-14
4774.600998560811 1.3910951835982377e-14
4777.5486577873135 1.3943102213528791e-14
4780.496317013816 1.4165768870564748e-14
4783.443976240318 1.4209402245952841e-14
4786.391635466821 1.4076494420102517e-14
4789.339294693324 1.3993249725246983e-14
4792.286953919826 1.4023386684384277e-14
4795.23461314633 1.4069203231795547e-14
4798.182272372832 1.3991193542525863e-14
4801.129931599335 1.4177658714603875e-14
4804.077590825837 1.4472382081523632e-14
4807.02525005234 1.4283315561314324e-14
4809.972909278843 1.4138645906300185e-14
4812.920568505345 1.4142469203554418e-14
4815.868227731848 1.4417315166743698e-14
4818.81588695836 1.4569307457688868e-14
4821.763546184863 1.427615520716074e-14
4824.711205411366 1.4294374489162067e-14
4827.65886463787 1.4478076470405064e-14
4830.606523864371 1.4090739705491214e-14
4833.554183090874 1.4168230927177196e-14
4836.501842317377 1.4531072965648104e-14
4839.44950154388 1.439741233805203e-14
4842.3971607703825 1.428150901712742e-14
4845.344819996884 1.4277620696707348e-14
4848.292479223387 1.400277978928825e-14
4851.24013844989 1.4004166721682127e-14
4854.187797676393 1.42333544397532e-14
4857.135456902896 1.42963897876587e-14
4860.083116129398 1.4464868828752042e-14
4863.030775355901 1.4719502142214838e-14
4865.978434582404 1.507719503904124e-14
4868.926093808906 1.508435082286425e-14
4871.873753035409 1.483024593514325e-14
4874.821412261912 1.470984708176355e-14
4877.769071488414 1.4788608521516245e-14
4880.716730714927 1.4805107649615305e-14
4883.664389941429 1.481382641216367e-14
4886.612049167932 1.4764005659601464e-14
4889.559708394436 1.4590705765048154e-14
4892.507367620938 1.4769457881326125e-14
4895.45502684744 1.481779486130167e-14
4898.402686073943 1.4763228857501445e-14
4901.350345300446 1.4878602138639525e-14
4904.298004526949 1.5056162851822792e-14
4907.245663753451 1.5214789123627648e-14
4910.193322979953 1.518478963548098e-14
4913.140982206456 1.5206906735794892e-14
4916.088641432959 1.509790289532214e-14
4919.036300659462 1.5247704223188864e-14
4921.983959885965 1.5482551372637115e-14
4924.931619112467 1.5419566214284455e-14
4927.87927833897 1.537439010169621e-14
4930.826937565473 1.5256026889048082e-14
4933.7745967919755 1.5295300094442846e-14
4936.722256018478 1.535052587970767e-14
4939.66991524498 1.544890144213588e-14
4942.617574471483 1.5555253456371364e-14
4945.565233697996 1.5452717660796484e-14
4948.512892924488 1.562616603531295e-14
4951.460552151001 1.5473018524715244e-14
4954.408211377504 1.5326376523800222e-14
4957.355870604007 1.5619980663846644e-14
4960.303529830509 1.574608126857454e-14
4963.251189057012 1.5680714897387346e-14
4966.198848283515 1.5449158588607536e-14
4969.146507510018 1.549117250848841e-14
4972.09416673652 1.5874308859527595e-14
4975.041825963022 1.589905797677221e-14
4977.989485189525 1.580002735346099e-14
4980.937144416028 1.5663513116250662e-14
4983.884803642532 1.5712930804058234e-14
4986.832462869033 1.6042317937801217e-14
4989.780122095536 1.6211239103491046e-14
4992.727781322039 1.61546602902489e-14
4995.675440548542 1.6014659170516702e-14
4998.6230997750445 1.625225574785521e-14
5001.570759001547 1.634548445813156e-14
5004.518418228049 1.6241174125676307e-14
5007.466077454562 1.6441027852957537e-14
5010.413736681065 1.633673560247191e-14
5013.361395907567 1.6275324964856244e-14
5016.309055134071 1.6551977161099508e-14
5019.256714360573 1.6668514281728854e-14
5022.204373587076 1.6622539967135827e-14
5025.152032813578 1.6382419678051503e-14
5028.099692040081 1.612157251089373e-14
5031.047351266584 1.6229316590531877e-14
5033.995010493086 1.6496636937505444e-14
5036.942669719589 1.6523153913953194e-14
5039.890328946091 1.6675287559260065e-14
5042.837988172594 1.686178654723719e-14
5045.785647399097 1.6969236911857962e-14
5048.733306625601 1.7016432803737454e-14
5051.680965852102 1.694567278636873e-14
5054.628625078605 1.698403088828557e-14
5057.576284305108 1.7409667237928525e-14
5060.523943531611 1.744052616982825e-14
5063.4716027581135 1.7084795083573454e-14
5066.419261984615 1.6667677365469726e-14
5069.366921211118 1.6536096707457222e-14
5072.314580437631 1.6642419497147147e-14
5075.262239664124 1.6932164536314866e-14
5078.209898890636 1.7219602291985306e-14
5081.157558117139 1.732149830355809e-14
5084.105217343642 1.7204408387432502e-14
5087.052876570145 1.725589518313583e-14
5090.0005357966475 1.7540397714786612e-14
5092.94819502315 1.7523904863284193e-14
5095.895854249652 1.727485185276818e-14
5098.843513476155 1.703814318247693e-14
5101.791172702658 1.7081073268629423e-14
5104.73883192916 1.715804452425939e-14
5107.686491155663 1.7209738842260926e-14
5110.634150382167 1.710045791857646e-14
5113.581809608669 1.6885156065633236e-14
5116.529468835171 1.6906862199870328e-14
5119.477128061674 1.709963133111259e-14
5122.424787288177 1.7130816283404692e-14
5125.37244651468 1.706602193669059e-14
5128.320105741182 1.697372557286033e-14
5131.267764967684 1.6897605139577794e-14
5134.215424194187 1.680637878981561e-14
5137.16308342069 1.688065102803114e-14
5140.110742647203 1.691638723990161e-14
5143.058401873705 1.669064805551445e-14
5146.006061100208 1.6862216133686073e-14
5148.953720326711 1.7063662173388388e-14
5151.901379553214 1.6931190006056922e-14
5154.8490387797165 1.6949452284397742e-14
5157.796698006219 1.6927221497791576e-14
5160.744357232721 1.6713725717156387e-14
5163.692016459224 1.6718265198638742e-14
5166.639675685727 1.698850895097497e-14
5169.587334912229 1.708514145190539e-14
5172.534994138732 1.6968116030381357e-14
5175.482653365235 1.6650521874881487e-14
5178.430312591738 1.661157179358383e-14
5181.37797181824 1.670243607232374e-14
5184.325631044743 1.651263917914667e-14
5187.273290271246 1.64240427262012e-14
5190.220949497749 1.6438513319572346e-14
5193.168608724251 1.650080959915688e-14
5196.116267950753 1.657469713212945e-14
5199.063927177256 1.6499959387365307e-14
5202.011586403769 1.646735028850283e-14
5204.959245630263 1.645054600426364e-14
5207.906904856774 1.6478075995090668e-14
5210.854564083277 1.6488293265988334e-14
5213.80222330978 1.6278061723224017e-14
5216.749882536283 1.634304420760421e-14
5219.6975417627855 1.6664795988240557e-14
5222.645200989287 1.6507170180221918e-14
5225.59286021579 1.614718791998785e-14
5228.540519442293 1.5983334808545113e-14
5231.488178668796 1.606645957391726e-14
5234.435837895298 1.5969749671317767e-14
5237.383497121802 1.5761960946398127e-14
5240.331156348304 1.5758260172121307e-14
5243.278815574807 1.5662927128631094e-14
5246.226474801309 1.5470573363269513e-14
5249.174134027812 1.549644108992374e-14
5252.121793254315 1.5593131007932048e-14
5255.069452480817 1.556098790437917e-14
5258.01711170732 1.5590047902490942e-14
5260.964770933832 1.5627762478195753e-14
5263.912430160335 1.549176126473862e-14
5266.860089386828 1.528182122487988e-14
5269.807748613341 1.5369907234200815e-14
5272.755407839843 1.5402888184304625e-14
5275.703067066346 1.5080381277308073e-14
5278.650726292849 1.492402375283071e-14
5281.598385519352 1.499780994696155e-14
5284.5460447458545 1.5058284577279017e-14
5287.493703972356 1.5026977433298073e-14
5290.441363198859 1.493107822428959e-14
5293.389022425362 1.489981098128834e-14
5296.336681651865 1.4943055482176363e-14
5299.284340878367 1.4946346361928352e-14
5302.23200010487 1.497403646754883e-14
5305.179659331373 1.491822072596577e-14
5308.127318557876 1.4577015965256316e-14
5311.0749777843785 1.443581936962699e-14
5314.022637010881 1.4512688186659048e-14
5316.970296237383 1.457268140799774e-14
5319.917955463886 1.469539707191709e-14
5322.865614690389 1.4865421719200507e-14
5325.813273916891 1.4752428185524344e-14
5328.760933143404 1.447893096224734e-14
5331.708592369908 1.427078542371097e-14
5334.65625159641 1.4305531895622463e-14
5337.603910822912 1.4347952106747124e-14
5340.551570049415 1.4204676880603101e-14
5343.499229275918 1.4141105536976108e-14
5346.446888502421 1.4351262444496693e-14
5349.394547728923 1.4207197686174786e-14
5352.342206955425 1.4134030902711418e-14
5355.289866181928 1.428715442189167e-14
5358.237525408431 1.4108122217343414e-14
5361.185184634934 1.3706526561437282e-14
5364.132843861436 1.381970808920488e-14
5367.080503087939 1.4113786265079516e-14
5370.028162314442 1.4053623046435963e-14
5372.975821540945 1.3837459969652416e-14
5375.9234807674475 1.3632102896527883e-14
5378.87113999395 1.3734383983482977e-14
5381.818799220452 1.4021518952755896e-14
5384.766458446955 1.4088403534867266e-14
5387.714117673458 1.3883134419931505e-14
5390.66177689997 1.36520848931071e-14
5393.609436126473 1.3731041068809644e-14
5396.557095352976 1.3893099443892477e-14
5399.504754579479 1.3777173150691418e-14
5402.452413805981 1.3690304281720965e-14
5405.400073032484 1.3589739023685609e-14
5408.347732258987 1.3489488891164706e-14
5411.295391485489 1.3458375528906673e-14
5414.243050711992 1.3626555691522935e-14
5417.190709938494 1.3714671726082391e-14
5420.138369164997 1.3509823944441013e-14
5423.0860283915 1.3248901543311844e-14
5426.033687618003 1.3182638201656236e-14
5428.981346844505 1.3268957646559467e-14
5431.929006071008 1.3466832828798037e-14
5434.876665297511 1.3545409960150561e-14
5437.824324524014 1.344073295691249e-14
5440.7719837505165 1.332010204480898e-14
5443.719642977018 1.3152260459857381e-14
5446.667302203521 1.3049127585379212e-14
5449.614961430024 1.301224347766739e-14
5452.562620656537 1.2898640495351296e-14
5455.510279883029 1.2782601829673016e-14
5458.457939109542 1.286243199108633e-14
5461.405598336035 1.300145782245859e-14
5464.353257562548 1.3043551166693172e-14
5467.3009167890505 1.3106792334045148e-14
5470.248576015553 1.3003371559296474e-14
5473.196235242056 1.2727818874789086e-14
5476.143894468558 1.276571601485454e-14
5479.091553695061 1.2903163230891301e-14
5482.039212921563 1.2915874639955794e-14
5484.986872148066 1.2915231389875076e-14
5487.934531374569 1.2828142957048151e-14
5490.882190601072 1.2719754840129372e-14
5493.829849827574 1.2681168673305141e-14
5496.777509054077 1.2914266440459932e-14
5499.72516828058 1.293428033345453e-14
5502.672827507083 1.2628197086285559e-14
5505.620486733585 1.2585537149407768e-14
5508.568145960087 1.2848438297969247e-14
5511.51580518659 1.2899875194424712e-14
5514.463464413093 1.2752516783095907e-14
5517.411123639596 1.2797945921441462e-14
5520.358782866098 1.2660544752332661e-14
5523.306442092611 1.2345170176621636e-14
5526.254101319114 1.2325127033225379e-14
5529.201760545617 1.2374189535661117e-14
5532.1494197721195 1.2475429083120947e-14
5535.097078998622 1.2569546229844697e-14
5538.044738225124 1.2547375078238239e-14
5540.992397451627 1.2507859524288196e-14
5543.94005667813 1.2544864488810023e-14
5546.887715904632 1.2620408909027451e-14
5549.835375131135 1.2554661056964456e-14
5552.783034357637 1.235716082226393e-14
5555.730693584141 1.2020701026186887e-14
5558.678352810643 1.1622716879129121e-14
5561.626012037146 1.1885953250683065e-14
5564.573671263649 1.2385424982068329e-14
5567.521330490152 1.2358893532505644e-14
5570.468989716654 1.2203354744052233e-14
5573.416648943156 1.1725564664155851e-14
5576.364308169659 1.1364282653358271e-14
5579.311967396162 1.1449261145878912e-14
5582.259626622675 1.1575124263864797e-14
5585.207285849177 1.1676708216244355e-14
5588.15494507568 1.1784626889266435e-14
5591.102604302183 1.1674017298925502e-14
5594.050263528686 1.1525214659681623e-14
5596.9979227551885 1.1406313787954305e-14
5599.94558198169 1.1491682893315896e-14
5602.893241208193 1.165774236514429e-14
5605.840900434696 1.1591451087469643e-14
5608.788559661199 1.1540679464084149e-14
5611.736218887701 1.1542098837069678e-14
5614.683878114204 1.1635712279391856e-14
5617.631537340707 1.1717741182834462e-14
5620.57919656721 1.158006397751733e-14
5623.5268557937125 1.1410949599902659e-14
5626.474515020215 1.1380363018777522e-14
5629.422174246718 1.1481122851141599e-14
5632.36983347322 1.1461624502115402e-14
5635.317492699723 1.1267932076703674e-14
5638.265151926225 1.1275759823119735e-14
5641.212811152728 1.1322726105628386e-14
5644.160470379231 1.1252975623525939e-14
5647.108129605733 1.11208355271142e-14
5650.055788832236 1.0874314512426716e-14
5653.003448058739 1.0877589518054661e-14
5655.951107285252 1.0933889121806352e-14
5658.898766511755 1.0931197588759046e-14
5661.8464257382575 1.0958471218238321e-14
5664.794084964759 1.0880761078823397e-14
5667.741744191262 1.0930806182432565e-14
5670.689403417765 1.0933724081061596e-14
5673.637062644268 1.0907950270414833e-14
5676.58472187077 1.0987313495405682e-14
5679.532381097273 1.089395804755235e-14
5682.480040323776 1.0770245482957499e-14
5685.427699550279 1.0732208874444143e-14
5688.3753587767815 1.0609326569465826e-14
5691.323018003284 1.0506649035936301e-14
5694.270677229786 1.05468454244518e-14
5697.218336456289 1.0730867622589458e-14
5700.165995682792 1.0799558075125721e-14
5703.113654909294 1.0804339216153446e-14
5706.061314135797 1.0811140804464437e-14
5709.0089733623 1.0817993927711887e-14
5711.956632588813 1.0824754135099344e-14
5714.904291815305 1.0831510846795815e-14
5717.851951041818 1.0838268641401303e-14
5720.799610268321 1.0845028657979929e-14
5723.747269494824 1.0851787451870456e-14
5726.694928721326 1.0858545016902407e-14
5729.642587947828 1.0865303638151232e-14
5732.590247174331 1.087085709426518e-14
5735.537906400834 1.0886004501052777e-14
5738.485565627337 1.0845435464588287e-14
5741.4332248538385 1.0640098953489105e-14
5744.380884080342 1.0499198754471409e-14
5747.328543306845 1.0561112839432823e-14
5750.276202533348 1.059499147107447e-14
5753.2238617598505 1.05137226733844e-14
5756.171520986353 1.03721167469775e-14
5759.119180212855 1.0130939987088649e-14
5762.066839439358 1.0110333449101254e-14
5765.014498665861 1.035607780607417e-14
5767.962157892363 1.0330439904980459e-14
5770.909817118866 1.0253168590583305e-14
5773.857476345378 1.0385847989315807e-14
5776.805135571872 1.0313993957975331e-14
5779.752794798374 1.0265814649630417e-14
5782.700454024887 1.0317743621384577e-14
5785.64811325139 1.0140159971357612e-14
5788.595772477892 9.994743932441811e-15
5791.543431704395 1.0135413705259074e-14
5794.491090930897 1.0276807251055908e-14
5797.4387501574 1.0186441620160299e-14
5800.386409383903 1.0217545700141655e-14
5803.334068610406 1.0149297100402748e-14
5806.281727836908 1.0063060021700656e-14
5809.229387063411 1.0095014085283599e-14
5812.177046289914 1.0076901294628615e-14
5815.124705516417 9.96252043179074e-15
5818.0723647429195 1.0006462663316688e-14
5821.020023969421 1.0147451989844792e-14
5823.967683195924 1.0205866758017953e-14
5826.915342422427 1.0150107053795968e-14
5829.86300164893 1.0044716813992933e-14
5832.810660875432 9.866180832851047e-15
5835.758320101944 9.758490948484656e-15
5838.705979328438 9.862269981603686e-15
5841.653638554941 9.971596176439052e-15
5844.6012977814535 9.801336569190323e-15
5847.548957007956 9.777216266717739e-15
5850.496616234459 1.0023401418894242e-14
5853.444275460961 1.000893265435032e-14
5856.391934687464 9.817132957867038e-15
5859.339593913966 9.740028699647266e-15
5862.287253140469 9.905902531778744e-15
5865.234912366972 1.0052721639434279e-14
5868.182571593474 9.82297450939277e-15
5871.130230819977 9.462575851027611e-15
5874.07789004648 9.242921797572085e-15
5877.025549272983 9.519990842294939e-15
5879.973208499486 9.853432449110868e-15
5882.920867725988 9.675798310636685e-15
5885.86852695249 9.459088746921245e-15
5888.816186178993 9.38022472925826e-15
5891.763845405496 9.460788511972993e-15
5894.711504631999 9.646376538512175e-15
5897.659163858501 9.890532034133454e-15
5900.606823085003 9.870128580452366e-15
5903.554482311507 9.754148346257406e-15
5906.50214153802 9.726193458468388e-15
5909.4498007645225 9.610939517214817e-15
5912.397459991025 9.697297846693221e-15
5915.345119217527 9.83743533746104e-15
5918.29277844403 9.698027084351271e-15
5921.240437670533 9.535866597225389e-15
5924.188096897035 9.544566526461048e-15
5927.135756123538 9.615250917007455e-15
5930.08341535004 9.761105599234894e-15
5933.031074576544 9.709524008979228e-15
5935.978733803046 9.482147838739702e-15
5938.926393029549 9.520038993035388e-15
5941.874052256052 9.682670924835787e-15
5944.821711482555 9.753717800896091e-15
5947.769370709057 9.845267130771573e-15
5950.717029935559 9.992559693834235e-15
5953.664689162062 1.0118311557567325e-14
5956.612348388565 1.0088081325516193e-14
5959.560007615068 9.929357260146031e-15
5962.5076668415695 9.922162312307954e-15
5965.455326068073 1.003241552532516e-14
5968.402985294586 1.0240316619473567e-14
5971.350644521079 1.0358313057374431e-14
5974.2983037475915 1.0112087139817915e-14
5977.245962974093 9.955470291625072e-15
5980.193622200596 1.027623147715407e-14
5983.141281427099 1.0423439312691648e-14
5986.088940653602 1.015072507509464e-14
5989.036599880104 9.959122622112432e-15
5991.984259106607 1.0087146306210127e-14
5994.931918333109 1.0131607804607728e-14
5997.879577559613 1.0080046348826441e-14
6000.8272367861155 1.0201506291809106e-14
6003.774896012618 1.0381855618414234e-14
6006.722555239121 1.0410584154946996e-14
6009.670214465623 1.0283326623793645e-14
6012.617873692126 1.0147515765864414e-14
6015.565532918628 1.0176822026456046e-14
6018.513192145131 1.0224931650662233e-14
6021.460851371634 1.0262631723915118e-14
6024.408510598136 1.0334269108231219e-14
6027.3561698246385 1.0285134305792031e-14
6030.303829051142 1.0184706779315525e-14
6033.251488277645 1.0181428778860524e-14
6036.199147504158 1.0307181997571436e-14
6039.1468067306605 1.0354654721635791e-14
6042.094465957162 1.015249438439764e-14
6045.042125183665 1.0089448728996587e-14
6047.989784410168 1.0282330055104399e-14
6050.937443636671 1.0430458312037436e-14
6053.885102863173 1.0402426727725624e-14
6056.832762089675 1.0249681083514926e-14
6059.780421316179 1.0153027569230438e-14
6062.728080542682 1.029189145936734e-14
6065.6757397691845 1.042708524923303e-14
6068.623398995687 1.0170400636785251e-14
6071.571058222189 9.957006275329756e-15
6074.518717448692 1.0116344250639014e-14
6077.466376675195 1.0326703270713713e-14
6080.414035901697 1.0333479173798034e-14
6083.3616951282 1.0125564651063506e-14
6086.309354354703 9.973437546933242e-15
6089.257013581205 1.0136883585290112e-14
6092.204672807708 1.0370359962808604e-14
6095.152332034211 1.0322361246783512e-14
6098.099991260724 1.009821015580324e-14
6101.047650487227 1.0143203827601295e-14
6103.995309713729 1.0277862198405496e-14
6106.942968940231 1.0184630159308814e-14
6109.890628166734 1.0186630640989479e-14
6112.838287393237 1.0376119101536504e-14
6115.78594661974 1.0487430109010787e-14
6118.7336058462415 1.0319349200392295e-14
6121.681265072744 1.0099232142849998e-14
6124.628924299248 1.0155349162431737e-14
6127.576583525751 1.032002526180683e-14
6130.5242427522535 1.0364342833950188e-14
6133.471901978756 1.0255306316047516e-14
6136.419561205258 1.0174895018222925e-14
6139.367220431761 1.0176919325627339e-14
6142.314879658264 1.0124566131216441e-14
6145.262538884766 1.0117835119138167e-14
6148.210198111269 1.0139745474495679e-14
6151.157857337771 1.0213221544899565e-14
6154.105516564275 1.0392643774965467e-14
6157.0531757907775 1.0419965119799086e-14
6160.00083501728 1.0330959385060933e-14
6162.948494243793 1.0314586625489644e-14
6165.896153470286 1.0342930362720416e-14
6168.843812696798 1.037305970610153e-14
6171.7914719233 1.0478179526505128e-14
6174.739131149803 1.0435895959753867e-14
6177.686790376306 1.012322721281088e-14
6180.634449602809 9.940642850081899e-15
6183.5821088293105 9.888604241684578e-15
6186.529768055814 9.948716445335671e-15
6189.477427282317 1.0193688640111741e-14
6192.42508650882 1.0288156580305988e-14
6195.3727457353225 1.0305237560013349e-14
6198.320404961824 1.0273405370489934e-14
6201.268064188327 1.0084311464120941e-14
6204.21572341483 1.0046745755865412e-14
6207.163382641333 1.0180116740354074e-14
6210.111041867835 1.0280358176445622e-14
6213.058701094338 1.0238685913094595e-14
6216.00636032084 1.0008839786770863e-14
6218.954019547344 9.825410534304257e-15
6221.9016787738465 9.87580763752087e-15
6224.849338000349 1.003584980658327e-14
6227.796997226862 1.026928713961756e-14
6230.744656453364 1.0432430851770024e-14
6233.692315679867 1.0287746972460725e-14
6236.639974906369 1.0007500990997486e-14
6239.587634132872 9.952410695386227e-15
6242.535293359375 9.992826287159283e-15
6245.482952585877 9.859084775377921e-15
6248.4306118123795 9.749463178918358e-15
6251.378271038883 9.762057834115477e-15
6254.325930265386 9.785113569754533e-15
6257.273589491889 9.808786381055245e-15
6260.2212487183915 9.724621553909399e-15
6263.168907944893 9.550656227562189e-15
6266.116567171396 9.63570883859321e-15
6269.064226397899 9.887091686357843e-15
6272.011885624402 9.942782353459294e-15
6274.959544850904 9.829195653040688e-15
6277.907204077406 9.584786261849305e-15
6280.85486330391 9.43329317942084e-15
6283.802522530413 9.507259951039936e-15
6286.7501817569255 9.675898520312564e-15
6289.697840983418 9.897709833124444e-15
6292.64550020993 1.0039003388464134e-14
6295.593159436433 9.99948272933301e-15
6298.540818662936 9.89479927621568e-15
6301.488477889438 9.741633622002644e-15
6304.436137115941 9.5445198449948e-15
6307.383796342444 9.494851058308415e-15
6310.331455568946 9.642885932220752e-15
6313.2791147954495 9.71120262994983e-15
6316.226774021952 9.691673764289902e-15
6319.174433248455 9.81951495190891e-15
6322.122092474958 9.93215216048824e-15
6325.06975170146 9.871121846243398e-15
6328.017410927962 9.681768424591693e-15
6330.965070154465 9.464282297431147e-15
6333.912729380968 9.450058585344207e-15
6336.860388607471 9.578421273522754e-15
6339.8080478339725 9.581901455628195e-15
6342.755707060475 9.37596406928968e-15
6345.703366286979 9.167008796735303e-15
6348.651025513482 9.286115414347955e-15
6351.5986847399845 9.54376829959545e-15
6354.546343966496 9.583394537355803e-15
6357.494003192989 9.531241444406983e-15
6360.441662419502 9.534239023693859e-15
6363.389321646005 9.523232430312419e-15
6366.336980872507 9.48521142930854e-15
6369.28464009901 9.532157960522004e-15
6372.232299325512 9.624171825204716e-15
6375.179958552015 9.50693264795391e-15
6378.1276177785185 9.283687752017139e-15
6381.075277005021 9.340051207773809e-15
6384.022936231524 9.537536403406173e-15
6386.970595458026 9.573188529837783e-15
6389.918254684529 9.58853360976015e-15
6392.865913911031 9.54793791326706e-15
6395.813573137534 9.403495860309266e-15
6398.761232364037 9.426397676582671e-15
6401.70889159054 9.617319475621597e-15
6404.6565508170415 9.691598466361027e-15
6407.604210043545 9.495927068144017e-15
6410.551869270048 9.345639583761769e-15
6413.499528496551 9.407857833717018e-15
6416.4471877230635 9.286784494503862e-15
6419.394846949565 9.0305983693213e-15
6422.342506176068 9.099264056909641e-15
6425.290165402571 9.314680977143547e-15
6428.237824629074 9.277397800958887e-15
6431.185483855576 9.215888848696135e-15
6434.133143082078 9.39167260231538e-15
6437.080802308581 9.471582395636634e-15
6440.028461535085 9.353079748354744e-15
6442.9761207615875 9.240076796847989e-15
6445.92377998809 9.040103707468759e-15
6448.871439214593 8.935401628508126e-15
6451.819098441095 9.044906798510306e-15
6454.766757667598 9.009085389960637e-15
6457.7144168941 8.858579198871367e-15
6460.662076120603 8.819539401708152e-15
6463.609735347106 8.77545119801992e-15
6466.557394573608 8.709930823340179e-15
6469.5050538001105 8.755129086048941e-15
6472.452713026614 8.909498721409247e-15
6475.400372253117 8.977981421158703e-15
6478.34803147962 8.860455603313253e-15
6481.295690706122 8.749581656510171e-15
6484.243349932634 8.76005890855996e-15
6487.191009159127 8.828169692062632e-15
6490.13866838564 8.879389059460017e-15
6493.086327612143 8.911319228082272e-15
6496.033986838645 8.810803977550883e-15
6498.981646065147 8.494242351006552e-15
6501.92930529165 8.395212946904147e-15
6504.876964518154 8.664476179719765e-15
6507.8246237446565 8.784477209560994e-15
6510.772282971159 8.700191526017846e-15
6513.719942197661 8.677282203750427e-15
6516.667601424164 8.666660168867358e-15
6519.615260650667 8.638206308736672e-15
6522.562919877169 8.597622513900516e-15
6525.510579103672 8.589721356732875e-15
6528.458238330174 8.635512970411203e-15
6531.405897556677 8.606572692899555e-15
6534.3535567831805 8.549715478213612e-15
6537.301216009683 8.511251746552967e-15
6540.248875236196 8.373365178799101e-15
6543.196534462689 8.226608556093496e-15
6546.144193689191 8.233281046387706e-15
6549.091852915703 8.197870699946486e-15
6552.039512142206 8.164155853023827e-15
6554.987171368709 8.294841855889933e-15
6557.934830595212 8.291356663737889e-15
6560.8824898217135 8.284728756151721e-15
6563.830149048216 8.279716540125125e-15
6566.77780827472 8.27442029339858e-15
6569.725467501223 8.269128652257007e-15
6572.6731267277255 8.263834904241293e-15
6575.620785954227 8.25854352223252e-15
6578.56844518073 8.253253386524827e-15
6581.516104407233 8.247964495912208e-15
6584.463763633736 8.241648214484623e-15
6587.411422860238 8.243741789341459e-15
6590.359082086741 8.199459957519137e-15
6593.306741313243 8.012849593162127e-15
6596.254400539746 7.945028157825069e-15
6599.2020597662495 8.034097034121206e-15
6602.149718992752 8.012290203658379e-15
6605.097378219265 8.047179934123407e-15
6608.045037445757 8.068622419677412e-15
6610.99269667226 7.978722340023936e-15
6613.940355898772 7.996011439600815e-15
6616.888015125275 8.080318274697015e-15
6619.835674351778 7.978033458098792e-15
6622.78333357828 7.79160165537726e-15
6625.7309928047825 7.759684272028671e-15
6628.678652031285 7.838126450180096e-15
6631.626311257789 7.7374148106814e-15
6634.573970484292 7.632849210926523e-15
6637.5216297107945 7.862212606809526e-15
6640.469288937296 7.949436104789401e-15
6643.416948163799 7.680618906566813e-15
6646.364607390302 7.634855265658232e-15
6649.312266616805 7.798254328443859e-15
6652.259925843307 7.800113503119384e-15
6655.207585069809 7.764783449176289e-15
6658.155244296312 7.713750011298887e-15
6661.102903522816 7.595962807281101e-15
6664.0505627493185 7.566763787288838e-15
6666.998221975821 7.704325342310038e-15
6669.945881202323 7.815515811548687e-15
6672.893540428836 7.72248913973717e-15
6675.841199655339 7.630187061934212e-15
6678.788858881841 7.651767591154282e-15
6681.736518108344 7.625989428506752e-15
6684.684177334847 7.606883688223239e-15
6687.631836561349 7.55857634269158e-15
6690.579495787852 7.415268490491659e-15
6693.527155014355 7.390628356821655e-15
6696.474814240858 7.455930028918124e-15
6699.422473467361 7.448470417935455e-15
6702.370132693863 7.514251971403665e-15
6705.317791920365 7.661963569100117e-15
6708.265451146868 7.541206284089699e-15
6711.213110373371 7.307168282086925e-15
6714.160769599874 7.329061458897424e-15
6717.1084288263755 7.36267302840026e-15
6720.056088052878 7.34423741577209e-15
6723.003747279381 7.351008732552812e-15
6725.951406505885 7.293177743779528e-15
6728.8990657323875 7.241925138128091e-15
6731.84672495889 7.175386334797674e-15
6734.794384185392 7.16682420232733e-15
6737.742043411895 7.181250895600549e-15
6740.689702638408 7.146825740998542e-15
6743.63736186491 7.28304237763683e-15
6746.585021091413 7.426825676113827e-15
6749.532680317915 7.297896796148337e-15
6752.480339544418 7.0451264726683985e-15
6755.4279987709215 6.998057568046447e-15
6758.375657997424 7.0397023748767665e-15
6761.323317223927 6.886109915808584e-15
6764.270976450429 6.784671258606562e-15
6767.218635676932 6.871720801771034e-15
6770.166294903434 6.950272049986312e-15
6773.113954129937 6.9742815905681864e-15
6776.06161335644 6.915805368374895e-15
6779.009272582943 6.863485581951368e-15
6781.9569318094445 6.88782551257149e-15
6784.904591035947 6.866984629186079e-15
6787.852250262451 6.7640169996763355e-15
6790.799909488954 6.7457782285570725e-15
6793.7475687154565 6.89935757863509e-15
6796.695227941958 6.842279604335345e-15
6799.642887168461 6.579945091416698e-15
6802.590546394974 6.563885561059212e-15
6805.538205621477 6.563409026966372e-15
6808.485864847979 6.38568307607049e-15
6811.433524074481 6.395047516268964e-15
6814.381183300984 6.563806357118498e-15
6817.328842527487 6.724058488142483e-15
6820.2765017539905 6.810267921239208e-15
6823.224160980493 6.633715876145658e-15
6826.171820206996 6.385721724712283e-15
6829.119479433498 6.294364822114387e-15
6832.067138660001 6.238342883283009e-15
6835.014797886503 6.230202078249569e-15
6837.962457113006 6.327641285723674e-15
6840.910116339509 6.331140141379011e-15
6843.857775566011 6.337299690087007e-15
6846.805434792514 6.4450314402437685e-15
6849.753094019016 6.268968776475375e-15
6852.70075324552 5.815601092215596e-15
6855.648412472023 5.3301310745288145e-15
6858.596071698525 4.913352404763555e-15
6861.543730925027 4.75495926116295e-15
6864.49139015154 5.005329674060667e-15
6867.439049378043 5.3712454611487044e-15
6870.386708604536 5.473680790681128e-15
6873.334367831048 5.392953242553249e-15
6876.28202705755 5.334335829111146e-15
6879.229686284053 5.316910617457556e-15
6882.177345510557 5.181405188820585e-15
6885.1250047370595 5.016284847411172e-15
6888.072663963562 5.059099601419382e-15
6891.020323190064 5.211524138342771e-15
6893.967982416567 5.361254757657765e-15
6896.91564164307 5.4970771227154875e-15
6899.863300869572 5.5814860316838045e-15
6902.810960096075 5.5706914393294315e-15
6905.758619322577 5.585827296184399e-15
6908.70627854908 5.569503428311776e-15
6911.653937775583 5.403672197267504e-15
6914.601597002086 5.249267204943548e-15
6917.549256228589 5.354998991099402e-15
6920.496915455092 5.557460202545958e-15
6923.444574681594 5.464995735712234e-15
6926.392233908096 5.275185025374684e-15
6929.339893134599 5.238076876835899e-15
6932.287552361102 5.293475975941913e-15
6935.235211587615 5.333883517809948e-15
6938.1828708141165 5.190499903119431e-15
6941.130530040619 4.977643963218885e-15
6944.078189267122 4.925760448654464e-15
6947.025848493626 5.028799516658389e-15
6949.9735077201285 5.118061435466249e-15
6952.92116694663 5.1793465092789195e-15
6955.868826173133 5.308158485192816e-15
6958.816485399636 5.338207431582445e-15
6961.764144626139 5.1930828343159155e-15
6964.711803852641 5.164886676224179e-15
6967.659463079144 5.229034047558231e-15
6970.607122305646 5.082933307355543e-15
6973.554781532149 4.891238872480918e-15
6976.502440758652 4.9113735722976e-15
6979.450099985155 4.979846639106572e-15
6982.397759211658 4.864676073583355e-15
6985.34541843816 4.724840186073696e-15
6988.293077664663 4.811031643289603e-15
6991.240736891165 4.88728229688871e-15
6994.188396117678 4.8068520638506565e-15
6997.136055344181 4.684234581146303e-15
7000.083714570683 4.5864879860783315e-15
7003.031373797186 4.565732327544074e-15
7005.979033023688 4.554857196545424e-15
7008.926692250192 4.533608824234783e-15
7011.874351476695 4.541028223405598e-15
7014.8220107031975 4.5635158481172695e-15
7017.769669929699 4.553543218486043e-15
7020.717329156202 4.510735049434102e-15
7023.664988382705 4.483439113055946e-15
7026.612647609208 4.468752617975563e-15
7029.56030683571 4.500856605976801e-15
7032.507966062212 4.569468619360003e-15
7035.455625288715 4.6723017328872454e-15
7038.403284515218 4.7082699745586e-15
7041.3509437417215 4.645839820085587e-15
7044.298602968224 4.567645785006354e-15
7047.246262194726 4.4768635836377036e-15
7050.193921421229 4.496583789147779e-15
7053.141580647732 4.6356864808312614e-15
7056.089239874234 4.647428237045434e-15
7059.036899100747 4.5866344418561165e-15
7061.98455832724 4.622025330105176e-15
7064.932217553752 4.61127055668398e-15
7067.879876780255 4.580104380826414e-15
7070.827536006757 4.592400843029966e-15
7073.775195233261 4.4778041082413265e-15
7076.722854459764 4.357871631013969e-15
7079.670513686266 4.348693521974055e-15
7082.618172912768 4.2984278002724634e-15
7085.565832139271 4.218753405636104e-15
7088.513491365774 4.2076235286758896e-15
7091.461150592277 4.25107410296392e-15
7094.4088098187785 4.3373507355493825e-15
7097.356469045281 4.369166195118414e-15
7100.304128271784 4.4027008237055276e-15
7103.251787498287 4.38658924957022e-15
7106.1994467247905 4.171108315813926e-15
7109.147105951293 4.114309143814861e-15
7112.094765177795 4.243421479850918e-15
7115.042424404308 4.208696714244873e-15
7117.990083630801 4.154302638401384e-15
7120.937742857313 4.250136878564457e-15
7123.885402083806 4.2699116067931295e-15
7126.833061310308 4.179901115405036e-15
7129.780720536821 4.130455578097439e-15
7132.728379763324 4.1300406498567344e-15
7135.676038989827 4.07872219326297e-15
7138.62369821633 3.9542988009194835e-15
7141.571357442832 3.801366231826805e-15
7144.519016669335 3.765753969786114e-15
7147.466675895837 3.844745031901429e-15
7150.41433512234 3.868170511219066e-15
7153.361994348843 3.909470327783238e-15
7156.309653575346 3.845563259415632e-15
7159.257312801848 3.652123674313559e-15
7162.20497202835 3.4953365401486584e-15
7165.152631254853 3.3218991646142253e-15
7168.100290481357 3.2733525054050444e-15
7171.0479497078595 3.3883811349003324e-15
7173.995608934361 3.401482343799989e-15
7176.943268160864 3.3187039323724824e-15
7179.890927387367 3.2283864941020134e-15
7182.83858661387 3.191372606939791e-15
7185.786245840382 3.305770006837927e-15
7188.733905066875 3.51818100583399e-15
7191.681564293387 3.705300729600038e-15
7194.62922351989 3.7184402062304184e-15
7197.576882746393 3.573796171209054e-15
7200.524541972896 3.5508861946288393e-15
7203.472201199399 3.633332618025717e-15
7206.419860425901 3.6877086594044546e-15
7209.367519652404 3.783450033979057e-15
7212.315178878906 3.823223775978134e-15
7215.262838105409 3.804077690741105e-15
7218.210497331912 3.7735511846348345e-15
7221.158156558414 3.635888376263998e-15
7224.105815784917 3.666209429989587e-15
7227.053475011419 3.8965678729499774e-15
7230.001134237923 3.878861529869113e-15
7232.948793464426 3.663188983909758e-15
7235.896452690928 3.580927674495679e-15
7238.84411191743 3.6319161321940785e-15
7241.791771143933 3.647861267520198e-15
7244.739430370446 3.595694591600306e-15
7247.687089596939 3.606657056350916e-15
7250.634748823441 3.695345683602941e-15
7253.582408049943 3.770861131564672e-15
7256.530067276456 3.80148314667132e-15
7259.477726502959 3.846981706149782e-15
7262.4253857294625 3.9359743877986165e-15
7265.373044955965 3.899842240354084e-15
7268.320704182467 3.773489610622481e-15
7271.26836340897 3.7620904976812036e-15
7274.216022635473 3.735182468542341e-15
7277.163681861975 3.588275055692215e-15
7280.111341088478 3.496375103876716e-15
7283.05900031498 3.5099198961537446e-15
7286.006659541483 3.5356815273928234e-15
7288.954318767986 3.595513208128271e-15
7291.901977994488 3.5868977318750044e-15
7294.849637220992 3.4107583410248764e-15
7297.797296447495 3.41944577508273e-15
7300.744955673997 3.6661739010815254e-15
7303.692614900499 3.853063164956869e-15
7306.640274127002 4.036012744074916e-15
7309.587933353505 4.083408986889759e-15
7312.535592580008 3.920324655449596e-15
7315.4832518065095 3.868947078637967e-15
7318.430911033022 3.827446505541398e-15
7321.378570259525 3.743437060628247e-15
7324.326229486028 3.9438173195134045e-15
7327.2738887125315 4.199037625746252e-15
7330.221547939033 4.2515316752018115e-15
7333.169207165536 4.162804795105506e-15
7336.116866392039 3.917549096247388e-15
7339.064525618542 3.8340625451750476e-15
7342.012184845044 4.031722920786436e-15
7344.959844071547 4.0762710558030455e-15
7347.907503298049 3.907234004114732e-15
7350.855162524552 3.884020940723014e-15
7353.802821751055 4.07116159973466e-15
7356.750480977558 4.175679619419655e-15
7359.698140204061 4.1006229892610095e-15
7362.645799430563 4.032588993201007e-15
7365.593458657066 4.044904884990957e-15
7368.541117883568 4.0377006589710824e-15
7371.488777110071 4.0749393922359505e-15
7374.436436336574 4.2875127094818e-15
7377.384095563086 4.431286072427054e-15
7380.331754789579 4.2179173101246844e-15
7383.279414016091 4.002730716389012e-15
7386.227073242594 4.058503793627997e-15
7389.174732469098 4.1636794916510724e-15
7392.1223916956005 4.110946567198103e-15
7395.070050922102 3.959400543909448e-15
7398.017710148605 4.047549486134472e-15
7400.965369375108 4.277475827604051e-15
7403.913028601611 4.30319049639707e-15
7406.860687828113 4.189983704702632e-15
7409.808347054615 4.1214592506287086e-15
7412.756006281118 4.0689879966342644e-15
7415.703665507621 3.984275027559391e-15
7418.651324734124 3.8257406171713716e-15
7421.598983960627 3.750511716065921e-15
7424.54664318713 3.887435690309048e-15
7427.494302413632 3.9846963500297126e-15
7430.441961640135 3.995363309853316e-15
7433.389620866637 4.081144377288816e-15
7436.33728009314 4.168156039683683e-15
7439.284939319643 4.135076568915516e-15
7442.232598546155 3.985717167763748e-15
7445.180257772648 3.842839922863063e-15
7448.12791699916 3.785679568866631e-15
7451.075576225663 3.6751255649501434e-15
7454.023235452167 3.590819564264437e-15
7456.970894678669 3.784364145354483e-15
7459.918553905171 3.9600805061430336e-15
7462.866213131674 3.906857553741062e-15
7465.813872358177 3.959455033175264e-15
7468.76153158468 4.1375523396842426e-15
7471.709190811182 4.2023623409289684e-15
7474.656850037684 4.1243871836308984e-15
7477.604509264187 3.9861752250105365e-15
7480.55216849069 3.916826537733357e-15
7483.4998277171935 3.917388756365309e-15
7486.447486943696 3.899599040383353e-15
7489.395146170198 3.966253076713667e-15
7492.342805396701 4.1375026455340496e-15
7495.290464623204 4.249305033656583e-15
7498.238123849706 4.314594750488728e-15
7501.185783076209 4.36561182461461e-15
7504.133442302711 4.243395492073434e-15
7507.081101529214 4.075137382263017e-15
7510.028760755727 4.154948581163879e-15
7512.976419982229 4.366095632325682e-15
7515.924079208733 4.3498286388222245e-15
7518.871738435236 4.0175166202809265e-15
7521.819397661738 3.772957447502935e-15
7524.76705688824 3.92989475048155e-15
7527.714716114743 4.246002446460998e-15
7530.662375341246 4.299280974906473e-15
7533.610034567749 4.1679470883789594e-15
7536.557693794251 4.178902245779494e-15
7539.505353020753 4.2345140935297655e-15
7542.453012247256 4.136534968091686e-15
7545.400671473759 3.9898595543015455e-15
7548.3483307002625 3.845835195667497e-15
7551.295989926764 3.8429314571977594e-15
7554.243649153267 4.131308304654054e-15
7557.19130837977 4.383622617963042e-15
7560.138967606273 4.369609057198601e-15
7563.086626832775 4.255976665470238e-15
7566.034286059278 4.208442746811212e-15
7568.98194528578 4.2026926923170075e-15
7571.929604512293 4.1599052023179726e-15
7574.877263738796 4.032133867522433e-15
7577.824922965288 3.760878302338655e-15
7580.772582191802 3.2421965620532057e-15
7583.720241418304 2.5572748837185003e-15
7586.667900644807 2.0713116291236113e-15
7589.615559871309 1.905741258675177e-15
7592.563219097812 1.8776864816964763e-15
7595.510878324315 2.0234558562351115e-15
7598.458537550817 2.280220658604172e-15
7601.40619677732 2.501053402859916e-15
7604.353856003822 2.833574696975122e-15
7607.301515230325 3.0272679219311e-15
7610.249174456829 2.827611513341795e-15
7613.1968336833315 2.57000486314931e-15
7616.144492909833 2.5753069825099513e-15
7619.092152136336 2.7699030974029162e-15
7622.039811362839 2.7882249755709665e-15
7624.987470589342 2.7256627077294853e-15
7627.935129815844 2.865396944710197e-15
7630.882789042346 2.979986465466079e-15
7633.830448268849 3.0287432183111697e-15
7636.778107495352 3.2431390381931968e-15
7639.725766721865 3.5139877500115353e-15
7642.673425948368 3.596512665105189e-15
7645.62108517487 3.585640554127461e-15
7648.568744401373 3.68084649274327e-15
7651.516403627876 3.752570680330554e-15
7654.464062854378 3.7890792146638685e-15
7657.411722080881 3.934651893841156e-15
7660.359381307384 4.172878731539133e-15
7663.307040533886 4.3917902710911645e-15
7666.254699760389 4.442939864546891e-15
7669.202358986891 4.386405954404374e-15
7672.150018213394 4.289964299528552e-15
7675.097677439898 4.215111199413207e-15
7678.0453366664 4.112626474207024e-15
7680.992995892902 3.9618157947097545e-15
7683.940655119405 4.0078154580786864e-15
7686.888314345918 4.1948529336119355e-15
7689.835973572411 4.355833061913826e-15
7692.783632798913 4.448831203340471e-15
7695.731292025415 4.447457469770107e-15
7698.678951251918 4.532061923891144e-15
7701.626610478431 4.693898473902054e-15
7704.574269704934 4.707089311462486e-15
7707.521928931437 4.559563571470361e-15
7710.469588157939 4.330862759471861e-15
7713.417247384442 4.070475854252461e-15
7716.364906610945 4.0438135142466425e-15
7719.312565837447 4.17935769061404e-15
7722.26022506395 4.245070277922899e-15
7725.207884290452 4.323096159712014e-15
7728.155543516955 4.354476280343389e-15
7731.103202743458 4.451609484289615e-15
7734.05086196996 4.738852729015495e-15
7736.998521196464 4.8258830682645436e-15
7739.946180422966 4.650831033285232e-15
7742.893839649469 4.463830698155536e-15
7745.841498875971 4.3706691578831445e-15
7748.789158102474 4.35998786062304e-15
7751.736817328977 4.3187812119905265e-15
7754.68447655548 4.247192559232869e-15
7757.632135781982 4.280500030470161e-15
7760.579795008494 4.581966422347556e-15
7763.527454234987 4.908390324441278e-15
7766.47511346149 4.961379308791069e-15
7769.4227726880035 4.842383701315452e-15
7772.370431914505 4.6397432938276834e-15
7775.318091141008 4.3523729131224144e-15
7778.265750367511 4.1351946168786825e-15
7781.213409594014 4.216856535993985e-15
7784.161068820516 4.4541801123897974e-15
7787.108728047018 4.485790484900724e-15
7790.056387273521 4.357857854532049e-15
7793.004046500024 4.48552845561384e-15
7795.951705726527 4.7563878046864116e-15
7798.899364953029 4.7461249256766594e-15
7801.847024179533 4.666963590617276e-15
7804.794683406035 4.772608441255457e-15
7807.742342632538 4.704550617766423e-15
7810.69000185904 4.402300457653051e-15
7813.637661085543 4.162073971353447e-15
7816.585320312046 4.136340928177548e-15
7819.532979538548 4.3438436466887336e-15
7822.480638765051 4.579554434005856e-15
7825.428297991553 4.78938504681672e-15
7828.375957218056 4.911044020739128e-15
7831.32361644457 4.819844120204197e-15
7834.271275671072 4.718701728674196e-15
7837.218934897564 4.7708135341821114e-15
7840.166594124077 4.8326144045811396e-15
7843.11425335058 4.720221166875429e-15
7846.061912577083 4.488743855888311e-15
7849.0095718035855 4.457953018806835e-15
7851.957231030087 4.614232261933694e-15
7854.90489025659 4.790008523828274e-15
7857.852549483093 5.009345929670833e-15
7860.800208709596 5.176533453242072e-15
7863.747867936099 5.128870574812685e-15
7866.695527162601 4.7630312963047745e-15
7869.643186389104 4.411164497090082e-15
7872.590845615607 4.4406655241854984e-15
7875.538504842109 4.606443459431719e-15
7878.486164068612 4.76935559194173e-15
7881.433823295114 4.790465212711848e-15
7884.381482521617 4.542363040555436e-15
7887.32914174812 4.4453047972855026e-15
7890.276800974622 4.521790462563055e-15
7893.224460201135 4.632188688667369e-15
7896.172119427639 4.9955719635662915e-15
7899.119778654131 5.372675835679955e-15
7902.067437880643 5.345219606165861e-15
7905.015097107146 5.0585735449497454e-15
7907.962756333649 4.713893910229796e-15
7910.910415560152 4.441237511376719e-15
7913.858074786654 4.463135798887709e-15
7916.805734013156 4.683765387898547e-15
7919.753393239659 4.884082739052098e-15
7922.701052466162 5.096624332064578e-15
7925.648711692665 5.255964085155902e-15
7928.596370919167 5.1131326422490155e-15
7931.54403014567 4.951949344695006e-15
7934.491689372173 5.034093648243206e-15
7937.439348598676 5.04700357061406e-15
7940.387007825178 4.9448279987026834e-15
7943.334667051681 4.693445793530177e-15
7946.282326278183 4.390467208102384e-15
7949.229985504686 4.474207413325722e-15
7952.177644731189 4.880335647967483e-15
7955.125303957691 5.087329614693338e-15
7958.072963184205 5.014335744098473e-15
7961.020622410697 5.05837664325647e-15
7963.96828163721 5.257011991616134e-15
7966.915940863712 5.2423926499596e-15
7969.863600090215 4.990891872660345e-15
7972.811259316718 4.757295554574177e-15
7975.75891854322 4.6935959900778924e-15
7978.706577769723 4.809744917528556e-15
7981.654236996225 4.9767055922439176e-15
7984.601896222728 5.0430649846205794e-15
7987.549555449231 4.934844949562917e-15
7990.4972146757345 4.927245410385165e-15
7993.444873902236 5.1213844894308396e-15
7996.392533128739 5.351457704330631e-15
7999.340192355242 5.456380916396586e-15
8002.287851581745 5.306360321335051e-15
8005.235510808247 5.124247144072931e-15
8008.183170034749 5.00602802156301e-15
8011.130829261252 4.948808675899468e-15
8014.078488487755 5.034206402168121e-15
8017.026147714258 5.222659617677915e-15
8019.97380694076 5.2720359739844334e-15
8022.921466167273 5.260070548340897e-15
8025.869125393776 5.465726578714263e-15
8028.816784620279 5.686372240679874e-15
8031.764443846781 5.484115333566716e-15
8034.712103073284 5.203043594582836e-15
8037.659762299787 5.317284545070904e-15
8040.607421526289 5.363203039098653e-15
8043.555080752792 5.13341067754922e-15
8046.502739979294 5.057049855877542e-15
8049.450399205797 5.286782297245631e-15
8052.3980584323 5.552045410553167e-15
8055.345717658803 5.64769833750367e-15
8058.293376885305 5.663800652453158e-15
8061.241036111808 5.677065909115756e-15
8064.188695338311 5.608273109163273e-15
8067.136354564814 5.449498302550082e-15
8070.084013791316 5.3009115603923574e-15
8073.031673017818 5.111433018538058e-15
8075.979332244321 4.9565018096718824e-15
8078.926991470834 5.032063314335184e-15
8081.874650697327 5.143271482999848e-15
8084.82230992384 5.29734585674735e-15
8087.769969150342 5.607622091543856e-15
8090.717628376835 5.807551760648602e-15
8093.665287603348 5.7356148827154486e-15
8096.61294682985 5.549097178846031e-15
8099.560606056353 5.415232773112316e-15
8102.508265282855 5.2095226255999135e-15
8105.455924509358 4.945597040190165e-15
8108.403583735861 4.805814576930548e-15
8111.351242962363 4.854159003639505e-15
8114.298902188866 5.067446450425536e-15
8117.246561415369 5.161409161635933e-15
8120.194220641872 5.2472888256482176e-15
8123.141879868374 5.362067220132352e-15
8126.089539094877 5.281023691516603e-15
8129.03719832138 5.213570330197361e-15
8131.984857547883 5.131240149024027e-15
8134.932516774385 4.893146630795141e-15
8137.880176000887 4.77384770328721e-15
8140.8278352274 4.884433398805206e-15
8143.775494453893 4.859758541579364e-15
8146.723153680396 4.6476636405102396e-15
8149.670812906898 4.700866131847998e-15
8152.618472133401 5.042686995237741e-15
8155.566131359914 5.402718481739108e-15
8158.513790586417 5.525998897639718e-15
8161.461449812919 5.455137423597254e-15
8164.409109039421 5.3830758088061646e-15
8167.356768265924 5.266456898728465e-15
8170.304427492427 5.026684214857631e-15
8173.25208671893 4.818138506221599e-15
8176.199745945432 4.723056114158278e-15
8179.147405171936 4.7497277601385354e-15
8182.095064398437 5.003030890711602e-15
8185.042723624941 5.289391599620165e-15
8187.9903828514425 5.413028071997366e-15
8190.938042077946 5.648020276451023e-15
8193.885701304447 5.933927783756648e-15
8196.83336053095 5.842627823090468e-15
8199.781019757454 5.5278655174421805e-15
8202.728678983956 5.335294010853997e-15
8205.67633821046 5.177393916610349e-15
8208.623997436962 4.8791241467642404e-15
8211.571656663466 4.4890116644256095e-15
8214.519315889967 4.3176611261256294e-15
8217.46697511648 4.55619190189437e-15
8220.414634342982 5.0148689090445076e-15
8223.362293569484 5.437280811918833e-15
8226.309952795988 5.670586193691206e-15
8229.257612022491 5.790921366476958e-15
8232.205271248993 5.870062261213354e-15
8235.152930475497 5.685589897489178e-15
8238.100589701999 5.429590075333096e-15
8241.048248928502 5.456802344541833e-15
8243.995908155004 5.37536813103764e-15
8246.943567381508 5.119515102732996e-15
8249.89122660801 5.102578503283008e-15
8252.838885834512 5.278170477432715e-15
8255.786545061013 5.473205672121853e-15
8258.734204287517 5.654631098718589e-15
8261.68186351402 5.884618227373893e-15
8264.629522740523 6.0116217325460684e-15
8267.577181967026 5.72309328012595e-15
8270.524841193528 5.2473553206215816e-15
8273.472500420032 5.0904448688925204e-15
8276.420159646545 5.164688290379494e-15
8279.367818873037 5.251522860403001e-15
8282.315478099548 5.354105338827532e-15
8285.26313732605 5.449822774218258e-15
8288.210796552554 5.536973310139312e-15
8291.158455779057 5.731766323627241e-15
8294.10611500556 5.884416201593317e-15
8297.053774232063 5.799332319983295e-15
8300.001433458565 5.507725820799669e-15
8302.949092685069 5.19388174685192e-15
8305.89675191157 5.17533665302688e-15
8308.844411138074 5.2657190423342174e-15
8311.792070364576 5.305661743550856e-15
8314.739729591078 5.1838723103955774e-15
8317.68738881758 5.096969626325836e-15
8320.635048044083 5.486547534986456e-15
8323.582707270587 5.896987003407113e-15
8326.530366497089 5.989823933115738e-15
8329.478025723593 6.2204828396422144e-15
8332.425684950094 6.3754290345259424e-15
8335.373344176598 6.056113817866964e-15
8338.3210034031 5.621886987752483e-15
8341.268662629604 5.312265870850474e-15
8344.216321856116 5.098196336350666e-15
8347.163981082616 4.983954257119445e-15
8350.11164030912 5.021817260504595e-15
8353.059299535622 5.1235260383439015e-15
8356.006958762126 5.186234767094382e-15
8358.95461798863 5.405567933405161e-15
8361.902277215131 5.6969135171535365e-15
8364.849936441635 5.878219139649415e-15
8367.797595668137 5.723998060709789e-15
8370.74525489464 5.193207511954562e-15
8373.692914121142 5.0274648406489846e-15
8376.640573347644 5.2984380917236206e-15
8379.588232574146 5.3650034369645354e-15
8382.53589180065 5.1709977174204274e-15
8385.483551027153 5.121819061723779e-15
8388.431210253655 5.163349099162886e-15
8391.378869480159 5.145696935142518e-15
8394.32652870666 5.427370167092453e-15
8397.274187933164 5.94738115759468e-15
8400.221847159666 5.95666589307625e-15
8403.16950638617 5.4798727981766876e-15
8406.117165612683 5.125374770492637e-15
8409.064824839183 5.093319496813022e-15
8412.012484065675 5.284204125105806e-15
8414.960143292179 5.199585874756129e-15
8417.907802518692 4.827396869501177e-15
8420.855461745195 4.883013818288763e-15
8423.803120971697 5.1875232508560124e-15
8426.750780198201 5.243029276227537e-15
8429.698439424703 5.4795875223119486e-15
8432.646098651207 5.961735961376549e-15
8435.593757877708 6.109638622352429e-15
8438.541417104212 5.866795022568518e-15
8441.489076330712 5.5731958333140345e-15
8444.436735557216 5.3563770542956855e-15
8447.384394783718 5.313416865461174e-15
8450.332054010221 5.33414105634378e-15
8453.279713236725 5.050133825299788e-15
8456.227372463227 4.713954330157972e-15
8459.17503168973 4.785497472602094e-15
8462.122690916232 5.202509499829602e-15
8465.070350142736 5.599089064777885e-15
8468.018009369238 5.682957205746604e-15
8470.965668595742 5.615940145915959e-15
8473.913327822242 5.436099707558523e-15
8476.860987048754 5.150962109370193e-15
8479.808646275258 5.036529980405289e-15
8482.756305501762 4.9469321206205745e-15
8485.703964728264 4.824585079845163e-15
8488.651623954767 4.809842257109617e-15
8491.59928318127 4.7074771728673716e-15
8494.546942407773 4.59625643021295e-15
8497.494601634275 4.872166952955309e-15
8500.442260860778 5.256891156139866e-15
8503.389920087278 5.582774302148933e-15
8506.337579313782 5.764591606396538e-15
8509.285238540284 5.536281332259772e-15
8512.232897766788 5.240228770670927e-15
8515.180556993291 5.009643639120057e-15
8518.128216219793 4.807562587884545e-15
8521.075875446297 4.794791045281729e-15
8524.023534672799 4.851747955529336e-15
8526.971193899302 4.7327246489210734e-15
8529.918853125804 4.519368402931075e-15
8532.866512352308 4.615549818656293e-15
8535.814171578808 4.982421609967159e-15
8538.76183080532 5.0449997041964945e-15
8541.709490031824 4.9313999096954654e-15
8544.657149258328 5.1049793828047205e-15
8547.60480848483 5.1362356855402624e-15
8550.552467711334 4.933605363702266e-15
8553.500126937835 4.811220508325322e-15
8556.447786164339 4.667244637806361e-15
8559.39544539084 4.6746748551640355e-15
8562.343104617345 4.813038260438211e-15
8565.290763843846 4.787736175376739e-15
8568.238423070348 4.719788275557516e-15
8571.18608229685 4.878009349965572e-15
8574.133741523354 5.0967988099136826e-15
8577.081400749857 5.2037943861180905e-15
8580.02905997636 5.187478834508795e-15
8582.976719202863 4.948669301982509e-15
8585.924378429365 4.72398449791556e-15
8588.872037655869 4.817095009868653e-15
8591.81969688237 4.876884222254605e-15
8594.767356108874 4.619382432702826e-15
8597.715015335374 4.340014503276796e-15
8600.662674561878 4.2747823645718355e-15
8603.61033378839 4.366317465562295e-15
8606.557993014894 4.3850976820129764e-15
8609.505652241396 4.465273900069531e-15
8612.4533114679 4.925011939412644e-15
8615.400970694402 5.42565301520458e-15
8618.348629920905 5.5627826178273055e-15
8621.296289147407 5.244608222222899e-15
8624.24394837391 4.738019920813502e-15
8627.191607600413 4.5488093368746956e-15
8630.139266826915 4.528761040092732e-15
8633.086926053416 4.433900262383477e-15
8636.03458527992 4.285962869647721e-15
8638.982244506424 4.1572117471206104e-15
8641.929903732926 4.3472623001076195e-15
8644.87756295943 4.614875481239752e-15
8647.825222185931 4.511902011135188e-15
8650.772881412435 4.55064141190176e-15
8653.720540638937 4.845098643006873e-15
8656.66819986544 4.8590363111596224e-15
8659.615859091942 4.689204535050118e-15
8662.563518318444 4.611220032983298e-15
8665.511177544957 4.633350468719787e-15
8668.458836771459 4.6018491830929214e-15
8671.406495997962 4.491234641163838e-15
8674.354155224466 4.3243542407884635e-15
8677.301814450959 4.1924502093244295e-15
8680.249473677472 4.320203676748019e-15
8683.197132903973 4.558069402161286e-15
8686.144792130477 4.789681317112352e-15
8689.092451356979 5.1016203892610205e-15
8692.04011058348 5.226725913356869e-15
8694.987769809983 5.0257092910269016e-15
8697.935429036486 4.843039315510359e-15
8700.883088262988 4.7483734479563995e-15
8703.830747489492 4.540841651655265e-15
8706.778406715996 4.374897824342069e-15
8709.726065942497 4.3107029436316765e-15
8712.673725169001 4.187678065679103e-15
8715.621384395503 4.117198671142933e-15
8718.569043622007 4.3801037571499004e-15
8721.516702848508 4.662417880039114e-15
8724.46436207502 4.549046802932498e-15
8727.412021301523 4.398898862876104e-15
8730.359680528025 4.411088013415641e-15
8733.30733975452 4.511461501304306e-15
8736.254998981032 5.058030561164589e-15
8739.202658207534 5.56626862846854e-15
8742.150317434038 5.224358924598146e-15
8745.09797666054 4.701624632347034e-15
8748.045635887043 4.577939985967388e-15
8750.993295113545 4.428306010256235e-15
8753.940954340049 4.171204100865844e-15
8756.888613566549 3.962009926235171e-15
8759.836272793053 3.8952110597625476e-15
8762.783932019554 4.0768648064880225e-15
8765.731591246058 4.308905015428772e-15
8768.679250472562 4.5197398986990386e-15
8771.626909699064 4.680643121244194e-15
8774.574568925567 4.8095229194242155e-15
8777.52222815207 4.8186101239035145e-15
8780.469887378573 4.658800546529647e-15
8783.417546605075 4.581099191944191e-15
8786.365205831586 4.372935450111559e-15
8789.312865058078 3.990612039525099e-15
8792.260524284582 3.632861975684513e-15
8795.208183511084 3.5072625849477124e-15
8798.155842737599 3.85780913951238e-15
8801.1035019641 4.510097067323201e-15
8804.051161190604 4.776704421608624e-15
8806.998820417106 4.4975904650297256e-15
8809.94647964361 4.319669386438421e-15
8812.894138870111 4.442881196738422e-15
8815.841798096615 4.582071456003075e-15
8818.789457323115 4.429859715442486e-15
8821.737116549619 4.0850065789745916e-15
8824.68477577612 3.958895317505404e-15
8827.632435002624 3.936097106687134e-15
8830.580094229128 3.8943741374074404e-15
8833.52775345563 3.77232710420032e-15
8836.475412682134 3.684235845609467e-15
8839.423071908635 3.927123639254593e-15
8842.370731135139 4.0588375230830806e-15
8845.318390361641 3.992316286464096e-15
8848.266049588145 3.993040011580691e-15
8851.213708814645 3.9531523396928116e-15
8854.161368041148 4.301450253995265e-15
8857.10902726765 4.894245697504696e-15
8860.056686494165 5.08709968254828e-15
8863.004345720667 4.778569889419062e-15
8865.95200494717 3.988965406296391e-15
8868.899664173672 3.369423210940463e-15
8871.847323400176 3.3725033593046377e-15
8874.794982626678 3.4644067907444425e-15
8877.742641853181 3.512889135594287e-15
8880.690301079681 3.597240968116199e-15
8883.637960306185 3.502763421419681e-15
8886.585619532687 3.664999347184356e-15
8889.53327875919 4.1432722777888966e-15
8892.480937985694 4.1765309841984564e-15
8895.428597212196 4.057638336622303e-15
8898.3762564387 4.188314647021857e-15
8901.323915665202 3.989767143961238e-15
8904.271574891705 3.389337960540813e-15
8907.219234118207 3.2064378827992154e-15
8910.16689334471 3.632707002666869e-15
8913.11455257121 3.961911950830388e-15
8916.062211797715 3.817595482321999e-15
8919.009871024216 3.4656041588317816e-15
8921.95753025073 3.3833487095864916e-15
8924.905189477224 3.527952607282702e-15
8927.852848703737 3.6927491817638915e-15
8930.800507930238 3.9389987175143574e-15
8933.748167156742 3.9164503252450895e-15
8936.695826383244 3.600034232296423e-15
8939.643485609748 3.3470946269104634e-15
8942.59114483625 3.200575872281726e-15
8945.538804062751 3.006808553585058e-15
8948.486463289253 2.8674259564383085e-15
8951.434122515757 2.8213011030267083e-15
8954.381781742259 2.8553061312746917e-15
8957.329440968762 3.0842990281891842e-15
8960.277100195266 3.2000806196890902e-15
8963.224759421768 3.1072548093683043e-15
8966.172418648272 3.1152041602739898e-15
8969.120077874773 3.1762159162066185e-15
8972.067737101277 3.3519081376065187e-15
8975.015396327777 3.6660280273642135e-15
8977.96305555428 3.580002775401195e-15
8980.910714780783 2.978580384192397e-15
8983.858374007286 0.0
