5766.110165357544 -7.746136229120822e-17
5766.657318217393 -3.495087355238933e-16
5767.2044710772425 -3.629018407156302e-17
5767.751623937092 8.267150374587497e-17
5768.298776796952 -1.4070979629075703e-16
5768.845929656801 -3.2605960335547085e-19
5769.39308251665 -5.789717239561443e-17
5769.940235376499 7.247746377309204e-18
5770.487388236349 3.763520151911391e-16
5771.034541096197 4.0527965852668103e-16
5771.581693956046 1.5626384226273105e-16
5772.1288468158955 1.441655566677807e-16
5772.675999675755 2.2646660082072204e-16
5773.223152535605 3.2071445491345543e-16
5773.770305395454 -6.939575766168778e-18
5774.317458255303 -6.154511028799062e-17
5774.864611115152 -1.5227266397136755e-16
5775.411763975002 -7.135413431894644e-17
5775.958916834851 1.8343759222740916e-16
5776.50606969471 2.645433410247253e-16
5777.053222554559 5.499835080644823e-16
5777.6003754144085 2.5136267553726223e-17
5778.147528274259 -1.6927001412526738e-16
5778.694681134108 3.80412946831319e-16
5779.241833993957 1.7074371223308705e-16
5779.788986853806 -7.779326807700443e-17
5780.336139713656 3.012796446984525e-16
5780.883292573514 1.125214800428152e-16
5781.430445433363 -2.418560250571648e-16
5781.977598293212 6.94451564561862e-16
5782.5247511530615 4.007283682001291e-16
5783.071904012912 -2.779229225958174e-17
5783.619056872761 3.9902551185685227e-16
5784.16620973261 2.9599199287987093e-16
5784.713362592459 1.1785374492686613e-16
5785.260515452309 5.840973851488494e-16
5785.807668312168 1.6029155916060925e-16
5786.354821172017 2.561663253641871e-16
5786.901974031866 1.3794598183276935e-16
5787.449126891715 3.4530477744597214e-16
5787.996279751565 1.8636516561327182e-16
5788.543432611415 4.658444061333012e-16
5789.090585471264 1.1938899965309234e-16
5789.637738331123 3.629760094288494e-16
5790.184891190972 3.34014936951231e-16
5790.732044050821 3.4171205378637734e-16
5791.27919691067 -1.6279198018232064e-16
5791.826349770519 -5.365080476034543e-17
5792.373502630368 8.553999236529186e-17
5792.920655490218 1.315221790151645e-16
5793.467808350068 -5.938062143768658e-17
5794.014961209927 -1.6717388763253302e-16
5794.562114069776 -2.101285878207878e-17
5795.109266929625 -6.511463917627822e-17
5795.656419789475 2.349252586078769e-16
5796.203572649324 2.4538012395357146e-16
5796.750725509173 -4.968693902203886e-17
5797.297878369022 1.9758957555155172e-16
5797.845031228872 4.392939321989232e-16
5798.3921840887315 -3.2875926434757217e-16
5798.939336948581 3.4112840163343997e-16
5799.48648980843 6.133522619047605e-16
5800.033642668279 -1.84150115435011e-16
5800.580795528128 -1.0722887822926022e-16
5801.127948387977 3.319836241536583e-16
5801.675101247826 2.2705211980565236e-16
5802.222254107675 1.5604217852428976e-16
5802.769406967525 5.116359545610939e-17
5803.3165598273845 -1.0604080612631962e-16
5803.863712687234 1.3247822839273962e-16
5804.410865547083 8.041579201770837e-17
5804.958018406932 -5.420481606920412e-17
5805.505171266782 2.980497222803569e-16
5806.052324126631 2.8645058495493676e-16
5806.59947698649 4.487318002944514e-17
5807.146629846339 1.975046947096721e-16
5807.693782706189 1.3777370615437008e-16
5808.240935566038 -2.9297638932382703e-16
5808.7880884258875 1.7681493524201898e-16
5809.335241285737 2.2955795952121995e-16
5809.882394145586 4.0402787441598617e-16
5810.429547005435 7.696688065094893e-16
5810.976699865284 2.0885434420502834e-16
5811.523852725143 1.0836717986059908e-16
5812.071005584992 1.6985797074424523e-16
5812.618158444842 7.144304432434509e-17
5813.165311304691 2.3296271090273953e-16
5813.7124641645405 5.913739330223202e-16
5814.25961702439 3.038931014079561e-16
5814.806769884239 3.5919507128682694e-17
5815.353922744089 1.693986315237816e-16
5815.901075603948 2.468429112233966e-17
5816.448228463797 -1.0451173222240416e-17
5816.995381323646 2.3381864775354173e-17
5817.542534183496 -1.4857413671072066e-16
5818.089687043345 -9.8032606843512e-17
5818.636839903194 4.137385532363173e-16
5819.1839927630435 2.793407923387537e-16
5819.731145622902 1.3565181426639697e-16
5820.278298482752 1.5335832241632234e-16
5820.825451342601 3.25790355513122e-16
5821.37260420245 4.401265902842721e-16
5821.919757062299 3.0869018400446825e-16
5822.466909922149 3.2849555015801444e-16
5823.014062781998 -1.291421851114451e-16
5823.561215641847 6.947249257172451e-17
5824.1083685017065 3.359910213228469e-16
5824.655521361556 4.628866392724641e-16
5825.202674221406 3.3919558184775484e-16
5825.749827081255 3.67293625098629e-16
5826.296979941104 5.970545722110138e-16
5826.844132800953 6.591856771665936e-16
5827.391285660803 1.4182856547908402e-16
5827.938438520652 2.2190105316278343e-16
5828.485591380511 4.282163913110261e-16
5829.03274424036 9.904528590273422e-16
5829.579897100209 1.1018206114923906e-16
5830.127049960059 -1.9980341163062363e-16
5830.674202819908 7.596683221579468e-16
5831.221355679757 8.429448990007552e-16
5831.768508539606 1.2685114116254764e-16
5832.315661399456 -1.353808568185981e-16
5832.862814259315 3.0626058017805203e-16
5833.409967119164 8.325895337621208e-17
5833.957119979013 3.904065233679882e-17
5834.504272838863 4.891800101320584e-16
5835.051425698713 2.3955206885625507e-16
5835.598578558562 -1.9757312569144369e-16
5836.145731418411 2.932796775199221e-17
5836.69288427826 2.455191148880062e-16
5837.240037138119 1.8683078008273016e-16
5837.787189997969 -2.493860233270567e-17
5838.334342857818 1.822667517785002e-16
5838.881495717667 6.198871105687723e-16
5839.428648577516 6.749168169176713e-16
5839.975801437366 3.460966309236079e-16
5840.522954297215 -1.7079075929141575e-16
5841.070107157074 3.931004782435699e-16
5841.617260016923 2.3048073819543745e-16
5842.164412876772 1.5439507486850076e-16
5842.711565736622 1.9716708440042128e-16
5843.258718596471 3.7292989772389376e-16
5843.80587145632 5.454645015400219e-16
5844.3530243161695 1.0727467061883304e-16
5844.9001771760195 1.185732087209356e-16
5845.447330035879 3.633452550990921e-16
5845.994482895728 -8.370706546771389e-17
5846.541635755577 1.4000776142278308e-16
5847.088788615426 8.015607484645633e-17
5847.635941475276 -5.201897892463293e-17
5848.183094335125 4.323584326451986e-16
5848.730247194974 2.5382245010003565e-16
5849.2774000548325 3.5591332902478075e-16
5849.8245529146825 2.995153520043638e-16
5850.371705774532 5.053173389081773e-16
5850.918858634381 4.083252078243911e-16
5851.46601149423 5.227500931136505e-16
5852.013164354079 3.173775599790849e-16
5852.560317213929 3.848344482130318e-16
5853.107470073778 2.8906441996741265e-16
5853.654622933627 4.544672348119201e-16
5854.201775793486 2.965726877960081e-16
5854.748928653336 3.0900001285863593e-16
5855.2960815131855 -8.571310484135382e-18
5855.843234373035 2.6549429787971614e-16
5856.390387232884 1.0809324571066444e-18
5856.937540092733 2.1561081295290373e-16
5857.484692952583 9.579692133204106e-17
5858.031845812432 2.8082925494629815e-16
5858.57899867229 2.6078124714436513e-16
5859.126151532139 6.441368836612612e-16
5859.673304391989 4.2138241384163913e-16
5860.2204572518385 1.0491837914367028e-16
5860.767610111688 3.267672320302892e-16
5861.314762971537 3.807823482657735e-16
5861.861915831386 4.0546847515761593e-16
5862.409068691236 -3.146007508353465e-17
5862.956221551095 7.911514326422659e-16
5863.503374410944 -6.064912743386925e-17
5864.050527270793 4.842574016934724e-16
5864.597680130643 3.672952861770732e-16
5865.144832990492 -6.371674876364284e-17
5865.691985850342 2.0551262686750524e-17
5866.239138710191 4.4035663907502064e-16
5866.78629157004 -8.360106419594452e-17
5867.3334444299 -1.5030376550860412e-16
5867.880597289749 3.9967476880208215e-16
5868.427750149597 -5.5338309707058807e-17
5868.974903009446 -4.8845737868780996e-17
5869.522055869296 -9.75493244281722e-17
5870.069208729145 4.550683280535724e-16
5870.616361588995 1.958353286950084e-16
5871.163514448844 3.788873314270702e-16
5871.710667308703 1.2562804457948055e-16
5872.257820168553 1.537533159778559e-16
5872.804973028402 4.1427170038300515e-16
5873.352125888251 5.285552647234023e-16
5873.8992787481 2.2271248436435227e-16
5874.44643160795 2.6569248463721995e-17
5874.993584467799 2.361706312944708e-16
5875.5407373276585 3.599396621536628e-16
5876.087890187508 6.160932673589337e-16
5876.635043047357 1.0315671736492864e-16
5877.182195907207 7.406665538359991e-17
5877.729348767056 1.6906835457152572e-16
5878.276501626904 6.254933105053791e-16
5878.823654486753 1.389983154276763e-16
5879.370807346603 1.8173270598871857e-16
5879.917960206452 5.004637164367604e-17
5880.4651130663115 6.803555502287311e-17
5881.012265926161 1.812862001357365e-16
5881.55941878601 4.508538885623306e-16
5882.10657164586 3.355525457105696e-16
5882.653724505709 2.774709885034285e-16
5883.200877365558 1.6577710416441342e-16
5883.748030225407 1.9879544333442783e-16
5884.295183085266 2.2111533658805839e-16
5884.842335945116 2.9529400716730445e-16
5885.389488804965 6.521656159957869e-16
5885.9366416648145 2.508737836644182e-16
5886.483794524664 1.9375587367623726e-16
5887.030947384514 3.9997558306410605e-16
5887.578100244363 5.57978299321252e-16
5888.125253104221 6.858721989079041e-16
5888.67240596407 2.3518138799440176e-16
5889.219558823919 -8.961122641040442e-17
5889.766711683769 2.228843643028982e-16
5890.313864543618 2.284708985370438e-16
5890.8610174034675 2.421151370598392e-16
5891.408170263317 3.326468186671075e-16
5891.955323123167 3.5785514377187723e-16
5892.502475983016 6.054881823321963e-16
5893.049628842875 2.934235232767892e-16
5893.596781702724 5.621658017092884e-16
5894.143934562573 3.982848831375303e-16
5894.691087422423 4.71647539779166e-16
5895.238240282272 2.9791716080102444e-16
5895.785393142121 2.623984307096571e-16
5896.3325460019705 2.0899391733784797e-16
5896.879698861831 3.504096410689869e-16
5897.42685172168 1.4356007349532646e-16
5897.974004581528 7.969067941603744e-17
5898.521157441377 2.4182658672281364e-16
5899.068310301226 1.311299262885177e-16
5899.615463161076 6.86383613044197e-17
5900.162616020925 2.336808193905023e-16
5900.709768880774 1.4209229600385663e-16
5901.2569217406335 1.8568485329686775e-16
5901.804074600484 1.577031091175692e-16
5902.351227460333 2.1092716989533085e-16
5902.898380320182 2.781522912704901e-16
5903.445533180031 4.598174357951925e-16
5903.99268603988 3.7590853693478964e-16
5904.53983889973 2.353091166596979e-16
5905.086991759579 2.648059279691088e-16
5905.634144619428 1.534982471678084e-16
5906.181297479287 4.0884328474120447e-16
5906.728450339137 3.6235441104482483e-16
5907.275603198986 7.843411993924853e-16
5907.822756058835 4.537990253010239e-16
5908.369908918684 4.8921639794398636e-17
5908.917061778533 2.0500705743423524e-16
5909.464214638383 2.964702159798901e-16
5910.011367498232 1.4199321815146698e-16
5910.558520358091 3.663162516806315e-16
5911.10567321794 3.3095777066542835e-16
5911.65282607779 3.3863207313703394e-16
5912.19997893764 1.0962517798695357e-16
5912.747131797489 1.8274168226320087e-16
5913.294284657338 1.5104197136213066e-16
5913.841437517197 1.2762500438348026e-16
5914.388590377037 3.965676048045772e-16
5914.935743236896 3.6093507140607253e-16
5915.482896096745 2.3731112062644726e-16
5916.030048956594 1.8580578857824987e-16
5916.577201816444 1.5426686767689458e-16
5917.124354676293 3.9959973456590224e-16
5917.671507536142 5.07207703993811e-16
5918.218660395991 2.792257211266268e-16
5918.76581325584 2.9580895743689873e-16
5919.3129661157 1.2426945777973325e-16
5919.860118975549 1.9494267638356024e-16
5920.407271835398 4.0686418766075053e-16
5920.954424695247 3.2296258633185113e-16
5921.501577555097 2.3982855362669464e-16
5922.0487304149465 2.621423172516933e-16
5922.595883274796 2.912892844118702e-16
5923.143036134655 2.537222998761382e-16
5923.690188994504 -5.3812871208327745e-17
5924.237341854354 1.722218630264935e-16
5924.784494714203 4.0859430265842394e-16
5925.331647574052 3.7099375634068223e-16
5925.878800433901 3.917712279400761e-16
5926.425953293751 4.495321412141385e-16
5926.9731061536095 2.6013386013815996e-16
5927.520259013459 -1.3271628833486436e-16
5928.067411873308 3.2505481090663483e-16
5928.614564733157 4.891282732306952e-16
5929.161717593007 1.7465389610577555e-16
5929.708870452856 2.0081259267521168e-16
5930.256023312705 1.4770937469752578e-16
5930.803176172554 1.1017604105823017e-16
5931.350329032404 1.5192415577730604e-16
5931.897481892263 3.3086189329232087e-16
5932.4446347521125 3.7646953078696766e-16
5932.991787611962 2.8527848782732215e-16
5933.538940471811 2.0056460187770987e-16
5934.086093331661 2.334987232207099e-16
5934.63324619151 4.10419686881232e-16
5935.180399051359 2.7123014296445334e-16
5935.727551911208 6.030408068044408e-17
5936.274704771068 1.5320082813092114e-16
5936.821857630916 2.4011576340085595e-16
5937.3690104907655 1.7712032153917594e-16
5937.916163350615 2.051049965244535e-16
5938.463316210464 1.9624510109588318e-16
5939.010469070314 5.196474310809085e-18
5939.557621930163 1.9067472252108932e-16
5940.104774790022 3.33384282120947e-16
5940.651927649871 2.0677785742243426e-16
5941.199080509721 2.5598633150873885e-16
5941.74623336957 1.4549786226335747e-16
5942.293386229419 2.2529054382137466e-16
5942.8405390892685 2.9655442649689024e-16
5943.387691949118 2.9651349866541234e-16
5943.934844808968 3.1907030843523476e-16
5944.481997668827 2.3856221942034527e-16
5945.029150528676 2.3747409732462073e-16
5945.576303388525 4.563096343080511e-16
5946.123456248374 4.013940134471485e-16
5946.670609108223 2.7087116445973987e-16
5947.217761968072 3.5096199153874077e-16
5947.7649148279215 2.514180513112819e-16
5948.312067687771 1.4206211324050223e-16
5948.859220547631 2.542298463503186e-16
5949.40637340748 3.7211548085150627e-16
5949.953526267329 2.2098510097265927e-16
5950.500679127178 2.6073176929978593e-16
5951.047831987028 3.13414023319298e-16
5951.594984846877 1.5301010126772223e-16
5952.142137706726 2.7631485296322895e-16
5952.689290566575 3.444291166671007e-16
5953.236443426435 1.2916363233738298e-16
5953.783596286285 1.8823987136339804e-16
5954.330749146134 3.4209787787120054e-16
5954.877902005983 3.8694015658993555e-16
5955.425054865832 2.9260162394131057e-16
5955.972207725681 2.6832675396588343e-17
5956.51936058553 1.9593450985461938e-16
5957.066513445379 3.164204507968206e-16
5957.613666305238 4.865891408678435e-16
5958.160819165088 4.0743512643982415e-16
5958.707972024938 2.003262066867574e-16
5959.255124884787 1.6744249425007644e-16
5959.802277744636 7.839456692567167e-17
5960.349430604485 6.098150746597974e-17
5960.896583464335 1.5057535470053415e-16
5961.443736324194 1.7810006882164429e-16
5961.990889184043 2.583037479205757e-16
5962.538042043892 1.467729771416377e-16
5963.0851949037415 1.18568026548309e-16
5963.6323477635915 2.781790902821894e-16
5964.179500623441 9.716081623574684e-17
5964.72665348329 1.4289731634616286e-16
5965.273806343139 5.633433733993426e-17
5965.820959202988 2.1103619954876773e-16
5966.368112062847 2.9115879975842067e-16
5966.915264922696 3.3884843466368114e-16
5967.462417782545 2.4936651263309975e-16
5968.0095706423945 3.194622560690288e-16
5968.5567235022445 2.331864965007033e-16
5969.103876362094 3.5808840011488537e-16
5969.651029221943 3.6717445832560417e-16
5970.198182081792 2.4210106718264144e-16
5970.745334941651 1.8962482590779143e-16
5971.292487801501 2.1731181583531024e-16
5971.83964066135 -3.568210175156883e-17
5972.386793521199 5.705768998248858e-17
5972.933946381048 2.3850608914473093e-16
5973.481099240898 3.064352793091163e-16
5974.0282521007475 2.2923674876288974e-16
5974.575404960607 2.552615184089179e-16
5975.122557820456 2.429256307605786e-16
5975.669710680304 2.545869055118691e-17
5976.216863540154 1.0522974331802215e-16
5976.764016400003 1.8678639238212232e-16
5977.311169259852 3.0399601728920506e-16
5977.858322119701 3.2502260512892357e-16
5978.405474979551 2.4026795060525864e-16
5978.9526278394105 1.5023014474829263e-16
5979.49978069926 7.559323169300403e-17
5980.046933559109 1.7142156901319508e-16
5980.594086418958 -1.1299966550960697e-17
5981.141239278808 1.8384156967965355e-16
5981.688392138657 1.814143219891483e-16
5982.235544998506 2.360919231347942e-16
5982.782697858365 5.744497284593127e-16
5983.329850718215 2.280157718135737e-16
5983.877003578064 1.7282945020082475e-16
5984.424156437914 4.240223687937974e-16
5984.971309297763 1.449417198062639e-16
5985.518462157611 3.426495249038368e-17
5986.065615017461 3.8066774427303124e-16
5986.61276787731 2.774010348597641e-16
5987.159920737159 1.4099403263306616e-16
5987.707073597018 4.473635818708484e-16
5988.254226456868 3.863483533750806e-16
5988.801379316717 1.9498440098370374e-16
5989.348532176567 2.664739118299498e-16
5989.895685036416 2.4835631481877945e-16
5990.442837896265 4.285088242652327e-16
5990.989990756115 2.514898013944794e-16
5991.537143615964 2.2346954773219617e-16
5992.084296475823 3.2510492614008027e-16
5992.631449335672 2.2002450130077641e-16
5993.178602195522 2.260619597136812e-16
5993.725755055371 1.0611765494101755e-16
5994.2729079152205 4.1297530636094487e-16
5994.820060775069 1.914373865475158e-16
5995.367213634918 1.4166905624956382e-17
5995.914366494778 2.109512972796683e-16
5996.461519354627 2.740497691084768e-16
5997.008672214476 1.2893438392948425e-16
5997.555825074325 3.671902861392643e-16
5998.102977934175 3.332660040014184e-16
5998.650130794024 2.471849420433313e-16
5999.1972836538735 1.8905684909594194e-16
5999.744436513723 1.0858583720923377e-16
6000.291589373582 2.62925139385033e-16
6000.838742233432 2.339568513182247e-16
6001.385895093281 3.4182864351260283e-16
6001.93304795313 1.670235294813244e-16
6002.480200812979 2.506961465715398e-16
6003.027353672829 2.4828248238195235e-16
6003.574506532678 1.6701392057771458e-16
6004.121659392527 1.30683421262695e-16
6004.668812252376 3.652884440004998e-16
6005.215965112235 2.2187191607165807e-16
6005.763117972085 1.7767757384351973e-16
6006.310270831934 4.363822643387405e-17
6006.857423691783 1.467263368498128e-16
6007.404576551632 -6.081290071398964e-17
6007.951729411482 1.9325567662747877e-16
6008.498882271331 3.0767458891200357e-16
6009.04603513119 3.030691215228281e-16
6009.5931879910295 2.141586232094048e-16
6010.140340850889 2.361185684198962e-16
6010.687493710739 1.4480244527992102e-16
6011.234646570588 2.944067991812359e-16
6011.781799430437 2.3514774280832244e-16
6012.328952290286 9.811290475396973e-17
6012.876105150136 7.052154683301907e-17
6013.423258009985 2.2673224684496415e-16
6013.970410869844 1.5726521386235715e-16
6014.5175637296925 1.6239478991201557e-16
6015.064716589542 2.7420890372232407e-16
6015.611869449392 1.8205583035021734e-16
6016.159022309241 1.065162042143197e-16
6016.70617516909 2.264468413721815e-16
6017.253328028939 2.912074121738025e-16
6017.800480888798 7.491670622034297e-17
6018.347633748648 2.4557028988541525e-16
6018.894786608497 1.6903270958730637e-16
6019.441939468346 2.461461250182314e-16
6019.9890923281955 2.035150698521545e-16
6020.5362451880455 2.5740859824628015e-16
6021.083398047895 1.8892167964963831e-16
6021.630550907744 1.3117050543850668e-16
6022.177703767603 -2.1960642227105272e-17
6022.724856627452 8.546170723745404e-17
6023.272009487302 1.2508085135353283e-17
6023.819162347151 4.685217441540961e-17
6024.366315206999 2.3509697204075606e-16
6024.9134680668485 1.9772597949289952e-16
6025.4606209266985 1.0401554867937179e-16
6026.007773786548 2.1221208218771494e-16
6026.554926646407 1.092970747449305e-16
6027.102079506256 2.6912486170101497e-18
6027.649232366105 1.5408364083181151e-16
6028.196385225955 3.5520844865549194e-16
6028.743538085804 2.397705363412405e-16
6029.290690945653 2.2148576735923573e-16
6029.837843805502 1.6659278579775672e-16
6030.384996665352 2.961066929798956e-17
6030.932149525212 1.1351096721005407e-16
6031.479302385061 1.6372512826759468e-16
6032.02645524491 1.8030638735203107e-16
6032.573608104759 2.704633311737541e-16
6033.120760964609 5.3586781828565224e-17
6033.667913824458 1.7359865947107537e-16
6034.215066684306 2.1769650007001255e-16
6034.762219544155 1.7322874098572872e-16
6035.309372404015 9.214874340230949e-17
6035.856525263865 2.016805597546503e-16
6036.403678123714 2.4932615767834267e-16
6036.950830983563 2.615463776189311e-16
6037.497983843412 1.3266942406869026e-16
6038.045136703262 1.6783397163719232e-16
6038.592289563111 2.41773277847465e-16
6039.13944242296 5.921246639972552e-17
6039.686595282819 8.031311006747947e-17
6040.233748142669 1.220569311567876e-16
6040.7809010025185 1.7654601658870794e-16
6041.328053862368 1.329291434883345e-16
6041.875206722217 1.897900496195823e-16
6042.422359582066 2.406023282733596e-16
6042.969512441916 7.565824145156406e-17
6043.516665301774 -3.2127958484167447e-18
6044.063818161623 4.5624013790231814e-17
6044.610971021472 5.621976317138544e-17
6045.158123881322 4.600115046707064e-17
6045.7052767411715 1.1820377030855186e-16
6046.252429601021 2.8653344098462224e-17
6046.79958246087 9.525537908068647e-17
6047.346735320719 3.512274224472802e-16
6047.893888180569 1.3939440342819983e-16
6048.441041040428 5.238034688166211e-17
6048.988193900277 2.0332560223522416e-16
6049.535346760126 1.9777898463666752e-16
6050.082499619976 4.036759838107232e-17
6050.629652479825 4.905534746226094e-17
6051.1768053396745 3.3196310945913714e-17
6051.723958199524 2.2803023260152303e-16
6052.271111059373 3.005238422511794e-16
6052.818263919233 1.4707871411442117e-16
6053.365416779081 1.2524836490575078e-16
6053.91256963893 1.2861362319431213e-16
6054.459722498779 5.221252814443061e-17
6055.006875358629 -1.2130317844447137e-16
6055.554028218478 2.2087021156325885e-16
6056.1011810783275 3.4693611056431326e-16
6056.648333938187 2.240076472409205e-16
6057.195486798036 2.221942963495627e-16
6057.742639657886 1.9886413166062213e-16
6058.289792517735 2.4688029016370074e-16
6058.836945377584 2.34082472597585e-16
6059.384098237433 5.800152350647391e-17
6059.931251097283 1.9770577421036427e-16
6060.478403957132 1.2019489051866278e-16
6061.025556816991 5.380260061613897e-17
6061.5727096768405 2.7489459822188856e-16
6062.11986253669 1.1137396633312373e-16
6062.66701539654 1.650843413668234e-16
6063.214168256388 2.748381865183069e-16
6063.761321116237 2.4208435306189427e-16
6064.308473976086 1.3154729003110686e-16
6064.855626835936 2.0254531281715198e-16
6065.402779695795 1.3693233170182052e-16
6065.949932555644 7.461527860276421e-17
6066.4970854154935 2.7349167894661163e-16
6067.044238275343 1.451369145379152e-16
6067.591391135193 1.101483346398348e-16
6068.138543995042 2.107571130023078e-16
6068.685696854891 2.1635729257360947e-16
6069.23284971474 1.492832415034872e-16
6069.780002574599 6.913027763721291e-17
6070.327155434449 1.5166453530517144e-16
6070.874308294298 2.277572477579061e-16
6071.421461154147 1.8558655166003883e-16
6071.968614013997 3.108489225874699e-16
6072.515766873847 2.401636020284622e-16
6073.062919733695 -4.480232131223687e-17
6073.610072593554 2.383424404254043e-18
6074.157225453403 4.1792736294949896e-17
6074.704378313252 1.2676136113110702e-16
6075.251531173102 2.6564051340323156e-16
6075.798684032951 1.138753366755113e-16
6076.3458368928 5.911255965298532e-17
6076.89298975265 4.779543200044643e-17
6077.4401426125 -2.3960501735308638e-17
6077.987295472359 6.694726952438751e-17
6078.534448332208 2.222415944951993e-16
6079.081601192057 2.3043159736135897e-16
6079.628754051906 2.6646735360633754e-16
6080.175906911756 2.1879145868673063e-16
6080.723059771605 1.191873795755388e-16
6081.270212631454 2.068074867654865e-16
6081.8173654913035 1.930166704680797e-16
6082.364518351163 1.278962698990968e-16
6082.911671211012 1.2069098371460126e-16
6083.458824070861 2.1620259594883893e-16
6084.00597693071 2.244551940610354e-16
6084.553129790559 1.691850941609736e-16
6085.100282650409 7.188573492360281e-17
6085.647435510258 1.4968467955215343e-16
6086.194588370107 1.982350575601722e-16
6086.7417412299665 1.4671621720815855e-16
6087.2888940898165 1.0444695083211772e-16
6087.836046949666 1.3992635105226995e-16
6088.383199809515 1.5633378120840107e-16
6088.930352669364 1.8169063251405717e-16
6089.477505529213 1.421633094199531e-16
6090.024658389063 2.2688793559894033e-16
6090.571811248922 2.7718501786158207e-16
6091.118964108771 1.8686334511862474e-16
6091.66611696862 5.54946246149071e-17
6092.2132698284695 7.785545615682705e-17
6092.760422688319 1.1210737106585528e-16
6093.307575548168 1.2855509074762654e-16
6093.854728408017 1.9601308032401663e-18
6094.401881267866 1.8742720953991717e-16
6094.949034127726 4.5802217358079e-17
6095.496186987575 1.2910582111481459e-16
6096.043339847424 1.0502631882112314e-16
6096.590492707273 2.628086197807546e-16
6097.137645567123 1.6716419177674205e-16
6097.6847984269725 1.0285612048844037e-16
6098.231951286822 1.916844179506112e-16
6098.779104146671 2.3937697196884345e-16
6099.32625700652 2.3989606319694794e-16
6099.87340986638 1.5291732995313155e-16
6100.420562726229 6.524040116709754e-17
6100.967715586078 8.120437060015375e-17
6101.514868445927 1.081277895718784e-16
6102.062021305776 1.9695152587515674e-16
6102.6091741656255 3.172121414533922e-17
6103.156327025475 1.082070595262824e-16
6103.703479885334 2.0398193454334342e-16
6104.250632745183 1.7632818819561316e-16
6104.797785605033 1.0506719539164719e-16
6105.344938464882 4.7499629125810914e-17
6105.892091324731 1.8616638782499103e-16
6106.43924418458 1.6965680514236646e-16
6106.98639704443 2.169272983605232e-16
6107.533549904279 1.9665807003983866e-16
6108.080702764139 1.7204292337205612e-16
6108.627855623988 1.441530579055902e-16
6109.175008483837 1.904334529260749e-16
6109.722161343687 1.1441555506639572e-16
6110.269314203536 1.8712858808857026e-16
6110.816467063385 7.865486034726507e-17
6111.363619923234 8.67816337219762e-17
6111.910772783083 1.845645858229381e-16
6112.457925642942 3.254562424876074e-16
6113.005078502792 1.7798892894948476e-16
6113.552231362641 4.723867407440272e-20
6114.09938422249 3.2627125084468706e-16
6114.64653708234 2.590473012445938e-16
6115.193689942189 1.5538012508406262e-16
6115.740842802038 1.7631306122688545e-16
6116.287995661897 2.0403390553508928e-16
6116.835148521737 1.24387836653738e-16
6117.382301381596 1.57287893256839e-16
6117.9294542414455 1.592536980028081e-16
6118.476607101295 8.241605837105367e-17
6119.023759961144 1.6942724396835327e-16
6119.570912820994 1.149106238130097e-16
6120.118065680843 1.1420570256430256e-16
6120.665218540692 -3.9852611038960316e-18
6121.212371400551 1.6393702030746643e-16
6121.759524260399 1.541383627756868e-16
6122.306677120249 1.7402243555417767e-16
6122.853829980098 1.6271028137531438e-16
6123.400982839948 9.285916251616635e-17
6123.948135699797 2.350327052075967e-16
6124.495288559647 1.7478647652902426e-16
6125.042441419496 1.5853091248230404e-16
6125.589594279355 2.0387939136699133e-16
6126.136747139204 1.111744464473415e-16
6126.683899999053 1.4914987273593931e-16
6127.231052858903 -1.5177804758119804e-17
6127.778205718752 1.4225644104899133e-16
6128.3253585786015 1.5392374507338348e-16
6128.872511438451 1.951468164684938e-16
6129.419664298301 1.676075644730434e-16
6129.96681715816 8.829132496770253e-17
6130.513970018009 -4.582688920982502e-18
6131.061122877857 1.2258049643296652e-16
6131.608275737706 2.8253955451643407e-16
6132.155428597556 2.904820242055671e-16
6132.702581457405 2.291826910713154e-16
6133.2497343172545 7.018376503487776e-17
6133.796887177104 8.814369576783542e-17
6134.344040036964 9.85609706523983e-17
6134.891192896813 6.637416388670434e-17
6135.438345756662 3.25950563221057e-16
6135.985498616511 2.5202056544945375e-16
6136.53265147636 1.7460564558276262e-16
6137.07980433621 5.933461103487771e-17
6137.626957196059 2.6959186482415094e-16
6138.174110055918 3.6982298949987443e-16
6138.7212629157675 2.0926315495280134e-16
6139.2684157756175 9.478168968689918e-17
6139.815568635467 1.9159084411986453e-16
6140.362721495316 1.77139187964112e-16
6140.909874355164 2.6733861811117e-16
6141.457027215013 3.834728789925368e-16
6142.004180074863 1.866571674201125e-16
6142.551332934722 2.0140299829410563e-16
6143.098485794571 1.3542142852857417e-16
6143.6456386544205 7.486469900022324e-17
6144.1927915142705 2.2114769748511698e-16
6144.73994437412 1.262050441315341e-16
6145.287097233969 2.4585520964786106e-16
6145.834250093818 1.7202868770953176e-16
6146.381402953667 2.2630678756920283e-16
6146.928555813517 6.380662093672824e-17
6147.475708673376 1.7360082538124058e-16
6148.022861533225 1.476425070253986e-16
6148.570014393074 9.789174544647022e-17
6149.117167252924 7.574074047570566e-17
6149.664320112774 3.248682538021325e-16
6150.211472972623 2.0537803049850687e-16
6150.758625832471 1.8192791959350625e-16
6151.30577869233 2.81412989140923e-16
6151.85293155218 2.658807899645349e-16
6152.400084412029 2.0266864593173655e-16
6152.947237271878 1.8480745974081174e-16
6153.494390131727 1.7650700249866372e-16
6154.041542991577 1.58317104042447e-16
6154.588695851427 1.58905326000948e-16
6155.135848711276 1.0152424190959295e-16
6155.683001571135 1.67036413179991e-16
6156.230154430984 3.179117162815752e-16
6156.777307290834 1.740463764365858e-16
6157.324460150683 1.6223104842004942e-16
6157.871613010532 2.684018794085894e-16
6158.418765870381 2.1238493269664176e-16
6158.965918730231 2.734270469908527e-16
6159.5130715900805 2.570784501009123e-16
6160.06022444993 2.0029290347043624e-16
6160.607377309788 1.2666793681823273e-16
6161.154530169637 1.406489236882204e-16
6161.701683029487 1.8480896950154596e-16
6162.248835889336 1.4670266394560041e-16
6162.795988749185 2.6717940496877284e-16
6163.343141609034 1.7915146856905613e-16
6163.890294468894 7.944043005085927e-17
6164.4374473287435 2.23375423792726e-16
6164.984600188593 2.0246739232217457e-16
6165.531753048442 2.481606747643347e-16
6166.078905908291 2.0369967646749553e-16
6166.626058768141 2.0724608643511578e-16
6167.17321162799 2.358102591321593e-16
6167.720364487839 2.2762094067706725e-16
6168.267517347688 1.9626549447519643e-16
6168.814670207548 1.4159354109487832e-16
6169.361823067397 1.952613392955609e-16
6169.9089759272465 2.0621917076345665e-16
6170.456128787095 2.1163854070420517e-16
6171.003281646944 2.716092613418549e-16
6171.550434506794 1.6747564281786328e-16
6172.097587366643 1.3821716697663514e-16
6172.644740226492 1.7574768650037764e-16
6173.191893086351 7.990234497917692e-17
6173.739045946201 8.656076266404062e-17
6174.28619880605 2.618357892527539e-16
6174.8333516658995 1.9746035009324365e-16
6175.380504525749 1.1708800914673687e-16
6175.927657385598 1.2000000082415787e-16
6176.474810245448 2.0049188347179537e-16
6177.021963105297 2.439852639565257e-16
6177.569115965156 1.1897103143243567e-16
6178.116268825005 1.5107646894974148e-16
6178.663421684855 7.315794099008045e-17
6179.210574544704 4.3383802748116816e-17
6179.7577274045525 1.156776227984634e-17
6180.304880264402 1.4538067149059877e-16
6180.852033124251 2.727359177505095e-16
6181.399185984111 6.018861850242844e-17
6181.94633884396 1.311401672623041e-16
6182.493491703809 1.654965358467096e-16
6183.040644563658 2.393270312007687e-16
6183.587797423508 3.864798852181627e-16
6184.134950283357 3.074466680587557e-16
6184.682103143206 2.3268718841480694e-16
6185.2292560030555 2.0510398814576035e-16
6185.776408862915 1.6170923707466312e-16
6186.323561722765 1.2614849554637925e-16
6186.870714582614 2.382231893054351e-16
6187.417867442463 3.1128622888583067e-16
6187.965020302312 2.706779402154434e-16
6188.512173162161 1.884113995555415e-16
6189.059326022011 1.1669494876883307e-16
6189.606478881859 1.917605418408845e-16
6190.1536317417185 1.758572767036166e-16
6190.700784601568 1.4778224007970872e-16
6191.247937461418 1.7565600339731812e-16
6191.795090321267 2.2124533815396409e-16
6192.342243181116 2.702443210053456e-16
6192.889396040965 1.8902410721010773e-16
6193.436548900814 1.407264166656355e-16
6193.983701760674 1.477301147954669e-16
6194.530854620523 1.4118986706537292e-16
6195.078007480372 1.5282263537460172e-16
6195.625160340222 6.735555124556251e-17
6196.172313200072 1.3315270629742105e-16
6196.719466059921 1.6839496444159042e-16
6197.26661891977 1.9306972638437225e-16
6197.813771779619 1.6379350476063735e-16
6198.360924639468 2.557856667541277e-16
6198.908077499328 1.4488635598789055e-16
6199.455230359176 1.4980289296437314e-16
6200.002383219025 2.025574959799843e-16
6200.549536078875 1.7530011444185205e-16
6201.096688938725 1.2480094184075432e-16
6201.643841798574 1.6885591717541652e-16
6202.190994658423 1.4227012409338111e-16
6202.738147518282 1.956926017687634e-16
6203.285300378131 1.614080443088866e-16
6203.832453237981 3.498408906446621e-17
6204.37960609783 1.1920124220042725e-16
6204.926758957679 1.4869724079595625e-16
6205.4739118175285 1.2259196325831466e-16
6206.0210646773785 1.469095374012954e-16
6206.568217537228 1.890444750319631e-16
6207.115370397087 2.235555828330567e-16
6207.662523256936 1.2479035313085913e-16
6208.209676116785 2.0909721767724272e-16
6208.756828976635 1.5341092678957964e-16
6209.303981836483 1.0527599030870246e-16
6209.851134696332 -4.074236468366137e-17
6210.3982875561815 1.35967083570704e-16
6210.9454404160315 2.442872239559625e-16
6211.492593275891 2.4890468205774136e-16
6212.03974613574 2.360264439480043e-16
6212.586898995589 1.657779007396131e-16
6213.134051855438 1.325698144908079e-16
6213.681204715288 1.0448493948939113e-16
6214.228357575137 -3.456322396616192e-17
6214.775510434986 2.3907116667717853e-16
6215.322663294845 9.761769829457412e-17
6215.869816154695 2.0071453217129464e-16
6216.4169690145445 2.3049980640674955e-16
6216.964121874394 1.0702607579994675e-16
6217.511274734243 9.464923284378602e-17
6218.058427594092 1.3779503333976486e-16
6218.605580453941 7.097960884291687e-17
6219.15273331379 1.2682941469606024e-16
6219.699886173649 1.5284910757460504e-16
6220.247039033498 9.346196005212006e-17
6220.794191893348 1.4689908460064427e-16
6221.3413447531975 1.960013689403833e-16
6221.888497613047 2.1724421587390463e-16
6222.435650472896 2.0365301722543338e-16
6222.982803332745 1.9388996366637287e-16
6223.529956192595 8.039139950133204e-17
6224.077109052444 -4.6971986977199015e-17
6224.624261912303 2.142019306853143e-16
6225.171414772152 1.770092227474393e-16
6225.718567632002 8.323735704663052e-17
6226.265720491851 1.5142844423366005e-16
6226.812873351701 3.0311326509000007e-16
6227.36002621155 2.1632047237427443e-16
6227.907179071399 9.63167863368177e-17
6228.454331931258 2.2355629027478235e-16
6229.001484791107 1.808573475591075e-16
6229.548637650956 2.0399890811932795e-16
6230.095790510805 2.7500093937243493e-16
6230.642943370655 6.067568565827928e-17
6231.190096230504 1.9574645742613626e-16
6231.7372490903535 2.2016327006140068e-16
6232.284401950203 2.1194932537540759e-16
6232.831554810052 9.284812119406265e-17
6233.378707669912 7.766229943198668e-17
6233.925860529761 1.8554437412856023e-16
6234.47301338961 -4.853039899085359e-17
6235.020166249459 1.2666195221999961e-17
6235.567319109309 9.538356336711562e-17
6236.114471969158 1.424166577125703e-16
6236.661624829007 2.0037324033650859e-16
6237.208777688867 2.1790422920057132e-16
6237.755930548716 1.689411081852242e-16
6238.303083408565 8.001311375999142e-17
6238.850236268414 2.227914756973373e-16
6239.397389128263 1.2881723442291933e-16
6239.944541988112 1.7014996470331934e-16
6240.491694847962 2.4717392019678812e-17
6241.038847707811 3.5596998316877226e-17
6241.58600056767 8.359300863861564e-17
6242.13315342752 1.0004448124748151e-16
6242.680306287369 1.5777290585336361e-16
6243.227459147219 1.981239999041737e-16
6243.774612007068 2.842439287355219e-16
6244.321764866917 2.506165104121921e-16
6244.868917726766 1.8190624774398237e-16
6245.416070586616 1.7045454997468864e-16
6245.963223446475 1.8520863765354012e-16
6246.510376306324 3.8465741658496695e-17
6247.0575291661735 8.30574736593307e-17
6247.604682026023 6.420466016498034e-17
6248.151834885872 1.3867359059935343e-16
6248.698987745721 5.473477812629729e-17
6249.24614060557 6.478633974500273e-17
6249.793293465419 1.5157147873569435e-16
6250.340446325278 -2.5053801568219042e-17
6250.887599185128 9.418839192138176e-17
6251.434752044977 8.199153866351483e-17
6251.9819049048265 1.693597035332793e-16
6252.529057764676 1.8654310299610491e-16
6253.076210624526 7.423986018439553e-17
6253.623363484375 1.264244093636632e-16
6254.170516344224 2.826156059847355e-16
6254.717669204083 1.5526178436612313e-16
6255.264822063932 8.131340394056311e-17
6255.811974923782 1.194048839891716e-16
6256.359127783631 2.1991028355234632e-16
6256.90628064348 1.3124151363620978e-16
6257.4534335033295 7.967498473604916e-17
6258.000586363179 1.123915561492303e-16
6258.547739223028 9.150833502710459e-17
6259.094892082887 3.2432590691834144e-17
6259.642044942736 1.1149637796016285e-16
6260.189197802585 1.995304106619219e-16
6260.736350662435 1.7047631421250687e-16
6261.283503522284 1.3417300493081322e-16
6261.830656382133 1.510966777024754e-16
6262.3778092419825 1.532911581964961e-16
6262.9249621018425 1.1330247486533721e-16
6263.472114961692 1.392693111218729e-16
6264.019267821541 1.181829500795704e-16
6264.56642068139 1.6743960471055797e-16
6265.113573541239 1.5991080474077434e-16
6265.660726401089 1.5007502719138363e-16
6266.207879260938 3.750820765997792e-18
6266.755032120787 1.0649876568895438e-16
6267.3021849806355 2.1547623564459665e-16
6267.8493378404955 1.8656033662296166e-16
6268.396490700345 1.5014397669121189e-16
6268.943643560194 8.655438036879311e-19
6269.490796420043 1.4078666963546996e-16
6270.037949279892 9.738477831652751e-17
6270.585102139742 -1.5848226936068e-17
6271.132254999591 2.293402231875017e-16
6271.67940785944 2.6771375196876226e-16
6272.226560719299 4.419021170632027e-17
6272.773713579149 1.1218841858346665e-16
6273.320866438999 1.6875682537801567e-16
6273.868019298848 4.7666532918471724e-17
6274.415172158697 8.538968836884091e-17
6274.962325018546 1.2825490033534617e-16
6275.509477878396 1.2785546408464365e-16
6276.056630738255 1.1941195335831724e-16
6276.603783598104 1.8985513155017297e-16
6277.150936457952 3.1870270380947695e-16
6277.698089317802 2.7201579570120904e-16
6278.245242177652 1.536409660917834e-16
6278.792395037501 4.214196675134173e-17
6279.33954789735 1.4328999269273847e-16
6279.886700757199 1.9139261287184607e-16
6280.433853617049 9.81103130224293e-17
6280.981006476908 1.6833844348454148e-16
6281.528159336757 9.482615976324225e-17
6282.075312196606 1.5186270337745154e-16
6282.622465056456 1.6670742989137498e-16
6283.1696179163055 1.5642077340448323e-16
6283.716770776155 1.8459366062441944e-16
6284.263923636004 9.310193197220871e-17
6284.811076495853 1.7670492699055522e-16
6285.358229355713 1.6201772727200382e-16
6285.905382215562 2.1656326446142133e-16
6286.452535075411 9.011044099048359e-17
6286.999687935259 6.431437937868721e-18
6287.546840795109 1.966747538643413e-16
6288.0939936549585 1.7486423314989913e-16
6288.641146514808 1.7263275547008034e-16
6289.188299374667 2.536739909413013e-16
6289.735452234516 2.2119744446809485e-16
6290.282605094366 1.700961423109989e-16
6290.829757954215 1.5819354660113342e-16
6291.376910814064 -2.6546877398014296e-19
6291.924063673913 1.0255213873490359e-16
6292.471216533763 2.718546097926882e-16
6293.018369393612 1.6768532194638713e-16
6293.5655222534715 1.5579949897604248e-16
6294.112675113321 1.4114725486453332e-16
6294.65982797317 1.8136458129811834e-16
6295.20698083302 1.1201761868012926e-16
6295.754133692869 1.2640403452801745e-16
6296.301286552718 1.5269231785516857e-16
6296.848439412566 1.3299618579083255e-16
6297.395592272416 1.9753268353126348e-16
6297.942745132275 1.3874224721159933e-16
6298.4898979921245 2.5540609965058107e-16
6299.037050851974 3.1495462989243445e-16
6299.584203711823 1.6209804170748723e-16
6300.131356571673 1.2995464903644663e-16
6300.678509431522 9.594596043092006e-17
6301.225662291371 1.5353683371080017e-16
6301.77281515122 1.8455141475928622e-16
6302.319968011079 1.0105806243910858e-16
6302.867120870929 1.4157865655737506e-16
6303.414273730778 2.328994168040714e-16
6303.9614265906275 2.1166505035935188e-16
6304.508579450477 1.32061972630014e-16
6305.055732310327 1.8962655891690075e-16
6305.602885170176 1.6499038900157398e-16
6306.150038030025 1.830419729680997e-16
6306.697190889883 1.3060241586220212e-16
6307.244343749732 5.78480372493779e-17
6307.791496609582 1.9492416446747872e-16
6308.338649469431 1.8960968471299739e-16
6308.8858023292805 1.380845928165813e-16
6309.43295518913 1.8872452680988743e-16
6309.98010804898 8.355172950610286e-17
6310.527260908839 4.998778916415673e-17
6311.074413768688 1.4664766016965527e-16
6311.621566628537 2.506883235526381e-16
6312.168719488386 2.3153513056704875e-16
6312.715872348236 8.369027526482923e-17
6313.263025208085 1.475824721352366e-16
6313.810178067934 2.6139824934628284e-16
6314.357330927784 1.4817420014275676e-16
6314.904483787644 7.447416763802855e-17
6315.451636647493 8.692030896290241e-17
6315.998789507341 1.006637182356812e-16
6316.54594236719 2.1712694890038312e-16
6317.093095227039 2.0698312818693457e-16
6317.640248086889 2.7350344006330395e-16
6318.187400946738 2.5025913689063927e-16
6318.734553806587 1.6971231895169125e-16
6319.281706666447 8.261960518854632e-17
6319.828859526297 1.5862960164729421e-16
6320.376012386146 1.8636014689955355e-16
6320.923165245995 1.6489119541900516e-16
6321.470318105844 1.995910109611922e-16
6322.017470965693 2.326990667843765e-16
6322.564623825543 1.1313247243070387e-16
6323.111776685392 8.17900062971184e-18
6323.658929545251 2.6435190112870928e-17
6324.2060824051005 6.799998243311554e-17
6324.7532352649505 1.261167492770204e-16
6325.3003881248 2.0580819992517473e-16
6325.847540984648 2.362642764146032e-16
6326.394693844497 1.3877329640804723e-16
6326.941846704346 1.1207079037261452e-16
6327.488999564206 2.531563587698566e-16
6328.036152424055 1.882737409651881e-16
6328.583305283904 1.1106342519489568e-16
6329.1304581437535 1.444436455711254e-16
6329.6776110036035 1.928585066406338e-16
6330.224763863453 2.511735658033104e-16
6330.771916723302 1.376102407141063e-16
6331.319069583151 1.6105488535486287e-16
6331.866222443 2.1562406384279112e-16
6332.41337530286 2.9798964869479034e-16
6332.960528162709 2.0970263734790641e-16
6333.507681022558 2.3936238662507e-16
6334.054833882407 2.6019005065847816e-16
6334.601986742257 2.263707763402382e-16
6335.1491396021065 2.0394134706466784e-16
6335.696292461955 1.2913326127579838e-16
6336.243445321804 1.6006401283849883e-16
6336.790598181663 1.7574677261017422e-16
6337.337751041513 2.240507229217889e-16
6337.884903901362 1.4882799356425783e-16
6338.432056761211 1.0758910696972715e-16
6338.97920962106 2.4638336245101194e-16
6339.52636248091 2.0498316460863405e-16
6340.0735153407595 1.0305064008457981e-16
6340.620668200619 1.9452763479856746e-16
6341.167821060468 8.808716325507028e-17
6341.714973920317 1.0844371975194566e-16
6342.262126780167 2.2334119397158504e-16
6342.809279640016 8.704621172665984e-17
6343.356432499865 8.874173663892948e-17
6343.903585359714 1.8740832445722894e-16
6344.450738219564 1.6795900982087126e-16
6344.997891079423 1.9112037387871537e-16
6345.545043939272 2.0454523782330583e-16
6346.092196799121 2.501444726327299e-16
6346.63934965897 1.6950083223228863e-16
6347.18650251882 1.0329525250378126e-16
6347.733655378669 1.7770389826544815e-16
6348.280808238518 1.478415426265202e-16
6348.827961098367 1.556213777287154e-16
6349.375113958226 1.4111127517365657e-16
6349.922266818076 2.0431069425051802e-17
6350.4694196779255 1.3826913851673058e-16
6351.016572537775 4.066670238277121e-17
6351.563725397624 1.010903138745534e-16
6352.110878257474 1.4602051522080627e-16
6352.658031117323 1.0963302541853297e-16
6353.205183977172 2.3644904557847175e-16
6353.752336837031 1.0284677784728004e-16
6354.29948969688 1.636097991137146e-16
6354.846642556729 9.99676272338667e-17
6355.3937954165785 1.1553618058618062e-16
6355.940948276428 1.2577406372040626e-16
6356.488101136277 5.1682136087708305e-17
6357.035253996127 2.1082622641710071e-16
6357.582406855986 1.4900343988045499e-16
6358.129559715835 1.0480693300787624e-16
6358.676712575684 2.232003599249532e-16
6359.223865435533 1.8794987897630257e-16
6359.771018295383 9.987115623087689e-17
6360.318171155232 7.702499450282408e-17
6360.865324015082 9.741995395922967e-17
6361.412476874931 1.8700148680392786e-16
6361.959629734781 2.840457028296811e-16
6362.50678259464 1.3047142445182338e-16
6363.053935454489 1.1100944571953652e-16
6363.601088314338 1.8316506959996482e-16
6364.148241174187 1.812721114645526e-16
6364.695394034036 1.478303398000411e-16
6365.242546893885 1.5873846290371672e-16
6365.789699753735 2.4453679302055833e-16
6366.336852613584 1.0621954657765122e-16
6366.884005473444 1.0934025501937866e-16
6367.431158333293 1.0171896782013344e-16
6367.978311193142 7.626928342237612e-17
6368.525464052991 1.806219454032982e-16
6369.07261691284 2.0411277532896762e-16
6369.61976977269 1.0163795118193798e-16
6370.166922632539 6.38610119269708e-17
6370.7140754923985 1.9842975138399623e-16
6371.261228352248 1.9827682171790867e-16
6371.808381212098 1.5276614985554433e-16
6372.355534071947 2.2804232422184056e-16
6372.902686931796 1.6066603044566683e-16
6373.449839791645 1.0641374254140194e-16
6373.996992651494 6.875149655728045e-17
6374.544145511343 1.0914051469625468e-16
6375.091298371202 9.009422764478015e-17
6375.6384512310515 1.8840400783927037e-16
6376.185604090901 1.6403693651357167e-16
6376.732756950751 1.4345533559117125e-16
6377.2799098106 1.6803016525113681e-16
6377.827062670449 1.7854211564408923e-16
6378.374215530298 -1.7630160541153125e-17
6378.921368390147 1.1285699533076314e-16
6379.468521250007 2.1172978179442777e-16
6380.015674109856 1.2666050973774645e-16
6380.562826969705 1.0222716050808739e-16
6381.1099798295545 1.61105492977837e-16
6381.6571326894045 1.9770417440409359e-16
6382.204285549254 1.5335126839329427e-16
6382.751438409103 1.265319972294728e-16
6383.298591268962 2.292500835931408e-16
6383.845744128811 8.511810016014302e-17
6384.39289698865 1.9176069253608403e-16
6384.940049848509 1.4264498580542242e-16
6385.487202708358 2.2617053300657373e-17
6386.0343555682075 2.0334688699476662e-16
6386.5815084280575 1.3220360607063063e-16
6387.128661287907 1.773822530095856e-16
6387.675814147756 1.9387169978840512e-16
6388.222967007615 5.013362867073167e-17
6388.770119867464 1.4179370446707058e-16
6389.317272727314 1.813407609478302e-16
6389.864425587163 1.8247354086534816e-16
6390.411578447012 1.492430944819775e-16
6390.958731306861 1.0275767719971421e-16
6391.505884166711 6.494009710728857e-17
6392.053037026561 1.1582833557707478e-16
6392.60018988641 1.3032442087041074e-16
6393.147342746269 1.2851088838974094e-16
6393.694495606118 1.4898120973841844e-16
6394.241648465967 9.508928048146167e-17
6394.788801325816 1.1843044722143266e-16
6395.335954185665 1.801636774215299e-16
6395.883107045514 2.2803838636518163e-16
6396.430259905364 4.4993754103985444e-17
6396.977412765214 2.299861938702041e-18
6397.524565625073 1.543271634916798e-16
6398.071718484922 1.2648434469890428e-16
6398.618871344771 1.7743721985691004e-16
6399.166024204621 1.1909498348710722e-16
6399.71317706447 1.0339547684604823e-16
6400.260329924319 1.2860482622203405e-16
6400.807482784168 1.2046288852793793e-16
6401.354635644028 1.5119803241555286e-16
6401.9017885038775 1.0089115281535358e-16
6402.448941363727 1.3187253346550577e-16
6402.996094223576 9.732906889009956e-17
6403.543247083424 1.6249478192147893e-16
6404.090399943274 1.2487626732912287e-16
6404.637552803123 9.541321607315311e-17
6405.184705662972 5.3345097568857223e-17
6405.731858522831 1.3147081667460172e-16
6406.279011382681 1.552779642065165e-16
6406.8261642425305 8.794992397069227e-17
6407.37331710238 1.3216294564470727e-16
6407.920469962229 1.6287320021812954e-16
6408.467622822078 4.839255716846082e-17
6409.014775681928 2.7534848851980684e-17
6409.561928541787 7.454191024337219e-17
6410.109081401636 1.2951775597453344e-16
6410.656234261485 1.7159641500646866e-16
6411.203387121335 6.307262203642905e-17
6411.750539981184 9.174286818011711e-17
6412.2976928410335 8.27523802622622e-17
6412.844845700883 1.0525434751300136e-16
6413.391998560731 1.0740214681760385e-16
6413.939151420591 7.51946000768743e-17
6414.48630428044 1.1248999681841834e-16
6415.033457140289 1.43513736259347e-16
6415.580610000138 1.1174710239156342e-16
6416.127762859988 3.219949399020831e-17
6416.674915719837 1.2702093371886856e-16
6417.2220685796865 1.0082902930570111e-16
6417.769221439536 1.134015606496341e-16
6418.316374299395 1.5069626138427485e-16
6418.863527159245 1.731195629145541e-16
6419.410680019094 7.460649193641308e-17
6419.957832878943 4.549553736268774e-17
6420.504985738792 1.1444139734792654e-16
6421.052138598641 9.100951323188726e-17
6421.599291458491 -2.0551480993252788e-17
6422.14644431834 9.122231590383325e-17
6422.6935971781995 1.4211855545176153e-16
6423.240750038048 6.65748132736964e-17
6423.787902897898 7.091456967398043e-17
6424.335055757747 2.0655539979610688e-16
6424.882208617596 2.226159077001854e-16
6425.429361477445 5.315564526989443e-17
6425.976514337294 1.0062988403720183e-16
6426.523667197144 3.124211816890346e-17
6427.070820057003 1.2789604004878273e-16
6427.6179729168525 1.4745937987599116e-16
6428.165125776702 1.0856560381496719e-16
6428.712278636552 1.2385550257940834e-16
6429.259431496401 1.692045569325074e-16
6429.80658435625 1.3272750863452143e-16
6430.353737216099 2.2028110404644804e-16
6430.900890075958 9.165419364074931e-17
6431.448042935808 1.5546439502872942e-16
6431.995195795657 2.675951222781464e-16
6432.542348655506 1.3312301339957917e-16
6433.089501515355 4.5293058309722674e-17
6433.636654375205 2.6075521130878616e-17
6434.183807235054 1.404842393541486e-16
6434.730960094903 9.98558197959873e-17
6435.278112954762 1.2510972014522298e-16
6435.825265814611 1.1380396020247343e-17
6436.372418674461 9.072781802042471e-17
6436.91957153431 8.827850905938087e-17
6437.466724394159 1.1173014536800023e-16
6438.013877254009 5.889376787915793e-17
6438.561030113859 2.864215865614989e-17
6439.108182973708 7.933713320050418e-17
6439.655335833557 1.3894561938657024e-16
6440.202488693416 1.7044083488208688e-16
6440.749641553265 1.071326848182231e-16
6441.296794413115 1.582244930358615e-16
6441.843947272964 2.8898437893699205e-16
6442.391100132813 1.4816253855390233e-16
6442.938252992662 2.0444750281210172e-17
6443.485405852512 1.4995713670336016e-16
6444.032558712371 1.080962133166034e-16
6444.57971157222 1.6026715990987341e-16
6445.126864432069 1.7005147175863858e-16
6445.674017291918 1.3961317745620166e-16
6446.221170151768 -2.648190088885682e-18
6446.768323011617 1.3080172150285246e-16
6447.315475871466 1.4925271103600397e-16
6447.8626287313255 5.321721712651954e-17
6448.4097815911655 6.913994624441357e-17
6448.956934451025 1.9764846295960764e-16
6449.504087310874 1.3603535528367254e-16
6450.051240170723 1.0341247270545628e-16
6450.598393030572 7.659723831906961e-17
6451.145545890422 1.204203069488396e-16
6451.692698750271 9.60666926627727e-17
6452.239851610129 1.1107566166616514e-16
6452.787004469968 1.396371950115094e-16
6453.3341573298285 1.248813962157806e-16
6453.881310189678 7.360604985582307e-17
6454.428463049527 3.365208178530356e-17
6454.975615909376 6.526100547307546e-17
6455.522768769225 1.3318329355600816e-16
6456.069921629075 1.875098056490107e-16
6456.617074488934 1.721521986837828e-16
6457.164227348783 8.669845472503186e-17
6457.711380208632 8.686062234488232e-17
6458.258533068482 1.4761278386099486e-16
6458.8056859283315 5.4229787949647484e-17
6459.352838788181 1.8183771018688695e-17
6459.89999164803 1.436432035571046e-16
6460.447144507879 1.0313583551341516e-16
6460.994297367739 7.733959155550299e-17
6461.541450227588 1.357068438282506e-16
6462.088603087436 1.703211332148892e-16
6462.635755947285 1.0817716207809945e-16
6463.182908807135 1.3715196568180115e-16
6463.7300616669845 9.532122932518872e-17
6464.277214526834 1.0546086752819872e-16
6464.824367386683 1.368067662387702e-16
6465.371520246532 1.693504761546857e-16
6465.918673106392 2.093640677919676e-16
6466.465825966241 9.129878270555221e-17
6467.01297882609 1.4219317736453458e-16
6467.560131685939 1.5393201821066112e-16
6468.107284545789 1.2415060437720304e-16
6468.654437405638 1.149137670386588e-16
6469.2015902654875 1.5391966076125818e-16
6469.748743125347 1.987112862282607e-16
6470.295895985196 1.5525941179825137e-16
6470.843048845046 6.480916939407699e-17
6471.390201704895 8.067302707323442e-17
6471.937354564743 1.3170646593855307e-16
6472.484507424592 1.0187805411644611e-16
6473.031660284442 1.1163499180226107e-16
6473.578813144291 1.1676666127718802e-16
6474.1259660041505 9.198634286100842e-17
6474.673118864 1.5475249340480933e-16
6475.220271723849 1.3221200231877e-16
6475.767424583699 1.1749117428720616e-16
6476.314577443548 1.5051097337749283e-16
6476.861730303397 2.1382809428994705e-16
6477.408883163246 1.0186708789277928e-16
6477.956036023105 2.2754488839783057e-17
6478.503188882955 1.7809781554216615e-16
6479.050341742804 1.921366301155301e-16
6479.597494602654 1.7578670658328544e-16
6480.144647462503 1.6447273206029543e-16
6480.691800322353 1.0354354927907183e-16
6481.238953182202 1.2138260342576457e-16
6481.78610604205 6.845385798428722e-17
6482.333258901909 1.1740230742793107e-16
6482.880411761758 1.1014116510769133e-16
6483.427564621608 3.2735344934725473e-17
6483.974717481457 5.027531963636311e-17
6484.521870341307 8.270880048940752e-17
6485.069023201156 1.3807432844470065e-16
6485.616176061006 1.5462815740945033e-16
6486.163328920855 1.647884759327889e-16
6486.710481780704 1.4544147196203843e-16
6487.257634640563 3.673543545163095e-17
6487.804787500412 4.613895737189764e-17
6488.351940360262 8.704853129137849e-17
6488.899093220111 1.0824068470852111e-16
6489.4462460799605 1.9320030030089429e-16
6489.99339893981 9.049939498610889e-17
6490.54055179966 4.743349907387003e-17
6491.087704659518 1.0024618204649085e-16
6491.634857519357 4.670324257338252e-17
6492.182010379216 7.868795087481851e-17
6492.729163239065 1.3341111448526964e-16
6493.276316098915 7.034189136602086e-17
6493.823468958764 1.5028778634106825e-16
6494.3706218186135 1.4025574713621257e-16
6494.917774678463 1.2906846641563567e-16
6495.464927538323 1.580085251770539e-16
6496.012080398162 1.1850324004075456e-16
6496.559233258021 1.0614359747171083e-16
6497.10638611787 5.4158006800002485e-17
6497.653538977719 9.581205828154369e-17
6498.200691837569 1.10036081074349e-16
6498.747844697418 1.0371355140599425e-16
6499.294997557267 1.6837523157555718e-16
6499.8421504171265 1.8737501174108195e-16
6500.3893032769765 1.2828819296936363e-16
6500.936456136825 5.2780613214849505e-17
6501.483608996674 5.662022911816501e-17
6502.030761856523 1.1149653173747617e-16
6502.577914716372 5.30296042747867e-17
6503.125067576222 4.5116206685633304e-17
6503.672220436071 6.0380243977407e-17
6504.21937329592 9.882479471152664e-17
6504.7665261557795 1.2492564419387898e-16
6505.3136790156295 8.014250812532866e-17
6505.860831875479 1.1284538311783327e-16
6506.407984735328 1.392887961375727e-16
6506.955137595177 1.0791959751351015e-16
6507.502290455026 7.559625693579032e-17
6508.049443314876 7.998557899138843e-17
6508.596596174735 1.9432444688639694e-17
6509.143749034584 8.634837399732817e-17
6509.690901894433 1.38996968044272e-16
6510.238054754283 1.2446307349631589e-16
6510.785207614132 8.490413196470262e-17
6511.332360473981 8.48382424823274e-17
6511.87951333383 1.639348074677028e-16
6512.426666193679 1.317983603642381e-16
6512.973819053539 1.6637239983528053e-16
6513.520971913388 2.256958041369879e-16
6514.068124773237 1.3104562791194736e-16
6514.615277633086 2.0496576287997162e-16
6515.162430492936 1.155982315450232e-16
6515.709583352786 1.3183421757436798e-16
6516.256736212635 1.617093710719236e-16
6516.803889072494 1.726493630967146e-16
6517.351041932333 1.269667077727479e-16
6517.898194792193 1.1210757551006728e-16
6518.445347652042 1.3902125265718488e-16
6518.992500511891 1.3323453076956682e-16
6519.53965337174 4.283410599781529e-17
6520.08680623159 2.0701273702215868e-16
6520.633959091439 1.457941112674953e-16
6521.181111951288 8.869779023482207e-17
6521.728264811147 7.668412170142973e-17
6522.275417670996 1.0019898419868815e-16
6522.822570530846 1.1027050482278694e-16
6523.369723390695 9.822946863792979e-17
6523.916876250544 1.308342155575929e-16
6524.464029110393 2.1551377635088576e-16
6525.011181970243 2.528414768247918e-16
6525.5583348301025 1.4623085995143718e-16
6526.105487689952 2.0494940351590525e-16
6526.652640549801 1.174111457369239e-16
6527.19979340965 4.6690811930258994e-17
6527.7469462695 6.689885087838991e-17
6528.294099129349 1.0941702731988527e-16
6528.841251989198 1.51136574924832e-16
6529.388404849047 2.4060135001410016e-16
6529.935557708897 2.3470420824674947e-16
6530.4827105687555 1.4140647953343214e-16
6531.029863428605 7.606366506114523e-17
6531.577016288454 1.242644699311904e-16
6532.124169148303 2.2948455555309306e-16
6532.671322008153 1.3730076821972404e-16
6533.218474868002 1.6664591287783576e-16
6533.765627727851 1.9786552825939775e-16
6534.3127805877 2.266535165902339e-16
6534.859933447559 2.605215830498008e-16
6535.407086307409 1.9754689650634646e-16
6535.9542391672585 1.2484815953580792e-16
6536.501392027108 1.6431645883777924e-16
6537.048544886957 1.7377102429604345e-16
6537.595697746807 2.0838542793812896e-16
6538.142850606656 1.6231711152933143e-16
6538.690003466515 1.5249620231168404e-16
6539.237156326364 1.5129847457967353e-16
6539.784309186212 1.8911659642252117e-16
6540.331462046062 1.4622884859589333e-16
6540.8786149059115 1.8317681385561704e-16
6541.425767765761 2.328737237119736e-16
6541.97292062561 2.0520523024062595e-16
6542.52007348546 1.62690118993538e-16
6543.067226345319 1.5196621980473523e-16
6543.614379205168 3.625590051315231e-17
6544.161532065017 2.411200018762513e-16
6544.708684924866 2.225524324498173e-16
6545.255837784716 2.4722348203724997e-16
6545.802990644565 2.5987455196172953e-16
6546.3501435044145 4.696118414368103e-17
6546.897296364264 1.401583345189146e-17
6547.444449224124 1.4024581306556616e-16
6547.991602083973 2.2736731463209063e-16
6548.538754943822 2.2089555239839317e-16
6549.085907803671 2.428254680017427e-16
6549.633060663519 2.278570297833883e-16
6550.180213523369 1.8789321555565094e-16
6550.727366383218 2.6091704000357314e-16
6551.2745192430675 2.0879419620950892e-16
6551.821672102927 1.6141652964727485e-16
6552.368824962777 1.1403494436338116e-16
6552.915977822626 1.8188335652358098e-16
6553.463130682475 2.2033004665354802e-16
6554.010283542324 2.381391074506469e-16
6554.557436402173 1.1912168573780703e-16
6555.104589262023 1.8396244254869795e-16
6555.651742121872 1.967643877593351e-16
6556.198894981731 2.187523375863517e-16
6556.746047841581 1.8241803985549517e-16
6557.293200701431 1.7854344042310038e-16
6557.84035356128 1.5685410324276887e-16
6558.387506421129 1.9611306114456168e-16
6558.934659280978 1.574198473558907e-16
6559.481812140826 1.5930017028529272e-16
6560.028965000676 1.6512374796669462e-16
6560.576117860535 1.8978199422098017e-16
6561.123270720384 1.7708325683904095e-16
6561.670423580234 2.0519394560419514e-16
6562.217576440084 1.911509903196352e-16
6562.764729299933 2.6771809879307233e-16
6563.311882159782 2.5097218374533775e-16
6563.859035019631 1.8226479826409795e-16
6564.40618787949 1.0085861654854842e-16
6564.95334073934 1.533357601003335e-16
6565.500493599189 2.0196403720713174e-16
6566.047646459038 1.747077246502079e-16
6566.594799318887 1.682542950119235e-16
6567.1419521787375 1.4275673338013029e-16
6567.689105038587 1.5192828201504182e-16
6568.236257898436 1.1148677704008448e-16
6568.783410758295 1.699513380684815e-16
6569.330563618143 2.2226314729967327e-16
6569.877716477993 2.589429380628451e-16
6570.424869337842 2.1537821852589747e-16
6570.972022197691 2.437292842254643e-16
6571.51917505754 2.5255844361808775e-16
6572.0663279173905 1.7963571657362353e-16
6572.61348077724 1.7011416476653746e-16
6573.160633637099 1.6385374767718985e-16
6573.707786496948 1.9909608802286646e-16
6574.254939356797 1.2998292929803282e-16
6574.802092216647 1.5327755532549332e-16
6575.349245076496 2.2942527166584485e-16
6575.896397936345 1.4434832733550004e-16
6576.443550796194 2.2248421832359647e-16
6576.990703656044 2.35275656960795e-16
6577.5378565159035 2.030611851467525e-16
6578.085009375753 1.6242910781415956e-16
6578.632162235601 6.353435633885769e-17
6579.17931509545 1.9712496648514721e-16
6579.7264679553 1.6891626442235076e-16
6580.273620815149 1.2707914876105684e-16
6580.820773674998 2.3839469138445943e-16
6581.367926534847 1.5422274614151392e-16
6581.9150793947065 2.0308014099726288e-16
6582.4622322545565 1.9036748003940378e-16
6583.009385114406 7.61358209425476e-17
6583.556537974255 1.4467501294670938e-16
6584.103690834104 9.427667672173668e-17
6584.650843693954 1.5795543986812993e-16
6585.197996553803 2.5873872151574863e-16
6585.745149413652 1.4715823245275355e-16
6586.292302273511 2.1583432228858871e-16
6586.83945513336 3.0206917311454384e-16
6587.38660799321 4.0657822462676004e-16
6587.9337608530595 8.036195714217728e-16
6588.480913712908 9.570420023329641e-16
6589.028066572757 1.1046369206776638e-15
6589.575219432617 9.481330926324743e-16
6590.122372292456 6.143929276307219e-16
6590.669525152315 5.472165500673213e-16
6591.216678012164 3.743419230211343e-16
6591.763830872013 2.319574070343289e-16
6592.310983731863 2.286068320339871e-16
6592.8581365917125 2.539489489179069e-16
6593.405289451562 2.3764231623921467e-16
6593.952442311411 1.585382168077224e-16
6594.499595171271 1.7236513668248357e-16
6595.04674803112 1.00781146861633e-16
6595.593900890969 9.189725755092632e-17
6596.141053750818 1.4281572346253998e-16
6596.688206610667 6.996937444933876e-17
6597.235359470517 1.9098334436375268e-16
6597.782512330366 2.469655165238997e-16
6598.329665190215 2.6294733045818826e-16
6598.876818050064 1.6815958865087798e-16
6599.423970909924 5.383750688437454e-17
6599.971123769773 1.4279080603181784e-16
6600.518276629622 3.1502541359964957e-16
6601.065429489471 2.443777656311963e-16
6601.61258234932 1.4392773167644094e-16
6602.15973520917 1.237913114608923e-16
6602.706888069029 2.6150750622231063e-16
6603.254040928869 1.9594303417807205e-16
6603.801193788728 2.6039415581551594e-16
6604.348346648578 2.810212409147605e-16
6604.895499508427 8.485888237409025e-17
6605.442652368276 1.472743579621906e-16
6605.989805228125 6.743668642565017e-17
6606.536958087974 1.5259708606603822e-16
6607.084110947824 1.3060697739580554e-16
6607.631263807683 2.454883917499455e-16
6608.178416667532 1.7032347489552116e-16
6608.725569527381 2.966520854840545e-16
6609.272722387231 3.1524327899007076e-16
6609.81987524708 3.3039793187098414e-16
6610.367028106929 3.8790630098717157e-16
6610.914180966778 3.3083954549834892e-16
6611.461333826627 2.9385271817255563e-16
6612.008486686487 1.6893564008642066e-16
6612.555639546336 2.16552476304076e-16
6613.1027924061855 1.5771753796118734e-16
6613.649945266035 9.093163209523703e-17
6614.197098125885 1.9761136181127177e-16
6614.744250985734 2.4808523802177235e-16
6615.291403845583 1.2878372775682633e-16
6615.838556705432 1.0127579476939367e-16
6616.385709565291 1.4900082628963893e-16
6616.932862425141 2.3481206459127927e-16
6617.48001528499 1.5446275221177487e-16
6618.0271681448385 1.1463387151020258e-16
6618.574321004688 1.0178251663223842e-16
6619.121473864538 1.201772239110747e-16
6619.668626724387 1.2057851426716234e-16
6620.215779584236 1.458581618506882e-16
6620.762932444095 1.548635579952763e-16
6621.310085303944 2.112292939203215e-16
6621.857238163794 2.3011808687575665e-16
6622.404391023643 1.4780117117294744e-16
6622.951543883492 4.72563469996029e-17
6623.4986967433415 1.2519610535533865e-16
6624.0458496031915 2.276364626707839e-16
6624.593002463041 2.1180533415938465e-16
6625.1401553229 1.159199702595424e-16
6625.687308182749 1.1822511386292592e-16
6626.234461042598 1.8540962492317026e-16
6626.781613902448 8.603791405481882e-17
6627.328766762296 5.716731280134502e-17
6627.875919622145 1.105255512556144e-16
6628.4230724819945 1.8649489265815192e-16
6628.9702253418445 1.5818514030294334e-16
6629.517378201704 1.2568530665759946e-16
6630.064531061553 1.5050936526933163e-16
6630.611683921402 1.7744317184268012e-16
6631.158836781251 8.194068518929337e-17
6631.705989641101 6.245341984419233e-17
6632.25314250095 1.3198359428333083e-16
6632.800295360799 1.596991847820065e-16
6633.347448220648 2.135047309253787e-16
6633.894601080508 1.332825845180106e-16
6634.441753940358 8.322380858138064e-17
6634.988906800207 1.0411844030159694e-16
6635.536059660056 1.769477031995991e-16
6636.083212519905 1.5543199013729284e-16
6636.630365379755 1.9812771055268876e-16
6637.177518239603 1.3732642625616486e-16
6637.724671099462 3.838121351092534e-18
6638.271823959311 9.659877831509837e-17
6638.818976819161 1.0670159152623843e-16
6639.366129679011 8.83007173631216e-17
6639.91328253886 2.019905813827503e-16
6640.460435398709 1.9337935009578878e-16
6641.007588258558 6.865681728308964e-17
6641.554741118408 6.351285068409557e-17
6642.101893978257 7.697342797001288e-17
6642.649046838116 9.526320170260775e-17
6643.196199697965 1.2075707554290297e-16
6643.743352557814 1.097444593807294e-16
6644.2905054176645 1.0076044149341807e-16
6644.837658277514 1.475733736659087e-16
6645.384811137363 1.1961547920802404e-16
6645.931963997212 8.84563700705001e-17
6646.479116857062 1.200599466969054e-17
6647.02626971692 9.897806983796994e-17
6647.573422576769 1.2265527941743706e-16
6648.120575436618 1.558840224718017e-16
6648.667728296467 1.70680141639398e-16
6649.2148811563175 1.3563713747919219e-16
6649.762034016167 6.417220347416719e-17
6650.309186876016 2.6935455793090144e-17
6650.856339735875 9.302626341976159e-17
6651.403492595725 9.512624636329899e-17
6651.950645455574 1.1559558674301896e-16
6652.497798315423 7.38627284130258e-18
6653.044951175272 1.641113183184851e-16
6653.592104035121 1.3212383167886006e-16
6654.139256894971 7.600254855983466e-17
6654.6864097548205 1.1364565011772874e-16
6655.23356261468 1.3112614454490252e-16
6655.780715474529 6.975898051900082e-17
6656.327868334379 1.126831086386327e-16
6656.875021194227 8.73182346881574e-17
6657.422174054076 7.768486684267883e-17
6657.969326913925 1.243508670880202e-16
6658.516479773774 1.4613502094367476e-16
6659.063632633624 7.902707216181623e-17
6659.6107854934835 3.733978124265807e-17
6660.157938353333 1.5575964463318752e-16
6660.705091213182 1.0632690599155097e-16
6661.252244073032 8.126472336032512e-17
6661.799396932881 1.6380000381960913e-16
6662.34654979273 1.4763942970937085e-16
6662.893702652579 2.425410768780427e-16
6663.440855512428 3.012254497547885e-16
6663.988008372288 1.5430569949076694e-16
6664.535161232137 6.597140134595516e-17
6665.0823140919865 1.570225267431053e-16
6665.629466951836 1.170541871880581e-16
6666.176619811686 1.2145412128360984e-16
6666.723772671534 1.395864693057526e-16
6667.270925531383 1.2092676928615552e-16
6667.818078391232 1.3259862861543608e-16
6668.365231251091 1.4546657285466703e-16
6668.912384110941 1.2026635678021974e-16
6669.45953697079 9.487529796600832e-17
6670.0066898306395 1.26734342581362e-16
6670.553842690489 1.0672245911720367e-16
6671.100995550339 4.2875215859256047e-17
6671.648148410188 -1.5158230592543345e-17
6672.195301270047 6.845445025978298e-17
6672.742454129896 8.148171509840001e-17
6673.289606989745 1.445954106573451e-16
6673.836759849595 1.936212188915844e-16
6674.383912709444 2.013091945147973e-16
6674.931065569293 1.673243651670263e-16
6675.4782184291425 5.685590216046824e-17
6676.025371288992 2.252563226586648e-16
6676.572524148851 8.971508162237078e-17
6677.1196770087 7.270670564475656e-17
6677.666829868549 2.456655261216912e-16
6678.213982728398 2.010315772057751e-16
6678.761135588248 1.5321568872509033e-16
6679.308288448097 1.4161902004375548e-16
6679.855441307946 1.5465798498048923e-16
6680.4025941677955 5.1103258593647614e-17
6680.949747027656 5.902828916974604e-17
6681.496899887505 3.309290385037012e-17
6682.044052747354 5.45915335559038e-17
6682.591205607203 2.008037175830503e-16
6683.138358467052 1.4235732847682513e-16
6683.685511326902 1.4430468395901419e-16
6684.232664186751 1.1614052611290697e-16
6684.77981704661 6.01095936900923e-17
6685.326969906459 2.0054766287998722e-16
6685.874122766309 1.145750904755799e-16
6686.421275626158 1.336289704226775e-16
6686.968428486007 2.9093696955820817e-17
6687.515581345856 1.526718536885424e-16
6688.062734205705 1.9938736954261192e-16
6688.609887065555 1.7862436704869855e-16
6689.157039925414 8.668197522134346e-17
6689.704192785263 1.4496463269899568e-16
6690.251345645112 1.423196857931058e-16
6690.7984985049625 3.2524850168598463e-17
6691.345651364812 1.6326426630836812e-16
6691.892804224661 3.532251544033757e-17
6692.43995708451 1.629247165951863e-16
6692.987109944359 1.4392472992506683e-16
6693.534262804209 1.5925388825863128e-16
6694.081415664068 9.455615034696644e-17
6694.628568523917 5.982362959830715e-18
6695.175721383766 1.6656377887932428e-16
6695.7228742436155 8.71202040673936e-17
6696.270027103465 1.083102012705401e-16
6696.817179963314 1.910625544063998e-16
6697.364332823163 7.265189210327952e-17
6697.911485683022 6.990430239477832e-17
6698.458638542872 1.0706142621200154e-16
6699.005791402721 8.210070570753729e-17
6699.55294426257 1.3906958744595907e-16
6700.100097122419 6.267860314981008e-17
6700.647249982269 1.1257103590584181e-16
6701.1944028421185 2.4589122253105076e-16
6701.741555701978 1.8879566288415214e-16
6702.288708561827 1.6594856174951565e-16
6702.835861421676 7.020905690256515e-17
6703.383014281526 1.1864127147717876e-16
6703.930167141375 1.006165476660802e-16
6704.477320001224 -3.787236163586189e-19
6705.024472861073 9.104501539373992e-17
6705.571625720922 1.1920268198734097e-16
6706.1187785807715 2.1762641375127537e-16
6706.665931440631 2.141082898486306e-16
6707.21308430048 1.4637381836357533e-16
6707.760237160329 7.740725123258936e-17
6708.307390020179 3.458553277265218e-17
6708.854542880028 1.7133862916444718e-17
6709.401695739877 1.262565027676263e-16
6709.948848599726 1.3278908910268778e-16
6710.496001459576 1.0345553586514866e-16
6711.043154319425 7.941696888929792e-17
6711.5903071792845 5.078008514462191e-17
6712.137460039134 2.274645705085721e-16
6712.684612898983 1.1869543671266955e-16
6713.231765758833 6.196222293492742e-17
6713.778918618682 1.368932765139009e-16
6714.326071478531 1.3953296501553512e-16
6714.873224338389 1.3974918504481573e-16
6715.420377198238 6.810165705871414e-17
6715.967530058088 8.342292047465201e-17
6716.5146829179375 1.7541642317507928e-16
6717.061835777787 3.741561321151884e-17
6717.608988637636 9.632733902558391e-17
6718.156141497486 1.67618930317714e-16
6718.703294357335 1.4000773823819197e-16
6719.250447217184 1.6519502172975282e-16
6719.797600077043 8.406593751738723e-17
6720.344752936892 2.6212391702542843e-17
6720.891905796742 1.8649221170666576e-16
6721.439058656591 2.2591638731648314e-16
