5050.570714490747 3.166368322545167e-17
5053.46445097355 3.0427275040035966e-17
5056.358187456362 3.209168938006392e-17
5059.251923939165 3.4686198082733544e-17
5062.145660421978 3.486313107775701e-17
5065.039396904781 2.3587737942922406e-17
5067.933133387593 2.1454021240198612e-17
5070.826869870396 3.1099716039610104e-17
5073.720606353208 3.731659126235169e-17
5076.61434283601 3.4570681220774646e-17
5079.508079318823 2.9913978326633273e-17
5082.401815801636 2.886430103831154e-17
5085.295552284439 3.4908923829490216e-17
5088.189288767251 3.820572915878865e-17
5091.083025250054 3.381062445937715e-17
5093.976761732866 2.969846644416066e-17
5096.870498215669 2.7707708060542275e-17
5099.76423469848 3.015948255169427e-17
5102.657971181284 3.23882269562435e-17
5105.551707664096 3.52903090686069e-17
5108.445444146899 3.3486678756327376e-17
5111.339180629711 3.262498542228935e-17
5114.232917112514 3.64994278045852e-17
5117.126653595326 3.9546406022026474e-17
5120.020390078129 3.8561331225695996e-17
5122.914126560942 3.207613749134523e-17
5125.807863043745 3.175732127225887e-17
5128.7015995265565 3.337072919545557e-17
5131.595336009369 3.651620544531133e-17
5134.4890724921715 4.2486649795954403e-17
5137.382808974984 3.670043785025192e-17
5140.276545457787 3.345619725184582e-17
5143.170281940599 3.752907196704048e-17
5146.064018423403 3.6005320134994984e-17
5148.957754906215 3.3007953885248746e-17
5151.851491389018 3.0402879196083066e-17
5154.745227871829 3.0909891721265284e-17
5157.638964354632 3.2670710987392116e-17
5160.532700837444 2.9986046310157625e-17
5163.426437320247 2.973525850940951e-17
5166.32017380306 3.162475160436358e-17
5169.213910285863 3.0312295300133656e-17
5172.107646768675 2.9807286849546435e-17
5175.001383251478 2.8613248076640483e-17
5177.89511973429 2.842166278785654e-17
5180.788856217102 3.1407405087036e-17
5183.6825926999045 3.364432734334586e-17
5186.576329182718 3.202651721998815e-17
5189.47006566552 2.811935087079857e-17
5192.363802148333 2.600920780061654e-17
5195.2575386311355 2.6020154981005214e-17
5198.151275113948 2.927349236405264e-17
5201.045011596751 3.0862217130304594e-17
5203.938748079563 2.969578376398472e-17
5206.8324845623665 2.963567455661307e-17
5209.726221045178 3.0847628470176326e-17
5212.619957527981 3.164887654294724e-17
5215.513694010793 3.334783705992352e-17
5218.407430493606 3.375393993137268e-17
5221.301166976408 3.115564849668893e-17
5224.194903459221 3.0600257199251406e-17
5227.088639942024 3.1424521059924107e-17
5229.982376424837 3.148758357732309e-17
5232.876112907639 3.214309891371167e-17
5235.769849390451 3.3412390374433024e-17
5238.663585873253 3.379379569869187e-17
5241.557322356066 3.272195810936095e-17
5244.451058838868 2.937645247624521e-17
5247.344795321682 2.789813183619637e-17
5250.238531804494 2.9352732963772454e-17
5253.132268287297 2.88701980366942e-17
5256.0260047700995 2.770211620184564e-17
5258.919741252912 2.994118577684711e-17
5261.8134777357245 3.1516646532427283e-17
5264.707214218526 3.259072216193108e-17
5267.60095070134 3.5166331654423824e-17
5270.494687184142 3.48295555853673e-17
5273.388423666955 3.2936781012772e-17
5276.282160149757 3.170520490245648e-17
5279.17589663257 3.15460456351191e-17
5282.069633115372 3.384366194964641e-17
5284.963369598185 3.5457238239845445e-17
5287.857106080987 3.4620450271236123e-17
5290.7508425638 3.4810980906201254e-17
5293.644579046602 3.4251451090102985e-17
5296.538315529415 3.8090677798073307e-17
5299.432052012217 4.305676911616886e-17
5302.32578849503 4.1837627759872785e-17
5305.219524977842 4.0294848287589046e-17
5308.113261460645 3.7684502277812235e-17
5311.006997943458 3.77411052133537e-17
5313.900734426261 3.994117029003487e-17
5316.794470909073 3.7199396015438925e-17
5319.688207391875 3.4903638065566624e-17
5322.581943874688 3.4500388828260435e-17
5325.47568035749 3.4485178004932227e-17
5328.369416840303 3.3360061222003705e-17
5331.263153323106 3.042921263642701e-17
5334.156889805919 2.999448175689335e-17
5337.050626288721 3.356295837856238e-17
5339.944362771534 3.6691301278620993e-17
5342.838099254336 3.859305665929259e-17
5345.731835737148 3.987693475977032e-17
5348.62557221995 4.09178819064992e-17
5351.519308702764 4.249262068364637e-17
5354.413045185576 4.2606663830923404e-17
5357.306781668379 4.4002863221154455e-17
5360.200518151191 4.4473074369982203e-17
5363.094254633994 4.0727172992893903e-17
5365.987991116806 3.722271540798074e-17
5368.881727599609 3.7282128860745025e-17
5371.775464082422 3.768800279696908e-17
5374.669200565224 3.651314169144529e-17
5377.5629370480365 3.517112278651585e-17
5380.456673530839 3.521227361764978e-17
5383.3504100136515 3.5603450306876466e-17
5386.244146496454 3.464046651309267e-17
5389.137882979267 3.081810090431225e-17
5392.03161946208 2.899845413621197e-17
5394.9253559448825 3.07701245705753e-17
5397.819092427695 3.234045722517505e-17
5400.712828910497 3.392157502951846e-17
5403.606565393309 3.6042498573259186e-17
5406.500301876112 3.828324450050326e-17
5409.394038358924 3.938175709697295e-17
5412.287774841728 3.872709755670077e-17
5415.18151132454 3.7398032483925435e-17
5418.075247807343 3.800838046034506e-17
5420.968984290155 3.889844903009948e-17
5423.862720772968 3.695244420534954e-17
5426.756457255769 3.646397686411696e-17
5429.650193738572 3.818736144323574e-17
5432.5439302213845 3.856013234668517e-17
5435.437666704198 3.94115969809556e-17
5438.331403187 3.9173684382855594e-17
5441.225139669813 3.728513124428775e-17
5444.1188761526155 3.623505910398308e-17
5447.012612635428 3.657683549685426e-17
5449.9063491182305 3.802164525684318e-17
5452.800085601043 3.8585092348719883e-17
5455.693822083846 4.123457249816234e-17
5458.587558566658 4.2896184795807694e-17
5461.481295049461 4.097409541010493e-17
5464.375031532273 3.7792930055405186e-17
5467.268768015076 3.6534183099662075e-17
5470.162504497888 3.562118043310604e-17
5473.056240980691 3.306700040776433e-17
5475.949977463504 3.22608912240442e-17
5478.843713946317 3.3050221991779917e-17
5481.737450429118 3.563153425870943e-17
5484.631186911931 3.4276879578102403e-17
5487.524923394733 3.005590792855732e-17
5490.418659877546 3.124634909599297e-17
5493.312396360348 3.232754718836697e-17
5496.206132843162 3.029738426095077e-17
5499.099869325964 2.9920934270321097e-17
5501.993605808777 2.9155773817360246e-17
5504.887342291579 2.7399374881899092e-17
5507.781078774392 2.9302939285488795e-17
5510.674815257194 2.977515748914012e-17
5513.568551740006 2.8678527620187284e-17
5516.46228822281 3.0358717598083537e-17
5519.356024705622 3.224362460965979e-17
5522.249761188425 3.384026235921454e-17
5525.143497671237 3.6510336016506505e-17
5528.03723415405 3.7725576840063884e-17
5530.930970636852 3.7346834213336524e-17
5533.824707119665 3.8419386619956576e-17
5536.718443602467 4.0365600058579116e-17
5539.61218008528 4.123887463738971e-17
5542.505916568082 3.9813623248922826e-17
5545.399653050895 3.8943136679965863e-17
5548.293389533697 3.977841651203237e-17
5551.18712601651 3.759493002382338e-17
5554.080862499312 3.519261448436138e-17
5556.974598982126 3.751257209942851e-17
5559.868335464928 3.745307428852178e-17
5562.762071947741 3.381040208752269e-17
5565.6558084305425 3.338117642635184e-17
5568.549544913355 3.43098348759832e-17
5571.443281396168 3.0404740651644475e-17
5574.33701787897 3.1271084741140584e-17
5577.230754361783 3.750652939506347e-17
5580.124490844586 3.7169118509584224e-17
5583.018227327399 3.741243543238708e-17
5585.911963810201 4.120712305304279e-17
5588.805700293014 4.443462018852194e-17
5591.699436775815 4.665476887725684e-17
5594.593173258628 4.314150032183785e-17
5597.48690974144 3.557932655970284e-17
5600.380646224244 3.1151396647118385e-17
5603.274382707056 3.0951458320651604e-17
5606.168119189859 3.1369385499264587e-17
5609.061855672671 3.056466612949349e-17
5611.955592155474 2.8024086299732566e-17
5614.849328638286 2.4751852172208687e-17
5617.743065121089 2.639521073145963e-17
5620.636801603901 3.280165869635681e-17
5623.530538086704 3.468126133514655e-17
5626.4242745695165 3.23771021719977e-17
5629.318011052319 3.0024942361728993e-17
5632.2117475351315 3.0686852569222445e-17
5635.105484017934 3.283104136996956e-17
5637.999220500747 3.384537522691222e-17
5640.89295698356 3.4469912396845146e-17
5643.7866934663625 3.24449479223032e-17
5646.680429949174 3.160677296732151e-17
5649.574166431977 3.332729233046358e-17
5652.467902914789 3.250392571936061e-17
5655.361639397592 3.154120949173775e-17
5658.255375880404 3.119204286388118e-17
5661.149112363208 3.2151006852120815e-17
5664.04284884602 3.4630273264014155e-17
5666.936585328823 3.365232274967012e-17
5669.830321811635 3.167686836742081e-17
5672.724058294437 3.1098677728104733e-17
5675.617794777249 2.993487374029921e-17
5678.511531260052 2.995372987323756e-17
5681.405267742865 3.222462270966421e-17
5684.299004225678 3.199284514591167e-17
5687.19274070848 3.065602861070806e-17
5690.086477191283 3.1202244648221645e-17
5692.9802136740955 3.132582743939147e-17
5695.873950156908 2.912440165758532e-17
5698.7676866397105 2.827051250165043e-17
5701.661423122523 3.159562166527943e-17
5704.555159605326 3.5694209665506337e-17
5707.448896088138 3.7869188169355865e-17
5710.342632570941 3.643517887972466e-17
5713.236369053753 3.443624284311593e-17
5716.130105536556 3.414524515399744e-17
5719.023842019368 3.4494228751551095e-17
5721.917578502172 3.303010214508055e-17
5724.811314984984 3.2116371993101887e-17
5727.705051467786 3.3410670381809855e-17
5730.598787950598 3.373271960090759e-17
5733.492524433401 3.2324570494522034e-17
5736.386260916213 3.337023065988357e-17
5739.279997399026 3.409274814589863e-17
5742.173733881828 3.1769986384937985e-17
5745.067470364642 3.2064672684902254e-17
5747.961206847444 3.53480187045156e-17
5750.854943330257 3.560606837230451e-17
5753.748679813059 3.462713782501946e-17
5756.642416295871 3.447063765171158e-17
5759.536152778674 3.319414865268155e-17
5762.429889261486 3.300512507761478e-17
5765.3236257442895 3.3331468492849764e-17
5768.217362227102 3.283905422638534e-17
5771.111098709905 3.443978269945351e-17
5774.004835192717 3.6042079307177373e-17
5776.89857167552 3.431630519465011e-17
5779.792308158332 3.3734179102325853e-17
5782.686044641144 3.369835956573727e-17
5785.579781123947 3.294516381456116e-17
5788.47351760676 3.4091444334541803e-17
5791.367254089562 3.395645009877313e-17
5794.260990572375 3.516171012215666e-17
5797.154727055177 3.491803383053258e-17
5800.04846353799 3.393392683394177e-17
5802.942200020792 3.5381448944636026e-17
5805.835936503606 3.4561836463478645e-17
5808.729672986408 3.234201227355776e-17
5811.62340946922 3.1126790560639025e-17
5814.5171459520325 3.13576264637754e-17
5817.410882434835 3.0438580742927727e-17
5820.3046189176475 2.7908745408453236e-17
5823.19835540045 2.88614144666722e-17
5826.0920918832635 3.007839398114886e-17
5828.985828366066 2.7195636743201764e-17
5831.8795648488685 2.4553335767851613e-17
5834.773301331681 2.5716060058669042e-17
5837.667037814493 2.8935242939754766e-17
5840.560774297295 2.7350542458231344e-17
5843.454510780108 2.3888798407068257e-17
5846.348247262911 2.3540902641207535e-17
5849.241983745724 2.3476078864890912e-17
5852.135720228526 2.4057698392469556e-17
5855.029456711339 2.5472518219370697e-17
5857.923193194141 2.6095788665689238e-17
5860.816929676954 2.4994385905353915e-17
5863.710666159756 2.300265594203948e-17
5866.604402642569 2.4314177099700466e-17
5869.498139125381 2.7929710440400115e-17
5872.391875608184 2.6558634253168596e-17
5875.285612090996 2.535495465912486e-17
5878.179348573799 2.5233592127693326e-17
5881.0730850566115 2.5038242742996028e-17
5883.966821539414 2.8462833440358874e-17
5886.8605580222265 3.135765097300737e-17
5889.75429450503 3.2475064104276904e-17
5892.648030987842 3.771949426133648e-17
5895.541767470644 4.459941177803385e-17
5898.435503953457 5.012995193322186e-17
5901.329240436259 5.620392607805706e-17
5904.222976919072 6.020199747177312e-17
5907.116713401874 6.186382142712715e-17
5910.010449884688 5.982192127162348e-17
5912.9041863675 5.70419166628924e-17
5915.797922850303 5.993607288000834e-17
5918.691659333115 6.176935631917219e-17
5921.585395815917 5.893464644181201e-17
5924.479132298729 5.525117952699914e-17
5927.372868781532 5.118864820648365e-17
5930.266605264345 5.0149566588126186e-17
5933.160341747148 4.968466705988172e-17
5936.05407822996 4.444212941465721e-17
5938.947814712763 4.198462774929589e-17
5941.841551195575 4.413661286876612e-17
5944.735287678378 4.378636547794474e-17
5947.62902416119 4.0950392391396104e-17
5950.522760643993 3.9503364683616326e-17
5953.416497126806 4.012777266971986e-17
5956.310233609618 3.9378241439978846e-17
5959.203970092421 3.995676362482728e-17
5962.097706575233 4.1691172527509285e-17
5964.991443058036 4.182199129654015e-17
5967.885179540848 3.790018837811493e-17
5970.778916023652 3.367051575322905e-17
5973.672652506463 3.302000518809803e-17
5976.566388989266 3.228740335469127e-17
5979.460125472078 3.195117450533588e-17
5982.353861954881 3.318435965630635e-17
5985.247598437693 3.3561546897532803e-17
5988.141334920496 3.409304662097557e-17
5991.035071403309 3.4265499224824355e-17
5993.928807886112 3.1899173940958745e-17
5996.822544368924 3.225527951912257e-17
5999.716280851737 3.440536577500154e-17
6002.6100173345385 3.668537696600608e-17
6005.503753817351 3.609303284785528e-17
6008.397490300154 3.371945751499341e-17
6011.291226782967 3.4772453416694334e-17
6014.1849632657695 3.393680741166186e-17
6017.078699748582 3.24543227771057e-17
6019.972436231385 3.246164744970609e-17
6022.866172714197 3.077721137045153e-17
6025.75990919701 2.7685660505537692e-17
6028.653645679811 2.3046872721030073e-17
6031.547382162615 2.032351615611003e-17
6034.441118645427 2.236243796069131e-17
6037.33485512823 2.727518516053584e-17
6040.228591611042 3.411171194757001e-17
6043.122328093855 3.6232809229932355e-17
6046.016064576657 3.1528458533583866e-17
6048.90980105947 2.396833681886187e-17
6051.803537542272 2.3251921582260218e-17
6054.697274025086 2.8807935565836235e-17
6057.591010507887 2.8088098296175897e-17
6060.4847469907 2.7398382448674014e-17
6063.3784834735025 2.971630794474028e-17
6066.272219956315 2.8923333748683004e-17
6069.1659564391175 2.8613661916921996e-17
6072.05969292193 2.9746034297201566e-17
6074.9534294047335 2.946054285088185e-17
6077.847165887546 2.808749275575712e-17
6080.7409023703485 2.748242078469481e-17
6083.63463885316 2.8491227639810184e-17
6086.528375335973 3.292626414067727e-17
6089.422111818775 3.665256563391635e-17
6092.315848301588 3.5008190999198827e-17
6095.209584784391 3.198760604368283e-17
6098.103321267204 2.857305250247424e-17
6100.997057750006 2.7566420851604397e-17
6103.890794232819 2.8828788286627265e-17
6106.784530715621 2.836087773512981e-17
6109.678267198434 2.805118455564465e-17
6112.572003681235 2.8134173997777896e-17
6115.465740164049 2.7016631369402127e-17
6118.359476646851 2.570608251604088e-17
6121.253213129664 2.6424627195166784e-17
6124.146949612466 2.871112198890025e-17
6127.040686095279 2.846107601941563e-17
6129.9344225780915 2.7556471468691865e-17
6132.828159060894 2.915455285941012e-17
6135.721895543707 3.032715113379417e-17
6138.615632026509 3.014078414981203e-17
6141.509368509322 3.2380920319820416e-17
6144.403104992124 3.8641699969878684e-17
6147.296841474937 4.1705774329737245e-17
6150.190577957739 3.998832191990078e-17
6153.084314440552 3.911601330563853e-17
6155.978050923355 3.643331374555895e-17
6158.871787406168 3.5338080010327396e-17
6161.76552388897 3.626488817971562e-17
6164.659260371783 3.807581196713607e-17
6167.552996854584 3.7592244274595356e-17
6170.446733337397 3.558060676844104e-17
6173.340469820209 3.347501935325798e-17
6176.234206303013 3.454778097989878e-17
6179.127942785825 3.5386222432769424e-17
6182.021679268628 3.463048215485082e-17
6184.91541575144 3.451120338248797e-17
6187.809152234243 3.352528500515431e-17
6190.702888717055 3.1512278747163234e-17
6193.596625199857 3.270793325181436e-17
6196.49036168267 3.430213957528138e-17
6199.384098165473 3.390847500727506e-17
6202.2778346482855 3.2475254743481247e-17
6205.171571131088 3.1933521517178563e-17
6208.065307613901 3.2125399410195775e-17
6210.959044096713 3.263132002158389e-17
6213.852780579516 3.3178656102789544e-17
6216.746517062328 3.2686497480605814e-17
6219.640253545131 3.1479667048293186e-17
6222.533990027943 3.040283670704843e-17
6225.427726510746 3.04790453878332e-17
6228.321462993558 2.9542986899504516e-17
6231.215199476361 2.775825687204973e-17
6234.108935959173 2.796252263688476e-17
6237.002672441976 2.779594740481109e-17
6239.896408924789 2.805636033924853e-17
6242.790145407592 2.821903030584501e-17
6245.683881890404 2.834145968793395e-17
6248.577618373206 2.825542444306182e-17
6251.4713548560185 2.889780632363123e-17
6254.365091338821 3.020924945094282e-17
6257.2588278216335 3.1370079009424036e-17
6260.152564304447 3.4795318026746004e-17
6263.0463007872495 3.771596273158064e-17
6265.940037270062 3.7004640639656894e-17
6268.8337737528645 3.878076549916169e-17
6271.727510235677 4.2355350874397696e-17
6274.621246718479 4.202502980750792e-17
6277.514983201291 4.019613307075065e-17
6280.408719684095 3.955537657903859e-17
6283.302456166907 3.805389361656222e-17
6286.19619264971 3.832354955692454e-17
6289.089929132522 4.054644701929042e-17
6291.983665615325 4.259534618268225e-17
6294.877402098137 4.819355118515994e-17
6297.77113858095 5.4372651390245744e-17
6300.664875063753 5.819981525385019e-17
6303.558611546565 6.343111021337012e-17
6306.452348029367 6.490153562079801e-17
6309.34608451218 6.428218736909914e-17
6312.239820994982 6.48589903953321e-17
6315.133557477795 6.509960033172144e-17
6318.0272939605975 6.420034398879967e-17
6320.921030443411 6.207550281684082e-17
6323.814766926213 6.06958595291313e-17
6326.708503409026 6.01012785537067e-17
6329.602239891828 5.694103640452297e-17
6332.49597637464 5.076963182535933e-17
6335.389712857443 4.716588855370662e-17
6338.283449340255 4.582214579732952e-17
6341.177185823068 4.166160946943862e-17
6344.070922305871 3.9438368999095216e-17
6346.964658788684 3.944873454742286e-17
6349.858395271486 3.9338695037823566e-17
6352.752131754299 4.0541951409779267e-17
6355.645868237101 4.1185498571872644e-17
6358.539604719913 4.258215440924993e-17
6361.433341202715 4.7213292339861766e-17
6364.327077685529 5.4230160512223167e-17
6367.220814168331 5.909818985430471e-17
6370.114550651144 6.044919715761991e-17
6373.008287133946 5.930542084147604e-17
6375.902023616759 5.882466382355948e-17
6378.795760099571 5.98068308642754e-17
6381.689496582374 5.971812651890064e-17
6384.5832330651865 5.806017928894975e-17
6387.476969547989 5.593387180118649e-17
6390.370706030802 5.309381066792493e-17
6393.264442513604 5.047900154480659e-17
6396.158178996417 4.9378313970344316e-17
6399.051915479219 4.835817866489743e-17
6401.945651962032 4.5179079894582416e-17
6404.839388444835 4.292884453693208e-17
6407.733124927648 4.27726072995935e-17
6410.62686141045 4.279731497869383e-17
6413.520597893262 4.271170572514584e-17
6416.414334376074 4.280269788119818e-17
6419.308070858877 4.031940016972142e-17
6422.201807341679 3.7659296186442687e-17
6425.095543824493 3.590860003002618e-17
6427.989280307305 3.586128103933119e-17
6430.883016790108 3.711423976134811e-17
6433.77675327292 3.794681244729824e-17
6436.670489755723 3.971680845830348e-17
6439.5642262385345 3.958525821938987e-17
6442.457962721337 3.886557070656362e-17
6445.3516992041505 3.8693021320420465e-17
6448.245435686953 3.897311831321493e-17
6451.1391721697655 4.007961877621423e-17
6454.032908652568 4.100202785307437e-17
6456.926645135381 4.075908755708892e-17
6459.820381618183 3.930125511309151e-17
6462.714118100996 3.915808384024291e-17
6465.607854583798 3.718158289247216e-17
6468.501591066611 3.5413647327334915e-17
6471.395327549413 3.584249732998806e-17
6474.289064032226 3.4793506468421765e-17
6477.182800515028 3.36162236880005e-17
6480.076536997841 3.1296248416682986e-17
6482.970273480653 2.969334217165155e-17
6485.864009963457 3.0649678059320007e-17
6488.757746446269 3.287912499723567e-17
6491.651482929072 3.48918562055098e-17
6494.545219411883 3.819369177218635e-17
6497.438955894686 4.0234224532865254e-17
6500.3326923774985 4.232342718261963e-17
6503.226428860301 4.6192399325097335e-17
6506.1201653431135 4.887210661492873e-17
6509.013901825917 5.235950654031806e-17
6511.9076383087295 5.3811148478321126e-17
6514.801374791542 5.147481832942851e-17
6517.6951112743445 4.8725618608755477e-17
6520.588847757156 4.577784425360278e-17
6523.482584239959 4.5571056579266414e-17
6526.376320722771 4.4156207083223766e-17
6529.270057205575 3.986344805190979e-17
6532.163793688387 3.616432150891437e-17
6535.05753017119 3.3476683467649275e-17
6537.951266654002 3.35016032107316e-17
6540.845003136805 3.290780352633869e-17
6543.738739619617 3.223642406497772e-17
6546.63247610242 3.426557260071444e-17
6549.526212585232 3.484316512573923e-17
6552.419949068035 3.779964159265855e-17
6555.313685550847 4.7231125696089334e-17
6558.20742203366 6.040291226388311e-17
6561.101158516462 7.73191006048669e-17
6563.994894999275 9.593183903612044e-17
6566.8886314820775 1.0971497267809011e-16
6569.782367964891 1.2032471767633934e-16
6572.676104447693 1.3401413258427596e-16
6575.569840930505 1.524436024361699e-16
6578.463577413308 1.762468463161436e-16
6581.35731389612 2.0219374228598788e-16
6584.251050378923 2.266659257059017e-16
6587.144786861735 2.442568380027702e-16
6590.038523344539 2.531890461775137e-16
6592.932259827351 2.529421168126705e-16
6595.825996310154 2.4150844760097477e-16
6598.719732792966 2.1955203349517176e-16
6601.613469275769 1.908842080453897e-16
6604.50720575858 1.5900850784694536e-16
6607.400942241393 1.305999553323836e-16
6610.294678724196 1.1057916660583057e-16
6613.188415207009 9.392445952956723e-17
6616.082151689811 8.093568259343978e-17
6618.975888172624 7.199235790946766e-17
6621.869624655426 6.676779392379131e-17
6624.763361138239 6.311866353836105e-17
6627.657097621041 5.89623787803534e-17
6630.550834103854 5.3810761056431965e-17
6633.4445705866565 5.051060138293355e-17
6636.338307069469 4.963716740782082e-17
6639.2320435522715 4.639989320714433e-17
6642.125780035084 4.118382804054057e-17
6645.019516517897 3.923726845415573e-17
6647.913253000699 3.8152165189016977e-17
6650.806989483502 3.5237155507056304e-17
6653.700725966315 3.554308989505407e-17
6656.594462449128 3.661053940074463e-17
6659.488198931929 3.605265284449664e-17
6662.381935414742 3.6965261386987695e-17
6665.275671897544 3.958998968656601e-17
6668.169408380357 3.8097775174324744e-17
6671.063144863159 3.4614408101673055e-17
6673.956881345973 3.243754041335004e-17
6676.850617828775 3.324092683417677e-17
6679.744354311588 3.568745720440636e-17
6682.63809079439 3.507381800152374e-17
6685.531827277202 3.30614721862067e-17
6688.4255637600045 3.3965287763277765e-17
6691.319300242817 3.561390511162714e-17
6694.21303672562 3.594420526351097e-17
6697.106773208433 3.580638463921473e-17
6700.0005096912455 3.4484601882851334e-17
6702.894246174048 3.281298077210738e-17
6705.787982656861 3.175498360425761e-17
6708.681719139663 2.9853502712714844e-17
6711.575455622475 2.916272242705976e-17
6714.469192105278 3.0025746377745355e-17
6717.362928588091 3.02048668617402e-17
6720.256665070893 3.010209880658248e-17
6723.150401553706 2.9324426702374e-17
6726.044138036508 2.8156675618495847e-17
6728.937874519321 2.676996825177224e-17
6731.831611002123 2.6946472416148972e-17
6734.725347484937 3.060395887614747e-17
6737.619083967749 3.0686439260304006e-17
6740.512820450551 2.83001448213019e-17
6743.406556933363 3.0957643581617986e-17
6746.300293416166 3.189204271333017e-17
6749.194029898978 3.206676186458395e-17
6752.087766381781 3.3758138857894245e-17
6754.981502864594 3.542541981766994e-17
6757.875239347397 3.57787381603e-17
6760.7689758302095 3.495161053088237e-17
6763.662712313012 3.471517699032413e-17
6766.556448795824 3.4410726743033955e-17
6769.450185278636 3.446357706774368e-17
6772.343921761439 3.4592405132979987e-17
6775.237658244252 3.4005511763956904e-17
6778.131394727055 3.3642898452588215e-17
6781.025131209867 3.184300661067297e-17
6783.91886769267 3.1519552546824126e-17
6786.812604175482 3.1766161411493624e-17
6789.706340658285 3.035318998646204e-17
6792.600077141097 2.8925208893879314e-17
6795.493813623899 2.873338947195071e-17
6798.387550106712 3.184455369957947e-17
6801.281286589515 3.1398170037133186e-17
6804.175023072327 2.79775615095577e-17
6807.06875955513 2.8824121379905235e-17
6809.962496037942 3.103559522353009e-17
6812.856232520755 3.138319592551116e-17
6815.749969003557 2.8626860932378266e-17
6818.643705486371 2.7218887971666195e-17
6821.5374419691725 2.763435918329592e-17
6824.431178451985 3.0359729320211504e-17
6827.324914934788 3.1661351178139384e-17
6830.2186514176 2.934012105495986e-17
6833.112387900403 2.837006162051488e-17
6836.006124383215 2.916399150265403e-17
6838.899860866019 3.13968437217399e-17
6841.793597348831 3.0808138229764103e-17
6844.687333831634 2.922085731175355e-17
6847.581070314446 3.0302630671787773e-17
6850.474806797248 3.0201973083051e-17
6853.36854328006 2.825979819967122e-17
6856.262279762863 2.8675618827431226e-17
6859.156016245676 2.8477675508780995e-17
6862.049752728489 2.78130792466465e-17
6864.943489211291 3.043893086286699e-17
6867.837225694104 3.3208378465460383e-17
6870.730962176906 3.3126057453912444e-17
6873.624698659719 3.0584209500071896e-17
6876.5184351425205 2.879722138856963e-17
6879.412171625334 2.797671532889558e-17
6882.3059081081365 2.8244384497519463e-17
6885.199644590949 2.7475541547611807e-17
6888.0933810737515 2.9311313294884536e-17
6890.987117556564 3.0293426824112975e-17
6893.880854039367 3.0026988524132105e-17
6896.774590522179 2.9031364728613145e-17
6899.6683270049825 2.9760232049889726e-17
6902.562063487795 3.050554481984927e-17
6905.455799970607 2.923054703682752e-17
6908.349536453409 2.791244494204926e-17
6911.243272936212 2.621727218677248e-17
6914.137009419024 2.577201753468929e-17
6917.030745901837 2.6435248616373434e-17
6919.92448238464 2.955956783914639e-17
6922.818218867453 3.047530614896223e-17
6925.711955350255 2.815212974486445e-17
6928.605691833068 2.673735509148124e-17
6931.499428315869 2.8480327460319285e-17
6934.393164798682 2.912707248580477e-17
6937.2869012814845 2.761690391594516e-17
6940.180637764298 2.7162985152741953e-17
6943.0743742471 2.937602271838572e-17
6945.968110729913 2.970848288276976e-17
6948.8618472127255 2.6876653522843444e-17
6951.755583695528 2.756772002229078e-17
6954.6493201783405 2.7071315192612687e-17
6957.543056661143 2.6737325117694422e-17
6960.436793143955 2.8421653674971057e-17
6963.330529626758 2.954401053271458e-17
6966.224266109571 3.006403754353527e-17
6969.118002592373 2.7504399106443108e-17
6972.011739075186 2.7727103852655135e-17
6974.905475557988 3.068961451154044e-17
6977.799212040801 3.144067642656304e-17
6980.692948523603 3.2263357362832316e-17
6983.586685006417 3.247251931280111e-17
6986.480421489228 2.99411335064898e-17
6989.374157972031 2.8880612997049024e-17
6992.267894454843 3.19057098218427e-17
6995.161630937646 3.4379970684877953e-17
6998.055367420458 3.1617063003521456e-17
7000.949103903261 2.8897283350969916e-17
7003.842840386074 3.135582071524384e-17
7006.736576868877 3.321894295501242e-17
7009.630313351689 3.168904874376005e-17
7012.524049834491 3.302230348127577e-17
7015.417786317304 3.4636780875628007e-17
7018.311522800106 3.3230844054690624e-17
7021.205259282919 3.14164792444227e-17
7024.098995765722 3.219615660255497e-17
7026.992732248535 3.3174066137733864e-17
7029.886468731337 3.234795642122129e-17
7032.78020521415 3.393312351034993e-17
7035.673941696962 3.555846594725842e-17
7038.567678179765 3.4886716469533073e-17
7041.461414662576 3.297248990859023e-17
7044.35515114538 3.070505603994565e-17
7047.248887628192 2.810852716962722e-17
7050.142624110995 2.7629645710463003e-17
7053.036360593807 3.05950412358665e-17
7055.93009707661 3.3053873576242096e-17
7058.823833559422 3.233963338375332e-17
7061.717570042225 3.0997568800130655e-17
7064.611306525038 3.132486914068184e-17
7067.50504300784 3.075550495165706e-17
7070.3987794906525 3.0136202612606345e-17
7073.292515973465 3.254155610306594e-17
7076.1862524562675 3.3357972242587707e-17
7079.07998893908 3.143237147481929e-17
7081.973725421883 2.998555254245661e-17
7084.867461904696 2.914366599811035e-17
7087.761198387499 2.9348313288877706e-17
7090.654934870311 3.189163777900849e-17
7093.548671353114 3.3823466489488056e-17
7096.442407835925 3.3790500582712654e-17
7099.336144318728 3.419572881834228e-17
7102.22988080154 3.2979558282550636e-17
7105.123617284343 3.098576785861795e-17
7108.017353767156 3.105385261096153e-17
7110.911090249959 3.077776216218108e-17
7113.804826732771 2.9489836957421775e-17
7116.698563215574 2.8484203552115337e-17
7119.592299698386 2.7683419463993856e-17
7122.486036181188 2.6695839912982524e-17
7125.3797726640005 2.6029121277923875e-17
7128.273509146814 2.640383160614558e-17
7131.167245629616 2.667820167415546e-17
7134.060982112429 2.7627930947065642e-17
7136.9547185952315 2.965412141776432e-17
7139.848455078044 2.903734859826328e-17
7142.742191560847 3.034321203536242e-17
7145.635928043659 3.671443288093472e-17
7148.5296645264625 4.0404312136861664e-17
7151.423401009274 4.24355338109911e-17
7154.317137492077 4.786053270437148e-17
7157.210873974889 5.159718331411087e-17
7160.104610457702 5.185074588814277e-17
7162.998346940504 5.4612816442243325e-17
7165.892083423317 5.831155330552248e-17
7168.78581990612 6.036220117488022e-17
7171.679556388933 6.140474293682425e-17
7174.573292871735 6.213710075641052e-17
7177.467029354547 6.329755653969065e-17
7180.360765837349 6.476025017576641e-17
7183.254502320162 6.587550540910067e-17
7186.148238802964 6.264374354776441e-17
7189.041975285778 5.752046234884754e-17
7191.93571176859 5.414145473850418e-17
7194.829448251393 4.969366698703991e-17
7197.7231847342055 4.320705018014803e-17
7200.616921217008 3.745617190611705e-17
7203.5106576998105 3.6400123428886095e-17
7206.404394182622 3.727068789272303e-17
7209.298130665426 3.496485878844597e-17
7212.191867148238 3.3680951430764125e-17
7215.085603631051 3.524053944982295e-17
7217.979340113853 3.325535500828236e-17
7220.873076596666 3.1402595156913325e-17
7223.766813079468 3.276009720386419e-17
7226.660549562281 2.967256708738208e-17
7229.554286045084 2.5747175396262973e-17
7232.448022527896 2.5241364222427968e-17
7235.341759010698 2.7124523718781088e-17
7238.235495493511 2.9636166846229385e-17
7241.129231976313 3.1031507974979143e-17
7244.022968459126 3.1625883225351166e-17
7246.916704941928 3.1526607644224473e-17
7249.810441424741 3.4024139431323655e-17
7252.704177907544 3.6917817116586214e-17
7255.597914390357 3.623589992352098e-17
7258.4916508731685 3.655533058569114e-17
7261.385387355971 3.360398085981774e-17
7264.279123838784 3.1809865344876736e-17
7267.172860321586 3.8191457410067663e-17
7270.066596804399 3.8325966083753213e-17
7272.960333287202 3.7437879755439497e-17
7275.854069770015 4.582479246648774e-17
7278.747806252817 5.652499704045516e-17
7281.64154273563 6.854929062215689e-17
7284.535279218432 9.052614235378525e-17
7287.429015701244 1.1787997829942423e-16
7290.322752184046 1.39650554431536e-16
7293.21648866686 1.5944528002153343e-16
7296.110225149672 1.779380152041574e-16
7299.003961632475 1.9331317637229577e-16
7301.897698115287 2.0303690750661473e-16
7304.79143459809 2.1252365798403436e-16
7307.685171080902 2.1425336223223048e-16
7310.578907563705 2.1123764033770801e-16
7313.472644046517 2.2059898032998176e-16
7316.36638052932 2.3037099286831985e-16
7319.2601170121325 2.3196027320399927e-16
7322.153853494935 2.2914791490167935e-16
7325.0475899777475 2.16567926983192e-16
7327.94132646055 2.0098475535647266e-16
7330.835062943363 1.8530947202073946e-16
7333.728799426176 1.6762763707030873e-16
7336.6225359089785 1.5193411074990388e-16
7339.516272391791 1.4521581739981635e-16
7342.410008874593 1.417861757567912e-16
7345.303745357405 1.3224018208478444e-16
7348.197481840208 1.2304791946828303e-16
7351.09121832302 1.1924042275828703e-16
7353.984954805824 1.1577952701009563e-16
7356.878691288636 1.0585963091906639e-16
7359.772427771439 9.590454106084979e-17
7362.666164254251 9.154350556770034e-17
7365.559900737054 8.459716797826397e-17
7368.453637219865 7.633072048236709e-17
7371.347373702668 7.245606707692976e-17
7374.241110185481 7.226475008532053e-17
7377.134846668294 7.248316212375175e-17
7380.028583151096 7.365091812122484e-17
7382.922319633899 7.151463581389535e-17
7385.8160561167115 6.770558537014431e-17
7388.709792599524 6.793197975759286e-17
7391.6035290823265 7.212796826708308e-17
7394.49726556514 6.905540014945477e-17
7397.391002047942 6.639614071332992e-17
7400.284738530754 7.353445384317956e-17
7403.178475013557 7.700332282284877e-17
7406.072211496369 7.267337281510162e-17
7408.965947979172 7.299258319899845e-17
7411.859684461984 7.592574317514823e-17
7414.753420944787 7.43641840099434e-17
7417.6471574276 6.879472003058604e-17
7420.540893910403 6.328795401640683e-17
7423.434630393214 6.070230116154573e-17
7426.328366876017 5.609407892459745e-17
7429.222103358829 5.0214933104541126e-17
7432.115839841642 4.710237097806469e-17
7435.009576324444 4.8446369500877404e-17
7437.903312807258 5.2339385803930056e-17
7440.79704929006 5.627736425063231e-17
7443.690785772873 5.227704294041128e-17
7446.584522255675 4.762645295183268e-17
7449.478258738488 4.932675180194731e-17
7452.37199522129 5.4159670135661975e-17
7455.265731704102 5.798564645437562e-17
7458.1594681869055 5.454511489146328e-17
7461.053204669718 4.669261629156514e-17
7463.946941152521 4.2780700454791956e-17
7466.840677635333 4.277476208733156e-17
7469.734414118136 4.637908767338777e-17
7472.628150600948 4.933066990670101e-17
7475.521887083761 5.1415516335761857e-17
7478.415623566563 5.211149573242127e-17
7481.309360049376 5.069991878278289e-17
7484.203096532178 5.282483771550665e-17
7487.096833014991 5.582484205014681e-17
7489.990569497793 5.560565254822508e-17
7492.884305980606 5.330296922369285e-17
7495.778042463408 4.803496491809774e-17
7498.671778946222 4.346777481121829e-17
7501.565515429024 4.199826817676083e-17
7504.459251911836 3.845754121151417e-17
7507.3529883946385 3.426278662524469e-17
7510.246724877451 3.4320630469594685e-17
7513.1404613602635 3.8858883056541586e-17
7516.034197843066 4.052387269318103e-17
7518.9279343258795 3.8305922104257685e-17
7521.821670808682 3.620245485094583e-17
7524.715407291495 3.439581661283907e-17
7527.609143774297 3.404742149477406e-17
7530.50288025711 3.6720493388440216e-17
7533.396616739911 3.8404191769731913e-17
7536.290353222724 3.5594986446673105e-17
7539.184089705527 3.02327512352445e-17
7542.07782618834 1.970957667433711e-17
7544.971562671142 1.6668014710369745e-17
7547.865299153955 2.6655193951693982e-17
7550.759035636767 3.306892612013869e-17
7553.65277211957 3.391512592614915e-17
7556.546508602382 3.257338355274313e-17
7559.440245085184 3.1622786918073846e-17
7562.333981567997 2.8807568875047365e-17
7565.2277180508 2.7329761256850796e-17
7568.121454533612 2.945689414910131e-17
7571.015191016415 3.1399985748844295e-17
7573.9089274992275 3.060463641671955e-17
7576.80266398203 3.074620685029873e-17
7579.696400464843 3.216681761212663e-17
7582.590136947646 3.277748579045749e-17
7585.4838734304585 3.489779864823874e-17
7588.37760991326 3.398992771396749e-17
7591.271346396073 3.2159694261629096e-17
7594.165082878885 2.796438690241129e-17
7597.058819361688 2.522795450299533e-17
7599.9525558445 2.589406960472238e-17
7602.846292327304 2.6094769443803342e-17
7605.740028810116 2.5849941825935753e-17
7608.633765292919 2.2348896711919306e-17
7611.527501775731 2.0313894304052986e-17
7614.421238258533 1.9648468422026476e-17
7617.314974741345 2.1569012761867268e-17
7620.208711224148 2.0217171631455474e-17
7623.102447706961 1.740893931982288e-17
7625.996184189764 1.8388646103596995e-17
7628.889920672576 2.0772751557234274e-17
7631.783657155379 2.158325957128859e-17
7634.6773936381915 2.1433363797629507e-17
7637.571130120994 2.2179873897832267e-17
7640.4648666038065 2.4739654267324042e-17
7643.358603086609 2.4089738321852922e-17
7646.252339569422 2.446756880804766e-17
7649.146076052234 2.55062914939441e-17
7652.039812535037 2.7386747220037394e-17
7654.933549017849 2.818350031646434e-17
7657.827285500652 2.758517695153035e-17
7660.721021983464 2.819439312447518e-17
7663.614758466268 2.7387072312573274e-17
7666.50849494908 2.8634256855267224e-17
7669.402231431882 2.8135780476457776e-17
7672.295967914694 3.1471896733834635e-17
7675.189704397497 3.161791480716163e-17
7678.083440880309 2.8346619196785665e-17
7680.977177363122 3.3760856296258235e-17
7683.870913845925 3.807261712507791e-17
7686.764650328738 3.8298259970192786e-17
7689.65838681154 3.6064811969503124e-17
7692.552123294353 3.483411320358026e-17
7695.445859777155 4.0295094408012995e-17
7698.339596259967 4.345759922772387e-17
7701.23333274277 4.1364386271115706e-17
7704.127069225582 4.280034468381136e-17
7707.0208057083855 5.0445023066952534e-17
7709.914542191198 5.589571970991445e-17
7712.808278674001 5.3890919704020596e-17
7715.702015156813 5.566320626719885e-17
7718.595751639616 6.210001637986254e-17
7721.489488122428 6.242602767948012e-17
7724.38322460524 6.589092435124132e-17
7727.276961088043 7.387802728022427e-17
7730.170697570846 7.198946700918992e-17
7733.064434053658 6.656888759936523e-17
7735.958170536471 6.686675218632973e-17
7738.851907019273 6.709065868693842e-17
7741.745643502086 6.312868796412877e-17
7744.639379984888 5.796029719956776e-17
7747.533116467702 5.3698353839118605e-17
7750.426852950503 4.9160209025693704e-17
7753.320589433316 4.4441373831182274e-17
7756.2143259161185 4.33468020063445e-17
7759.108062398931 4.1897219924528126e-17
7762.0017988817435 3.8313327495191004e-17
7764.895535364546 3.792475023913407e-17
7767.7892718473495 3.4735710803443074e-17
7770.683008330162 2.897627012885187e-17
7773.5767448129745 2.7302581979756277e-17
7776.470481295777 2.733813466128367e-17
7779.364217778589 2.908143159222009e-17
7782.257954261391 2.701707168593403e-17
7785.151690744204 2.2476219486563772e-17
7788.045427227007 2.2037921838135073e-17
7790.93916370982 2.109503930600749e-17
7793.832900192622 2.4184962768902393e-17
7796.726636675435 3.013556338076408e-17
7799.620373158237 2.92115472412221e-17
7802.51410964105 3.048496860771582e-17
7805.407846123851 3.27229884788907e-17
7808.301582606665 3.245609782437243e-17
7811.195319089477 3.3679431272642653e-17
7814.08905557228 2.888272238976443e-17
7816.982792055092 2.7849942755875456e-17
7819.876528537895 3.111022557757602e-17
7822.7702650207075 3.1278603521851983e-17
7825.66400150351 3.152758293679678e-17
7828.557737986323 3.521413347102907e-17
7831.451474469126 3.5718214288935576e-17
7834.345210951938 3.210490899210957e-17
7837.23894743474 2.980070507620896e-17
7840.132683917553 2.6541499705548617e-17
7843.026420400355 3.1330984709763156e-17
7845.920156883168 3.610052518278832e-17
7848.813893365971 3.483212091754807e-17
7851.707629848784 3.3161405851559094e-17
7854.601366331586 3.376152197055176e-17
7857.495102814399 3.4115163945770226e-17
7860.38883929721 3.290645054336425e-17
7863.282575780013 3.2942095557235015e-17
7866.176312262825 3.4547198358304424e-17
7869.070048745628 3.600206045009334e-17
7871.963785228441 3.362466157919577e-17
7874.857521711244 3.119869546891872e-17
7877.751258194056 3.2007438485427504e-17
7880.644994676859 3.54940373491005e-17
7883.538731159671 3.7074915930210894e-17
7886.432467642474 3.1361981291341754e-17
7889.326204125286 2.548328831062659e-17
7892.219940608099 2.5365179504648232e-17
7895.113677090902 2.4588687925607426e-17
7898.007413573704 2.5212313096794608e-17
7900.901150056517 3.082986324030929e-17
7903.794886539329 3.530421499575275e-17
7906.688623022132 3.4649404058496545e-17
7909.582359504944 3.5092896121972026e-17
7912.476095987748 3.9290485806682985e-17
7915.369832470559 4.258198109231567e-17
7918.263568953362 4.120105268425261e-17
7921.157305436174 4.115711511287807e-17
7924.051041918977 4.199661164946434e-17
7926.944778401789 3.7946491551832107e-17
7929.838514884592 2.7466487321452754e-17
7932.732251367405 2.614434241338236e-17
7935.625987850208 3.1050058408293364e-17
7938.51972433302 3.294011160180632e-17
7941.413460815823 3.280276391289301e-17
7944.3071972986345 3.582139102468331e-17
7947.200933781447 3.946768913601709e-17
7950.0946702642495 3.886830558487849e-17
7952.988406747063 3.790948187134724e-17
7955.8821432298655 3.8205855529082375e-17
7958.775879712678 3.671715771234378e-17
7961.669616195481 3.518817077584957e-17
7964.563352678293 3.1926196769772823e-17
7967.457089161096 3.026187993469247e-17
7970.350825643907 2.886913522349759e-17
7973.244562126711 2.8285070562316496e-17
7976.138298609523 2.89095131725858e-17
7979.032035092336 3.156225540244367e-17
7981.925771575138 3.63422661724673e-17
7984.819508057941 3.835513517893867e-17
7987.713244540753 3.724064827980981e-17
7990.606981023566 3.465071338545707e-17
7993.500717506369 3.5579561093337674e-17
7996.394453989182 4.073544548597585e-17
7999.288190471983 4.241611912848148e-17
8002.181926954796 4.1208080365504725e-17
8005.075663437598 3.9725362526564703e-17
8007.969399920411 3.655200599580826e-17
8010.8631364032135 3.633859490249682e-17
8013.756872886026 3.54142990100869e-17
8016.6506093688295 3.813813992098757e-17
8019.544345851642 4.311114320131177e-17
8022.4380823344545 4.747048413084414e-17
8025.331818817256 5.039857832296983e-17
8028.225555300069 5.232140864788543e-17
8031.119291782871 5.274036620593727e-17
8034.013028265674 5.2786599479264583e-17
8036.906764748487 5.247873013171646e-17
8039.8005012313 4.8429272274981975e-17
8042.694237714102 4.7434180855761007e-17
8045.587974196915 5.098827554542066e-17
8048.481710679717 5.4553708934700834e-17
8051.375447162529 5.85226434493401e-17
8054.269183645331 6.448839209175818e-17
8057.162920128145 6.807780976483734e-17
8060.056656610947 7.096893536243522e-17
8062.95039309376 7.260181100155688e-17
8065.844129576562 7.443163520344922e-17
8068.737866059375 7.306491721744161e-17
8071.6316025421775 7.194837944925508e-17
8074.52533902499 6.85006644530348e-17
8077.419075507793 6.893813307384884e-17
8080.312811990605 7.077816264880584e-17
8083.206548473418 6.899563964293286e-17
8086.10028495622 6.336092235312406e-17
8088.994021439033 5.694139998570367e-17
8091.887757921835 5.5041836573672654e-17
8094.781494404648 5.556119449062824e-17
8097.675230887451 5.573760395699745e-17
8100.568967370264 5.233967793748382e-17
8103.462703853066 5.0929889948375245e-17
8106.356440335878 5.399065495298328e-17
8109.25017681868 5.4527549129672806e-17
8112.143913301493 5.427394069143168e-17
8115.037649784295 4.899833330967339e-17
8117.931386267109 4.343715914741471e-17
8120.825122749921 4.056766892272531e-17
8123.718859232724 3.579857868765267e-17
8126.612595715536 3.4250021786330615e-17
8129.506332198339 3.696790399219122e-17
8132.400068681151 3.542282980087778e-17
8135.293805163953 3.319299940542981e-17
8138.1875416467665 3.429140840691506e-17
8141.081278129569 3.6017419680900384e-17
8143.9750146123815 3.50630833326435e-17
8146.868751095184 3.189239035267457e-17
8149.762487577997 2.2396158609558655e-17
8152.656224060799 1.9072178187167527e-17
8155.549960543612 3.1801396392674463e-17
8158.443697026415 3.636360304437471e-17
8161.337433509227 3.442478051567618e-17
8164.231169992039 3.307764056552495e-17
8167.124906474842 2.929364304767301e-17
8170.018642957654 2.707300829974837e-17
8172.912379440457 2.6384502010130224e-17
8175.806115923269 2.6583652564997723e-17
8178.699852406072 2.3954950183013745e-17
8181.593588888885 2.249385704053856e-17
8184.487325371688 2.18636807437114e-17
8187.3810618545 2.113527785479583e-17
8190.274798337302 2.958442079267504e-17
8193.168534820115 4.1825629418667843e-17
8196.062271302917 4.4244070377780544e-17
8198.956007785731 4.2830298722471854e-17
8201.849744268533 4.581907252911315e-17
8204.743480751344 4.926049495035313e-17
8207.637217234158 5.081858827659307e-17
8210.53095371696 4.9091852602318556e-17
8213.424690199774 4.397815749041718e-17
8216.318426682576 4.3148631442858e-17
8219.212163165388 4.8143069059049276e-17
8222.10589964819 4.546917687433972e-17
8224.999636131004 3.0329789625501165e-17
8227.893372613806 2.2582346084127923e-17
8230.787109096618 4.1535568991165246e-17
8233.680845579422 5.07530460264383e-17
8236.574582062232 4.83475705199993e-17
8239.468318545036 4.8157608036787326e-17
8242.362055027848 5.0346025472915964e-17
8245.255791510652 4.583942619010426e-17
8248.149527993462 4.056788692257323e-17
8251.043264476266 4.3034450369651875e-17
8253.937000959078 4.553861779445257e-17
8256.830737441891 4.245626911207493e-17
8259.724473924694 3.930933422438114e-17
8262.618210407505 3.6776308390817876e-17
8265.511946890309 3.546104339521528e-17
8268.405683373121 3.522991408791167e-17
8271.299419855924 3.9323001349732676e-17
8274.193156338737 4.049259027372783e-17
8277.08689282154 3.544458165520051e-17
8279.980629304351 3.3772487076031643e-17
8282.874365787155 3.6396933981050026e-17
8285.768102269967 3.823412683079759e-17
8288.661838752778 3.728796104931451e-17
8291.555575235581 3.80338820177509e-17
8294.449311718394 3.361487533372178e-17
8297.343048201197 2.3450089900044236e-17
8300.23678468401 2.2489172959886304e-17
8303.130521166813 2.7134930359166333e-17
8306.024257649624 2.989176916118876e-17
8308.917994132427 2.83176482860173e-17
8311.81173061524 3.0903228678339714e-17
8314.705467098041 3.742661322729483e-17
8317.599203580856 3.567060778209917e-17
8320.492940063657 3.783344402168306e-17
8323.38667654647 4.4098719131206396e-17
8326.280413029272 4.482042357956598e-17
8329.174149512086 4.2210998956232096e-17
8332.067885994897 4.3300108998338523e-17
8334.961622477702 4.4811318848194914e-17
8337.855358960513 4.334116513518599e-17
8340.749095443314 3.315609969343417e-17
8343.642831926129 2.850582641849455e-17
8346.53656840893 2.6930814510365942e-17
8349.430304891743 2.7214507429722753e-17
8352.324041374544 2.831736836847131e-17
8355.217777857359 2.781079339017516e-17
8358.11151434016 3.023308516551538e-17
8361.005250822975 3.384778893948355e-17
8363.898987305785 3.6286348679353455e-17
8366.792723788587 4.03476468973018e-17
8369.68646027139 3.8805847253637486e-17
8372.580196754203 3.18473165180191e-17
8375.473933237017 3.0947868703189485e-17
8378.367669719819 3.4898132145896765e-17
8381.261406202631 3.8260717647082634e-17
8384.155142685433 4.3577069256823245e-17
8387.048879168247 4.367800067833019e-17
8389.942615651049 3.579166953631397e-17
8392.836352133862 3.373137376646209e-17
8395.730088616663 3.2668922139596606e-17
8398.623825099476 2.3055105577605612e-17
8401.517561582279 1.8794494022929077e-17
8404.411298065092 2.4907522073358372e-17
8407.305034547904 2.613367186935018e-17
8410.198771030706 2.843408541086486e-17
8413.09250751351 3.299095366993268e-17
8415.986243996322 3.1173293237795605e-17
8418.879980479136 2.7674421127964522e-17
8421.773716961938 1.744983965540208e-17
8424.667453444748 9.099746259964164e-18
8427.561189927552 4.188636435816377e-17
8430.454926410364 6.83808454511614e-17
8433.348662893168 7.824879411718164e-17
8436.242399375978 8.227440795380084e-17
8439.136135858784 8.272794970529181e-17
8442.029872341594 8.256002864331711e-17
8444.923608824398 8.051444546366279e-17
8447.81734530721 7.334291166666145e-17
8450.711081790012 6.970004628663566e-17
8453.604818272825 7.041056099626723e-17
8456.498554755626 7.14043332558585e-17
8459.39229123844 7.196667444959804e-17
8462.286027721242 7.398197239622351e-17
8465.179764204056 7.784286692050136e-17
8468.073500686867 7.941464453233098e-17
8470.96723716967 8.097582931439075e-17
8473.860973652483 8.41223627464071e-17
8476.754710135285 8.31443361438432e-17
8479.6484466181 7.743832736438066e-17
8482.5421831009 7.232717127409439e-17
8485.435919583713 6.722583539850898e-17
8488.329656066515 6.027389592231092e-17
8491.22339254933 6.377533412015146e-17
8494.11712903213 7.59408635478585e-17
8497.010865514943 9.040087275520215e-17
8499.904601997756 9.652300744320302e-17
8502.798338480558 9.501726761091111e-17
8505.692074963372 9.805900581248331e-17
8508.585811446173 9.941087595036606e-17
8511.479547928986 9.213822580143756e-17
8514.373284411788 8.071298169181e-17
8517.267020894602 7.893032112382785e-17
8520.160757377404 8.314000420345324e-17
8523.054493860218 8.40701808686787e-17
8525.94823034302 8.054881322166182e-17
8528.841966825832 8.611830674160563e-17
8531.735703308634 9.673080097814643e-17
8534.629439791446 1.0725978296114094e-16
8537.523176274259 1.2060755219003103e-16
8540.41691275706 1.4520161285393295e-16
8543.310649239875 1.7082275730340352e-16
8546.204385722676 1.9192077836188598e-16
8549.09812220548 2.1043539895903728e-16
8551.991858688292 2.2524731541620588e-16
8554.885595171105 2.427509847140104e-16
8557.779331653906 2.6233668184957634e-16
8560.673068136719 2.7663889635873663e-16
8563.566804619522 2.830994050928317e-16
8566.460541102335 2.909334213196106e-16
8569.354277585138 2.9575251487117794e-16
8572.248014067949 2.906228249366999e-16
8575.141750550752 2.7399265949623146e-16
8578.035487033565 2.6276569362234615e-16
8580.929223516368 2.483018294731396e-16
8583.822959999181 2.2552931419987935e-16
8586.716696481983 2.0245084749623392e-16
8589.610432964795 1.7949676538243294e-16
8592.504169447597 1.6197865340345685e-16
8595.397905930411 1.5399896786987775e-16
8598.291642413222 1.424247912751817e-16
8601.185378896025 1.324884337948172e-16
8604.079115378838 1.3018745238959016e-16
8606.972851861641 1.3088880749168352e-16
8609.866588344454 1.1890449098498837e-16
8612.760324827255 1.0124150944069216e-16
8615.654061310068 9.373943917114276e-17
8618.54779779287 8.709757630936954e-17
8621.441534275684 7.42476394019088e-17
8624.335270758485 6.346846814006669e-17
8627.2290072413 4.9691069562992387e-17
8630.122743724101 4.646146459214111e-17
8633.016480206914 5.032473038364946e-17
8635.910216689726 4.184823323768771e-17
8638.80395317253 3.792704107726436e-17
8641.69768965534 3.6277380684082685e-17
8644.591426138144 3.925768930015986e-17
8647.485162620957 4.293124276876355e-17
8650.378899103758 4.083147606892019e-17
8653.272635586573 4.755885363960947e-17
8656.166372069374 5.281719548081589e-17
8659.060108552187 6.399130921209077e-17
8661.953845034988 8.163189502012718e-17
8664.847581517803 8.889402456737462e-17
8667.741318000604 9.674694390875992e-17
8670.635054483417 1.0359537571271848e-16
8673.52879096622 1.1030506064421012e-16
8676.42252744903 1.1045734381250116e-16
8679.316263931845 1.0937643922544128e-16
8682.210000414647 1.1022253387335408e-16
8685.103736897461 1.1161430813154165e-16
8687.997473380263 1.0771319695133537e-16
8690.891209863075 1.0868005368920195e-16
8693.784946345877 1.1289251957493313e-16
8696.67868282869 1.1484219353367697e-16
8699.572419311493 1.1788694043518923e-16
8702.466155794304 1.175631665349207e-16
8705.359892277107 1.20855699091359e-16
8708.25362875992 1.2486040296800324e-16
8711.147365242723 1.1835566639617938e-16
8714.041101725536 1.162525879255538e-16
8716.934838208339 1.1977797794759407e-16
8719.82857469115 1.2308300850801403e-16
8722.722311173962 1.2621375873714418e-16
8725.616047656766 1.2561902919760262e-16
8728.509784139578 1.3147588920599517e-16
8731.403520622382 1.363058980820017e-16
8734.297257105192 1.4323448913454883e-16
8737.190993587996 1.417938843946892e-16
8740.084730070808 1.3504641165343799e-16
8742.978466553612 1.3318543498222877e-16
8745.872203036422 1.3537473929850404e-16
8748.765939519226 1.2402073144724886e-16
8751.659676002038 1.0445996647570787e-16
8754.55341248484 1.032490756007978e-16
8757.447148967654 1.0022728690008897e-16
8760.340885450456 8.449205094810848e-17
8763.234621933268 7.221320974897883e-17
8766.12835841607 6.759223710899999e-17
8769.022094898884 5.807411802794064e-17
8771.915831381697 4.550655460810899e-17
8774.8095678645 4.206092361095666e-17
8777.703304347311 4.8387640446271823e-17
8780.597040830113 5.553910960348035e-17
8783.490777312927 6.069450315945313e-17
8786.384513795729 6.688062443727731e-17
8789.278250278543 6.629364041410536e-17
8792.171986761345 6.124040210895682e-17
8795.065723244157 6.035015838732314e-17
8797.959459726959 6.070983325230294e-17
8800.853196209773 6.347594616274714e-17
8803.746932692575 6.427095365426647e-17
8806.640669175385 5.4299070689408536e-17
8809.5344056582 4.599689053517556e-17
8812.428142141001 4.2621423629460075e-17
8815.321878623816 4.523895208312354e-17
8818.215615106617 5.804038852487482e-17
8821.10935158943 5.590801811411042e-17
8824.003088072232 5.384959737946387e-17
8826.896824555046 4.4344120625888806e-17
8829.790561037848 4.998516956638308e-17
8832.68429752066 5.854622019937815e-17
8835.578034003463 6.53766783631367e-17
8838.471770486274 7.033157390822621e-17
8841.365506969078 7.73929434196628e-17
8844.25924345189 8.966771373722443e-17
8847.152979934694 9.243782979457841e-17
8850.046716417504 8.72277466831727e-17
8852.940452900319 8.236887829343773e-17
8855.83418938312 8.266318915653063e-17
8858.727925865933 8.705618685233547e-17
8861.621662348736 8.435199357144538e-17
8864.515398831538 7.488393701751747e-17
8867.40913531435 6.149263821068681e-17
8870.302871797163 5.1058000776192305e-17
8873.196608279966 4.6535168330319424e-17
8876.090344762779 4.065156025524935e-17
8878.984081245582 3.018832408547083e-17
8881.877817728393 3.146086063919075e-17
8884.771554211196 3.2730041169768097e-17
8887.665290694009 2.9105307150372804e-17
8890.55902717681 3.5748966138596086e-17
8893.452763659625 4.639967140224657e-17
8896.346500142427 6.219165085003574e-17
8899.240236625239 6.719404027718641e-17
8902.133973108052 6.148657658436625e-17
8905.027709590855 5.482560430665645e-17
8907.921446073666 5.3359113654309704e-17
8910.81518255647 5.4492661045667985e-17
8913.708919039282 5.0212906367867074e-17
8916.602655522083 4.01188761197992e-17
8919.496392004898 3.3960650798354015e-17
8922.3901284877 3.677175620563745e-17
8925.283864970512 3.984671928478251e-17
8928.177601453313 4.005212609488125e-17
8931.071337936128 3.880234171743718e-17
8933.96507441893 3.805240581211267e-17
8936.858810901744 3.93573653631566e-17
8939.752547384545 4.234324751076352e-17
8942.646283867356 4.366642802800038e-17
8945.54002035017 3.936114302087143e-17
8948.433756832972 4.0710010679483946e-17
8951.327493315785 3.877436244268803e-17
8954.221229798588 4.1796108843060695e-17
8957.1149662814 4.8354616159793256e-17
8960.008702764202 6.315965210299726e-17
8962.902439247016 7.717848694351914e-17
8965.796175729818 7.184957332088145e-17
8968.689912212629 6.29485411110472e-17
8971.583648695432 5.844934093202311e-17
8974.477385178245 5.133934597756859e-17
8977.371121661048 3.862853264892363e-17
8980.26485814386 3.1406719822489256e-17
8983.158594626664 3.3762258672726507e-17
8986.052331109475 3.400636056713935e-17
8988.94606759229 3.002295157585023e-17
8991.83980407509 2.5751960919453818e-17
8994.733540557902 2.6969498805292097e-17
8997.627277040707 3.591069857347454e-17
9000.521013523517 4.2909598196939205e-17
9003.41475000632 4.98861578257563e-17
9006.308486489133 6.80211517523096e-17
9009.202222971937 6.904037823499313e-17
9012.095959454748 6.64560617924212e-17
9014.989695937551 6.061786935426229e-17
9017.883432420364 5.891367792427987e-17
9020.777168903167 5.536340796649049e-17
9023.67090538598 4.981956746865363e-17
9026.564641868781 4.646092902248093e-17
9029.458378351594 4.6435927770761353e-17
9032.352114834406 4.587000373829947e-17
9035.24585131721 4.8410644076594925e-17
9038.139587800022 5.1132390007670864e-17
9041.033324282826 4.753748044255808e-17
9043.927060765636 4.553151541004728e-17
9046.82079724844 4.862385198123811e-17
9049.714533731252 5.535489763556786e-17
9052.608270214054 6.682106226797777e-17
9055.502006696866 7.287028710834114e-17
9058.39574317967 7.094847780324456e-17
9061.289479662482 6.961825376945691e-17
9064.183216145284 6.470349341066392e-17
9067.076952628098 5.62795564609856e-17
9069.9706891109 4.7718632152139453e-17
9072.864425593712 4.875188390333858e-17
9075.758162076514 4.4412151353526966e-17
9078.651898559327 4.1756602493746615e-17
9081.545635042141 4.251555305817485e-17
9084.439371524943 4.186069190389104e-17
9087.333108007755 3.774671934255402e-17
9090.226844490557 3.7775427763136244e-17
9093.120580973371 4.3932151813158143e-17
9096.014317456173 5.465006602864129e-17
9098.908053938987 6.187938859404393e-17
9101.801790421789 6.383165478505683e-17
9104.6955269046 6.594656244422244e-17
9107.589263387403 6.657362192045904e-17
9110.482999870215 6.535094583992223e-17
9113.376736353019 6.719538977851977e-17
9116.27047283583 6.847198570533915e-17
9119.164209318644 6.628257069967296e-17
9122.057945801445 6.397567038421257e-17
9124.95168228426 5.93645163963963e-17
9127.845418767061 4.959262601178359e-17
9130.739155249874 3.456330583138896e-17
9133.632891732675 3.174907795931612e-17
9136.526628215488 3.368399364629967e-17
9139.420364698291 3.405650275396393e-17
9142.314101181104 3.7138197755688563e-17
9145.207837663907 5.678384963255106e-17
9148.101574146718 5.941909778223018e-17
9150.995310629522 4.5472902758720897e-17
9153.889047112334 4.1964804688088064e-17
9156.782783595138 4.9666408069696636e-17
9159.676520077948 5.268413747619346e-17
9162.57025656076 5.314467794125941e-17
9165.463993043564 5.138815581953439e-17
9168.357729526377 4.5008784442595266e-17
9171.25146600918 4.026829712148901e-17
9174.14520249199 3.88825718981933e-17
9177.038938974794 3.964927656497625e-17
9179.932675457596 3.618540013214317e-17
9182.82641194041 3.5294856249633035e-17
9185.720148423223 2.8544522935526873e-17
9188.613884906024 2.7621209292804478e-17
9191.507621388837 3.407054790889986e-17
9194.401357871639 3.574018388099156e-17
9197.295094354453 3.9541716548513524e-17
9200.188830837254 4.887491418960526e-17
9203.082567320069 4.7346370180880556e-17
9205.97630380287 4.811339717854791e-17
9208.870040285683 4.524503745239959e-17
9211.763776768485 4.3870456880588373e-17
9214.657513251297 4.659459495111739e-17
9217.55124973411 5.09374447518698e-17
9220.444986216911 4.8883000103166386e-17
9223.338722699726 4.7726503614085844e-17
9226.232459182527 5.212386363353579e-17
9229.126195665342 5.0663713325917576e-17
9232.019932148143 4.853843707911684e-17
9234.913668630956 4.5256183938673155e-17
9237.807405113757 5.026592532850015e-17
9240.70114159657 5.5416116718554386e-17
9243.594878079373 5.4662494546969574e-17
9246.488614562186 4.478862523561812e-17
9249.38235104499 4.205315183335938e-17
9252.2760875278 4.760379909400746e-17
9255.169824010614 5.111938732416665e-17
9258.063560493416 5.565062434228158e-17
9260.957296976228 5.829239189005278e-17
9263.851033459032 5.60840024348368e-17
9266.744769941844 5.1042901567241604e-17
9269.638506424646 4.817978312277928e-17
9272.532242907459 4.3245598514163423e-17
9275.425979390262 3.542092969383797e-17
9278.319715873073 3.7203549003478106e-17
9281.213452355876 4.0702209551787837e-17
9284.107188838689 3.524754584540277e-17
9287.000925321503 2.985588858235912e-17
9289.894661804305 2.4397142977837637e-17
9292.788398287108 2.3654281327795092e-17
9295.682134769919 2.551491918593451e-17
9298.57587125272 2.5275624113914848e-17
9301.469607735535 1.951016970741947e-17
9304.363344218345 2.0069293260976666e-17
9307.25708070115 3.7120295804764873e-17
9310.150817183961 4.6903223009330355e-17
9313.044553666765 6.109352569229445e-17
9315.938290149577 4.9333432748943317e-17
9318.83202663238 2.794967546122671e-17
9321.725763115192 2.897837575932532e-17
9324.619499598004 3.4724868622166217e-17
9327.513236080807 2.6106909322656163e-17
9330.40697256362 1.128363592738953e-17
9333.300709046423 1.7585949963580315e-17
9336.194445529234 3.4351894333288965e-17
9339.088182012038 3.5672562098226315e-17
9341.98191849485 3.828317360135943e-17
9344.875654977654 3.2284530416526695e-17
9347.769391460466 2.3673882661468625e-17
9350.663127943268 2.001919835190505e-17
9353.55686442608 2.4006460048808763e-17
9356.450600908882 3.080909300549567e-17
9359.344337391696 2.7405009468247713e-17
9362.238073874498 1.7427209831511686e-17
9365.13181035731 5.0168876711574456e-18
9368.025546840123 2.2572182757381312e-17
9370.919283322926 7.850972302747751e-18
9373.813019805739 4.981472781631429e-18
9376.706756288542 8.674498785672613e-18
9379.600492771344 7.08195036755487e-18
9382.494229254155 3.8534001552526735e-17
9385.387965736969 5.97016366445895e-17
9388.28170221977 4.948704215806074e-17
9391.175438702585 6.080219281824849e-17
9394.069175185386 7.007075110886359e-17
9396.962911668199 6.037089552858887e-17
9399.856648151 4.7172924154980064e-17
9402.750384633815 5.0349443114897e-17
9405.644121116617 4.649333925665187e-17
9408.53785759943 4.9670096767801947e-17
9411.431594082233 5.1678023934552235e-17
9414.325330565043 4.7425965686005455e-17
9417.219067047858 4.8837335368133455e-17
9420.11280353066 5.95282275931467e-17
9423.006540013472 6.625892575212338e-17
9425.900276496273 6.230615596038626e-17
9428.794012979088 5.850042039814063e-17
9431.68774946189 6.195962675599813e-17
9434.581485944702 5.845744769716248e-17
9437.475222427505 5.059832320889322e-17
9440.368958910316 5.689376845626646e-17
9443.26269539312 6.650233157821414e-17
9446.156431875932 6.685431124690975e-17
9449.050168358735 5.2205680831570855e-17
9451.943904841548 4.838758483879828e-17
9454.837641324351 3.896680453693647e-17
9457.731377807162 3.534466211682042e-17
9460.625114289975 3.264604475804465e-17
9463.518850772778 3.1097262909993744e-17
9466.412587255589 3.947532999369342e-17
9469.306323738392 4.4801685747620016e-17
9472.200060221205 4.427088005013691e-17
9475.093796704008 5.221816133997727e-17
9477.98753318682 6.678477194186321e-17
9480.881269669624 7.633263593122109e-17
9483.775006152435 7.499552674821586e-17
9486.668742635236 7.17448059652755e-17
9489.56247911805 6.541710445838052e-17
9492.456215600852 4.912989040604007e-17
9495.349952083667 3.899854188654227e-17
9498.243688566468 2.5328837642277655e-17
9501.13742504928 3.1876880302337636e-17
9504.031161532093 2.822373112819992e-17
9506.924898014897 1.840262283441372e-17
9509.818634497708 2.3836198110602284e-17
9512.712370980513 2.7293726678221738e-17
9515.606107463323 3.7726274513047673e-17
9518.499843946125 2.2256783170092913e-17
9521.39358042894 2.644249429959911e-17
9524.287316911741 3.776881245557809e-17
9527.181053394554 2.7979630476689305e-17
9530.074789877355 2.9890656437691126e-17
9532.96852636017 3.443918457272614e-17
9535.862262842971 2.7504039204065666e-17
9538.755999325786 2.082346362253852e-17
9541.649735808587 1.6477747574314922e-17
9544.543472291398 1.2972178477924983e-17
9547.437208774212 1.7041198325057845e-17
9550.330945257014 2.300076124512858e-17
9553.224681739828 2.192590526393517e-17
9556.11841822263 2.294705085003666e-17
9559.012154705442 2.651061555395098e-17
9561.905891188244 2.219412550336687e-17
9564.799627671058 2.6971438255591615e-17
9567.69336415386 3.1188651371935916e-17
9570.58710063667 3.167503014643969e-17
9573.480837119476 3.748934672270316e-17
9576.374573602287 3.8480288945021443e-17
9579.26831008509 3.422104383682636e-17
9582.162046567903 3.218569818647884e-17
9585.055783050706 3.1602415989308114e-17
9587.949519533517 2.735683732525813e-17
9590.84325601632 1.996146818328041e-17
9593.736992499133 2.0303030546647957e-17
9596.630728981945 2.0242228466630633e-17
9599.524465464749 2.5544382375603536e-17
9602.41820194756 2.7034432557458806e-17
9605.311938430363 2.4169575197933357e-17
9608.205674913175 1.6559798739121723e-17
9611.099411395979 1.609120314413943e-17
9613.99314787879 1.4203354861296924e-17
9616.886884361595 1.5991672156920266e-17
9619.780620844405 2.3278204861962455e-17
9622.674357327209 2.7349110050733444e-17
9625.568093810021 2.4014591363820438e-17
9628.461830292823 2.071165412209252e-17
9631.355566775635 2.7634955568005465e-17
9634.249303258448 2.4993085473254944e-17
9637.143039741251 2.2232412005876092e-17
9640.036776224064 1.7860819865434898e-17
9642.930512706867 1.909109918840077e-17
9645.824249189678 2.0341422910434404e-17
9648.717985672482 2.149489561096486e-17
9651.611722155294 1.6795132062176908e-17
9654.505458638096 1.4051218438631647e-17
9657.39919512091 1.583386489309107e-17
9660.292931603712 1.8619137649058953e-17
9663.186668086524 1.7675835238547343e-17
9666.080404569326 1.6009307327473774e-17
9668.97414105214 1.6971079258056894e-17
9671.867877534942 1.777549307241798e-17
9674.761614017754 1.9073600340602236e-17
9677.655350500567 1.7758733513411297e-17
9680.549086983368 1.7614419545651035e-17
9683.442823466183 2.279036684863929e-17
9686.336559948984 2.7930757962809746e-17
9689.230296431797 1.9716914367859802e-17
9692.124032914599 1.758932946938929e-17
9695.017769397413 1.3949110814818352e-17
9697.911505880214 1.4846797280737425e-17
9700.805242363029 1.3580840332231842e-17
9703.69897884583 1.3271086789644894e-17
9706.592715328641 1.763245048753421e-17
9709.486451811455 1.6678611893417302e-17
9712.380188294257 1.4635222042550392e-17
9715.27392477707 1.8583309103442633e-17
9718.167661259873 1.9348544521523647e-17
9721.061397742686 1.6768704565226703e-17
9723.955134225487 2.567020229949875e-17
9726.848870708302 2.6395257002926077e-17
9729.742607191103 2.4998382430529394e-17
9732.636343673914 2.0000919391200854e-17
9735.530080156717 2.1593190648098416e-17
9738.42381663953 2.091959269818113e-17
9741.317553122333 1.808308215238196e-17
9744.211289605146 1.6804114543886857e-17
9747.10502608795 2.0105642182893706e-17
9749.99876257076 1.9166563908702832e-17
9752.892499053574 1.569403514883836e-17
9755.786235536376 1.4775721304563758e-17
9758.679972019188 1.2297662200169833e-17
9761.573708501992 1.6080339049658782e-17
9764.467444984803 1.7631315736004765e-17
9767.361181467606 1.8288346683268493e-17
9770.254917950419 1.4154295985681485e-17
9773.148654433222 1.5534116839363127e-17
9776.042390916033 1.3580210139756078e-17
9778.936127398836 1.451431306474289e-17
9781.829863881649 1.9011563380257688e-17
9784.723600364452 2.0264609399997767e-17
9787.617336847265 1.4591469927289175e-17
9790.511073330066 1.2564073090697822e-17
9793.404809812879 1.3945819064192752e-17
9796.29854629568 1.6031298001176675e-17
9799.192282778495 2.2561186549358874e-17
9802.086019261307 2.4043681092308108e-17
9804.97975574411 2.1471957460218576e-17
9807.873492226921 1.7362547998417833e-17
9810.767228709725 1.9882234107518166e-17
9813.660965192537 1.809057883309326e-17
9816.554701675339 1.8775074353823306e-17
9819.448438158151 1.8252913075455822e-17
9822.342174640955 1.7481340943107644e-17
9825.235911123767 1.3907372070206773e-17
9828.129647606569 1.4942016821184565e-17
9831.023384089383 1.7686849786715336e-17
9833.917120572185 1.6912920987156327e-17
9836.810857054998 1.7827584290212172e-17
9839.70459353781 1.723858677428896e-17
9842.598330020612 1.3111571806824805e-17
9845.492066503426 1.0883715674890498e-17
9848.385802986228 1.6044257667626115e-17
9851.27953946904 1.7187864368379825e-17
9854.173275951842 1.270086158414288e-17
9857.067012434656 9.728210680572545e-18
9859.960748917458 1.3906345036134374e-17
9862.854485400272 1.326543626708818e-17
9865.748221883074 1.2772935646070138e-17
9868.641958365886 1.6012721381258782e-17
9871.535694848688 2.0219933584332204e-17
9874.4294313315 1.867859896624049e-17
9877.323167814304 1.5464915498538853e-17
9880.216904297115 1.971900378614504e-17
9883.110640779929 1.7892882661136116e-17
9886.00437726273 1.591803648444364e-17
9888.898113745545 1.1873400601077109e-17
9891.791850228346 9.04484334566671e-18
9894.685586711159 8.542983111149795e-18
9897.57932319396 1.0297249460752351e-17
9900.473059676773 1.1057149079284678e-17
9903.366796159577 1.4509942614132887e-17
9906.260532642389 1.8620112333711106e-17
9909.154269125193 2.084290515692015e-17
9912.048005608003 1.8723276505170037e-17
9914.941742090807 1.5929112322293384e-17
9917.83547857362 1.3887315240573483e-17
9920.729215056423 9.66232562906924e-18
9923.622951539233 1.3419203335882782e-17
9926.516688022037 1.1415517269245966e-17
9929.41042450485 1.2052127344404225e-17
9932.304160987662 9.795078483015954e-18
9935.197897470465 1.1393945741898715e-17
9938.091633953276 1.3496109392939987e-17
9940.98537043608 1.1315585678484729e-17
9943.879106918892 1.0109459852640383e-17
9946.772843401695 1.241069487338698e-17
9949.666579884508 1.2618507372614668e-17
9952.56031636731 1.3226073251987683e-17
9955.454052850122 1.6550401320028256e-17
9958.347789332924 1.4401576731303045e-17
9961.241525815738 1.3295777621515048e-17
9964.13526229854 1.5981782363812747e-17
9967.028998781354 1.5033168724320797e-17
9969.922735264156 1.1671475875180213e-17
9972.816471746968 1.2791148837620154e-17
9975.71020822978 1.3774028727422413e-17
9978.603944712582 1.356660074880697e-17
9981.497681195395 1.589269576206622e-17
9984.391417678196 1.4104731123146947e-17
9987.28515416101 9.183249479567002e-18
9990.178890643812 1.0793614245971101e-17
9993.072627126627 1.1302091655748846e-17
9995.966363609428 8.942382508380155e-18
9998.86010009224 1.1654910085304795e-17
10001.753836575033 1.015667610757011e-17
10004.647573057857 1.115367866368469e-17
10007.541309540678 8.870686343709523e-18
10010.4350460235 1.0728865527726765e-17
10013.328782506323 1.1623382385480014e-17
10016.222518989045 1.2793379665742123e-17
10019.116255471868 1.072968514843218e-17
10022.00999195469 7.752757997187543e-18
10024.903728437514 1.2842292721924801e-17
10027.797464920337 1.7601223874968837e-17
10030.69120140316 1.3617041395229164e-17
10033.584937885982 1.1397362498642259e-17
10036.478674368704 1.9375897971884553e-17
10039.372410851527 1.5285081243299606e-17
10042.266147334349 9.784945779825919e-18
10045.159883817172 5.1907157808133484e-18
10048.053620299994 7.097066466831968e-18
10050.947356782817 6.643662958479469e-18
10053.841093265539 8.570865819015822e-18
10056.734829748362 1.2994339261880453e-17
10059.628566231184 1.2484960412627497e-17
10062.522302714005 9.953079687081732e-18
10065.416039196829 8.572292269948898e-18
10068.30977567965 1.0439874205949577e-17
10071.203512162476 1.1602489046565805e-17
10074.097248645197 1.5319837993868265e-17
10076.99098512802 1.3445050078618016e-17
10079.884721610842 1.3745882846652023e-17
10082.778458093666 1.4170462997616843e-17
10085.672194576488 1.469622403253951e-17
10088.56593105931 1.5132441832708224e-17
10091.459667542133 1.6898307688768064e-17
10094.353404024854 1.6282038140060987e-17
10097.247140507678 1.2372232360443038e-17
10100.1408769905 1.1148703420815878e-17
10103.034613473323 1.0953861270552323e-17
10105.928349956144 1.0943892170115699e-17
10108.822086438968 7.095289763074556e-18
10111.715822921791 9.18690966644078e-18
10114.609559404515 1.0282772607615093e-17
10117.503295887336 9.930560240128022e-18
10120.397032370158 7.25341107243477e-18
10123.290768852981 9.375095090537618e-18
10126.184505335803 9.520953987722042e-18
10129.078241818626 1.018287918138419e-17
10131.971978301448 1.410988672809374e-17
10134.865714784171 1.1367606779158737e-17
10137.759451266993 8.971959967483299e-18
10140.653187749816 6.6263739791184066e-18
10143.546924232638 1.0929075391854381e-17
10146.44066071546 1.0592863539695838e-17
10149.334397198283 1.1296437446713278e-17
10152.228133681007 1.0979049722228662e-17
10155.12187016383 1.4776925412752556e-17
10158.015606646652 1.704491584007411e-17
10160.909343129475 1.474874481616837e-17
10163.803079612297 1.2029494207316762e-17
10166.69681609512 8.653136319472894e-18
10169.590552577942 8.003104223441084e-18
10172.484289060663 1.0222919518414114e-17
10175.378025543487 9.886924472645182e-18
10178.271762026308 6.519197407185202e-18
10181.165498509132 1.1753859074412729e-17
10184.059234991953 1.0944244076052358e-17
10186.952971474777 4.5929849181152255e-18
10189.846707957598 4.8553722168672585e-18
10192.740444440324 9.039291969065804e-18
10195.634180923145 9.808659830937204e-18
10198.527917405967 1.190007435091626e-17
10201.42165388879 1.414764330729732e-17
10204.315390371612 1.0865610797215175e-17
10207.209126854435 9.790776415696312e-18
10210.102863337257 5.741751216134233e-18
10212.99659981998 5.059856389026426e-18
10215.890336302802 7.268826558232769e-18
10218.784072785626 1.2739473438151261e-17
10221.677809268447 1.3120648861849662e-17
10224.57154575127 1.0101416846892112e-17
10227.465282234092 6.73991864689781e-18
10230.359018716914 5.6393535941725476e-18
10233.252755199637 7.931041377781006e-18
10236.14649168246 9.32098952625865e-18
10239.040228165284 1.1019577577190592e-17
10241.933964648106 1.1323373005959595e-17
10244.82770113093 1.1739825806846256e-17
10247.72143761375 7.444915799824093e-18
10250.615174096474 1.0058239828876431e-17
10253.508910579296 1.0387180571816955e-17
10256.402647062117 9.58855381175237e-18
10259.29638354494 1.0176289920346746e-17
10262.190120027763 9.83722788938205e-18
10265.083856510586 1.083563765951711e-17
10267.977592993408 1.0401334078833914e-17
10270.871329476131 7.886223449007508e-18
10273.765065958953 8.841116389401532e-18
10276.658802441778 1.2038067522210054e-17
10279.5525389246 1.016772078449736e-17
10282.446275407421 1.61205863275455e-17
10285.340011890245 1.491322680233997e-17
10288.233748373066 9.889255460227597e-18
10291.12748485579 9.774471934650379e-18
10294.021221338611 1.2900058782202648e-17
10296.914957821435 1.6620703002499586e-17
10299.808694304256 1.8397856180897364e-17
10302.70243078708 1.871485383720223e-17
10305.596167269901 1.2798309100160582e-17
10308.489903752723 1.738323619910033e-17
10311.383640235446 1.4663234085157192e-17
10314.277376718268 1.0289363523766743e-17
10317.171113201093 8.195199396559588e-18
10320.064849683915 1.0878729931461794e-17
10322.958586166738 1.3750755438626477e-17
10325.85232264956 1.3810894373753859e-17
10328.746059132383 1.2052380453266899e-17
10331.639795615105 9.390242043862858e-18
10334.533532097927 1.2492846286155102e-17
10337.42726858075 1.1240673084870235e-17
10340.321005063572 1.479027570232995e-17
10343.214741546395 1.7336581559522094e-17
10346.108478029217 1.663163938945462e-17
10349.00221451204 9.953422846797619e-18
10351.895950994762 8.661866757564716e-18
10354.789687477585 9.820452653490945e-18
10357.683423960409 9.379132485990582e-18
10360.577160443232 1.282905155052678e-17
10363.470896926054 1.1262768100607957e-17
10366.364633408875 9.372594360532072e-18
10369.258369891699 8.480396919324044e-18
10372.15210637442 1.2087851455308905e-17
10375.045842857244 1.1089040059971003e-17
10377.939579340065 1.1612659667377777e-17
10380.833315822889 1.2459594867347332e-17
10383.72705230571 1.4735977854738993e-17
10386.620788788534 1.480372655291059e-17
10389.514525271255 1.4182161293371054e-17
10392.408261754077 1.9196698633121002e-17
10395.3019982369 1.8126771611598977e-17
10398.195734719722 1.6335423156555415e-17
10401.089471202547 1.2544824130570621e-17
10403.983207685369 1.432680032013033e-17
10406.876944168192 1.2603639267156055e-17
10409.770680650914 1.2860323587964757e-17
10412.664417133738 1.1349304800868881e-17
10415.55815361656 1.0701914771946522e-17
10418.45189009938 1.2144109581215009e-17
10421.345626582204 1.1248917938701908e-17
10424.239363065026 1.1964749964186056e-17
10427.13309954785 8.10258021904817e-18
10430.02683603057 1.3723693036379933e-17
10432.920572513394 8.905963064180457e-18
10435.814308996216 1.1488178880566731e-17
10438.70804547904 8.860235613474525e-18
10441.601781961863 5.8624975388541304e-18
10444.495518444684 7.371121635232612e-18
10447.389254927508 8.191361819395788e-18
10450.28299141023 9.744402985929393e-18
10453.176727893053 7.398376581631367e-18
10456.070464375875 7.551381715644288e-18
10458.964200858698 5.308315316943151e-18
10461.85793734152 7.25694149299703e-18
10464.751673824343 4.972156152753161e-18
10467.645410307065 6.4627965853234984e-18
10470.539146789888 5.675271348452631e-18
10473.43288327271 6.965046207642852e-18
10476.326619755531 7.543220919155437e-18
10479.220356238355 3.5434940355087335e-18
