3559.215888983876 5.047756494908009e-16
3563.156452520229 4.400774696652949e-15
3567.097016056581 2.4604297921074025e-15
3571.037579592934 7.209008544453481e-16
3574.9781431292863 -3.233285312434268e-16
3578.918706665639 3.2819646394402185e-15
3582.859270201992 2.8786371754849525e-15
3586.799833738344 2.438229424435527e-15
3590.740397274697 -2.1175175416052424e-16
3594.6809608110493 4.2819654884426533e-17
3598.621524347402 1.316470462246349e-15
3602.562087883755 6.364877873630145e-16
3606.502651420107 -1.3387730439943537e-16
3610.44321495646 7.325697188510967e-16
3614.383778492813 3.950925848572478e-15
3618.324342029165 4.204434583343873e-15
3622.264905565518 2.2760281939074067e-15
3626.20546910187 9.391773536221076e-16
3630.146032638223 2.152999481815067e-15
3634.086596174576 3.417459937934429e-15
3638.027159710928 4.146232252335685e-15
3641.967723247281 4.5568673026160686e-15
3645.9082867836332 2.4295048829158268e-15
3649.848850319986 4.666476231907469e-16
3653.789413856339 4.122135109158793e-15
3657.729977392691 1.967587798954597e-15
3661.670540929044 1.4548265317210007e-15
3665.6111044653962 1.8302333327571327e-15
3669.551668001749 1.3403609278399685e-15
3673.492231538102 1.902025370602944e-15
3677.432795074454 1.2390753187047808e-15
3681.373358610807 1.1149232564116666e-15
3685.3139221471597 2.5799281206866123e-15
3689.254485683512 2.0921670759476534e-15
3693.195049219865 9.168339267544596e-16
3697.135612756217 5.362424483419704e-16
3701.07617629257 5.395204718670058e-16
3705.0167398289227 1.433042347100227e-15
3708.957303365275 1.5608347381709107e-15
3712.897866901628 4.451062993578956e-15
3716.83843043798 2.2977582733539183e-15
3720.778993974333 2.0596891007464935e-15
3724.7195575106857 2.8807281085465645e-15
3728.660121047038 2.41709765963988e-15
3732.600684583391 2.714586063993991e-15
3736.541248119743 3.829622199254836e-15
3740.481811656096 3.5367822353308994e-15
3744.422375192449 3.63718220009207e-15
3748.3629387288015 2.5840388766582916e-15
3752.3035022651443 2.8209692889563077e-15
3756.2440658015066 2.540694270546329e-15
3760.1846293378494 2.463010150509831e-15
3764.125192874212 1.946912785459486e-15
3768.0657564105545 2.2000800168556068e-15
3772.0063199469173 3.0118125239328513e-15
3775.94688348326 2.130884842357995e-15
3779.8874470196224 3.070532725285776e-15
3783.828010555965 2.8630068807413184e-15
3787.7685740923175 2.463098304868091e-15
3791.7091376286703 2.5133661355701015e-15
3795.649701165023 3.023110405794809e-15
3799.5902647013754 2.9637411957145724e-15
3803.530828237728 2.5291806691296956e-15
3807.471391774081 2.5339018493088104e-15
3811.4119553104333 3.745300520518489e-15
3815.352518846786 2.7542025323300174e-15
3819.2930823831384 2.8366314456304622e-15
3823.233645919491 2.7733529628140063e-15
3827.174209455844 2.8728915480498847e-15
3831.1147729921963 2.496814659619613e-15
3835.055336528549 2.2740498442666465e-15
3838.9959000649014 2.4588866053678847e-15
3842.936463601254 1.768078746670393e-15
3846.877027137607 1.303104937363546e-15
3850.8175906739593 1.143653947895879e-15
3854.758154210312 9.520723751928486e-16
3858.6987177466644 1.3619859058907526e-15
3862.639281283017 1.394181343507118e-15
3866.57984481937 7.004445076421112e-16
3870.5204083557223 4.95870592593886e-16
3874.460971892075 7.642065659421577e-16
3878.401535428428 1.2137733698831874e-15
3882.3420989647802 9.347403087885548e-16
3886.282662501133 8.076413477773331e-16
3890.2232260374853 7.603122281969521e-16
3894.163789573838 1.346223661454476e-15
3898.104353110191 1.3814873332969615e-15
3902.0449166465432 8.836772317471533e-16
3905.985480182896 9.254688662539903e-16
3909.9260437192484 1.44591768261915e-15
3913.866607255601 1.3254455658464048e-15
3917.807170791954 1.613017016416815e-15
3921.7477343283063 1.929631396053745e-15
3925.688297864659 2.1331853035041173e-15
3929.6288614010114 2.6590512531110188e-15
3933.569424937364 2.9304983337925822e-15
3937.509988473717 3.2338927889151223e-15
3941.4505520100693 3.1597664143576175e-15
3945.391115546422 3.3259580028200094e-15
3949.3316790827744 3.4115341808318338e-15
3953.272242619127 3.4978412062631377e-15
3957.21280615548 3.394347404639541e-15
3961.1533696918323 2.967505740631521e-15
3965.093933228185 3.0205948082147856e-15
3969.034496764538 3.229200301519441e-15
3972.97506030089 3.1748297567455386e-15
3976.915623837243 3.0452249307612994e-15
3980.8561873735953 3.143832310788939e-15
3984.796750909948 3.2416117734523897e-15
3988.737314446301 3.045059319191429e-15
3992.677877982653 2.7518293487044708e-15
3996.618441519006 3.3343284220084637e-15
4000.5590050553583 3.0355115334436642e-15
4004.499568591711 2.5897649096215487e-15
4008.440132128064 2.7407056158292903e-15
4012.380695664416 2.639036775918653e-15
4016.321259200769 2.658227888356439e-15
4020.2618227371213 2.5405658377826127e-15
4024.202386273474 2.9286108746583983e-15
4028.142949809827 3.003906894346834e-15
4032.083513346179 3.1343943294691337e-15
4036.024076882532 3.780923455530604e-15
4039.9646404188848 4.141211591100822e-15
4043.905203955237 4.654279628177788e-15
4047.84576749159 5.353400173378454e-15
4051.786331027942 5.616910547017215e-15
4055.726894564295 5.831063796498801e-15
4059.6674581006478 5.3916967475815704e-15
4063.608021637 5.565697154890404e-15
4067.548585173353 5.241189691613399e-15
4071.489148709705 4.81259100449369e-15
4075.429712246058 4.836790595958186e-15
4079.370275782411 4.3245014670016325e-15
4083.310839318763 4.484355661233328e-15
4087.2514028551163 4.038877907976687e-15
4091.191966391468 4.053597704527108e-15
4095.1325299278215 4.0577398529600644e-15
4099.073093464173 4.285654611485352e-15
4103.013657000527 3.775698083214557e-15
4106.954220536879 3.431735631558061e-15
4110.894784073232 3.1278765415299568e-15
4114.8353476095845 2.969646900240037e-15
4118.775911145937 2.8009134003455264e-15
4122.716474682289 2.350144642250964e-15
4126.657038218642 2.1989097885175088e-15
4130.597601754995 2.5060546471641777e-15
4134.5381652913375 2.9052139595932257e-15
4138.478728827699 3.2247363373773857e-15
4142.419292364053 3.3910626547217737e-15
4146.359855900405 3.4559439767801936e-15
4150.300419436758 3.3894215242994283e-15
4154.2409829731105 2.86260312944567e-15
4158.181546509453 2.6366546929181707e-15
4162.122110045805 2.3782760077227735e-15
4166.062673582169 2.06947859053475e-15
4170.003237118521 2.202425598754777e-15
4173.9438006548735 2.3674425586674104e-15
4177.884364191225 2.2241974253200943e-15
4181.824927727579 1.901745444305666e-15
4185.765491263921 2.2175508871819634e-15
4189.706054800284 2.2845329499706377e-15
4193.6466183366265 2.50156347176426e-15
4197.587181872989 2.7342083608725644e-15
4201.527745409331 2.5665404039305e-15
4205.468308945685 3.2123594223630215e-15
4209.408872482037 3.4639277441936302e-15
4213.3494360183895 3.617980681027916e-15
4217.289999554742 3.5397974672138523e-15
4221.230563091095 3.5923383013723614e-15
4225.171126627447 3.4441682713122315e-15
4229.1116901638 2.869955061098949e-15
4233.0522537001525 2.265780405970659e-15
4236.992817236505 2.0401601585638842e-15
4240.933380772857 1.5434221674989663e-15
4244.873944309211 1.5885896269582278e-15
4248.814507845563 1.5367664390999673e-15
4252.7550713819155 1.3609728764235833e-15
4256.695634918268 1.46757396557901e-15
4260.636198454621 1.4448970831919628e-15
4264.576761990973 1.9052622302372118e-15
4268.517325527327 1.9482082026065937e-15
4272.4578890636785 1.8291343925725722e-15
4276.398452600031 1.966835178753611e-15
4280.339016136383 2.31027411737661e-15
4284.279579672737 2.3404970371442054e-15
4288.22014320909 2.521648085372376e-15
4292.1607067454415 2.7165636880537794e-15
4296.101270281795 2.724052521350142e-15
4300.041833818147 2.6560548387785098e-15
4303.9823973545 2.9753811839223616e-15
4307.922960890853 3.2001291982109e-15
4311.863524427205 3.001474612218663e-15
4315.804087963557 2.814402857072238e-15
4319.74465149991 2.5959520725766646e-15
4323.685215036263 2.529507264170137e-15
4327.625778572616 2.421030326891906e-15
4331.566342108968 2.4280163562007834e-15
4335.506905645321 1.4691971551430108e-15
4339.447469181673 1.6082103427805027e-15
4343.388032718026 1.8774898234132166e-15
4347.328596254379 1.9090160326033332e-15
4351.2691597907315 2.0766871577262314e-15
4355.209723327083 2.218827864620261e-15
4359.150286863437 2.1793078922979963e-15
4363.090850399789 2.3110687555026232e-15
4367.031413936142 2.5231570262534257e-15
4370.971977472494 2.9675565575995833e-15
4374.912541008847 2.9633563562834072e-15
4378.853104545199 3.0228354773553845e-15
4382.793668081552 3.049733981289627e-15
4386.734231617905 3.013561835664077e-15
4390.6747951542575 2.7220610662506582e-15
4394.615358690609 2.9147853320054523e-15
4398.555922226963 2.7855195992102682e-15
4402.496485763315 2.8253257733176457e-15
4406.437049299668 2.7990242582644684e-15
4410.37761283602 2.8169089241436935e-15
4414.318176372373 2.6661846851442146e-15
4418.258739908725 2.9388447325821005e-15
4422.199303445078 3.3805948946171116e-15
4426.139866981431 3.55665839732608e-15
4430.0804305177835 3.730687961323172e-15
4434.020994054135 3.5269964897852738e-15
4437.961557590489 3.2396385316784296e-15
4441.902121126841 3.1207310080376544e-15
4445.842684663194 2.8968543407326054e-15
4449.7832481995465 2.648208410287867e-15
4453.723811735899 2.5225239397432205e-15
4457.664375272251 2.5861744707973155e-15
4461.604938808604 2.416751958738002e-15
4465.545502344957 2.294073765617284e-15
4469.4860658813095 2.2713937455815768e-15
4473.426629417661 2.1309906812665073e-15
4477.367192954015 2.052628494233894e-15
4481.307756490367 1.8971006950400606e-15
4485.24832002672 1.8562323582253365e-15
4489.1888835630725 1.8009922582667835e-15
4493.129447099425 2.0145334529092454e-15
4497.070010635777 1.8681559989310263e-15
4501.01057417213 1.819027644080727e-15
4504.951137708483 1.7993911861218963e-15
4508.8917012448355 1.856121954061793e-15
4512.832264781187 2.052538690490084e-15
4516.772828317541 2.142421870156222e-15
4520.713391853893 2.247380071499955e-15
4524.653955390246 2.4896922873646678e-15
4528.5945189265985 2.6949604228241964e-15
4532.535082462951 2.7548352362577086e-15
4536.475645999303 3.182936360651108e-15
4540.416209535657 3.642852970658647e-15
4544.356773072009 4.25859200394983e-15
4548.297336608362 5.268398321204729e-15
4552.237900144713 5.81484651941207e-15
4556.178463681067 6.066636979177893e-15
4560.119027217419 6.069977102641761e-15
4564.059590753762 5.9582297584655044e-15
4568.000154290125 5.39903744121229e-15
4571.940717826477 4.7946666787051204e-15
4575.881281362829 4.490869939494906e-15
4579.821844899183 4.398607052009768e-15
4583.762408435525 4.5656621111768445e-15
4587.702971971888 5.129319056301624e-15
4591.64353550824 5.614333524482533e-15
4595.584099044583 5.9135753584059206e-15
4599.524662580945 5.982651605089758e-15
4603.465226117288 5.698817011381448e-15
4607.405789653651 5.352088105858265e-15
4611.346353190003 5.116749554369297e-15
4615.286916726345 4.79612682619821e-15
4619.227480262699 5.041729225744146e-15
4623.168043799051 5.187148628472457e-15
4627.108607335404 5.539084885862474e-15
4631.049170871756 6.117791614171844e-15
4634.989734408109 6.642252492934731e-15
4638.930297944461 6.7906857535716765e-15
4642.870861480815 6.791097851972647e-15
4646.811425017167 6.798587569400887e-15
4650.751988553519 6.642996361470706e-15
4654.692552089872 6.2979165051464325e-15
4658.633115626225 6.134583028285606e-15
4662.573679162578 6.104796687410729e-15
4666.51424269893 6.017967194956004e-15
4670.454806235283 5.82922376947879e-15
4674.395369771635 5.6971801637820895e-15
4678.335933307988 5.626390057534145e-15
4682.276496844341 5.672834403173358e-15
4686.2170603806935 5.861027181288373e-15
4690.157623917045 6.0954809923489335e-15
4694.098187453399 6.435759253209043e-15
4698.038750989751 6.408223598719471e-15
4701.979314526104 6.0506028212216565e-15
4705.919878062456 5.73453843818811e-15
4709.860441598809 5.287503010215567e-15
4713.801005135161 5.0631823780196774e-15
4717.741568671514 4.883866271544692e-15
4721.682132207867 4.6014468007306876e-15
4725.6226957442195 4.323566482353686e-15
4729.563259280571 4.234061159700248e-15
4733.503822816925 4.3012534193602184e-15
4737.444386353277 4.270682804434822e-15
4741.38494988963 4.226847887436072e-15
4745.325513425982 4.0596472189585475e-15
4749.266076962335 4.021409916021488e-15
4753.206640498687 4.127132906445955e-15
4757.14720403504 4.083768319553355e-15
4761.087767571393 4.20623682371616e-15
4765.0283311077455 4.365450066961099e-15
4768.968894644097 4.438929009927954e-15
4772.909458180451 4.576235773529178e-15
4776.850021716803 4.64470785519858e-15
4780.790585253156 4.859645704916671e-15
4784.731148789509 4.852895354420978e-15
4788.671712325861 4.5977765546984715e-15
4792.612275862213 4.256776211324894e-15
4796.552839398566 4.0156625823448e-15
4800.493402934919 3.5240972384580265e-15
4804.433966471272 3.2912952921401857e-15
4808.374530007623 3.289944960363932e-15
4812.315093543977 3.5331027285649043e-15
4816.255657080329 3.865949115405143e-15
4820.196220616682 4.011430881158906e-15
4824.136784153035 4.214177904392957e-15
4828.077347689387 4.4967244922313745e-15
4832.017911225739 4.893705122044627e-15
4835.958474762092 5.077320159340397e-15
4839.899038298445 5.04943252909774e-15
4843.839601834798 4.829698174774047e-15
4847.780165371149 4.669188342880202e-15
4851.720728907503 4.305736939345129e-15
4855.661292443855 3.93177821963826e-15
4859.601855980208 3.4569153734157656e-15
4863.542419516561 3.1832336973443467e-15
4867.482983052913 3.1457692891553934e-15
4871.423546589265 3.2926583486046613e-15
4875.364110125619 3.888189369673098e-15
4879.304673661971 4.594424256367234e-15
4883.245237198324 5.251129503967192e-15
4887.1858007346755 6.056853971989606e-15
4891.126364271029 6.646247563703306e-15
4895.066927807381 7.223222697995336e-15
4899.007491343734 7.630785344187973e-15
4902.948054880087 7.764492087211947e-15
4906.888618416439 7.496762944879436e-15
4910.829181952791 7.559629362484387e-15
4914.769745489145 7.552479109655107e-15
4918.710309025497 7.444944361260004e-15
4922.65087256185 7.243146093457244e-15
4926.5914360982015 6.964425552529888e-15
4930.531999634555 6.5597868136001275e-15
4934.472563170907 5.9153153230036984e-15
4938.41312670726 5.137155641916228e-15
4942.353690243613 4.28056594011224e-15
4946.294253779965 3.632236531638722e-15
4950.234817316317 2.9893988904691764e-15
4954.175380852671 2.527435126785956e-15
4958.115944389023 2.36041493871293e-15
4962.056507925376 2.6496863872896472e-15
4965.997071461728 2.996151873114867e-15
4969.937634998081 3.5324418204192637e-15
4973.878198534433 4.244080498375539e-15
4977.818762070786 4.722615571577365e-15
4981.759325607139 5.356459191068391e-15
4985.699889143491 6.007461183296056e-15
4989.640452679843 6.640240652322758e-15
4993.581016216197 7.164884796862967e-15
4997.521579752549 7.305195730176813e-15
5001.462143288902 7.541510779056094e-15
5005.402706825244 7.461707826470142e-15
5009.343270361607 7.145742642973961e-15
5013.283833897959 6.847756069324571e-15
5017.224397434313 6.600124951182801e-15
5021.164960970666 6.26705229073036e-15
5025.105524507007 5.880099299334457e-15
5029.04608804337 5.78050538290505e-15
5032.986651579713 5.6330267908626e-15
5036.927215116066 5.4236648102746445e-15
5040.867778652428 5.431761294795424e-15
5044.808342188771 5.442056448586321e-15
5048.748905725123 5.4754374675354725e-15
5052.689469261476 5.473982023924466e-15
5056.630032797829 5.464336215199488e-15
5060.570596334192 5.383995726883903e-15
5064.511159870533 5.08802921912334e-15
5068.451723406896 4.8389021570961685e-15
5072.392286943239 4.357775919659203e-15
5076.332850479592 4.146359123922577e-15
5080.273414015944 4.1013840763676076e-15
5084.213977552297 4.067281893135249e-15
5088.154541088649 3.7275007246690655e-15
5092.095104625002 3.313783313270853e-15
5096.035668161355 2.982970544226194e-15
5099.976231697708 2.58530992737062e-15
5103.9167952340595 2.2868194914531607e-15
5107.857358770413 2.2097329412844702e-15
5111.797922306765 2.3843642029716414e-15
5115.738485843118 2.692123194581861e-15
5119.679049379471 2.8491393341993252e-15
5123.619612915823 3.0238229254155634e-15
5127.560176452175 3.190895058395661e-15
5131.500739988528 3.4357317591391914e-15
5135.441303524881 3.6356000030206274e-15
5139.381867061234 3.94896120466526e-15
5143.3224305975855 4.2535732527351666e-15
5147.262994133939 4.4403182286868005e-15
5151.203557670291 4.654844954390043e-15
5155.144121206644 4.8850585746898775e-15
5159.084684742997 4.805231686773935e-15
5163.025248279349 4.769505280875365e-15
5166.965811815701 4.636751913804718e-15
5170.906375352054 4.2858128849926734e-15
5174.846938888407 4.165657499426439e-15
5178.78750242476 4.1971688506510285e-15
5182.7280659611115 4.367238771473274e-15
5186.668629497465 4.606050187224988e-15
5190.609193033817 4.750538711515728e-15
5194.54975657017 4.8785153616604665e-15
5198.490320106523 4.845588418742491e-15
5202.430883642875 4.7127526690048885e-15
5206.371447179227 4.3750583525620514e-15
5210.312010715581 4.035435616861715e-15
5214.252574251933 3.896299558317866e-15
5218.193137788286 3.91137843200117e-15
5222.1337013246375 4.087363517586254e-15
5226.074264860991 4.2370953756002705e-15
5230.014828397343 4.607518493748756e-15
5233.955391933696 5.010677542408262e-15
5237.895955470049 5.1697893795126165e-15
5241.836519006401 5.263520507617374e-15
5245.777082542753 4.974110477631111e-15
5249.717646079107 4.4742032425196906e-15
5253.658209615459 4.281805019004845e-15
5257.598773151812 4.0425691786248276e-15
5261.5393366881635 3.7440813941654755e-15
5265.479900224517 3.8103559629839025e-15
5269.420463760869 3.958515899644506e-15
5273.361027297222 4.21076759096569e-15
5277.301590833575 4.4147962165821566e-15
5281.242154369927 4.700715976655972e-15
5285.182717906279 5.117595158587369e-15
5289.123281442633 5.31385749453209e-15
5293.063844978985 5.5902538346165e-15
5297.004408515338 5.662521210100659e-15
5300.9449720516905 5.463353137273468e-15
5304.885535588043 5.362345214961294e-15
5308.826099124395 5.529630189179288e-15
5312.766662660748 5.491941811434612e-15
5316.707226197101 5.575810477690187e-15
5320.6477897334535 5.5542495679735315e-15
5324.588353269805 5.510120884790279e-15
5328.528916806159 5.751972290143591e-15
5332.469480342511 5.783321636329985e-15
5336.410043878864 5.8051918760548005e-15
5340.3506074152165 5.816821215101924e-15
5344.291170951569 5.82976238815745e-15
5348.231734487921 5.562705883202185e-15
5352.172298024274 5.365823542390594e-15
5356.112861560627 5.229749781415554e-15
5360.0534250969795 5.053928974006555e-15
5363.993988633331 4.855252596483186e-15
5367.934552169685 4.8254910903393136e-15
5371.875115706037 5.168689803550517e-15
5375.81567924239 5.2638413670558825e-15
5379.7562427787425 5.493514240013761e-15
5383.696806315095 5.690478463167174e-15
5387.637369851448 5.8845178395345216e-15
5391.577933387801 6.054584953184833e-15
5395.518496924154 6.3347011828919435e-15
5399.4590604605055 6.401655539795941e-15
5403.399623996858 6.490245900334139e-15
5407.340187533211 6.435825235536703e-15
5411.280751069564 6.180565831355597e-15
5415.221314605916 6.033980906078776e-15
5419.161878142269 5.7488642576399815e-15
5423.102441678621 5.669528247912835e-15
5427.043005214974 5.581110611095274e-15
5430.983568751317 5.331651921140085e-15
5434.92413228768 5.2663257793060624e-15
5438.8646958240215 5.176229264212087e-15
5442.805259360385 5.146595138552973e-15
5446.745822896727 5.087054642232734e-15
5450.68638643308 4.8646852052194854e-15
5454.626949969432 4.709807701893727e-15
5458.567513505795 4.473080782903097e-15
5462.508077042147 4.206350650261408e-15
5466.44864057849 4.0057211137816624e-15
5470.389204114853 3.989609165628908e-15
5474.329767651196 4.186997552415859e-15
5478.2703311875475 4.496137073731081e-15
5482.210894723901 4.840876970901152e-15
5486.151458260253 5.454231495802429e-15
5490.092021796606 5.815504196354697e-15
5494.032585332959 6.25908344338149e-15
5497.973148869311 6.461890669445381e-15
5501.913712405663 6.344522429334903e-15
5505.854275942016 6.589399041779333e-15
5509.794839478369 6.6168390087817746e-15
5513.735403014722 6.537143634289801e-15
5517.6759665510735 6.484121123147966e-15
5521.616530087427 6.279677019898271e-15
5525.557093623779 6.0975802719021116e-15
5529.497657160132 5.9673314188228945e-15
5533.438220696485 6.0257265185835025e-15
5537.3787842328375 5.8686301344856714e-15
5541.319347769189 5.8419337239061915e-15
5545.259911305542 5.7876431072339655e-15
5549.200474841895 5.577557353424704e-15
5553.141038378248 5.499760304125429e-15
5557.0816019146 5.5417831544813564e-15
5561.022165450953 5.4356797575213076e-15
5564.962728987305 5.259163878045665e-15
5568.903292523658 5.1604678356142675e-15
5572.843856060011 4.9908585180129236e-15
5576.7844195963635 4.752423477658843e-15
5580.724983132715 4.4421836107985805e-15
5584.665546669069 4.227956387260416e-15
5588.606110205421 3.902896253374727e-15
5592.546673741774 3.6214348144987066e-15
5596.487237278126 3.4265926102080043e-15
5600.427800814479 3.432905387069343e-15
5604.368364350831 3.651560070556552e-15
5608.308927887184 3.826802576167938e-15
5612.249491423537 4.141437820214636e-15
5616.1900549598895 4.32623127398054e-15
5620.130618496241 4.591413973495752e-15
5624.071182032595 5.058135794093262e-15
5628.011745568947 5.382842148224003e-15
5631.9523091053 5.582029716253508e-15
5635.8928726416525 5.78585944818237e-15
5639.833436178005 5.958756790761401e-15
5643.773999714357 6.0888974286983705e-15
5647.71456325071 6.132119991251983e-15
5651.655126787063 6.173333649775022e-15
5655.5956903234155 5.978194691631392e-15
5659.536253859767 5.961635673304202e-15
5663.476817396121 5.8273439200833895e-15
5667.417380932473 5.7412197677373835e-15
5671.357944468826 5.640150845190829e-15
5675.2985080051785 5.6384592153056835e-15
5679.239071541531 5.558171444315846e-15
5683.179635077883 5.4914376401284214e-15
5687.120198614236 5.452387026338506e-15
5691.060762150589 5.386539843645824e-15
5695.0013256869415 5.369740096231821e-15
5698.941889223293 5.325492130646477e-15
5702.882452759647 5.3261465747574385e-15
5706.823016295999 5.2691417385841074e-15
5710.763579832352 5.168900563689466e-15
5714.7041433687045 5.131167277284787e-15
5718.644706905057 5.116151584306041e-15
5722.585270441409 4.893725022541587e-15
5726.525833977763 4.744352714467957e-15
5730.466397514115 4.675656507887507e-15
5734.4069610504675 4.730755290451304e-15
5738.347524586819 4.718636781473498e-15
5742.288088123173 4.525164096751707e-15
5746.228651659525 4.588406468552529e-15
5750.169215195878 4.725571344390368e-15
5754.1097787322315 4.661019865193327e-15
5758.050342268583 4.819111314532392e-15
5761.990905804936 5.019633809307358e-15
5765.931469341289 5.032797465856068e-15
5769.872032877642 4.954096958943279e-15
5773.812596413994 4.7883580088835574e-15
5777.753159950346 4.7280225173628705e-15
5781.693723486699 4.612848248913949e-15
5785.634287023052 4.482099426355262e-15
5789.574850559404 4.366114051285306e-15
5793.5154140957575 4.243390183660311e-15
5797.455977632109 4.0487364829748625e-15
5801.396541168462 3.8134723475682514e-15
5805.337104704815 3.5411032275918125e-15
5809.277668241168 3.2840244912767233e-15
5813.21823177752 3.017717376159572e-15
5817.158795313873 2.701859134502142e-15
5821.099358850225 2.608348955927267e-15
5825.039922386568 2.59186146292239e-15
5828.98048592293 2.861253737613608e-15
5832.9210494592835 3.2200843394082846e-15
5836.861612995635 3.82527213695945e-15
5840.802176531978 4.5028103815885326e-15
5844.742740068331 5.132409135233007e-15
5848.683303604694 5.440844465546585e-15
5852.623867141046 5.627728713741481e-15
5856.564430677399 5.973370050388011e-15
5860.504994213751 6.153167038418996e-15
5864.445557750094 6.150623766403815e-15
5868.386121286447 6.36710136491667e-15
5872.3266848228095 6.50026898489258e-15
5876.267248359151 6.3892214811404805e-15
5880.207811895504 6.352248374446699e-15
5884.148375431857 6.224162547448326e-15
5888.08893896822 6.228796654680249e-15
5892.029502504562 6.227987339735601e-15
5895.970066040915 6.107316935330154e-15
5899.910629577267 6.010861458334022e-15
5903.85119311362 5.807925814352206e-15
5907.791756649973 5.729388205131604e-15
5911.7323201863255 5.510446992036351e-15
5915.672883722677 5.366621945153728e-15
5919.613447259031 5.3197744038983716e-15
5923.554010795383 5.180020923201047e-15
5927.494574331736 5.229006317270942e-15
5931.435137868088 5.125213056969063e-15
5935.375701404441 5.12656754502347e-15
5939.316264940793 5.29555169777223e-15
5943.256828477146 5.292272055173625e-15
5947.197392013499 5.2727219502089754e-15
5951.1379555498515 5.553655589222616e-15
5955.078519086203 5.506334232948826e-15
5959.019082622557 5.4104414113735e-15
5962.959646158909 5.388394981675233e-15
5966.900209695262 5.3808208273260246e-15
5970.840773231614 5.355503258084373e-15
5974.781336767967 5.296664442066781e-15
5978.721900304319 5.3594275073367275e-15
5982.662463840672 5.208263677771193e-15
5986.603027377025 5.255098385566727e-15
5990.543590913378 5.204891216253487e-15
5994.484154449729 5.1790565078909765e-15
5998.424717986083 5.216521038375414e-15
6002.365281522435 5.1320369967680694e-15
6006.305845058788 5.099358326918708e-15
6010.246408595141 5.023303642005345e-15
6014.186972131493 4.883004442295274e-15
6018.127535667845 4.96373248813083e-15
6022.068099204198 5.004549579396805e-15
6026.008662740551 4.916709753678923e-15
6029.949226276904 4.915624567625745e-15
6033.889789813255 4.948612589131166e-15
6037.830353349609 4.988836271220136e-15
6041.770916885961 5.058271615909401e-15
6045.711480422314 5.042701821205136e-15
6049.652043958667 4.9567060580084764e-15
6053.592607495019 4.9011546526086876e-15
6057.533171031371 4.869764465250039e-15
6061.473734567725 4.769634220932151e-15
6065.414298104077 4.555818674086761e-15
6069.35486164043 4.339392025103719e-15
6073.2954251767815 4.042536384816506e-15
6077.235988713135 3.850223340936196e-15
6081.176552249487 3.839506472690298e-15
6085.11711578584 3.991764557359505e-15
6089.057679322193 4.210206392240168e-15
6092.998242858545 4.383039968423006e-15
6096.938806394897 4.567264765128531e-15
6100.879369931251 4.9298012612748595e-15
6104.819933467603 5.17469032114854e-15
6108.760497003956 5.2918808421233384e-15
6112.701060540308 5.237726169469675e-15
6116.641624076661 5.484411124628811e-15
6120.582187613014 5.342073263663487e-15
6124.522751149366 5.4185857973398525e-15
6128.4633146857195 5.52242774172097e-15
6132.403878222071 5.3355480862559976e-15
6136.344441758424 5.3137500243384936e-15
6140.285005294777 5.286920115676926e-15
6144.22556883113 5.201059305505056e-15
6148.166132367482 4.983194809166891e-15
6152.106695903835 4.778575573270128e-15
6156.047259440187 4.614429699013264e-15
6159.98782297654 4.472680597030968e-15
6163.928386512892 4.24744645281236e-15
6167.8689500492455 3.8361893852985955e-15
6171.809513585597 3.5732108929720226e-15
6175.75007712195 3.472197424363076e-15
6179.690640658303 3.446287035461214e-15
6183.631204194656 3.677128505536103e-15
6187.571767731008 3.91939700486327e-15
6191.512331267361 4.207583833115054e-15
6195.452894803713 4.605382225592624e-15
6199.393458340066 4.753160710501849e-15
6203.334021876418 4.866311127812107e-15
6207.274585412772 4.956528723271625e-15
6211.215148949123 4.972000338494026e-15
6215.155712485476 4.9759484881779816e-15
6219.096276021829 5.1337982867288126e-15
6223.036839558182 5.135896119332231e-15
6226.977403094534 5.0153385669522274e-15
6230.917966630887 4.744643792979932e-15
6234.858530167239 4.627516639567724e-15
6238.799093703592 4.545625090571577e-15
6242.739657239945 4.476158279557487e-15
6246.680220776298 4.492006041454109e-15
6250.620784312649 4.4075718741347005e-15
6254.561347849002 4.3000657351648984e-15
6258.501911385355 4.40476318937071e-15
6262.442474921698 4.465228390522873e-15
6266.38303845806 4.4849024819684015e-15
6270.323601994403 4.414333643830166e-15
6274.264165530755 4.353577909812172e-15
6278.204729067118 4.202446523742219e-15
6282.145292603471 4.089312412324068e-15
6286.085856139824 4.234319007888243e-15
6290.0264196761755 4.324444554816364e-15
6293.966983212528 4.240841495033163e-15
6297.907546748881 4.113435461471386e-15
6301.848110285224 4.0723637025202835e-15
6305.788673821576 4.103519564345126e-15
6309.729237357929 4.218658551474982e-15
6313.669800894281 4.379894324682328e-15
6317.610364430634 4.406612430238607e-15
6321.550927966987 4.43668789586774e-15
6325.49149150334 4.396860074907821e-15
6329.4320550396915 4.399021094908124e-15
6333.372618576045 4.441274816409985e-15
6337.313182112397 4.515223515640933e-15
6341.25374564876 4.275101825976114e-15
6345.194309185103 4.1693581018022e-15
6349.134872721455 3.9652168768223775e-15
6353.075436257807 3.975481329629986e-15
6357.01599979416 3.9009999877569025e-15
6360.956563330513 3.7351248144392364e-15
6364.897126866866 3.624644360770956e-15
6368.8376904032175 3.591710640210419e-15
6372.778253939571 3.4995884200636023e-15
6376.718817475923 3.3307526758726398e-15
6380.659381012276 3.1242070608956317e-15
6384.599944548629 3.0253394692018468e-15
6388.540508084981 2.907728402952085e-15
6392.481071621333 2.8306116177064494e-15
6396.421635157686 2.7686587912441316e-15
6400.362198694039 2.7027411019804854e-15
6404.302762230392 2.748318696949856e-15
6408.2433257667435 2.8165305258585216e-15
6412.183889303097 2.7706657159675254e-15
6416.124452839449 2.668599526737623e-15
6420.065016375802 2.503330324743044e-15
6424.005579912155 2.333690019226698e-15
6427.946143448507 2.3420495515275194e-15
6431.886706984859 2.290194465195448e-15
6435.827270521213 2.06786609532758e-15
6439.767834057565 1.9961731969722383e-15
6443.708397593918 2.01755254857392e-15
6447.6489611302695 2.043346334835836e-15
6451.589524666623 2.0512192421043022e-15
6455.530088202975 2.15810702238524e-15
6459.470651739328 2.189936586411018e-15
6463.411215275681 2.1555058238968985e-15
6467.351778812033 2.209823379412314e-15
6471.292342348385 2.200868345135578e-15
6475.232905884739 2.2736664986361364e-15
6479.173469421092 2.465025845207099e-15
6483.114032957444 2.821118913404506e-15
6487.054596493797 3.3725772902921935e-15
6490.995160030149 4.100657812851049e-15
6494.935723566502 4.661038103509819e-15
6498.876287102854 5.352170020637912e-15
6502.816850639208 6.075868119662923e-15
6506.7574141755595 6.616800005219942e-15
6510.697977711912 6.869770869063929e-15
6514.638541248265 7.233189875435436e-15
6518.579104784618 7.54328285385002e-15
6522.51966832097 7.568673232810484e-15
6526.460231857323 7.7089991092742e-15
6530.400795393675 7.632886185759989e-15
6534.341358930028 7.633753905073072e-15
6538.28192246638 7.578025239359921e-15
6542.222486002734 7.53153652122837e-15
6546.1630495390855 7.475546393593879e-15
6550.103613075438 7.217463012623332e-15
6554.044176611791 7.006491801838506e-15
6557.984740148144 6.99186657565902e-15
6561.925303684496 6.8027434159222004e-15
6565.865867220849 6.7694948936961e-15
6569.806430757201 6.473126251353477e-15
6573.746994293554 6.293862853273798e-15
6577.687557829907 6.207277595991607e-15
6581.62812136626 6.0997390614422375e-15
6585.5686849026115 5.8639960760133744e-15
6589.509248438964 5.779204574499165e-15
6593.449811975317 5.582213372202609e-15
6597.39037551167 5.37990577016518e-15
6601.330939048022 5.255203490737908e-15
6605.271502584375 5.215110594911916e-15
6609.212066120727 5.095320648355545e-15
6613.15262965708 4.932909819572336e-15
6617.093193193433 4.905740730576543e-15
6621.033756729786 4.8524653815484635e-15
6624.9743202661375 4.829722686917802e-15
6628.91488380249 4.7506044584236645e-15
6632.855447338843 4.688933439612201e-15
6636.796010875196 4.659906690793884e-15
6640.736574411548 4.4566405755849195e-15
6644.677137947901 4.293796546092038e-15
6648.617701484253 4.390389298926722e-15
6652.558265020606 4.2876437522163226e-15
6656.498828556959 4.21524855013123e-15
6660.439392093312 4.226032525297871e-15
6664.3799556296635 4.082576239985473e-15
6668.320519166007 4.104555870545607e-15
6672.261082702359 4.118139384446462e-15
6676.201646238722 4.092335309372565e-15
6680.142209775074 4.075930943129314e-15
6684.082773311427 4.096708389515445e-15
6688.023336847769 4.0377715318807105e-15
6691.963900384132 4.052729697514699e-15
6695.904463920485 4.064152389116216e-15
6699.845027456838 4.060459479200322e-15
6703.7855909931795 4.021087232075322e-15
6707.726154529533 3.959207485828608e-15
6711.666718065885 3.979621562938904e-15
6715.607281602238 3.883718281196741e-15
6719.547845138591 3.874025858922906e-15
6723.4884086749435 3.920880453332937e-15
6727.428972211295 3.881999975801314e-15
6731.369535747648 3.9619192214073946e-15
6735.310099284011 4.003284738263782e-15
6739.250662820354 3.949284494351968e-15
6743.191226356716 3.8688036124951144e-15
6747.131789893059 3.927235956537892e-15
6751.072353429411 3.902930571111542e-15
6755.012916965774 3.930151605121626e-15
6758.953480502117 3.919255950249268e-15
6762.8940440384695 3.965548306859946e-15
6766.834607574821 3.944372512324213e-15
6770.775171111175 3.9269366945538065e-15
6774.715734647527 3.836898807529001e-15
6778.65629818388 3.907567941511712e-15
6782.596861720232 3.996478851417999e-15
6786.537425256585 3.9357621047797724e-15
6790.477988792937 3.943609627837012e-15
6794.41855232929 4.028535551394939e-15
6798.359115865643 4.005384786868285e-15
6802.2996794019955 3.897204349745437e-15
6806.240242938347 3.897295084231951e-15
6810.180806474701 3.901062009694048e-15
6814.121370011053 3.914873691540092e-15
6818.061933547406 3.924219475845858e-15
6822.002497083758 4.009514785258236e-15
6825.943060620111 3.8220359938213945e-15
6829.883624156463 3.839974613097292e-15
6833.824187692816 3.922806191726159e-15
6837.764751229169 3.889537490903195e-15
6841.7053147655215 3.935535197954891e-15
6845.645878301874 3.84018829340047e-15
6849.586441838227 3.837967350065406e-15
6853.52700537458 3.8846323891409176e-15
6857.467568910932 3.745727205432667e-15
6861.408132447285 3.789044528513266e-15
6865.348695983637 3.899771584716102e-15
6869.28925951999 3.754200233389167e-15
6873.229823056342 3.521181817993498e-15
6877.170386592696 3.524098836768937e-15
6881.1109501290475 3.668684933707361e-15
6885.0515136654 3.625441686768105e-15
6888.992077201753 3.5035453411744253e-15
6892.932640738106 3.477474515510206e-15
6896.873204274458 3.5006666926717894e-15
6900.813767810811 3.5460779274948553e-15
6904.754331347163 3.4942098389974103e-15
6908.694894883516 3.545813032658334e-15
6912.635458419869 3.5047857366814455e-15
6916.576021956222 3.403184287768834e-15
6920.5165854925735 3.436969264438547e-15
6924.457149028926 3.4643884673339923e-15
6928.397712565279 3.505896917659525e-15
6932.338276101632 3.5063420808132703e-15
6936.278839637984 3.594061187228543e-15
6940.2194031743375 3.6029165860191495e-15
6944.159966710689 3.546614181257565e-15
6948.100530247042 3.6384878306759505e-15
6952.041093783395 3.6843951562800915e-15
6955.981657319748 3.626390686452815e-15
6959.9222208561 3.688987153560261e-15
6963.862784392452 3.780371283342346e-15
6967.803347928805 3.770687033811766e-15
6971.743911465158 3.765905284657038e-15
6975.68447500151 3.799401952643454e-15
6979.6250385378635 3.7541604234856e-15
6983.565602074215 3.654127080967246e-15
6987.506165610568 3.7608950860534205e-15
6991.446729146921 3.669047197183898e-15
6995.387292683274 3.683326188729597e-15
6999.327856219626 3.6498530635441156e-15
7003.268419755979 3.6273948486904095e-15
7007.208983292331 3.67209877172725e-15
7011.149546828684 3.724586666084605e-15
7015.090110365036 3.752261213859685e-15
7019.0306739013895 3.673646324524962e-15
7022.971237437741 3.674958796141153e-15
7026.911800974094 3.6883114239949974e-15
7030.852364510447 3.6115790625389516e-15
7034.7929280468 3.623139572155115e-15
7038.733491583152 3.638174556026166e-15
7042.674055119505 3.5370709775273387e-15
7046.614618655857 3.5373764610878926e-15
7050.55518219221 3.631473904423918e-15
7054.495745728562 3.639984386540562e-15
7058.4363092649155 3.5867743934176654e-15
7062.376872801267 3.5233590683607406e-15
7066.31743633762 3.598849293145461e-15
7070.257999873973 3.6097542865494995e-15
7074.198563410326 3.65106385522569e-15
7078.139126946678 3.672887720548792e-15
7082.079690483031 3.692843310535891e-15
7086.020254019383 3.701490698071013e-15
7089.960817555726 3.697089846499145e-15
7093.901381092079 3.636648912523279e-15
7097.8419446284315 3.666067366993021e-15
7101.782508164793 3.656907937303218e-15
7105.723071701137 3.5377239551348087e-15
7109.663635237499 3.5123688895712187e-15
7113.604198773852 3.555306450612899e-15
7117.544762310194 3.551221281166638e-15
7121.485325846547 3.4621966610718537e-15
7125.425889382909 3.353949198528282e-15
7129.366452919262 3.4010099661003218e-15
7133.307016455605 3.381484073924402e-15
7137.2475799919575 3.245247621755925e-15
7141.188143528309 3.227885653956386e-15
7145.128707064663 3.280953054475311e-15
7149.069270601015 3.3499998018523373e-15
7153.009834137368 3.389856716955429e-15
7156.95039767372 3.5035015563226523e-15
7160.890961210083 3.5685862955800145e-15
7164.831524746425 3.797629551692128e-15
7168.772088282778 3.852210470987148e-15
7172.712651819131 3.8035333771752625e-15
7176.653215355484 3.817373774402e-15
7180.593778891835 3.957894483021908e-15
7184.534342428189 3.920447267262787e-15
7188.474905964541 3.730368715952817e-15
7192.415469500894 3.6039529620522555e-15
7196.356033037247 3.595552506946827e-15
7200.296596573599 3.705748787614723e-15
7204.237160109952 3.564420699560602e-15
7208.177723646304 3.5522556792883235e-15
7212.118287182658 3.4982235928728196e-15
7216.05885071901 3.4485526542724682e-15
7219.999414255362 3.2472047368945263e-15
7223.939977791715 3.2504744756157356e-15
7227.880541328068 3.1552123483421905e-15
7231.82110486442 3.2580135046987873e-15
7235.7616684007735 3.488472901516134e-15
7239.702231937125 3.3861002637709345e-15
7243.642795473478 3.36391928160259e-15
7247.58335900983 3.4261760000928347e-15
7251.523922546184 3.46448140449279e-15
7255.464486082536 3.4860910755703674e-15
7259.405049618888 3.4059357578973487e-15
7263.345613155241 3.419950921112283e-15
7267.286176691594 3.539310138453596e-15
7271.226740227946 3.6331076604820784e-15
7275.1673037642995 3.734130805894657e-15
7279.107867300651 3.77968425279282e-15
7283.048430837004 3.7153490576280926e-15
7286.988994373357 3.66909006416583e-15
7290.92955790971 3.6084691014015165e-15
7294.870121446062 3.6607535657323685e-15
7298.810684982414 3.725659176178014e-15
7302.751248518767 3.644703039556607e-15
7306.69181205512 3.578441327212418e-15
7310.632375591472 3.4593276234508194e-15
7314.5729391278255 3.3746975437667085e-15
7318.513502664177 3.3655396110989924e-15
7322.45406620053 3.2932216156458645e-15
7326.394629736883 3.2949672761903636e-15
7330.335193273236 3.329571001553956e-15
7334.275756809588 3.253551926216455e-15
7338.21632034594 3.209776227639218e-15
7342.156883882293 3.2143495772701503e-15
7346.097447418646 3.2282014411116916e-15
7350.038010954998 3.2347824504737347e-15
7353.9785744913515 3.131066471291599e-15
7357.919138027703 3.2034590338974793e-15
7361.859701564056 3.0875228631210943e-15
7365.800265100409 3.107115689003271e-15
7369.740828636762 3.0219188541492054e-15
7373.681392173114 3.071063620999307e-15
7377.621955709467 3.073281777902756e-15
7381.562519245819 3.0565011332532258e-15
7385.503082782172 2.9697384855964702e-15
7389.443646318524 3.1114187967703445e-15
7393.384209854878 3.217426860419789e-15
7397.324773391229 3.2863153709127335e-15
7401.265336927582 3.4212663718683776e-15
7405.205900463935 3.429877103531828e-15
7409.146464000288 3.4264589458218754e-15
7413.08702753664 3.5174820817138363e-15
7417.027591072993 3.5471006093250994e-15
7420.968154609345 3.5057650529498857e-15
7424.908718145698 3.4819157475433337e-15
7428.849281682051 3.4599127925851356e-15
7432.789845218404 3.4776736700812457e-15
7436.730408754755 3.414259757995331e-15
7440.670972291108 3.4887073676061475e-15
7444.611535827461 3.4480744841206895e-15
7448.552099363814 3.3430343628893875e-15
7452.492662900166 3.309058086040965e-15
7456.433226436519 3.303950540393643e-15
7460.373789972871 3.340341022339291e-15
7464.314353509224 3.3677078373795777e-15
7468.254917045577 3.292120942086776e-15
7472.19548058193 3.2027809888851587e-15
7476.1360441182815 3.2169252195935407e-15
7480.076607654634 3.2945439418957836e-15
7484.017171190987 3.3756872678459324e-15
7487.95773472734 3.408238898901447e-15
7491.898298263692 3.3699706865309346e-15
7495.838861800045 3.3265942919734763e-15
7499.779425336397 3.232147823223605e-15
7503.71998887275 3.2746016582877483e-15
7507.660552409093 3.167046368774573e-15
7511.601115945456 3.137071533890316e-15
7515.5416794818075 3.2774296697893565e-15
7519.482243018161 3.2514404175762534e-15
7523.422806554513 3.2327429071745365e-15
7527.363370090866 3.247338437048431e-15
7531.303933627218 3.2631171775250998e-15
7535.244497163571 3.2846155165424745e-15
7539.185060699913 3.245083499707096e-15
7543.125624236266 3.099236622453906e-15
7547.066187772619 2.8286869920652003e-15
7551.006751308972 2.628260723735284e-15
7554.9473148453235 2.4585719543604504e-15
7558.887878381687 2.32576712108463e-15
7562.828441918039 2.7155388489011635e-15
7566.769005454382 2.919054432904736e-15
7570.7095689907355 3.0774906289861005e-15
7574.650132527097 3.119649671692184e-15
7578.59069606344 2.8105613825433643e-15
7582.531259599792 2.714226563518884e-15
7586.471823136146 2.9812359192961825e-15
7590.412386672498 3.145438130094078e-15
7594.35295020885 2.9770015301196503e-15
7598.293513745203 3.1146062616098117e-15
7602.234077281556 3.3027924118976796e-15
7606.174640817908 3.1748748362989452e-15
7610.115204354262 3.059756371334142e-15
7614.055767890613 3.057900821425129e-15
7617.996331426966 3.0230411791061623e-15
7621.936894963328 2.7753335858595013e-15
7625.877458499672 2.761388049274957e-15
7629.818022036024 2.9899917841662765e-15
7633.758585572376 3.030441468046641e-15
7637.699149108729 2.997809149391889e-15
7641.639712645082 3.0437054142886592e-15
7645.580276181434 3.1829471598106196e-15
7649.520839717788 3.3057151717086274e-15
7653.461403254139 3.1498165997417425e-15
7657.401966790492 3.2480196007416065e-15
7661.342530326845 3.4001242140688347e-15
7665.283093863198 3.37889381613586e-15
7669.22365739955 3.383463927383821e-15
7673.164220935902 3.3651895024663064e-15
7677.104784472255 3.127610271174022e-15
7681.045348008608 2.747248216754084e-15
7684.98591154496 2.5471413962574304e-15
7688.926475081314 2.475412696548917e-15
7692.8670386176655 2.379777620814139e-15
7696.807602154018 2.358148470082301e-15
7700.748165690371 2.4695134526519697e-15
7704.688729226724 2.4995886194052374e-15
7708.629292763076 2.5270935586407287e-15
7712.569856299429 2.6719295205715862e-15
7716.510419835781 2.8148662452734186e-15
7720.450983372134 2.9819216408637438e-15
7724.391546908486 3.0611426694001638e-15
7728.33211044484 2.969889488105619e-15
7732.2726739811915 3.0514420614072334e-15
7736.213237517544 3.2792285309353927e-15
7740.153801053897 3.285013691691144e-15
7744.09436459025 3.181228277605516e-15
7748.034928126602 3.1742531074776382e-15
7751.975491662955 3.195756880746103e-15
7755.916055199307 3.125127336783746e-15
7759.85661873566 3.0284484223129437e-15
7763.797182272012 3.024482687072185e-15
7767.737745808366 3.0174627524046344e-15
7771.6783093447175 3.093513811632608e-15
7775.61887288107 3.1829560034208865e-15
7779.559436417423 3.190601869498405e-15
7783.499999953776 2.98780375684376e-15
7787.440563490128 2.9351618045268387e-15
7791.381127026481 2.9603612433791054e-15
7795.321690562833 2.8640262966983517e-15
7799.262254099186 2.769256996838101e-15
7803.202817635539 2.7266704359196455e-15
7807.143381171892 2.6748089901868022e-15
7811.0839447082435 2.6197379226337492e-15
7815.024508244596 2.68066259162946e-15
7818.965071780949 2.7289484910366506e-15
7822.905635317302 2.777825816463433e-15
7826.846198853654 2.7270273880806207e-15
7830.786762390007 2.7465767975233893e-15
7834.727325926359 2.8202544924193303e-15
7838.667889462712 2.752899879436147e-15
7842.608452999065 2.7554128509653305e-15
7846.549016535418 2.7325921583089813e-15
7850.4895800717695 2.7385753193896754e-15
7854.430143608123 2.736706785025847e-15
7858.370707144475 2.6665164645045173e-15
7862.311270680828 2.6600514587183358e-15
7866.25183421718 2.701467352947409e-15
7870.192397753533 2.722382233335698e-15
7874.132961289885 2.77353954840521e-15
7878.073524826238 2.7840155020692163e-15
7882.014088362591 2.6490978577146703e-15
7885.954651898934 2.6101922502635355e-15
7889.8952154352955 2.6893180047873586e-15
7893.835778971649 2.666742236978795e-15
7897.776342508001 2.6874128879725043e-15
7901.716906044354 2.7887704121562125e-15
7905.657469580706 2.7091573723956184e-15
7909.5980331170595 2.6535081260198452e-15
7913.538596653411 2.64133997105873e-15
7917.479160189764 2.676746033292064e-15
7921.419723726117 2.7295064709066267e-15
7925.36028726247 2.74637145925536e-15
7929.300850798822 2.7750459303137374e-15
7933.241414335175 2.701635733155679e-15
7937.181977871528 2.6289091977969987e-15
7941.12254140787 2.6531300465746016e-15
7945.063104944224 2.732314491983062e-15
7949.0036684805855 2.6498916308802677e-15
7952.944232016928 2.7143796277810355e-15
7956.88479555328 2.6599016248594003e-15
7960.825359089644 2.712725360388817e-15
7964.765922625986 2.735753416522926e-15
7968.7064861623385 2.789314603968015e-15
7972.647049698691 2.7935459691409846e-15
7976.587613235044 2.6725342665026697e-15
7980.528176771396 2.5693720496860734e-15
7984.46874030775 2.578948977310721e-15
7988.4093038441115 2.6222661525673027e-15
7992.349867380454 2.6882029564618863e-15
7996.290430916807 2.7989704931804396e-15
8000.23099445316 2.7112524686956903e-15
8004.171557989512 2.6943903581248712e-15
8008.1121215258645 2.762326192747123e-15
8012.052685062217 2.8479365297229963e-15
8015.99324859857 2.6653689705446903e-15
8019.933812134922 2.6024594493545404e-15
8023.874375671276 2.6065763208969866e-15
8027.8149392076275 2.6027547284411062e-15
8031.75550274398 2.6961159818267014e-15
8035.696066280333 2.7227000277238774e-15
8039.636629816686 2.6459368529619506e-15
8043.577193353038 2.7554878605509812e-15
8047.517756889391 2.8455658611323354e-15
8051.458320425743 2.669031939884891e-15
8055.398883962096 2.6761010757052034e-15
8059.339447498448 2.674445620467405e-15
8063.280011034802 2.478333813073403e-15
8067.2205745711535 2.539816950859931e-15
8071.161138107506 2.546411929063198e-15
8075.101701643859 2.500274943663512e-15
8079.042265180212 2.5152163269149722e-15
8082.982828716564 2.4378410935950683e-15
8086.923392252917 2.376742658583655e-15
8090.863955789269 2.296864757687421e-15
8094.804519325622 2.062965141031328e-15
8098.745082861974 1.8759215339827943e-15
8102.685646398328 1.7699637353208323e-15
8106.6262099346795 1.6708550270775944e-15
8110.566773471032 1.6655703383628356e-15
8114.507337007385 1.630075292497874e-15
8118.447900543738 1.6906975634732959e-15
8122.38846408009 1.68834727521455e-15
8126.329027616443 1.68255604103422e-15
8130.269591152795 1.819117785778772e-15
8134.210154689148 1.9007447164567663e-15
8138.150718225501 2.0383336320475298e-15
8142.091281761854 2.1735851690707033e-15
8146.0318452982065 2.267779473166389e-15
8149.972408834558 2.1978647724647404e-15
8153.912972370911 2.144784226031469e-15
8157.853535907263 2.2480980451643583e-15
8161.794099443617 2.311539943570378e-15
8165.7346629799695 2.280387589990781e-15
8169.675226516321 2.175061333578832e-15
8173.615790052673 1.9752397348039458e-15
8177.556353589028 1.7895517046240807e-15
8181.49691712538 1.870673285734309e-15
8185.437480661732 1.9664203290282216e-15
8189.378044198083 2.1741215912955274e-15
8193.318607734438 2.4581727223360457e-15
8197.25917127079 2.505108750265361e-15
8201.199734807142 2.4693769754155728e-15
8205.140298343495 2.3978067306773893e-15
8209.08086187985 2.2815371958187048e-15
8213.0214254162 2.3568897368289444e-15
8216.961988952553 2.4765855483303375e-15
8220.902552488904 2.4635330642093305e-15
8224.843116025258 2.4334519224778442e-15
8228.783679561611 2.2741770914220404e-15
8232.724243097962 2.2389484446917077e-15
8236.664806634315 2.1959995000062378e-15
8240.60537017067 2.2149325807871584e-15
8244.54593370702 2.0672571095205912e-15
8248.486497243373 2.024559526605868e-15
8252.427060779726 2.1108553331690256e-15
8256.367624316079 2.172980722217532e-15
8260.308187852432 2.1449126192557396e-15
8264.248751388785 2.157253545474464e-15
8268.189314925135 2.249963194799752e-15
8272.12987846149 2.2833565428132893e-15
8276.070441997843 2.2954463465842837e-15
8280.011005534194 2.381794667957044e-15
8283.951569070547 2.4470416263939347e-15
8287.892132606901 2.5782507737678848e-15
8291.832696143252 2.745952770535793e-15
8295.773259679605 2.5423302875579083e-15
8299.713823215949 2.417204223644057e-15
8303.65438675231 2.5104898378070826e-15
8307.594950288663 2.4402101010395296e-15
8311.535513825014 2.44733652169641e-15
8315.476077361369 2.471327581449202e-15
8319.416640897722 2.4608490440553445e-15
8323.357204434073 2.3804335891954736e-15
8327.297767970416 2.2578405587719506e-15
8331.23833150678 2.1776392927527642e-15
8335.178895043131 2.0124811481907208e-15
8339.119458579475 1.7396319025411792e-15
8343.060022115837 1.4411291448128078e-15
8347.00058565219 1.2060142680876512e-15
8350.941149188542 1.081481498603582e-15
8354.881712724886 1.1837506352442497e-15
8358.822276261237 9.497892981177975e-16
8362.7628397976 7.312446045183318e-16
8366.703403333942 5.27942619022975e-16
8370.643966870304 4.691977292549517e-16
8374.584530406648 4.883062316551094e-16
8378.525093943 4.878038499947853e-16
8382.465657479363 4.3468724565055527e-16
8386.406221015706 4.168297125313731e-16
8390.346784552059 4.971652274342054e-16
8394.28734808841 4.787097361909422e-16
8398.227911624763 5.328433220721518e-16
8402.168475161117 5.743020142868679e-16
8406.109038697468 6.476478524749275e-16
8410.049602233832 7.284643748450771e-16
8413.990165770172 7.659839908416463e-16
8417.930729306527 8.178591331110968e-16
8421.87129284288 9.182295824285625e-16
8425.81185637923 1.0214296304233102e-15
8429.752419915583 1.1566872004241715e-15
8433.692983451938 1.3321856207147524e-15
8437.633546988289 1.5101248889668333e-15
8441.574110524642 1.6847679418781314e-15
8445.514674060994 1.8841211421352525e-15
8449.455237597347 2.1082439380194864e-15
8453.3958011337 2.306215476051125e-15
8457.336364670053 2.5303542120953532e-15
8461.276928206404 2.689778759284559e-15
8465.217491742758 3.1598968938393605e-15
8469.158055279111 3.4588688404748915e-15
8473.098618815462 3.663305081525101e-15
8477.039182351815 3.832891751749659e-15
8480.97974588817 3.767248325834458e-15
8484.92030942452 3.6691404045823126e-15
8488.860872960873 3.554081952856309e-15
8492.801436497226 3.2213563297766808e-15
8496.742000033579 2.852955622049427e-15
8500.682563569932 2.607902520067242e-15
8504.623127106282 2.3716746540048272e-15
8508.563690642635 2.1393028193885695e-15
8512.50425417899 1.986576453127974e-15
8516.44481771534 1.7440783978676571e-15
8520.385381251694 1.5469183332772828e-15
8524.325944788046 1.5055679462799814e-15
8528.2665083244 1.4632251973499176e-15
8532.207071860752 1.2756960870939144e-15
8536.147635397105 1.3519095752348922e-15
8540.088198933456 1.4638249181155654e-15
8544.02876246981 1.4537493722151486e-15
8547.969326006163 1.5929536055064007e-15
8551.909889542514 1.6704108198431055e-15
8555.850453078867 1.7046865847634357e-15
8559.791016615221 1.8742794618940778e-15
8563.731580151572 1.9312183086041072e-15
8567.672143687925 2.1294427060937557e-15
8571.612707224278 2.510063117456229e-15
8575.55327076063 2.917128043011682e-15
8579.493834296984 3.115597028046919e-15
8583.434397833336 3.289185708225344e-15
8587.374961369687 3.555288524917909e-15
8591.315524906042 3.700015437851553e-15
8595.256088442393 3.911463845293456e-15
8599.196651978746 4.3563654810940596e-15
8603.137215515098 4.559999899910702e-15
8607.077779051451 4.560929734617111e-15
8611.018342587804 4.927967355820703e-15
8614.958906124157 5.1854207853683945e-15
8618.899469660508 5.192963305177979e-15
8622.840033196862 5.288831181404151e-15
8626.780596733215 5.391765508970288e-15
8630.721160269566 5.51402913885813e-15
8634.661723805919 5.681227002620944e-15
8638.602287342273 5.528958284739304e-15
8642.542850878624 5.2688232916469015e-15
8646.483414414977 5.2181769021298744e-15
8650.42397795133 5.2106311405277935e-15
8654.364541487683 5.073548476384539e-15
8658.305105024036 4.9539929725550796e-15
8662.245668560388 4.961710878493484e-15
8666.186232096741 4.8695236956635034e-15
8670.126795633094 4.83376487456462e-15
