4997.4094858474555 7.423242610348191e-16
5000.045904704811 7.491949638376149e-16
5002.682323562165 7.761583422092904e-16
5005.31874241952 7.030584304820186e-16
5007.9551612768755 6.834491849308553e-16
5010.59158013423 7.228982150625571e-16
5013.227998991585 7.569701064857808e-16
5015.86441784894 7.305456412881687e-16
5018.500836706296 7.379379204201711e-16
5021.13725556365 7.551572000666995e-16
5023.773674421005 7.41360144697401e-16
5026.41009327836 7.474771771110154e-16
5029.046512135715 7.792401832501052e-16
5031.68293099307 7.497643436749941e-16
5034.319349850425 7.181495339015357e-16
5036.9557687077795 7.274116852814795e-16
5039.592187565135 7.244351798659775e-16
5042.22860642249 7.289139230030603e-16
5044.865025279845 7.335476403880111e-16
5047.5014441371995 7.085387184978887e-16
5050.137862994555 7.275926720440099e-16
5052.77428185191 7.31389949544528e-16
5055.410700709264 7.148395694073477e-16
5058.04711956662 7.218820115043476e-16
5060.683538423975 7.352064702228197e-16
5063.31995728133 7.464737722869807e-16
5065.956376138684 7.471021875330708e-16
5068.59279499604 7.249965949927332e-16
5071.229213853395 7.31088452646355e-16
5073.865632710749 7.433030527785575e-16
5076.502051568104 7.680079879222064e-16
5079.13847042546 7.364102803683002e-16
5081.774889282815 7.167334615325148e-16
5084.411308140169 7.03120525234684e-16
5087.0477269975245 7.434856752564782e-16
5089.68414585488 7.4759071360074905e-16
5092.320564712234 7.523381136471145e-16
5094.956983569589 7.446724321497567e-16
5097.5934024269445 7.405613577487546e-16
5100.2298212843 7.46125991528075e-16
5102.866240141654 7.423686927813353e-16
5105.502658999009 7.457048427021817e-16
5108.139077856365 7.382316308215748e-16
5110.775496713719 7.17094030528708e-16
5113.411915571074 7.331242019962198e-16
5116.048334428429 7.306634884637626e-16
5118.684753285785 7.344134756858917e-16
5121.321172143139 7.451466221163004e-16
5123.957591000494 7.379029573063273e-16
5126.594009857849 7.568052596019733e-16
5129.230428715204 7.59920790750931e-16
5131.866847572559 7.447907416336794e-16
5134.503266429914 7.245023862486861e-16
5137.1396852872695 6.899026299408904e-16
5139.776104144624 6.745690686064628e-16
5142.412523001979 6.780661270162837e-16
5145.048941859334 6.981965124044455e-16
5147.685360716689 7.183940687762212e-16
5150.321779574044 7.139863112103403e-16
5152.958198431399 7.116838740791587e-16
5155.594617288753 7.220301335213165e-16
5158.231036146109 7.286229374828142e-16
5160.867455003464 7.13742012788077e-16
5163.503873860819 7.271292423705445e-16
5166.140292718173 7.49517133758262e-16
5168.776711575529 7.583828887303135e-16
5171.413130432884 7.62734914567683e-16
5174.049549290238 7.604654310664785e-16
5176.6859681475935 7.467776989729689e-16
5179.322387004949 7.38702423060527e-16
5181.958805862304 7.300835997712303e-16
5184.595224719658 7.761041654348207e-16
5187.2316435770135 7.813883925959482e-16
5189.868062434369 7.619745541357914e-16
5192.504481291723 7.637518512696563e-16
5195.140900149078 7.649474115263736e-16
5197.777319006434 7.613120741007834e-16
5200.413737863789 7.643084428942099e-16
5203.050156721143 7.489908972430842e-16
5205.686575578498 7.589230271186246e-16
5208.322994435854 7.813195848779449e-16
5210.959413293208 7.860912945326787e-16
5213.595832150563 7.820082016703046e-16
5216.232251007918 7.785940519686796e-16
5218.868669865274 7.860352609916386e-16
5221.505088722628 7.90450467994795e-16
5224.141507579983 7.808367939593067e-16
5226.7779264373385 7.909190689394464e-16
5229.414345294693 7.967830965242314e-16
5232.050764152048 7.727551979695865e-16
5234.687183009403 7.484054417251983e-16
5237.3236018667585 7.338539921508821e-16
5239.960020724113 7.379854114503146e-16
5242.596439581468 7.613833748674636e-16
5245.232858438823 7.662582732568617e-16
5247.869277296178 7.642490068813127e-16
5250.505696153533 7.775069873428697e-16
5253.142115010888 7.762918588512059e-16
5255.778533868243 7.875208724257357e-16
5258.414952725598 8.074686781943836e-16
5261.051371582953 8.26164328970969e-16
5263.687790440308 8.206208169844083e-16
5266.3242092976625 7.987791843230049e-16
5268.960628155018 8.061444960547741e-16
5271.597047012373 8.000767001989347e-16
5274.233465869728 8.076675645216425e-16
5276.8698847270825 8.185394198796947e-16
5279.506303584438 8.335579892285667e-16
5282.142722441793 8.222453722077806e-16
5284.779141299147 8.15230775113898e-16
5287.415560156503 8.093837737345621e-16
5290.051979013858 8.001953389662591e-16
5292.688397871212 8.060928100689116e-16
5295.324816728567 7.792176254662726e-16
5297.961235585923 7.58413091263653e-16
5300.597654443278 7.652949521674061e-16
5303.234073300632 7.592561462104333e-16
5305.870492157987 7.802486303919466e-16
5308.506911015343 7.932703433617173e-16
5311.143329872697 8.041546216935767e-16
5313.779748730052 8.052193825615321e-16
5316.4161675874075 7.856333735956223e-16
5319.052586444763 7.77840331663423e-16
5321.689005302117 7.9188395700619165e-16
5324.325424159472 8.101073327748404e-16
5326.9618430168275 8.244564979870947e-16
5329.598261874182 8.319747121932888e-16
5332.234680731537 8.120347354842026e-16
5334.871099588892 8.040187535934751e-16
5337.507518446248 7.868397161907294e-16
5340.143937303602 7.701079065139291e-16
5342.780356160957 7.640670064918635e-16
5345.416775018312 7.716864365262597e-16
5348.053193875667 7.97294937463658e-16
5350.689612733022 8.01278145443728e-16
5353.326031590377 7.910085111209016e-16
5355.962450447732 7.819164213458453e-16
5358.598869305087 7.835764431861082e-16
5361.235288162442 7.776054864939972e-16
5363.871707019797 7.642179105559488e-16
5366.5081258771515 7.561609940035315e-16
5369.144544734507 7.407017684608152e-16
5371.780963591862 7.389552535728046e-16
5374.417382449217 7.40302328671875e-16
5377.053801306572 7.400930603376274e-16
5379.690220163927 7.328477091664242e-16
5382.326639021282 7.369500041488544e-16
5384.963057878636 7.437115471652437e-16
5387.599476735992 7.555694472764342e-16
5390.235895593347 7.575220662941602e-16
5392.872314450702 7.613256802184103e-16
5395.508733308056 7.710508514603537e-16
5398.145152165412 7.634458274638029e-16
5400.781571022767 7.592833918020257e-16
5403.417989880121 7.485234373911603e-16
5406.0544087374765 7.406666392724772e-16
5408.690827594832 7.502147395243119e-16
5411.327246452186 7.581465848959298e-16
5413.963665309541 7.618751278100368e-16
5416.6000841668965 7.545481422898411e-16
5419.236503024252 7.517719456140277e-16
5421.872921881606 7.273005278020316e-16
5424.509340738961 7.258404190717451e-16
5427.145759596317 7.275244587562112e-16
5429.782178453671 7.411326293136477e-16
5432.418597311026 7.349215760307005e-16
5435.055016168381 7.394477603110314e-16
5437.691435025737 7.356271614301639e-16
5440.327853883091 7.321283020500009e-16
5442.964272740446 7.405207472439399e-16
5445.600691597801 7.368674214372642e-16
5448.237110455156 7.227044268665809e-16
5450.873529312511 7.244565678243399e-16
5453.509948169866 7.304895969568544e-16
5456.1463670272215 7.221059281151956e-16
5458.782785884576 7.232348595362981e-16
5461.419204741931 7.407341017529875e-16
5464.055623599286 7.502984311762465e-16
5466.692042456641 7.41520418872954e-16
5469.328461313996 7.407494733049495e-16
5471.964880171351 7.395122313868528e-16
5474.601299028706 7.332321096309314e-16
5477.237717886061 7.300179530011908e-16
5479.874136743416 7.201613810394199e-16
5482.510555600771 7.325080192577399e-16
5485.146974458125 7.308818273981281e-16
5487.783393315481 7.314626273658784e-16
5490.419812172836 7.318367877689194e-16
5493.056231030191 7.483038438141092e-16
5495.6926498875455 7.513255946144342e-16
5498.329068744901 7.463273645218296e-16
5500.965487602256 7.512922111740914e-16
5503.60190645961 7.447164198433242e-16
5506.2383253169655 7.414486970098956e-16
5508.874744174321 7.446268811203427e-16
5511.511163031676 7.434369387466758e-16
5514.14758188903 7.589517847902915e-16
5516.784000746386 7.63113424916464e-16
5519.420419603741 7.495708327603492e-16
5522.056838461095 7.474072337900626e-16
5524.69325731845 7.253417692814373e-16
5527.329676175806 6.8256679873302465e-16
5529.966095033161 6.865905112758017e-16
5532.602513890515 7.218272031480145e-16
5535.23893274787 7.559580276392137e-16
5537.875351605226 7.658946877236909e-16
5540.51177046258 7.57829738589793e-16
5543.148189319935 7.497741462398409e-16
5545.7846081772905 7.376739140109488e-16
5548.421027034645 7.308465871034598e-16
5551.057445892 7.345018613830653e-16
5553.693864749355 7.35137984738476e-16
5556.3302836067105 7.28704805726211e-16
5558.966702464065 7.173668031240875e-16
5561.60312132142 7.074692578269844e-16
5564.239540178775 7.061901200604474e-16
5566.87595903613 7.127513297995587e-16
5569.512377893485 7.268756829363828e-16
5572.14879675084 7.328615694318636e-16
5574.785215608195 7.321366240467574e-16
5577.42163446555 7.453559094896793e-16
5580.058053322905 7.461870216387925e-16
5582.69447218026 7.33268087389134e-16
5585.3308910376145 7.26681679819744e-16
5587.96730989497 7.280794719932977e-16
5590.603728752325 7.275535034791968e-16
5593.24014760968 7.318639685364983e-16
5595.8765664670345 7.362451787217047e-16
5598.51298532439 7.330606722282567e-16
5601.149404181745 7.306055607931017e-16
5603.785823039099 7.3107455935529685e-16
5606.422241896455 7.454881638963993e-16
5609.05866075381 7.448344682922233e-16
5611.695079611165 7.402596400395643e-16
5614.331498468519 7.447251979964743e-16
5616.967917325875 7.56039179608564e-16
5619.60433618323 7.644393214215171e-16
5622.240755040584 7.543752337123072e-16
5624.877173897939 7.54870271919555e-16
5627.513592755295 7.54088858064943e-16
5630.15001161265 7.381051532344045e-16
5632.786430470004 7.382555878803886e-16
5635.4228493273595 7.289398566057203e-16
5638.059268184715 7.468081261985948e-16
5640.695687042069 7.618528865517357e-16
5643.332105899424 7.660235005618442e-16
5645.9685247567795 7.758586491362772e-16
5648.604943614135 7.783683349312694e-16
5651.241362471489 7.664862023346305e-16
5653.877781328844 7.414387991296657e-16
5656.5142001862 7.417084710738146e-16
5659.150619043554 7.614412641635505e-16
5661.787037900909 7.707597980049564e-16
5664.423456758264 7.720048619307144e-16
5667.05987561562 7.83190667330927e-16
5669.696294472974 7.659040253599398e-16
5672.332713330329 7.517306548995582e-16
5674.969132187684 7.437861873120732e-16
5677.605551045039 7.392932532486732e-16
5680.241969902394 7.372331951191919e-16
5682.878388759749 7.446106098667904e-16
5685.5148076171035 7.567720957772315e-16
5688.151226474459 7.702551491990215e-16
5690.787645331814 7.801326044635872e-16
5693.424064189169 7.868997098449654e-16
5696.060483046524 7.941400167992051e-16
5698.696901903879 7.852752719944266e-16
5701.333320761234 7.820192938418057e-16
5703.969739618588 7.814191497082253e-16
5706.606158475944 7.803866036563189e-16
5709.242577333299 7.805468559097719e-16
5711.878996190654 7.89790103730494e-16
5714.515415048008 7.947863070769488e-16
5717.151833905364 7.810533510525929e-16
5719.788252762719 7.592473695894385e-16
5722.424671620073 7.621206791954988e-16
5725.0610904774285 7.701050570526927e-16
5727.697509334784 7.674386445150586e-16
5730.333928192139 7.654905152293614e-16
5732.970347049493 7.642211326864425e-16
5735.6067659068485 7.749586733694211e-16
5738.243184764204 7.8202894027388955e-16
5740.879603621558 7.866789140629396e-16
5743.516022478913 7.843161231464224e-16
5746.152441336269 7.628967504135794e-16
5748.788860193624 7.445479341629483e-16
5751.425279050978 7.383484716160212e-16
5754.061697908333 7.339005822271804e-16
5756.698116765689 7.310198338708597e-16
5759.334535623043 7.376973850501328e-16
5761.970954480398 7.595112061613615e-16
5764.607373337753 7.726508691292497e-16
5767.243792195109 7.755724097624881e-16
5769.880211052463 7.718860240321499e-16
5772.516629909818 7.799171724119147e-16
5775.1530487671735 7.905552646457034e-16
5777.789467624528 7.912069473354125e-16
5780.425886481883 7.899750313839594e-16
5783.062305339238 7.894489907628071e-16
5785.6987241965935 7.843442810739812e-16
5788.335143053948 7.8679269504006025e-16
5790.971561911303 7.933303814160923e-16
5793.607980768658 7.81548123211386e-16
5796.244399626013 7.789917190756639e-16
5798.880818483368 7.896413142814678e-16
5801.517237340723 7.960574344426564e-16
5804.153656198077 7.980180114717078e-16
5806.790075055433 7.906211613746675e-16
5809.426493912788 7.82735524106181e-16
5812.062912770143 7.871532555747116e-16
5814.6993316274975 7.858770665279883e-16
5817.335750484853 7.840251149643153e-16
5819.972169342208 7.7420028623237e-16
5822.608588199562 7.547997710573986e-16
5825.2450070569175 7.548034446287606e-16
5827.881425914273 7.527315816894177e-16
5830.517844771628 7.547211086904685e-16
5833.154263628982 7.609282649123053e-16
5835.790682486338 7.702247870449165e-16
5838.427101343693 7.640097148221218e-16
5841.063520201047 7.636978988556047e-16
5843.699939058402 7.800011076706187e-16
5846.336357915758 7.991665340608149e-16
5848.972776773113 8.105562341351299e-16
5851.609195630467 8.131859917256396e-16
5854.245614487822 7.823681379592727e-16
5856.882033345178 7.211571864128042e-16
5859.518452202532 6.742591622004474e-16
5862.154871059887 6.387566161861849e-16
5864.7912899172425 6.299566281313188e-16
5867.427708774598 6.674840628829446e-16
5870.064127631952 7.128110021489232e-16
5872.700546489307 7.488443510935856e-16
5875.3369653466625 7.721304646712994e-16
5877.973384204017 7.759169268892997e-16
5880.609803061372 7.7515833039317e-16
5883.246221918727 7.654680010887947e-16
5885.882640776083 7.694970425486566e-16
5888.519059633437 7.790984010414873e-16
5891.155478490792 7.709371992557485e-16
5893.791897348147 7.756075157422026e-16
5896.428316205502 7.813179928850654e-16
5899.064735062857 7.722043350062566e-16
5901.701153920212 7.672849242685715e-16
5904.337572777567 7.594517355645065e-16
5906.973991634922 7.623245331276836e-16
5909.610410492277 7.647592393583053e-16
5912.246829349632 7.695164947376567e-16
5914.8832482069865 7.737828239330785e-16
5917.519667064342 7.678384724799195e-16
5920.156085921697 7.663849811504796e-16
5922.792504779052 7.589889703776986e-16
5925.428923636407 7.532671025310458e-16
5928.065342493762 7.6071671408207e-16
5930.701761351117 7.5927596751989e-16
5933.338180208471 7.606710070398741e-16
5935.974599065827 7.710931533211169e-16
5938.611017923182 7.698991572435469e-16
5941.247436780536 7.671509356112839e-16
5943.883855637891 7.654254125991976e-16
5946.520274495247 7.506638230722199e-16
5949.156693352602 7.443807903156318e-16
5951.793112209956 7.465448838521775e-16
5954.4295310673115 7.45203868039582e-16
5957.065949924667 7.453257029122383e-16
5959.702368782021 7.552648347539055e-16
5962.338787639376 7.675191255734697e-16
5964.9752064967315 7.551772726100908e-16
5967.611625354087 7.510504230235012e-16
5970.248044211441 7.403146916041165e-16
5972.884463068796 7.423664001000466e-16
5975.520881926152 7.495398585893834e-16
5978.157300783506 7.471155294821563e-16
5980.793719640861 7.409703399579208e-16
5983.430138498216 7.399145038387147e-16
5986.066557355572 7.467412453809364e-16
5988.702976212926 7.436229175925444e-16
5991.339395070281 7.436562583010974e-16
5993.975813927636 7.34247712630476e-16
5996.612232784991 7.33597734295312e-16
5999.248651642346 7.425069822100658e-16
6001.885070499701 7.562467101511797e-16
6004.521489357056 7.634384096191834e-16
6007.157908214411 7.594017553143674e-16
6009.794327071766 7.590630754549187e-16
6012.430745929121 7.582443285268551e-16
6015.067164786476 7.560321411844013e-16
6017.703583643831 7.573353043504141e-16
6020.340002501186 7.672963791544965e-16
6022.976421358541 7.648161505638823e-16
6025.612840215896 7.600855971524154e-16
6028.249259073251 7.600883677871031e-16
6030.885677930606 7.452084528220997e-16
6033.52209678796 7.464349971024286e-16
6036.158515645316 7.5117508246983e-16
6038.794934502671 7.58714621574521e-16
6041.431353360026 7.699549031226409e-16
6044.0677722173805 7.714581992444492e-16
6046.704191074736 7.557368639159927e-16
6049.340609932091 7.542458233255952e-16
6051.977028789445 7.529762914306319e-16
6054.6134476468005 7.42362664386497e-16
6057.249866504156 7.345968467962669e-16
6059.88628536151 7.384960371367733e-16
6062.522704218865 7.438994251731579e-16
6065.159123076221 7.484031982168961e-16
6067.795541933576 7.509333876531112e-16
6070.43196079093 7.467717896951253e-16
6073.068379648285 7.477831809047586e-16
6075.704798505641 7.464279738160916e-16
6078.341217362995 7.476276500640995e-16
6080.97763622035 7.517160536278736e-16
6083.614055077705 7.561036218966026e-16
6086.250473935061 7.520048233448228e-16
6088.886892792415 7.428411024081292e-16
6091.52331164977 7.448366759522052e-16
6094.1597305071255 7.520475997542091e-16
6096.79614936448 7.492017084923087e-16
6099.432568221835 7.468021117110873e-16
6102.06898707919 7.446335720806794e-16
6104.7054059365455 7.510978485727019e-16
6107.3418247939 7.513380017842086e-16
6109.978243651255 7.433332203480977e-16
6112.61466250861 7.416626066602043e-16
6115.251081365965 7.440965467995834e-16
6117.88750022332 7.42665353238119e-16
6120.523919080675 7.43865605517017e-16
6123.16033793803 7.411962593756606e-16
6125.796756795385 7.267903515981157e-16
6128.43317565274 7.170242172321525e-16
6131.069594510095 7.004698311215759e-16
6133.7060133674495 6.967001474169274e-16
6136.342432224805 7.058603122253985e-16
6138.97885108216 7.109528706692839e-16
6141.615269939515 7.164778740651469e-16
6144.2516887968695 7.237187739685463e-16
6146.888107654225 7.224128262471578e-16
6149.52452651158 7.294331916598711e-16
6152.160945368934 7.312046216422567e-16
6154.79736422629 7.244335584319734e-16
6157.433783083645 7.269854023878912e-16
6160.070201941 7.205802930195014e-16
6162.706620798354 7.2146495678792e-16
6165.34303965571 7.196866980856468e-16
6167.979458513065 7.253896502857873e-16
6170.615877370419 7.2991775313944e-16
6173.252296227774 7.176098694673686e-16
6175.88871508513 7.178062629193997e-16
6178.525133942485 7.226368392539131e-16
6181.161552799839 7.134823907757905e-16
6183.7979716571945 7.087855107119573e-16
6186.43439051455 7.092709479467176e-16
6189.070809371904 7.013188366795496e-16
6191.707228229259 7.062556807202995e-16
6194.3436470866145 7.047190090930605e-16
6196.980065943969 7.022196505205791e-16
6199.616484801324 7.146544593980216e-16
6202.252903658679 7.156856280645241e-16
6204.889322516035 7.037860604456624e-16
6207.525741373389 7.043291639256441e-16
6210.162160230744 6.999420481462117e-16
6212.798579088099 7.019269976650867e-16
6215.434997945454 7.132864022020063e-16
6218.071416802809 7.122834245315367e-16
6220.707835660164 7.109865840965012e-16
6223.344254517519 7.040953146569544e-16
6225.980673374874 6.950838884633624e-16
6228.617092232229 6.867599791247057e-16
6231.253511089584 6.896813786982742e-16
6233.8899299469385 6.958068897851191e-16
6236.526348804294 7.091544529418119e-16
6239.162767661649 7.197834535189162e-16
6241.799186519004 7.327883389570727e-16
6244.435605376359 7.329772121213836e-16
6247.072024233714 7.281001578400259e-16
6249.708443091069 7.452841509066288e-16
6252.344861948423 7.563808895727601e-16
6254.981280805779 7.563409552606069e-16
6257.617699663134 7.689334838332776e-16
6260.254118520489 7.958819017866036e-16
6262.890537377843 8.017377486317312e-16
6265.526956235199 7.660905229507387e-16
6268.163375092554 7.681175193125021e-16
6270.799793949908 7.799457392169871e-16
6273.4362128072635 7.786339796027778e-16
6276.072631664619 7.668972539204523e-16
6278.709050521974 7.509540997150943e-16
6281.345469379328 7.514397214571498e-16
6283.9818882366835 7.596910445906896e-16
6286.618307094039 7.508845881834062e-16
6289.254725951393 7.469106310861702e-16
6291.891144808748 7.568442593225944e-16
6294.527563666104 7.612658175093129e-16
6297.163982523459 7.620783465665996e-16
6299.800401380813 7.5393117809703e-16
6302.436820238168 7.532828403744194e-16
6305.073239095524 7.470325387336828e-16
6307.709657952878 7.387686441040269e-16
6310.346076810233 7.384245239823307e-16
6312.982495667588 7.480488452050741e-16
6315.618914524944 7.545484883762246e-16
6318.255333382298 7.592909704413076e-16
6320.891752239653 7.602313205474483e-16
6323.528171097008 7.569294796362852e-16
6326.164589954363 7.592199309586019e-16
6328.801008811718 7.53453988647354e-16
6331.437427669073 7.4868833372075865e-16
6334.073846526428 7.543703505933339e-16
6336.710265383783 7.63347576753179e-16
6339.346684241138 7.68317575252785e-16
6341.983103098493 7.643251665671606e-16
6344.619521955848 7.668951577729165e-16
6347.255940813203 7.747664513333064e-16
6349.892359670558 7.631496381795648e-16
6352.528778527912 7.603195884822317e-16
6355.165197385268 7.628057394435926e-16
6357.801616242623 7.687782680135585e-16
6360.438035099978 7.607215202569254e-16
6363.0744539573325 7.518647264534694e-16
6365.710872814688 7.568757810344014e-16
6368.347291672043 7.544899425121332e-16
6370.983710529397 7.563147668022109e-16
6373.6201293867525 7.54701790665623e-16
6376.256548244108 7.49760192984334e-16
6378.892967101463 7.374628713928544e-16
6381.529385958817 7.407962209474542e-16
6384.165804816173 7.439931265165193e-16
6386.802223673528 7.4572786818804535e-16
6389.438642530882 7.439396437769447e-16
6392.075061388237 7.40089827102067e-16
6394.711480245593 7.455322344377144e-16
6397.347899102948 7.518166417820885e-16
6399.984317960302 7.516600857682636e-16
6402.620736817657 7.517093495729037e-16
6405.257155675013 7.609028219650682e-16
6407.893574532367 7.62577224815022e-16
6410.529993389722 7.436303517340596e-16
6413.1664122470775 7.43761216663398e-16
6415.802831104433 7.38848263172884e-16
6418.439249961787 7.363705250628583e-16
6421.075668819142 7.333871092157187e-16
6423.7120876764975 7.27875433104124e-16
6426.348506533852 7.240273087806011e-16
6428.984925391207 7.323355634359502e-16
6431.621344248562 7.261589583978275e-16
6434.257763105918 7.27975730510562e-16
6436.894181963272 7.438893030828051e-16
6439.530600820627 7.582233468185733e-16
6442.167019677982 7.43280773268944e-16
6444.803438535337 7.395644062010637e-16
6447.439857392692 7.517545117849012e-16
6450.076276250047 7.394754315199943e-16
6452.7126951074015 7.264924761535664e-16
6455.349113964757 7.2590327159483065e-16
6457.985532822112 7.284244182129119e-16
6460.621951679467 7.122979118107207e-16
6463.2583705368215 6.907560895292043e-16
6465.894789394177 7.041602300476405e-16
6468.531208251532 7.186594432666122e-16
6471.167627108886 7.327938195466537e-16
6473.804045966242 7.396063516833407e-16
6476.440464823597 7.591474321894864e-16
6479.076883680952 7.685531917361806e-16
6481.713302538306 7.713578242821765e-16
6484.349721395662 7.793166832619848e-16
6486.986140253017 7.732480720114169e-16
6489.622559110371 7.800743174747045e-16
6492.258977967726 7.806561925483803e-16
6494.895396825082 7.829507709377473e-16
6497.531815682437 8.078170001636844e-16
6500.168234539791 8.109735111418297e-16
6502.8046533971465 7.992184988690529e-16
6505.441072254502 7.907251620705036e-16
6508.077491111856 8.010900105596104e-16
6510.713909969211 8.041235728735331e-16
6513.3503288265665 8.267340202008513e-16
6515.986747683922 8.555079430720207e-16
6518.623166541276 9.345602272277664e-16
6521.259585398631 9.618701822968326e-16
6523.896004255987 9.620279756650653e-16
6526.532423113341 1.3885835049128415e-15
6529.168841970696 1.9364408066760244e-15
6531.805260828051 2.40121354662819e-15
6534.441679685407 2.426164333985387e-15
6537.078098542761 1.9107952857597538e-15
6539.714517400116 1.2234145865334887e-15
6542.350936257471 8.228127521185245e-16
6544.987355114826 8.491298172495235e-16
6547.623773972181 1.033747164510497e-15
6550.260192829536 1.1995491888598996e-15
6552.896611686891 1.281871837624175e-15
6555.533030544246 1.244002551431904e-15
6558.169449401601 1.0613480185040982e-15
6560.805868258956 8.624886565813691e-16
6563.442287116311 7.808312297311105e-16
6566.078705973666 7.83665372399765e-16
6568.715124831021 7.885471480068623e-16
6571.351543688376 7.810719259072543e-16
6573.987962545731 7.695342629139253e-16
6576.624381403086 7.567559924227876e-16
6579.260800260441 7.573813386973126e-16
6581.897219117795 7.611156702559363e-16
6584.533637975151 7.714269519524692e-16
6587.170056832506 7.663043667968121e-16
6589.80647568986 7.630911344327526e-16
6592.4428945472155 7.581851233740259e-16
6595.079313404571 7.585642621399864e-16
6597.715732261926 7.50734443986007e-16
6600.35215111928 7.415944167034242e-16
6602.9885699766355 7.35979013108104e-16
6605.624988833991 7.421107851963715e-16
6608.261407691345 7.428450959348032e-16
6610.8978265487 7.415991651046319e-16
6613.534245406056 7.397139043167531e-16
6616.170664263411 7.426666562696573e-16
6618.807083120765 7.319480428521235e-16
6621.44350197812 7.338956299724492e-16
6624.079920835476 7.431279615260899e-16
6626.71633969283 7.334827739081474e-16
6629.352758550185 7.342903303457301e-16
6631.98917740754 7.348954525144903e-16
6634.625596264896 7.403850600433538e-16
6637.26201512225 7.358993802932284e-16
6639.898433979605 7.317013331367224e-16
6642.53485283696 7.394507263165641e-16
6645.171271694315 7.368041375521496e-16
6647.80769055167 7.357964813681047e-16
6650.444109409025 7.451913788137996e-16
6653.0805282663805 7.395355610351589e-16
6655.716947123735 7.376787743556418e-16
6658.35336598109 7.310825887187165e-16
6660.989784838445 7.271925227628144e-16
6663.6262036958 7.185111182596154e-16
6666.262622553155 7.145468990097576e-16
6668.89904141051 7.230022890172564e-16
6671.535460267865 7.247368550820261e-16
6674.17187912522 7.262856534061799e-16
6676.808297982575 7.237352939056433e-16
6679.44471683993 7.317289841949699e-16
6682.0811356972845 7.6771178210002275e-16
6684.71755455464 7.923425963187621e-16
6687.353973411995 8.137942933490304e-16
6689.99039226935 7.998554572920239e-16
6692.6268111267045 7.599595999734796e-16
6695.26322998406 7.603234732229792e-16
6697.899648841415 7.851085641839377e-16
6700.536067698769 7.971840825903093e-16
6703.172486556125 7.94577440330906e-16
6705.80890541348 7.650721073507803e-16
6708.445324270835 7.236982726588738e-16
6711.081743128189 7.107849290650018e-16
6713.718161985545 7.147812648229364e-16
6716.3545808429 7.111358185626795e-16
6718.990999700254 7.139979060632847e-16
6721.627418557609 7.244274769240788e-16
6724.263837414965 7.226319072397602e-16
6726.900256272319 7.201092875755079e-16
6729.536675129674 7.223777171498214e-16
6732.1730939870295 7.258964837343605e-16
6734.809512844385 7.272512387545527e-16
6737.445931701739 7.216612737293983e-16
6740.082350559094 7.193663089243771e-16
6742.7187694164495 7.261589067292308e-16
6745.355188273804 7.310628395536473e-16
6747.991607131159 7.235796079887659e-16
6750.628025988514 7.223091685839642e-16
6753.26444484587 7.134469504219128e-16
6755.900863703224 7.085790784354138e-16
6758.537282560579 7.164823025972936e-16
6761.173701417934 7.172298823554514e-16
6763.810120275289 7.155862544570564e-16
6766.446539132644 7.125236875521417e-16
6769.082957989999 7.129447821678431e-16
6771.719376847354 7.132523266709556e-16
6774.355795704709 7.225852646616142e-16
6776.992214562064 7.262289680074223e-16
6779.628633419419 7.286471012949481e-16
6782.2650522767735 7.246202832947264e-16
6784.901471134129 7.230804566335159e-16
6787.537889991484 7.282202499885331e-16
6790.174308848839 7.3099786773873e-16
6792.810727706194 7.390358682264143e-16
6795.447146563549 7.35827871232196e-16
6798.083565420904 7.344133618685472e-16
6800.719984278258 7.259823423252774e-16
6803.356403135614 7.197896814404502e-16
6805.992821992969 7.152358759057222e-16
6808.629240850324 7.264586650817987e-16
6811.265659707678 7.2814271568768e-16
6813.902078565034 7.372349109271995e-16
6816.538497422389 7.552435594847221e-16
6819.174916279743 7.469748329328293e-16
6821.8113351370985 7.311570128063265e-16
6824.447753994454 7.154958071857367e-16
6827.084172851809 7.256771001886898e-16
6829.720591709163 7.274637815537228e-16
6832.3570105665185 7.230471034631964e-16
6834.993429423874 7.227072422847137e-16
6837.629848281228 7.258563779051469e-16
6840.266267138583 7.361109157288214e-16
6842.902685995939 7.38281072444548e-16
6845.539104853293 7.312764023269313e-16
6848.175523710648 7.440529403933075e-16
6850.811942568003 7.343546536794249e-16
6853.448361425359 7.406219390423788e-16
6856.084780282713 7.470751837277896e-16
6858.721199140068 7.382880043503794e-16
6861.357617997423 7.484739092051001e-16
6863.994036854778 7.36454283474484e-16
6866.630455712133 7.300106791032169e-16
6869.266874569488 7.446326432221403e-16
6871.903293426843 7.491744098975892e-16
6874.539712284198 7.540261169495118e-16
6877.176131141553 7.57206912044743e-16
6879.812549998908 7.386297649830089e-16
6882.448968856263 7.24938891283966e-16
6885.085387713618 7.407758644328641e-16
6887.721806570973 7.570643064497381e-16
6890.358225428328 7.481274873982809e-16
6892.994644285683 7.348807834907371e-16
6895.631063143038 7.50620695178525e-16
6898.267482000393 7.56682851905942e-16
6900.903900857747 7.392111724150906e-16
6903.540319715103 7.428896821086621e-16
6906.176738572458 7.508459893499972e-16
6908.813157429813 7.402225109611416e-16
6911.4495762871675 7.370252216489295e-16
6914.085995144523 7.376990811703596e-16
6916.722414001878 7.341979928524537e-16
6919.358832859232 7.333538582124216e-16
6921.9952517165875 7.32683799794912e-16
6924.631670573943 7.384893742912085e-16
6927.268089431298 7.367227709959424e-16
6929.904508288652 7.415938008624937e-16
6932.540927146008 7.433015595218872e-16
6935.177346003363 7.388567880787906e-16
6937.813764860717 7.369792286312292e-16
6940.450183718072 7.301453505748804e-16
6943.086602575428 7.315272449024828e-16
6945.723021432783 7.332621678575463e-16
6948.359440290137 7.321973752693766e-16
6950.995859147492 7.431694581646647e-16
6953.632278004848 7.519230946885469e-16
6956.268696862202 7.526685251786221e-16
6958.905115719557 7.50030022908629e-16
6961.541534576912 7.437358762951046e-16
6964.177953434268 7.363663224577497e-16
6966.814372291622 7.301858720053773e-16
6969.450791148977 7.370803832963539e-16
6972.0872100063325 7.390302218171433e-16
6974.723628863687 7.342412604865903e-16
6977.360047721042 7.403484484247303e-16
6979.996466578397 7.407695987033202e-16
6982.632885435752 7.3485473198073905e-16
6985.269304293107 7.308244795233369e-16
6987.905723150462 7.32831172000426e-16
6990.542142007817 7.32082750141423e-16
6993.178560865172 7.357071700389316e-16
6995.814979722527 7.440738714855677e-16
6998.451398579882 7.453056307988177e-16
7001.0878174372365 7.438896371111767e-16
7003.724236294592 7.430652709668516e-16
7006.360655151947 7.506408795099297e-16
7008.997074009302 7.560132182515064e-16
7011.6334928666565 7.594299753502086e-16
7014.269911724012 7.624158307026527e-16
7016.906330581367 7.603130922238589e-16
7019.542749438721 7.536600844487842e-16
7022.179168296077 7.38161229505324e-16
7024.815587153432 7.300212578660644e-16
7027.452006010787 7.312836802698772e-16
7030.088424868141 7.327200635799079e-16
7032.724843725497 7.325745618481395e-16
7035.361262582852 7.332739643008181e-16
7037.997681440206 7.327073657808211e-16
7040.634100297561 7.409785439309212e-16
7043.270519154917 7.466085876057943e-16
7045.906938012272 7.400160042149459e-16
7048.543356869626 7.2810708995252e-16
7051.1797757269815 7.231107103725326e-16
7053.816194584337 7.176853161392496e-16
7056.452613441691 7.10020189088733e-16
7059.089032299046 7.109209105050101e-16
7061.7254511564015 7.118303685777619e-16
7064.361870013757 7.181231148831159e-16
7066.998288871111 7.251912224653129e-16
7069.634707728466 7.287414086437774e-16
7072.271126585822 7.273427526472826e-16
7074.907545443176 7.2143395071241195e-16
7077.543964300531 7.172134812028126e-16
7080.180383157886 7.1557714889852e-16
7082.816802015242 7.12530645830401e-16
7085.453220872596 7.18896313362732e-16
7088.089639729951 7.221486075167241e-16
7090.726058587306 7.189085401883868e-16
7093.362477444661 7.166240315371689e-16
7095.998896302016 7.143051904204186e-16
7098.635315159371 7.227207953999745e-16
7101.2717340167255 7.326651297342274e-16
7103.908152874081 7.360811680227386e-16
7106.544571731436 7.435923505696526e-16
7109.180990588791 7.453590890795681e-16
7111.817409446146 7.632213708979958e-16
7114.453828303501 7.727179279036992e-16
7117.090247160856 7.659601856928947e-16
7119.72666601821 7.912236371413236e-16
7122.363084875566 8.0320070241475765e-16
7124.999503732921 8.132541908630304e-16
7127.635922590276 8.345905477399684e-16
7130.27234144763 8.174089706697013e-16
7132.908760304986 8.108446375123822e-16
7135.545179162341 8.120274164891893e-16
7138.181598019695 8.036145801993357e-16
7140.8180168770505 7.979807350317037e-16
7143.454435734406 7.93491192325588e-16
7146.090854591761 7.93915406921716e-16
7148.727273449115 7.910275614429439e-16
7151.3636923064705 7.780681736111109e-16
7154.000111163826 7.5487052393334e-16
7156.63653002118 7.294842770101441e-16
7159.272948878535 7.27009785361119e-16
7161.909367735891 7.338541445450015e-16
7164.545786593246 7.375640393693211e-16
7167.1822054506 7.274065238781908e-16
7169.818624307955 7.155574759378464e-16
7172.455043165311 7.350246201137651e-16
7175.091462022665 7.571001074017396e-16
7177.72788088002 7.46330306712781e-16
7180.364299737375 7.273523237785004e-16
7183.000718594731 7.393519037818726e-16
7185.637137452085 7.543825577797342e-16
7188.27355630944 7.649925094923893e-16
7190.909975166795 7.618985426892285e-16
7193.54639402415 7.637515739432375e-16
7196.182812881505 8.0189344498768605e-16
7198.81923173886 8.141522726006206e-16
7201.4556505962155 7.808379141274948e-16
7204.09206945357 7.535204898189054e-16
7206.728488310925 7.690611922851968e-16
7209.36490716828 7.77330330256588e-16
7212.001326025635 7.630265488398494e-16
7214.63774488299 7.535072357694365e-16
7217.274163740345 7.6977551572338375e-16
7219.9105825977 7.911295634021075e-16
7222.547001455055 7.939351781382115e-16
7225.18342031241 7.773721677296449e-16
7227.819839169765 7.756462648676673e-16
7230.4562580271195 7.987197530423226e-16
7233.092676884475 8.160841205397432e-16
7235.72909574183 8.202293678077664e-16
7238.365514599184 8.181126076016526e-16
7241.0019334565395 8.122977923380903e-16
7243.638352313895 8.098791590047123e-16
7246.27477117125 8.177910562599749e-16
7248.911190028604 8.263364417326711e-16
7251.54760888596 8.286760874578561e-16
7254.184027743315 8.352849175667196e-16
7256.820446600669 8.448438929806057e-16
7259.456865458024 8.331763669140203e-16
7262.09328431538 8.338162956131476e-16
7264.729703172735 8.769771952074807e-16
7267.366122030089 8.848554900603759e-16
7270.002540887444 8.450942267223667e-16
7272.6389597448 8.372212160597351e-16
7275.275378602154 8.161377161312064e-16
7277.911797459509 7.949217973173596e-16
7280.548216316864 7.91091754375308e-16
7283.18463517422 7.944378490896142e-16
7285.821054031574 8.207344176766049e-16
7288.457472888929 8.322206537659883e-16
7291.0938917462845 8.369812776328484e-16
7293.730310603639 8.265001655609146e-16
7296.366729460994 8.114013409115854e-16
7299.003148318349 8.038609842903301e-16
7301.6395671757045 8.056959018993763e-16
7304.275986033059 7.952289759331184e-16
7306.912404890414 7.743054172957452e-16
7309.548823747769 7.724341220719769e-16
7312.185242605124 7.736086341294898e-16
7314.821661462479 7.81985596449369e-16
7317.458080319834 7.886420526313712e-16
7320.094499177189 7.679792246890896e-16
7322.730918034544 7.622742611293614e-16
7325.367336891899 7.656804141737056e-16
7328.003755749254 7.724294003390185e-16
7330.6401746066085 7.642883963771427e-16
7333.276593463964 7.779974365380197e-16
7335.913012321319 7.9837750299748e-16
7338.549431178674 8.028471299497295e-16
7341.185850036029 8.089829263931575e-16
7343.822268893384 8.179510403466437e-16
7346.458687750739 8.07642153680889e-16
7349.095106608093 8.048466898823692e-16
7351.731525465449 8.048530814060697e-16
7354.367944322804 7.918887082841891e-16
7357.004363180159 7.811757462543418e-16
7359.640782037513 7.766208567521277e-16
7362.277200894869 7.679334337555089e-16
7364.913619752224 7.868143130345089e-16
7367.550038609578 7.832252854541002e-16
7370.1864574669335 7.714345995023179e-16
7372.822876324289 7.690732518596209e-16
7375.459295181643 7.603083808885311e-16
7378.095714038998 7.561214923822916e-16
7380.7321328963535 7.571127179590391e-16
7383.368551753709 7.538327026768375e-16
7386.004970611063 7.599167870062252e-16
7388.641389468418 7.574594158362585e-16
7391.277808325774 7.602447131936948e-16
7393.914227183128 7.672557585235574e-16
7396.550646040483 7.627026069428083e-16
7399.187064897838 7.6188649673129e-16
7401.823483755194 7.576682869839796e-16
7404.459902612548 7.632119786722295e-16
7407.096321469903 7.558952176057233e-16
7409.732740327258 7.5913684090669e-16
7412.369159184613 7.587292158754599e-16
7415.005578041968 7.609288005247674e-16
7417.641996899323 7.6704655836671e-16
7420.278415756678 7.5971640469453e-16
7422.914834614033 7.555552420711214e-16
7425.551253471388 7.551842058033037e-16
7428.187672328743 7.512844117591593e-16
7430.824091186098 7.388009466387606e-16
7433.460510043453 7.415463785339673e-16
7436.096928900808 7.536515409188434e-16
7438.733347758163 7.440279148572149e-16
7441.369766615518 7.443512869859286e-16
7444.006185472873 7.582651254097003e-16
7446.642604330228 7.549790682172158e-16
7449.279023187582 7.429175806440799e-16
7451.915442044938 7.418659991064711e-16
7454.551860902293 7.394817013314276e-16
7457.188279759648 7.334296462419201e-16
7459.8246986170025 7.284496207409614e-16
7462.461117474358 7.17053473340378e-16
7465.097536331713 7.222140957068626e-16
7467.733955189067 7.327060735606312e-16
7470.3703740464225 7.407707000994553e-16
7473.006792903778 7.423966695847254e-16
7475.643211761133 7.439125931834904e-16
7478.279630618487 7.44571019009769e-16
7480.916049475843 7.406734471766563e-16
7483.552468333198 7.392909920939767e-16
7486.188887190552 7.33043831345663e-16
7488.825306047907 7.323962886345175e-16
7491.461724905263 7.347888961468807e-16
7494.098143762617 7.35389398512408e-16
7496.734562619972 7.42250608359582e-16
7499.370981477327 7.464477806120882e-16
7502.007400334683 7.411638853748645e-16
7504.643819192037 7.40035265717393e-16
7507.280238049392 7.41010047943036e-16
7509.916656906747 7.368974893517994e-16
7512.553075764102 7.34244177656623e-16
7515.189494621457 7.302783933386574e-16
7517.825913478812 7.334264498460113e-16
7520.4623323361675 7.389589305208878e-16
7523.098751193522 7.278469388698227e-16
7525.735170050877 7.197469863114048e-16
7528.371588908232 7.1789105064124405e-16
7531.008007765587 7.094828790482206e-16
7533.644426622942 7.076909650663075e-16
7536.280845480297 7.116555870296167e-16
7538.917264337652 7.096763196058683e-16
7541.553683195007 6.96337375113741e-16
7544.190102052362 6.928016156297974e-16
7546.826520909717 7.049479192054355e-16
7549.4629397670715 7.004424509230306e-16
7552.099358624427 7.047142788544859e-16
7554.735777481782 6.909583916416512e-16
7557.372196339137 6.661767187696514e-16
7560.0086151964915 6.536741303504955e-16
7562.645034053847 6.56846559860679e-16
7565.281452911202 6.952693546990423e-16
7567.917871768556 7.208501183868117e-16
7570.554290625912 7.191091360104052e-16
7573.190709483267 7.162833541869174e-16
7575.827128340622 7.12621238076762e-16
7578.463547197976 7.026050573235431e-16
7581.099966055332 6.931532865560283e-16
7583.736384912687 7.00698855559353e-16
7586.372803770041 6.88906369793296e-16
7589.009222627396 6.913806940022249e-16
7591.645641484752 7.020403230330057e-16
7594.282060342107 7.057255291023494e-16
7596.918479199461 6.929525096935964e-16
7599.5548980568165 6.946414381451823e-16
7602.191316914172 6.947844870456289e-16
7604.827735771526 6.996834885816651e-16
7607.464154628881 7.103099679945426e-16
7610.1005734862365 7.081519031202856e-16
7612.736992343592 7.046066203988694e-16
7615.373411200946 6.977650724979123e-16
7618.009830058301 6.782308205781996e-16
7620.6462489156565 6.705916245375181e-16
7623.282667773011 6.680163135425498e-16
7625.919086630366 6.63877707427919e-16
7628.555505487721 6.710329353896107e-16
7631.191924345076 6.742906002950513e-16
7633.828343202431 6.86069889718687e-16
7636.464762059786 6.95288956435656e-16
7639.101180917141 6.979270644645728e-16
7641.737599774496 6.92127547843529e-16
7644.374018631851 6.924190963720078e-16
7647.010437489206 6.934878174182038e-16
7649.6468563465605 6.831539834652826e-16
7652.283275203916 6.758081794287109e-16
7654.919694061271 6.824786115422249e-16
7657.556112918626 6.979080400357271e-16
7660.192531775981 7.04747383742568e-16
7662.828950633336 7.081548271341691e-16
7665.465369490691 7.013318683947786e-16
7668.101788348045 6.956641019349035e-16
7670.738207205401 6.911947693171174e-16
7673.374626062756 6.852427802432231e-16
7676.011044920111 6.818335304466565e-16
7678.647463777465 6.855612028398133e-16
7681.283882634821 6.897611145404036e-16
7683.920301492176 6.828290483322502e-16
7686.55672034953 6.798780514413908e-16
7689.1931392068855 6.937234646465423e-16
7691.829558064241 7.091486410004128e-16
7694.465976921596 7.11476400522692e-16
7697.10239577895 7.1168777125670595e-16
7699.7388146363055 7.141379512571596e-16
7702.375233493661 7.095054037377616e-16
7705.011652351015 6.980419188992158e-16
7707.64807120837 6.899315927923949e-16
7710.284490065726 6.88905662389368e-16
7712.920908923081 6.833249415359062e-16
7715.557327780435 6.824148158208324e-16
7718.19374663779 6.904815549212414e-16
7720.830165495146 7.030364413532062e-16
7723.4665843525 6.990571226790927e-16
7726.103003209855 6.952043336768766e-16
7728.73942206721 6.980380605483962e-16
7731.375840924566 6.945039811130112e-16
7734.01225978192 7.114032583585933e-16
7736.648678639275 7.232415164085823e-16
7739.28509749663 7.1474106035099445e-16
7741.921516353985 7.104514245363632e-16
7744.55793521134 6.983630110227985e-16
7747.194354068695 6.999470221025172e-16
7749.83077292605 7.005840486143756e-16
7752.467191783405 6.99919805547831e-16
7755.10361064076 6.895581820071002e-16
7757.740029498115 6.706768429275083e-16
7760.37644835547 6.720594251216051e-16
7763.012867212825 6.905602413454178e-16
7765.64928607018 6.968974461299325e-16
7768.285704927534 7.167230637244483e-16
7770.92212378489 7.105036810010547e-16
7773.558542642245 6.993434837395111e-16
7776.1949614996 6.925351993649303e-16
7778.8313803569545 7.06508937812896e-16
7781.46779921431 7.122872886880978e-16
7784.104218071665 7.157077528129781e-16
7786.740636929019 7.124667059569941e-16
7789.3770557863745 7.138583539764221e-16
7792.01347464373 7.182562907693392e-16
7794.649893501085 7.015480864634097e-16
7797.286312358439 6.927157885238271e-16
7799.922731215795 7.111419789830818e-16
7802.55915007315 7.141543495189027e-16
7805.195568930504 7.034569422842064e-16
7807.831987787859 7.0550579679015285e-16
7810.468406645215 7.133798329031564e-16
7813.10482550257 7.076339532421788e-16
7815.741244359924 7.012053078846795e-16
7818.377663217279 6.990933432182593e-16
7821.014082074635 7.006675609982175e-16
7823.650500931989 7.075202301822184e-16
7826.286919789344 7.08426616405314e-16
7828.923338646699 7.213670630847831e-16
7831.559757504055 7.283120456652586e-16
7834.196176361409 7.134090357475605e-16
7836.832595218764 7.008499888614918e-16
7839.4690140761195 6.962124530613175e-16
7842.105432933474 6.953555063068387e-16
7844.741851790829 6.988728923813427e-16
7847.378270648184 6.899337563055926e-16
7850.0146895055395 6.846329134152465e-16
7852.651108362894 6.970299712863858e-16
7855.287527220249 6.998331080050557e-16
7857.923946077604 6.9668334883385345e-16
7860.560364934959 7.06583407636189e-16
7863.196783792314 6.900456683040868e-16
7865.833202649669 6.861033011825871e-16
7868.469621507024 7.011959009808231e-16
7871.106040364379 7.053996919542878e-16
7873.742459221734 6.951997285391115e-16
7876.378878079089 6.859986097524978e-16
7879.0152969364435 6.945464043188216e-16
7881.651715793799 6.8903138451485885e-16
7884.288134651154 6.851553338462953e-16
7886.924553508508 6.909542851764463e-16
7889.560972365864 6.863379150569316e-16
7892.197391223219 6.917218157166056e-16
7894.833810080574 6.889028315423006e-16
7897.470228937928 6.691751450112375e-16
7900.106647795284 6.611763611031834e-16
7902.743066652639 6.743575571309223e-16
7905.379485509993 6.716591615593067e-16
7908.015904367348 6.757388806957954e-16
7910.652323224704 6.867802030337546e-16
7913.288742082059 6.837377426760392e-16
7915.925160939413 6.764212444521085e-16
7918.5615797967685 6.868795932469513e-16
7921.197998654124 6.994594881498537e-16
7923.834417511478 6.994114267501189e-16
7926.470836368833 6.925663935905798e-16
7929.1072552261885 6.878317156559039e-16
7931.743674083544 6.885279905532097e-16
7934.380092940898 6.979866298604698e-16
7937.016511798253 7.086754292810256e-16
7939.6529306556085 7.075500574606397e-16
7942.289349512963 7.001434849842285e-16
7944.925768370318 6.956776843480032e-16
7947.562187227673 6.99282602910894e-16
7950.198606085029 6.978960291024536e-16
7952.835024942383 6.932457481758407e-16
7955.471443799738 7.03391458103011e-16
7958.107862657093 7.138478287192092e-16
7960.744281514448 7.053249044900662e-16
7963.380700371803 7.137099508405715e-16
7966.017119229158 7.258800108928682e-16
7968.653538086513 7.247415093750037e-16
7971.289956943868 7.303949641679743e-16
7973.926375801223 7.286275245753848e-16
7976.562794658578 7.22169790910814e-16
7979.199213515933 7.208150180060699e-16
7981.835632373288 7.32334723373865e-16
7984.472051230643 7.201938451191512e-16
7987.108470087998 7.112500730182384e-16
7989.744888945353 7.101133024042964e-16
7992.381307802708 7.036940931458136e-16
7995.017726660063 7.218457393620269e-16
7997.654145517417 7.397010351284016e-16
8000.290564374773 7.382726714425589e-16
8002.926983232128 7.40492232551339e-16
8005.563402089483 7.369516159391946e-16
8008.1998209468375 7.248499791079637e-16
8010.836239804193 7.226502142803943e-16
8013.472658661548 7.293526031545518e-16
8016.109077518902 7.346779215582582e-16
8018.7454963762575 7.339360490139628e-16
8021.381915233613 7.315940335577717e-16
8024.018334090967 7.249868002998211e-16
8026.654752948322 7.27722863612577e-16
8029.291171805678 7.251890689142417e-16
8031.927590663033 7.220792093173423e-16
8034.564009520387 7.298759944480597e-16
8037.200428377742 7.297652696452237e-16
8039.836847235098 7.257598617064575e-16
8042.473266092452 7.261075988604354e-16
8045.109684949807 7.266651104136026e-16
8047.746103807162 7.200349037572558e-16
8050.382522664518 7.133188756631257e-16
8053.018941521872 7.178108460480249e-16
8055.655360379227 7.248593438024526e-16
8058.291779236582 7.287224609983893e-16
8060.928198093937 7.172938200826174e-16
8063.564616951292 7.03873034508946e-16
8066.201035808647 7.005760474619128e-16
8068.8374546660025 7.190383792897721e-16
8071.473873523357 7.619839274848014e-16
8074.110292380712 7.732609245371637e-16
8076.746711238067 7.442046569082345e-16
8079.383130095422 7.222064396025296e-16
8082.019548952777 7.039484903207952e-16
8084.655967810132 7.05678207105802e-16
8087.292386667487 7.382267915187281e-16
8089.928805524842 7.713730786001405e-16
8092.565224382197 7.757450098241808e-16
8095.201643239552 7.557777011930513e-16
8097.8380620969065 7.300243749503181e-16
8100.474480954262 7.096977277142143e-16
8103.110899811617 7.16342756690124e-16
8105.747318668972 7.325409617816711e-16
8108.3837375263265 7.438651597128021e-16
8111.020156383682 7.515307417134699e-16
8113.656575241037 7.647049718321205e-16
8116.292994098391 7.622815365122472e-16
8118.929412955747 7.422156859149742e-16
8121.565831813102 7.08917609836629e-16
8124.202250670457 6.953971065663337e-16
8126.838669527811 7.098835230976494e-16
8129.475088385167 7.096966816115441e-16
8132.111507242522 7.348996308134979e-16
8134.747926099876 7.620122041977475e-16
8137.384344957231 7.460439738610747e-16
8140.020763814587 7.262490295362779e-16
8142.657182671941 7.226714597626518e-16
8145.293601529296 7.259153898131248e-16
8147.930020386651 7.392800280393576e-16
8150.566439244007 7.415784700099588e-16
8153.202858101361 7.35411358595442e-16
8155.839276958716 7.275070805989701e-16
8158.4756958160715 7.161028294062909e-16
8161.112114673426 7.007600905168276e-16
8163.748533530781 6.837085327440836e-16
8166.384952388136 6.790953786093394e-16
8169.0213712454915 6.847870823804026e-16
8171.657790102846 6.749094824024326e-16
8174.294208960201 6.85871291644944e-16
8176.930627817556 7.081417803759412e-16
8179.567046674911 7.148744540404691e-16
8182.203465532266 7.211164630665032e-16
8184.839884389621 7.384495870983898e-16
8187.476303246976 7.306145892369234e-16
8190.112722104331 7.362219414578231e-16
8192.749140961687 7.43980339130728e-16
8195.38555981904 7.362683913863495e-16
8198.021978676396 7.266545833228782e-16
8200.65839753375 7.17249994135861e-16
8203.294816391106 7.222604476173572e-16
8205.931235248461 7.255548363563343e-16
8208.567654105816 7.194264093704841e-16
8211.20407296317 7.064579760066366e-16
8213.840491820525 6.990803023017598e-16
8216.47691067788 6.978087722298936e-16
8219.113329535236 6.925603948718099e-16
8221.74974839259 6.98198997803999e-16
8224.386167249946 7.103669322582752e-16
8227.022586107301 7.087040467558281e-16
8229.659004964655 7.018218991323841e-16
8232.29542382201 7.0903875997463655e-16
8234.931842679365 7.241482164659148e-16
8237.56826153672 7.311770169164469e-16
8240.204680394076 7.3024873439103e-16
8242.841099251431 7.181949400219301e-16
8245.477518108786 7.157253488219859e-16
8248.11393696614 7.115598041397406e-16
8250.750355823495 7.013587852927238e-16
8253.38677468085 6.977215532865164e-16
8256.023193538205 6.934006730823212e-16
8258.65961239556 6.906760350175602e-16
8261.296031252916 6.871560560800907e-16
8263.932450110271 6.850460761324299e-16
8266.568868967624 6.869696619163878e-16
8269.20528782498 6.960429056629963e-16
8271.841706682335 6.895338531562601e-16
8274.47812553969 6.59977626784692e-16
8277.114544397045 6.404578889464667e-16
8279.7509632544 6.491300434902951e-16
8282.387382111756 6.696838824343959e-16
8285.02380096911 7.0008426288687e-16
8287.660219826465 7.075417723139263e-16
8290.29663868382 6.89298633782564e-16
8292.933057541175 6.730315676567406e-16
8295.56947639853 6.742816076189111e-16
8298.205895255885 6.835918990895355e-16
8300.84231411324 6.884430618682585e-16
8303.478732970594 6.928583895556227e-16
8306.11515182795 6.937747273601248e-16
8308.751570685305 6.910064644415901e-16
8311.38798954266 6.957855539695653e-16
8314.024408400015 7.009024430299405e-16
8316.66082725737 7.02920597888372e-16
8319.297246114726 7.086362687721033e-16
8321.933664972079 7.096062760473909e-16
8324.570083829434 7.039933417333971e-16
8327.20650268679 6.931950861429398e-16
8329.842921544145 6.768484538938794e-16
8332.4793404015 6.65794767271922e-16
8335.115759258855 6.806281530379613e-16
8337.75217811621 6.991643815986371e-16
8340.388596973564 7.049060105639962e-16
8343.025015830919 7.14471615066321e-16
8345.661434688274 6.844114525956494e-16
8348.29785354563 6.726616529352803e-16
8350.934272402985 6.78820047788749e-16
8353.57069126034 6.844728730608962e-16
8356.207110117695 7.001335841613947e-16
8358.843528975049 6.838081327847065e-16
8361.479947832404 6.502734117948746e-16
8364.11636668976 6.350501461440172e-16
8366.752785547114 6.748499767618323e-16
8369.38920440447 6.803274658191516e-16
8372.025623261825 6.625634917989246e-16
8374.66204211918 6.704116921141461e-16
8377.298460976534 6.851984692530214e-16
8379.934879833889 6.853982587140259e-16
8382.571298691244 6.610455412330174e-16
8385.2077175486 6.381185697050539e-16
8387.844136405954 6.498586320086967e-16
8390.48055526331 6.722196170375922e-16
8393.116974120665 6.838191219018423e-16
8395.753392978018 7.108947541791149e-16
8398.389811835374 7.464758293450249e-16
8401.026230692729 7.502997901546104e-16
8403.662649550084 7.183532452528115e-16
8406.29906840744 6.954983197887636e-16
8408.935487264795 7.034139207913354e-16
8411.57190612215 6.908201881787474e-16
8414.208324979503 6.783244543092627e-16
8416.844743836858 6.743011924360746e-16
8419.481162694214 6.8190665002613455e-16
8422.117581551569 6.81874231475475e-16
8424.754000408924 6.77339527129395e-16
8427.39041926628 6.830652446633735e-16
8430.026838123635 6.84963710714878e-16
8432.663256980988 6.831495056986642e-16
8435.299675838343 6.772189901907121e-16
8437.936094695699 6.642212272885501e-16
8440.572513553054 6.66849269403485e-16
8443.208932410409 6.707300840471897e-16
8445.845351267764 6.650088560781823e-16
8448.48177012512 6.705416311901065e-16
8451.118188982473 6.761294589539511e-16
8453.754607839828 6.536747221622084e-16
8456.391026697183 6.266129167159699e-16
8459.027445554539 6.197195310175161e-16
8461.663864411894 6.328120556360758e-16
8464.30028326925 6.584458329634696e-16
8466.936702126603 6.767895194038158e-16
8469.573120983958 6.880164328792828e-16
8472.209539841313 6.951839373750754e-16
8474.845958698668 6.810541880076161e-16
8477.482377556023 6.63752077448336e-16
8480.118796413379 6.692849136292669e-16
8482.755215270734 6.742183897072077e-16
8485.391634128087 6.733276773108479e-16
8488.028052985443 6.84048816912027e-16
8490.664471842798 6.880536309119413e-16
8493.300890700153 6.751669933116554e-16
8495.937309557508 6.431038099080972e-16
8498.573728414864 6.029181093771409e-16
8501.210147272219 5.667890445549229e-16
8503.846566129572 5.700025219348844e-16
8506.482984986927 6.025767269271672e-16
8509.119403844283 6.228035343438929e-16
8511.755822701638 6.465046151100681e-16
8514.392241558993 6.681795292993385e-16
8517.028660416348 6.77896394605369e-16
8519.665079273704 6.784618214603781e-16
8522.301498131057 6.76125855890404e-16
8524.937916988412 6.732513742959716e-16
8527.574335845768 6.76981775782314e-16
8530.210754703123 6.790494116447016e-16
8532.847173560478 6.763296526802419e-16
8535.483592417833 6.80101186640135e-16
8538.120011275189 6.814214216232539e-16
8540.756430132542 6.768422597468989e-16
8543.392848989897 6.756133815167196e-16
8546.029267847252 6.713204514190576e-16
8548.665686704608 6.664643187822428e-16
8551.302105561963 6.737093632878199e-16
8553.938524419318 6.794255500578272e-16
8556.574943276673 6.661387651535302e-16
8559.211362134027 6.541794922618707e-16
8561.847780991382 6.492324861149149e-16
8564.484199848737 6.64060446779782e-16
8567.120618706093 6.72555847504693e-16
8569.757037563448 6.617667794730068e-16
8572.393456420803 6.668307741604438e-16
8575.029875278158 6.734728744871656e-16
8577.666294135512 6.810807980966744e-16
8580.302712992867 6.743435916766628e-16
8582.939131850222 6.653979446966319e-16
8585.575550707577 6.644785227315975e-16
8588.211969564933 6.748099772047296e-16
8590.848388422288 6.858341299268008e-16
8593.484807279643 7.036855148290159e-16
8596.121226136996 7.157477368929253e-16
8598.757644994352 7.153415482338452e-16
8601.394063851707 7.075166697142284e-16
8604.030482709062 7.041849525409537e-16
8606.666901566417 7.028389172959041e-16
8609.303320423773 6.931350228829342e-16
8611.939739281128 6.763887926480268e-16
8614.576158138481 6.490566344147303e-16
8617.212576995837 6.217317602335747e-16
8619.848995853192 5.949234630604864e-16
8622.485414710547 5.80089168634055e-16
8625.121833567902 5.970143610277998e-16
8627.758252425258 6.285382231560323e-16
8630.394671282613 6.573582299559716e-16
8633.031090139966 6.733963407006183e-16
8635.667508997321 6.736551912812878e-16
8638.303927854677 6.796020540047388e-16
8640.940346712032 6.896278083644341e-16
8643.576765569387 6.990331002913047e-16
8646.213184426742 6.952520257775313e-16
8648.849603284098 6.903230539413101e-16
8651.486022141451 6.83456357857862e-16
8654.122440998806 6.963085260002342e-16
8656.758859856162 7.099166655624934e-16
8659.395278713517 7.094894697835023e-16
8662.031697570872 7.082346857715068e-16
8664.668116428227 7.11382388409859e-16
8667.304535285582 7.126976636550046e-16
8669.940954142936 7.106581260461287e-16
8672.577373000291 7.1522650069752425e-16
8675.213791857646 7.175312630011775e-16
8677.850210715002 7.090391360393941e-16
8680.486629572357 7.11298899251912e-16
8683.123048429712 7.259493305092615e-16
8685.759467287067 7.199124648504503e-16
8688.39588614442 6.775992466479625e-16
8691.032305001776 6.348193516873648e-16
8693.668723859131 6.24300518847617e-16
8696.305142716486 6.517865382813811e-16
8698.941561573842 6.838294316426189e-16
8701.577980431197 6.666654387383407e-16
8704.214399288552 6.488758074507739e-16
8706.850818145906 6.950550137180587e-16
8709.48723700326 7.372546447305112e-16
8712.123655860616 7.648606056655995e-16
8714.760074717971 7.825591440321084e-16
8717.396493575327 7.874726559516762e-16
8720.032912432682 7.351393383113754e-16
8722.669331290037 6.884972407839117e-16
8725.30575014739 6.801722688027306e-16
8727.942169004746 6.804056587598018e-16
8730.5785878621 6.664226624188697e-16
8733.215006719456 6.721324399878531e-16
8735.851425576811 6.966453539217204e-16
8738.487844434167 7.001566730996272e-16
8741.12426329152 7.029774644930581e-16
8743.760682148875 7.210965770318103e-16
8746.39710100623 7.232486770004004e-16
8749.033519863586 7.15332775016028e-16
8751.669938720941 7.157930995496494e-16
8754.306357578296 7.02696927611012e-16
8756.942776435651 7.130473972945134e-16
8759.579195293005 7.332978741490197e-16
8762.21561415036 7.313353392146131e-16
8764.852033007715 7.354286780933498e-16
8767.48845186507 7.198953697561985e-16
8770.124870722426 7.043292597309446e-16
8772.761289579781 7.238026670862573e-16
8775.397708437136 7.47527031902751e-16
8778.03412729449 7.178598063548055e-16
8780.670546151845 7.014735336301899e-16
8783.3069650092 7.054297725238905e-16
8785.943383866555 7.110296254798715e-16
8788.57980272391 7.265755127959948e-16
8791.216221581266 7.370770718448543e-16
8793.852640438621 7.309498198503042e-16
8796.489059295975 7.165879595460914e-16
8799.12547815333 7.144422385975668e-16
8801.761897010685 7.205009171179319e-16
8804.39831586804 7.235535479540778e-16
8807.034734725396 7.325584083662285e-16
8809.67115358275 7.19111188987615e-16
8812.307572440106 6.655433131079433e-16
8814.94399129746 6.299410655039317e-16
8817.580410154815 6.278738635298311e-16
8820.21682901217 6.37189288504922e-16
8822.853247869525 6.762752508328403e-16
8825.48966672688 6.849615218806093e-16
8828.126085584236 6.639921421786821e-16
8830.76250444159 6.479664714623489e-16
8833.398923298944 6.558693984971904e-16
8836.0353421563 7.039794401809923e-16
8838.671761013655 7.626372466333026e-16
8841.30817987101 7.813091193431348e-16
8843.944598728365 7.503061084670435e-16
8846.58101758572 7.756542784767461e-16
8849.217436443076 8.318859394636058e-16
8851.85385530043 7.925178147974628e-16
8854.490274157784 7.308363137728579e-16
8857.12669301514 7.190706023766949e-16
8859.763111872495 7.313427194462178e-16
8862.39953072985 7.447822408206251e-16
8865.035949587205 7.430419728989492e-16
8867.67236844456 7.299560002668526e-16
8870.308787301914 7.139570709485937e-16
8872.94520615927 7.01541939780168e-16
8875.581625016624 6.9746175496404e-16
8878.21804387398 7.111100859128444e-16
8880.854462731335 7.092103537844999e-16
8883.49088158869 6.888955292128265e-16
8886.127300446045 7.242034496078635e-16
8888.763719303399 7.706905486584135e-16
8891.400138160754 7.822854779684936e-16
8894.03655701811 8.041433064014614e-16
8896.672975875465 8.035566623353619e-16
8899.30939473282 7.561050382615511e-16
8901.945813590175 7.24994521422846e-16
8904.58223244753 7.043296411083556e-16
8907.218651304884 6.980232744882862e-16
8909.855070162239 7.031797268933931e-16
8912.491489019594 7.18801744435257e-16
8915.12790787695 7.095961590107377e-16
8917.764326734305 6.949880823216229e-16
8920.40074559166 6.98219942601894e-16
8923.037164449015 6.950572935956019e-16
8925.673583306369 6.904919794715856e-16
8928.310002163724 6.870770015751508e-16
8930.946421021079 6.957486326721236e-16
8933.582839878434 7.098555653706722e-16
8936.21925873579 6.841950052314976e-16
8938.855677593145 6.756943309354851e-16
8941.4920964505 7.205007368313428e-16
8944.128515307853 7.345319839277897e-16
8946.764934165209 7.331557872535078e-16
8949.401353022564 7.229936231841037e-16
8952.03777187992 7.095744580518837e-16
8954.674190737274 7.133976569589837e-16
8957.31060959463 7.167604912592355e-16
8959.947028451985 7.141472997350492e-16
8962.583447309338 7.243121916985309e-16
8965.219866166693 7.320240708861207e-16
8967.856285024049 7.273665799589201e-16
8970.492703881404 7.27346522165618e-16
8973.12912273876 7.360914809962109e-16
8975.765541596114 7.27466747443182e-16
8978.40196045347 7.129364384466337e-16
8981.038379310823 7.183381567072791e-16
8983.674798168178 7.205465208697237e-16
8986.311217025534 7.239725992649096e-16
8988.947635882889 7.410919007630289e-16
8991.584054740244 7.569062678990165e-16
8994.2204735976 7.698185401856998e-16
8996.856892454953 7.534751830478156e-16
8999.493311312308 7.440033645518784e-16
9002.129730169663 7.457266999690501e-16
9004.766149027018 7.463896990981478e-16
9007.402567884374 7.491439517164346e-16
9010.038986741729 7.465991418300084e-16
9012.675405599084 7.44839526425581e-16
9015.311824456438 7.529883242548443e-16
9017.948243313793 7.635668562622782e-16
9020.584662171148 7.639136485763298e-16
9023.221081028503 7.712867011822908e-16
9025.857499885858 8.009326021755836e-16
9028.493918743214 8.210420564065255e-16
9031.130337600569 7.994090336740453e-16
9033.766756457922 7.723563585873159e-16
9036.403175315278 7.582165750260153e-16
9039.039594172633 7.516867471502029e-16
9041.676013029988 7.583083821428095e-16
9044.312431887343 7.59229161700869e-16
9046.948850744699 7.571981270566642e-16
9049.585269602054 7.592988553363623e-16
9052.221688459407 7.654387882568879e-16
9054.858107316762 7.762535841768928e-16
9057.494526174118 7.683074165898158e-16
9060.130945031473 7.485926829486439e-16
9062.767363888828 7.277935907748222e-16
9065.403782746183 7.223018482135808e-16
9068.040201603539 7.31348571621835e-16
9070.676620460892 7.40978379194615e-16
9073.313039318247 7.595696672813169e-16
9075.949458175603 7.882557564515289e-16
9078.585877032958 7.810697224465477e-16
9081.222295890313 7.556537462263232e-16
9083.858714747668 7.377254397316918e-16
9086.495133605024 7.403003508950009e-16
9089.131552462377 7.544728915789475e-16
9091.767971319732 7.53779535862051e-16
9094.404390177087 7.541434451877918e-16
9097.040809034443 7.709023084604307e-16
9099.677227891798 7.712620071764689e-16
9102.313646749153 7.5118889758108335e-16
9104.950065606508 7.45376749842497e-16
9107.586484463862 7.464640208159243e-16
9110.222903321217 7.437818006822936e-16
9112.859322178572 7.452400439966147e-16
9115.495741035927 7.427564898931473e-16
9118.132159893283 7.535569053508817e-16
9120.768578750638 7.559981635724222e-16
9123.404997607993 7.536325946847904e-16
9126.041416465347 7.489744452114297e-16
9128.677835322702 7.574507493204917e-16
9131.314254180057 7.531211164587227e-16
