3333.77252954767 1.8966373610623924e-14
3337.820415086035 1.9107355561862876e-14
3341.8683006244005 1.9258321905177856e-14
3345.916186162756 1.8893831377702462e-14
3349.964071701121 1.890178972966797e-14
3354.0119572394865 1.954365982714544e-14
3358.0598427778414 1.892445952793393e-14
3362.107728316207 1.9549845711151075e-14
3366.1556138545725 1.926436436759943e-14
3370.2034993929274 1.931202687642735e-14
3374.2513849312927 1.921425261982366e-14
3378.299270469648 1.931006014317384e-14
3382.347156008014 2.0019320043828978e-14
3386.3950415463787 1.9961446234010475e-14
3390.442927084734 1.9668078549703767e-14
3394.4908126230994 1.9831488717664892e-14
3398.5386981614643 1.9823546038844814e-14
3402.58658369982 1.9720707126141562e-14
3406.6344692381854 1.9538889484364672e-14
3410.6823547765507 1.9457460514695812e-14
3414.7302403149056 1.976550251004961e-14
3418.778125853271 1.9682123385841557e-14
3422.8260113916267 1.9336657378291888e-14
3426.8738969299916 1.934968530724006e-14
3430.921782468357 1.958798254760985e-14
3434.9696680067123 1.961424452131924e-14
3439.0175535450776 1.9019752972416974e-14
3443.065439083443 1.9392936398911055e-14
3447.1133246217983 1.9646338951305816e-14
3451.1612101601636 1.9709235056298596e-14
3455.2090956985285 1.962999882919687e-14
3459.256981236884 1.967394921745618e-14
3463.3048667752496 1.9669386711739995e-14
3467.352752313605 1.9524237901935567e-14
3471.40063785197 1.9442512489458034e-14
3475.448523390335 1.9531226962074777e-14
3479.496408928691 1.957102173882995e-14
3483.544294467056 1.9700004257939596e-14
3487.592180005421 1.9856224860250263e-14
3491.6400655437765 1.952726608722617e-14
3495.687951082142 1.9583391191111846e-14
3499.7358366205067 1.9500495422259463e-14
3503.7837221588625 1.9659815840887977e-14
3507.831607697228 1.9386708080763e-14
3511.8794932355927 1.935811902998268e-14
3515.927378773948 1.942941942723972e-14
3519.9752643123134 1.9185823390773138e-14
3524.023149850679 1.9069139960292236e-14
3528.071035389034 1.9043709374891565e-14
3532.1189209273994 1.927339399775371e-14
3536.1668064657547 1.9026905312832335e-14
3540.21469200412 1.8718744319564214e-14
3544.2625775424854 1.8738193135014987e-14
3548.3104630808407 1.8537691439135987e-14
3552.358348619206 1.8453754084276363e-14
3556.406234157571 1.8381775441739917e-14
3560.4541196959267 1.8418901694401853e-14
3564.502005234292 1.8507508621327566e-14
3568.549890772657 1.8471810146989754e-14
3572.5977763110122 1.832306548292441e-14
3576.6456618493776 1.828303591503865e-14
3580.693547387743 1.8429909283830372e-14
3584.7414329260982 1.857360893723789e-14
3588.7893184644636 1.845763084807788e-14
3592.837204002819 1.86632838432488e-14
3596.885089541184 1.869071746643852e-14
3600.9329750795496 1.855459078648263e-14
3604.980860617905 1.862420079615899e-14
3609.0287461562702 1.8755800398331306e-14
3613.076631694635 1.8750705133216792e-14
3617.1245172329905 1.89835701526073e-14
3621.1724027713562 1.921281691840292e-14
3625.220288309721 1.9304023896793052e-14
3629.2681738480765 1.9242885825646786e-14
3633.316059386442 1.9427752881132627e-14
3637.363944924797 1.9483377857879365e-14
3641.4118304631625 1.9501813043648987e-14
3645.459716001528 1.9273715366359998e-14
3649.507601539883 1.9335836145625558e-14
3653.555487078248 1.9120393855119037e-14
3657.6033726166133 1.9059572462021987e-14
3661.651258154969 1.901114103861178e-14
3665.6991436933345 1.8724842157675985e-14
3669.7470292316993 1.840825137830913e-14
3673.7949147700547 1.8300577486348874e-14
3677.84280030842 1.8198635245000343e-14
3681.8906858467853 1.8143864515894797e-14
3685.9385713851407 1.8110213069793554e-14
3689.986456923506 1.8010514168199126e-14
3694.0343424618713 1.786056519422427e-14
3698.082228000226 1.794287050007748e-14
3702.130113538592 1.7732306554242292e-14
3706.1779990769473 1.7731730613874907e-14
3710.225884615312 1.7578283248568622e-14
3714.2737701536776 1.731010134757666e-14
3718.321655692033 1.7092982855591608e-14
3722.3695412303987 1.704957480640076e-14
3726.4174267687636 1.6892417255443146e-14
3730.465312307119 1.6929959154920406e-14
3734.5131978454842 1.6745767599947525e-14
3738.561083383849 1.665608874330322e-14
3742.608968922205 1.641345474570014e-14
3746.6568544605702 1.6523670991334613e-14
3750.7047399989256 1.6796949357040133e-14
3754.7526255372904 1.666233227401682e-14
3758.800511075656 1.6332969581037008e-14
3762.8483966140116 1.63522651923037e-14
3766.8962821523764 1.6345257288915914e-14
3770.944167690742 1.6427417771088974e-14
3774.992053229097 1.6442172459046284e-14
3779.0399387674624 1.6337547020279326e-14
3783.087824305828 1.6006689111086294e-14
3787.135709844183 1.5868046147642385e-14
3791.1835953825484 1.602594840192738e-14
3795.2314809209033 1.636045894412405e-14
3799.279366459269 1.6324528510693725e-14
3803.3272519976344 1.6331071326491537e-14
3807.37513753599 1.6079192282904412e-14
3811.4230230743547 1.583198689255557e-14
3815.47090861272 1.57660800028547e-14
3819.518794151076 1.5789649879640284e-14
3823.5666796894407 1.594690110064543e-14
3827.614565227806 1.5898000538893238e-14
3831.6624507661613 1.605373151815645e-14
3835.7103363045267 1.6300590966314486e-14
3839.758221842882 1.6337911922651172e-14
3843.8061073812473 1.6108639699286828e-14
3847.8539929196127 1.5733008325066346e-14
3851.9018784579775 1.5389208040669536e-14
3855.949763996333 1.5431358835091725e-14
3859.9976495346987 1.536576043339731e-14
3864.045535073054 1.5430011648741233e-14
3868.093420611419 1.5497906811204685e-14
3872.141306149784 1.5523046835986225e-14
3876.1891916881395 1.5546191458054333e-14
3880.237077226505 1.5638982701921284e-14
3884.28496276487 1.6250207381101642e-14
3888.3328483032255 1.7187853587174755e-14
3892.380733841591 1.762663963268438e-14
3896.4286193799558 1.7290340782806095e-14
3900.4765049183115 1.655151325338393e-14
3904.524390456677 1.5933150159614322e-14
3908.5722759950418 1.587614392088035e-14
3912.620161533397 1.5674319328343826e-14
3916.6680470717624 1.5551159117282248e-14
3920.715932610118 1.567890993200561e-14
3924.763818148483 1.5510833434912936e-14
3928.8117036868484 1.5460336131410287e-14
3932.8595892252038 1.530672226352794e-14
3936.9074747635686 1.5170173325981106e-14
3940.9553603019344 1.513705562827483e-14
3945.0032458402898 1.520284865732501e-14
3949.051131378655 1.5146318670815738e-14
3953.09901691702 1.5058093880264196e-14
3957.1469024553753 1.512521252266075e-14
3961.194787993741 1.516913942863616e-14
3965.242673532096 1.5571936223131085e-14
3969.2905590704613 1.6188521171004568e-14
3973.3384446088266 1.6572041855975134e-14
3977.386330147182 1.6484902561292735e-14
3981.4342156855473 1.5715997535586206e-14
3985.4821012239127 1.506563910280711e-14
3989.529986762268 1.5014132441251955e-14
3993.577872300633 1.485323363811669e-14
3997.625757838998 1.483377443759726e-14
4001.673643377354 1.4878779750322344e-14
4005.7215289157193 1.473606141290581e-14
4009.769414454084 1.4779554799344872e-14
4013.8172999924395 1.4774884388017626e-14
4017.865185530805 1.461152109091686e-14
4021.91307106916 1.461172636045248e-14
4025.9609566075255 1.4806187649414393e-14
4030.008842145891 1.4926929570284998e-14
4034.056727684246 1.4884613977437872e-14
4038.104613222611 1.4766346850059483e-14
4042.152498760977 1.4523494972329937e-14
4046.200384299332 1.463087201289739e-14
4050.248269837697 1.4560170867429064e-14
4054.2961553760624 1.4523110447587147e-14
4058.344040914418 1.447888170753251e-14
4062.3919264527835 1.4400458363723114e-14
4066.4398119911384 1.430874787301403e-14
4070.4876975295037 1.4375889637663457e-14
4074.5355830678686 1.4335678162078425e-14
4078.583468606225 1.4411062275601955e-14
4082.6313541445897 1.448831692142314e-14
4086.6792396829546 1.4533674769103108e-14
4090.7271252213104 1.4519628476595726e-14
4094.7750107596753 1.47422491314434e-14
4098.822896298041 1.5539234128083664e-14
4102.870781836396 1.652097364845195e-14
4106.918667374761 1.6970948884986322e-14
4110.966552913127 1.6490282506617234e-14
4115.014438451482 1.53154538481036e-14
4119.062323989847 1.4677682779896487e-14
4123.110209528213 1.4430631861030894e-14
4127.1580950665675 1.432939053223692e-14
4131.205980604933 1.4302741386534127e-14
4135.253866143289 1.4070464845061226e-14
4139.3017516816535 1.3935478942650169e-14
4143.349637220019 1.3759853898894993e-14
4147.397522758374 1.3773541801734314e-14
4151.4454082967395 1.3722379568378875e-14
4155.493293835106 1.3551318356598975e-14
4159.54117937346 1.341997364088307e-14
4163.5890649118255 1.3351291833967841e-14
4167.636950450182 1.325001271075444e-14
4171.684835988546 1.3192414465341042e-14
4175.7327215269115 1.3171468637652288e-14
4179.780607065277 1.3103615394285913e-14
4183.828492603632 1.3061800725694313e-14
4187.876378141997 1.293432322147209e-14
4191.924263680353 1.290680924989702e-14
4195.972149218718 1.2829715100692899e-14
4200.020034757083 1.2708633933654457e-14
4204.067920295439 1.2702406572668183e-14
4208.115805833803 1.2529540997905259e-14
4212.1636913721695 1.242428922003444e-14
4216.211576910525 1.2437899987162372e-14
4220.259462448889 1.2472514179424717e-14
4224.3073479872455 1.2400433186413394e-14
4228.355233525611 1.2438493270120737e-14
4232.403119063975 1.2413468322212726e-14
4236.4510046023315 1.2477393057667168e-14
4240.498890140696 1.249629485241486e-14
4244.546775679061 1.2437332824405382e-14
4248.5946612174175 1.2429904728555176e-14
4252.642546755782 1.23377846894968e-14
4256.690432294147 1.213989672747447e-14
4260.738317832503 1.2207507038058306e-14
4264.786203370868 1.2147995957018199e-14
4268.834088909233 1.2188123046997941e-14
4272.881974447589 1.2101168649306084e-14
4276.929859985954 1.207892146076289e-14
4280.977745524319 1.1984057782701198e-14
4285.025631062675 1.1890044758113201e-14
4289.07351660104 1.1756152169717162e-14
4293.121402139395 1.1809441285979448e-14
4297.169287677761 1.1820394269866888e-14
4301.217173216125 1.1834854679843115e-14
4305.265058754481 1.1825126024455039e-14
4309.312944292847 1.1916907443523314e-14
4313.360829831211 1.1970222006394847e-14
4317.408715369567 1.2069914196342307e-14
4321.456600907932 1.2175964577527083e-14
4325.504486446298 1.2390018502477034e-14
4329.552371984653 1.2492882884066408e-14
4333.600257523018 1.3058306899608547e-14
4337.648143061384 1.4696513900391672e-14
4341.696028599738 1.6314157330313048e-14
4345.743914138104 1.6908668299697536e-14
4349.79179967646 1.631204762108711e-14
4353.839685214824 1.4328069636981475e-14
4357.88757075319 1.3192130920650043e-14
4361.935456291545 1.2776771289163273e-14
4365.98334182991 1.2663850778192695e-14
4370.031227368276 1.2442073199063159e-14
4374.079112906631 1.2385165254035644e-14
4378.126998444996 1.2333542840876264e-14
4382.174883983362 1.2278356353645446e-14
4386.222769521717 1.2364756186399955e-14
4390.270655060082 1.2444027920106962e-14
4394.318540598448 1.2528352271529276e-14
4398.366426136803 1.2463801643779641e-14
4402.4143116751675 1.2318935195357127e-14
4406.462197213524 1.2302736220049769e-14
4410.510082751889 1.2393944818710297e-14
4414.5579682902535 1.2429324385395213e-14
4418.60585382861 1.2419716922021399e-14
4422.653739366974 1.2372029075864287e-14
4426.7016249053395 1.2378519723609794e-14
4430.749510443696 1.2444153221244564e-14
4434.79739598206 1.2432534642273325e-14
4438.845281520426 1.234945772786678e-14
4442.893167058781 1.240041555476671e-14
4446.941052597146 1.227961545454532e-14
4450.988938135502 1.2281335137016549e-14
4455.036823673867 1.228051907394357e-14
4459.084709212232 1.237395951714619e-14
4463.1325947505875 1.2347352842578274e-14
4467.180480288953 1.2539101549862e-14
4471.228365827308 1.289334247346645e-14
4475.2762513656735 1.3131842137154417e-14
4479.324136904039 1.3038167317871932e-14
4483.372022442403 1.2843152995751243e-14
4487.4199079807595 1.2507508731951204e-14
4491.467793519125 1.2296803622443078e-14
4495.51567905749 1.2292081216024721e-14
4499.5635645958455 1.2199996539862126e-14
4503.61145013421 1.2068236478026036e-14
4507.659335672566 1.2025892489441168e-14
4511.7072212109315 1.1958475930476617e-14
4515.755106749296 1.1893137715976524e-14
4519.802992287652 1.1892438412142717e-14
4523.850877826017 1.1790655710841386e-14
4527.898763364382 1.1755417888277552e-14
4531.946648902738 1.1700638967067429e-14
4535.994534441103 1.1625582567226029e-14
4540.042419979468 1.1591495846292062e-14
4544.090305517823 1.1574164804578769e-14
4548.138191056189 1.1610831545858429e-14
4552.186076594555 1.1606936067692052e-14
4556.233962132909 1.148868060624178e-14
4560.281847671275 1.1380046362486075e-14
4564.32973320963 1.1371842597826481e-14
4568.377618747995 1.1416856962252933e-14
4572.425504286361 1.134750228673472e-14
4576.473389824716 1.129822229191947e-14
4580.521275363081 1.1234198653836831e-14
4584.569160901446 1.1279999322258023e-14
4588.617046439802 1.123734276376361e-14
4592.664931978167 1.1140496588987419e-14
4596.712817516523 1.1076120590120839e-14
4600.760703054888 1.104404772933435e-14
4604.808588593252 1.1069075926658407e-14
4608.856474131619 1.0909864217725861e-14
4612.904359669974 1.0919908137291771e-14
4616.952245208338 1.0878819128749732e-14
4621.000130746695 1.0858290351669459e-14
4625.048016285059 1.0935233909019247e-14
4629.095901823424 1.0842910539141296e-14
4633.143787361781 1.0821464060529318e-14
4637.191672900145 1.0744472052245136e-14
4641.23955843851 1.0647486163348704e-14
4645.287443976866 1.059080023543878e-14
4649.335329515231 1.0554281750340126e-14
4653.383215053597 1.0485044923936121e-14
4657.431100591952 1.0408245453316608e-14
4661.478986130317 1.0378204832297247e-14
4665.526871668672 1.0333902109539616e-14
4669.574757207038 1.0353672117680786e-14
4673.622642745403 1.0338371709313025e-14
4677.670528283758 1.0298254943217659e-14
4681.718413822124 1.0288541487911931e-14
4685.766299360488 1.0139980939287075e-14
4689.814184898844 1.0190683118095684e-14
4693.86207043721 1.0136113638635587e-14
4697.909955975574 1.0145157419703656e-14
4701.95784151393 1.01250656219802e-14
4706.005727052295 1.0133792138855152e-14
4710.053612590661 1.0188101647765737e-14
4714.101498129016 1.0177592348819298e-14
4718.149383667381 1.0218323241602469e-14
4722.197269205737 1.0114985427056068e-14
4726.2451547441015 1.0045102028694499e-14
4730.293040282467 9.973002467685938e-15
4734.340925820823 1.0014839802323192e-14
4738.3888113591875 9.981422946290107e-15
4742.436696897553 1.000194844028308e-14
4746.484582435909 1.0040338532016413e-14
4750.5324679742735 1.000293757623572e-14
4754.580353512629 1.0042942072527158e-14
4758.628239050994 1.0089024167644531e-14
4762.6761245893595 1.0099534232102071e-14
4766.724010127716 1.0183641575461157e-14
4770.77189566608 1.0192252008744677e-14
4774.8197812044455 1.017695856811417e-14
4778.867666742801 1.0119630273836514e-14
4782.915552281166 1.0058980692705085e-14
4786.963437819531 1.0032181051170387e-14
4791.011323357887 1.0018693216537508e-14
4795.059208896252 1.0001732568738899e-14
4799.107094434617 9.909565975712124e-15
4803.154979972973 9.918784997885554e-15
4807.202865511338 1.0023471152193003e-14
4811.250751049703 1.0028799622284957e-14
4815.298636588059 1.0058699130334464e-14
4819.346522126423 1.0077992689856897e-14
4823.3944076647895 1.0157767979526526e-14
4827.442293203145 1.0222079101562868e-14
4831.490178741509 1.028227189560671e-14
4835.5380642798655 1.0432524785193954e-14
4839.58594981823 1.0546162859812631e-14
4843.633835356595 1.0819247818956452e-14
4847.6817208949515 1.1257127925266109e-14
4851.729606433316 1.1990349982277575e-14
4855.777491971681 1.4334629893853988e-14
4859.825377510037 1.7417193192617935e-14
4863.873263048402 1.896958974719292e-14
4867.921148586767 1.8684497849760223e-14
4871.969034125123 1.563783471314649e-14
4876.016919663488 1.288470997855615e-14
4880.064805201843 1.1688844228697013e-14
4884.112690740209 1.1326541661084466e-14
4888.160576278574 1.0936987493446756e-14
4892.208461816929 1.06527896480863e-14
4896.256347355295 1.0568425949713972e-14
4900.304232893659 1.0386833537710051e-14
4904.352118432015 1.0298405780260184e-14
4908.400003970381 1.0192132417083952e-14
4912.447889508745 1.017303356234864e-14
4916.495775047101 1.0143632213271905e-14
4920.543660585466 1.0171932508667686e-14
4924.591546123831 1.020394691267077e-14
4928.639431662187 1.0171473943256485e-14
4932.687317200552 9.9824673113519e-15
4936.735202738908 9.822252761189867e-15
4940.783088277272 9.73849525281853e-15
4944.830973815638 9.698910626626395e-15
4948.878859353994 9.682302082254719e-15
4952.926744892358 9.650847133644024e-15
4956.974630430724 9.604441171017427e-15
4961.022515969079 9.492567076025679e-15
4965.070401507444 9.412767305313816e-15
4969.11828704581 9.42596784113381e-15
4973.166172584165 9.476545452509273e-15
4977.21405812253 9.41961954645022e-15
4981.261943660895 9.40335572510334e-15
4985.309829199251 9.432796980959773e-15
4989.357714737616 9.391591772512108e-15
4993.405600275972 9.443356547928488e-15
4997.453485814337 9.49777746027998e-15
5001.501371352701 9.475876376686319e-15
5005.549256891058 9.488891411407785e-15
5009.597142429423 9.665621167444065e-15
5013.645027967787 9.942766697743134e-15
5017.692913506144 1.0063343034389463e-14
5021.740799044508 9.954656431939098e-15
5025.788684582873 9.752845221293104e-15
5029.83657012123 9.531908849923987e-15
5033.884455659594 9.404716741844869e-15
5037.932341197959 9.311104358031511e-15
5041.980226736315 9.310598891009496e-15
5046.02811227468 9.372650293418992e-15
5050.075997813046 9.391323524992819e-15
5054.123883351401 9.407931820771182e-15
5058.171768889766 9.306446470233912e-15
5062.219654428121 9.281058392988421e-15
5066.267539966487 9.23945320069428e-15
5070.315425504852 9.238014807436482e-15
5074.363311043207 9.202959072499728e-15
5078.411196581573 9.114616092540226e-15
5082.459082119937 9.163579638889121e-15
5086.506967658293 9.12294865654856e-15
5090.554853196659 9.068050747957994e-15
5094.602738735013 9.094289624407972e-15
5098.650624273379 9.019325082479378e-15
5102.698509811744 9.162336134082918e-15
5106.74639535011 9.1094806374446e-15
5110.794280888465 8.989867263853568e-15
5114.84216642683 9.018371213785e-15
5118.890051965186 9.032798123690365e-15
5122.9379375035505 9.016878148510953e-15
5126.985823041916 9.010757754476402e-15
5131.033708580272 8.990723551094845e-15
5135.0815941186365 8.909165827571412e-15
5139.129479657002 8.88952151074417e-15
5143.177365195357 8.875362860717907e-15
5147.2252507337225 8.840127595277281e-15
5151.273136272078 8.888148708978562e-15
5155.321021810443 8.870104924901722e-15
5159.3689073488085 8.850663825704946e-15
5163.416792887164 8.871875005534218e-15
5167.464678425529 8.852724732461079e-15
5171.5125639638945 8.788731082414013e-15
5175.56044950225 8.823557918215697e-15
5179.608335040615 8.841337623348087e-15
5183.65622057898 8.725512672844096e-15
5187.704106117336 8.70501301722331e-15
5191.751991655701 8.740361332834195e-15
5195.799877194066 8.776674087193907e-15
5199.847762732422 8.656407490217017e-15
5203.895648270786 8.664178156962882e-15
5207.943533809152 8.61534455988248e-15
5211.991419347508 8.626848989052024e-15
5216.039304885872 8.572871870977904e-15
5220.0871904242285 8.582047806411354e-15
5224.135075962593 8.568895017253633e-15
5228.182961500958 8.45926984785465e-15
5232.2308470393145 8.4792976738997e-15
5236.278732577679 8.529685500128566e-15
5240.326618116044 8.413312168330646e-15
5244.3745036544 8.367322365206888e-15
5248.422389192765 8.390318601283671e-15
5252.47027473113 8.354212213923528e-15
5256.518160269486 8.329989985127106e-15
5260.566045807851 8.406363721866355e-15
5264.613931346206 8.458225049858422e-15
5268.661816884572 8.396458329957193e-15
5272.709702422937 8.355508439584563e-15
5276.757587961292 8.342719040305147e-15
5280.805473499658 8.262364196470199e-15
5284.853359038022 8.259838413014149e-15
5288.901244576378 8.309567250913695e-15
5292.949130114744 8.258421271102844e-15
5296.997015653108 8.282844070553046e-15
5301.044901191464 8.202539422473437e-15
5305.092786729829 8.234953247939593e-15
5309.140672268194 8.226728023308987e-15
5313.18855780655 8.20494389464081e-15
5317.236443344915 8.1743171015517e-15
5321.28432888328 8.138666670504337e-15
5325.332214421636 8.140750463637718e-15
5329.380099960001 8.154825376298421e-15
5333.427985498357 8.00927510052134e-15
5337.475871036721 8.009625981447945e-15
5341.523756575087 8.026395668945688e-15
5345.571642113443 7.976718787113913e-15
5349.619527651807 7.976257211795002e-15
5353.667413190173 7.922887356510359e-15
5357.715298728528 7.918039497402086e-15
5361.763184266893 7.921918557450617e-15
5365.811069805249 7.829910892606987e-15
5369.858955343614 7.838713403760704e-15
5373.906840881979 7.887549185548349e-15
5377.954726420334 7.822692094536572e-15
5382.0026119587 7.737394968052562e-15
5386.050497497065 7.804799070826394e-15
5390.098383035421 7.74919780290221e-15
5394.146268573786 7.80221963958432e-15
5398.1941541121505 7.690734086355876e-15
5402.242039650507 7.703343046342177e-15
5406.289925188872 7.740039103833217e-15
5410.3378107272365 7.778818486167842e-15
5414.385696265593 7.77430303494654e-15
5418.433581803957 7.669941106806577e-15
5422.4814673423225 7.679304694156774e-15
5426.529352880679 7.69705704371416e-15
5430.577238419043 7.71051342958298e-15
5434.6251239573985 7.665264373703258e-15
5438.673009495764 7.678368905026024e-15
5442.720895034129 7.679944430833345e-15
5446.768780572485 7.643456648359185e-15
5450.81666611085 7.587568925180415e-15
5454.864551649215 7.573588529943936e-15
5458.9124371875705 7.635873971978256e-15
5462.960322725936 7.589770373558934e-15
5467.008208264291 7.589324552657448e-15
5471.0560938026565 7.59678473680472e-15
5475.103979341022 7.649310914329059e-15
5479.151864879386 7.6089354254721e-15
5483.1997504177425 7.59625241918953e-15
5487.247635956108 7.603043546622774e-15
5491.295521494463 7.497866036063752e-15
5495.3434070328285 7.494160286437167e-15
5499.391292571193 7.393662270091543e-15
5503.439178109549 7.253025740575599e-15
5507.4870636479145 7.257294214664468e-15
5511.534949186279 7.355588511896446e-15
5515.582834724635 7.392410020875317e-15
5519.630720263 7.269087085478433e-15
5523.678605801355 7.251789129368554e-15
5527.726491339721 7.252314128124526e-15
5531.774376878086 7.200445251107858e-15
5535.822262416441 7.259623596651393e-15
5539.870147954806 7.250266970079591e-15
5543.918033493172 7.213025226052363e-15
5547.965919031528 7.137103176738353e-15
5552.013804569892 7.0700040679810456e-15
5556.061690108258 6.961746749522841e-15
5560.109575646613 6.94344767064416e-15
5564.157461184978 6.968317832928982e-15
5568.205346723344 6.992543301964647e-15
5572.253232261699 6.992011797438404e-15
5576.301117800064 6.9170023258769796e-15
5580.349003338419 6.87161089903488e-15
5584.396888876785 6.8436240772237e-15
5588.44477441515 6.855508728580936e-15
5592.492659953505 6.867336979524437e-15
5596.540545491871 6.841368244088102e-15
5600.588431030235 6.699233450768607e-15
5604.636316568592 6.6583795378378246e-15
5608.684202106957 6.719740474842668e-15
5612.732087645321 6.563445422766967e-15
5616.779973183678 6.502160568606564e-15
5620.827858722042 6.60566327341932e-15
5624.875744260407 6.526043985184142e-15
5628.923629798764 6.5210093409408665e-15
5632.971515337128 6.460199655617185e-15
5637.019400875493 6.445396902906048e-15
5641.067286413849 6.5935740739194014e-15
5645.115171952214 6.547038078610193e-15
5649.163057490569 6.536343469634883e-15
5653.210943028935 6.5889388932268335e-15
5657.2588285673 6.56346408851397e-15
5661.306714105655 6.553901465843541e-15
5665.354599644021 6.5520862577527485e-15
5669.402485182386 6.5436155341317896e-15
5673.450370720741 6.561199419641154e-15
5677.498256259107 6.5813044293956054e-15
5681.546141797471 6.634019350854344e-15
5685.594027335827 6.690223988712399e-15
5689.641912874193 6.660895528754273e-15
5693.689798412547 6.586755500706424e-15
5697.737683950913 6.640229960275819e-15
5701.785569489278 6.688426102065673e-15
5705.833455027633 6.670421017565009e-15
5709.881340565999 6.698268166096849e-15
5713.929226104364 6.624564585665701e-15
5717.97711164272 6.578187765077006e-15
5722.0249971810845 6.579452121327035e-15
5726.07288271945 6.6525391718713934e-15
5730.120768257806 6.719428911090864e-15
5734.1686537961705 6.74715009139448e-15
5738.216539334536 6.701046266536654e-15
5742.264424872891 6.621835770726435e-15
5746.3123104112565 6.640665482479504e-15
5750.360195949612 6.6731745193486875e-15
5754.408081487977 6.663384380038813e-15
5758.4559670263425 6.711757757751987e-15
5762.503852564697 6.781863576482041e-15
5766.551738103063 6.77820398710063e-15
5770.5996236414285 6.731566185118318e-15
5774.647509179784 6.751935446432234e-15
5778.695394718149 6.758028830246795e-15
5782.743280256514 6.809022648333727e-15
5786.79116579487 6.783404797594095e-15
5790.839051333235 6.802254428005576e-15
5794.8869368716 6.79808847318639e-15
5798.934822409956 6.730018877566399e-15
5802.98270794832 6.7587221044237875e-15
5807.030593486676 6.780977300641434e-15
5811.078479025042 6.773784562483009e-15
5815.126364563406 6.789453637188267e-15
5819.174250101762 6.7596032796067456e-15
5823.222135640127 6.795059304683991e-15
5827.270021178492 6.812356085625937e-15
5831.3179067168485 6.728280617365156e-15
5835.365792255213 6.6781986466317286e-15
5839.413677793578 6.7466841650354185e-15
5843.4615633319345 6.813191679551942e-15
5847.509448870299 6.8230481534571946e-15
5851.557334408654 6.826117231331743e-15
5855.60521994702 6.834068255719824e-15
5859.653105485385 6.803227867190369e-15
5863.700991023749 6.9026295522954235e-15
5867.748876562106 6.923097546224556e-15
5871.796762100471 7.368094332601021e-15
5875.844647638825 7.97571909058207e-15
5879.892533177192 8.244440196834595e-15
5883.940418715556 8.155464157338135e-15
5887.988304253912 7.719651851441475e-15
5892.036189792278 7.2526034928029e-15
5896.084075330642 7.0687454638785754e-15
5900.131960868998 7.0236097391149144e-15
5904.179846407364 6.954956777114292e-15
5908.227731945718 6.849992876093626e-15
5912.275617484084 6.757457982162995e-15
5916.323503022449 6.723302000528774e-15
5920.371388560804 6.72588028792339e-15
5924.41927409917 6.680456284981068e-15
5928.467159637535 6.640580136867498e-15
5932.51504517589 6.6184241819741915e-15
5936.562930714255 6.55546815849094e-15
5940.610816252621 6.365562681873486e-15
5944.658701790977 6.183756462399437e-15
5948.706587329341 6.279206191251011e-15
5952.754472867697 6.393442515865054e-15
5956.802358406062 6.449439276386836e-15
5960.850243944427 6.451023865819182e-15
5964.898129482783 6.392846662351069e-15
5968.946015021148 6.37372871206455e-15
5972.993900559513 6.4013103046744235e-15
5977.041786097868 6.368298896395267e-15
5981.089671636234 6.369971889227382e-15
5985.137557174599 6.308105096148046e-15
5989.185442712954 6.2649102240153196e-15
5993.23332825132 6.289515878141194e-15
5997.281213789684 6.284011892914022e-15
6001.329099328041 6.2726045645875474e-15
6005.376984866406 6.200821877928393e-15
6009.42487040477 6.174386913515597e-15
6013.472755943127 6.1520013031577695e-15
6017.520641481491 6.14216140518979e-15
6021.568527019846 6.116959928020143e-15
6025.616412558213 6.072157021498651e-15
6029.664298096577 6.091147003597246e-15
6033.712183634932 6.085820456176681e-15
6037.760069173298 6.053690083926126e-15
6041.807954711663 6.051596701455774e-15
6045.855840250018 6.019083358959944e-15
6049.903725788384 5.986831304133481e-15
6053.951611326749 5.971285982087042e-15
6057.999496865104 5.972011611686293e-15
6062.04738240347 5.988484281956519e-15
6066.095267941825 5.966566801863645e-15
6070.14315348019 5.922428448850141e-15
6074.191039018556 5.9204396571990575e-15
6078.23892455691 5.908380642145445e-15
6082.286810095276 5.8848689421732155e-15
6086.334695633642 5.842260198685574e-15
6090.382581171996 5.860806266077499e-15
6094.430466710362 5.846543992479938e-15
6098.478352248727 5.8743868923565004e-15
6102.526237787082 5.863898090195627e-15
6106.574123325448 5.788428882906788e-15
6110.622008863813 5.783393147537525e-15
6114.669894402169 5.7952593489374576e-15
6118.717779940534 5.764020071905448e-15
6122.765665478899 5.7635547710944974e-15
6126.813551017255 5.762260723120388e-15
6130.86143655562 5.7272706668668854e-15
6134.909322093975 5.739849286853876e-15
6138.95720763234 5.7080647123749185e-15
6143.005093170706 5.703433350089756e-15
6147.052978709061 5.68891103924374e-15
6151.100864247426 5.735206838763135e-15
6155.148749785792 5.7311547057425934e-15
6159.196635324146 5.6891037616912746e-15
6163.244520862512 5.641936288752941e-15
6167.292406400878 5.6159858654064416e-15
6171.340291939233 5.650200235207989e-15
6175.388177477598 5.6466716178433675e-15
6179.436063015953 5.6087115329953554e-15
6183.483948554319 5.5976518859031505e-15
6187.531834092684 5.56334584889585e-15
6191.579719631039 5.530724905023095e-15
6195.627605169405 5.537612945094174e-15
6199.675490707769 5.4926674920815316e-15
6203.723376246125 5.503057085130288e-15
6207.771261784491 5.476667702687691e-15
6211.819147322855 5.4509149835291775e-15
6215.867032861211 5.4785096604974415e-15
6219.914918399576 5.439231747001462e-15
6223.962803937941 5.423275988354604e-15
6228.010689476298 5.468873038983145e-15
6232.058575014662 5.409306090489998e-15
6236.106460553027 5.365639618166164e-15
6240.154346091383 5.319456951826559e-15
6244.202231629748 5.256462557120884e-15
6248.250117168103 5.273814642346829e-15
6252.298002706469 5.249895507444024e-15
6256.345888244834 5.216321887696737e-15
6260.393773783188 5.1861916843805506e-15
6264.441659321555 5.2186980046274965e-15
6268.48954485992 5.190222000714261e-15
6272.537430398274 5.137163350034096e-15
6276.585315936641 5.135058636512651e-15
6280.633201474995 5.083012604631686e-15
6284.681087013361 5.056052830909669e-15
6288.728972551727 5.071604920512873e-15
6292.776858090091 5.05751864919481e-15
6296.824743628447 5.059902301741846e-15
6300.872629166812 5.053398288474794e-15
6304.920514705167 5.033046498007645e-15
6308.968400243533 5.053454705590217e-15
6313.016285781898 5.052506979584195e-15
6317.064171320253 5.062136356149766e-15
6321.112056858618 5.109537806280477e-15
6325.159942396984 5.0930482315191786e-15
6329.207827935339 5.080696957684747e-15
6333.255713473704 5.080386093631909e-15
6337.30359901206 5.092714295155654e-15
6341.351484550425 5.063262615127962e-15
6345.39937008879 5.070897672132039e-15
6349.447255627146 5.093013650379247e-15
6353.495141165511 5.101512240833276e-15
6357.543026703876 5.1088796048101925e-15
6361.590912242232 5.063605844026711e-15
6365.638797780597 5.046253274697557e-15
6369.686683318962 5.042449029216286e-15
6373.734568857317 5.061561926705493e-15
6377.782454395683 5.076014198318655e-15
6381.830339934038 5.042461621420396e-15
6385.878225472404 5.008217824136438e-15
6389.926111010769 5.000567020020867e-15
6393.9739965491235 5.004791273393981e-15
6398.02188208749 5.030144425989067e-15
6402.069767625854 5.013703041823896e-15
6406.1176531642095 5.025460902572458e-15
6410.165538702576 5.089573104776831e-15
6414.21342424094 5.094245194285607e-15
6418.2613097792955 5.122064865795142e-15
6422.309195317662 5.141708354152781e-15
6426.357080856026 5.179184301129363e-15
6430.4049663943815 5.175167806064407e-15
6434.452851932747 5.211233903257061e-15
6438.500737471102 5.278491497096751e-15
6442.548623009468 5.271051333721632e-15
6446.596508547833 5.2444812047871915e-15
6450.644394086188 5.328599983418401e-15
6454.6922796245535 5.360163841529456e-15
6458.740165162919 5.343309428940359e-15
6462.788050701274 5.361311734970799e-15
6466.8359362396395 5.34694621410813e-15
6470.883821778005 5.337506090844781e-15
6474.931707316359 5.349689085558676e-15
6478.9795928547255 5.386739023829591e-15
6483.027478393091 5.388189929692439e-15
6487.075363931445 5.364686260018049e-15
6491.1232494698115 5.36700728531505e-15
6495.171135008166 5.394844794421549e-15
6499.219020546532 5.398627791602221e-15
6503.2669060848975 5.438280827904759e-15
6507.314791623252 5.46409009974723e-15
6511.362677161618 5.508276798067413e-15
6515.410562699983 5.591194330260313e-15
6519.458448238338 5.602247755089831e-15
6523.506333776704 5.631688127457843e-15
6527.554219315069 5.766527231377549e-15
6531.602104853424 5.910469783859215e-15
6535.649990391789 6.10242239385858e-15
6539.697875930155 6.3391332662572995e-15
6543.74576146851 6.71714967845658e-15
6547.793647006875 7.325922730070856e-15
6551.841532545241 8.678458454460977e-15
6555.889418083596 1.217984817978694e-14
6559.937303621961 1.739674115653356e-14
6563.985189160317 2.1272883773778846e-14
6568.033074698682 2.1789093413396054e-14
6572.080960237047 1.857394618364276e-14
6576.128845775402 1.3120347153793089e-14
6580.176731313768 9.428951251893235e-15
6584.224616852133 7.953641605495574e-15
6588.272502390488 7.265852684741463e-15
6592.320387928854 6.786673566440388e-15
6596.368273467218 6.432063518397837e-15
6600.416159005574 6.181105024854068e-15
6604.46404454394 5.982233875022286e-15
6608.511930082304 5.840114839904464e-15
6612.559815620661 5.757811759389006e-15
6616.607701159025 5.636842227294129e-15
6620.65558669738 5.562949438155802e-15
6624.703472235747 5.473015186716917e-15
6628.751357774111 5.411648160529099e-15
6632.799243312466 5.3449312030416185e-15
6636.847128850832 5.29798754009685e-15
6640.895014389197 5.229140029637539e-15
6644.942899927552 5.181314529279128e-15
6648.990785465918 5.159380118841618e-15
6653.038671004273 5.1605460419099014e-15
6657.0865565426375 5.1817535960874365e-15
6661.134442081004 5.159840899665209e-15
6665.182327619359 5.126534851931297e-15
6669.230213157724 5.163501804996778e-15
6673.27809869609 5.263734242269143e-15
6677.325984234444 5.397484839279636e-15
6681.37386977281 5.480920087665572e-15
6685.421755311176 5.430242294749456e-15
6689.46964084953 5.220879564478483e-15
6693.517526387896 5.057156237582868e-15
6697.565411926261 4.971483344500855e-15
6701.613297464616 4.9086006804657206e-15
6705.661183002982 4.9043271565142906e-15
6709.709068541347 4.859000015280879e-15
6713.756954079702 4.823282944428227e-15
6717.8048396180675 4.802174844262762e-15
6721.852725156433 4.7446927321309836e-15
6725.900610694789 4.72017685507666e-15
6729.9484962331535 4.693204387191456e-15
6733.996381771509 4.654190360322287e-15
6738.044267309874 4.651761647854382e-15
6742.0921528482395 4.652336150661454e-15
6746.140038386595 4.601747972649821e-15
6750.18792392496 4.590162593162566e-15
6754.2358094633255 4.550036154728462e-15
6758.28369500168 4.51431931764723e-15
6762.331580540046 4.515664012979523e-15
6766.3794660784115 4.517136054819647e-15
6770.427351616766 4.510460234797069e-15
6774.475237155132 4.477398790354177e-15
6778.523122693487 4.4769146765386735e-15
6782.571008231853 4.499906206669102e-15
6786.618893770218 4.467684470294505e-15
6790.666779308573 4.4581807121287854e-15
6794.714664846939 4.442310735992007e-15
6798.762550385303 4.465123695075649e-15
6802.810435923659 4.437194335606182e-15
6806.858321462025 4.454193601964954e-15
6810.906207000379 4.469929075441075e-15
6814.954092538745 4.511138934472161e-15
6819.00197807711 4.541366444803056e-15
6823.049863615465 4.487237697799813e-15
6827.097749153831 4.401892018460744e-15
6831.145634692196 4.267991987025336e-15
6835.193520230551 4.2191371705585e-15
6839.241405768917 4.332172396994433e-15
6843.289291307282 4.4965431910577604e-15
6847.337176845637 4.5540329439857274e-15
6851.385062384003 4.509657135059965e-15
6855.432947922368 4.417331277580166e-15
6859.480833460722 4.398253050958275e-15
6863.528718999089 4.389913235862353e-15
6867.576604537444 4.4028451599719965e-15
6871.624490075808 4.422028863091386e-15
6875.672375614175 4.435058192878186e-15
6879.720261152529 4.432873019270072e-15
6883.768146690894 4.395448921966427e-15
6887.816032229261 4.385477818360421e-15
6891.863917767615 4.3679712177153315e-15
6895.911803305981 4.37949941267813e-15
6899.959688844346 4.40891104144056e-15
6904.007574382701 4.395123666902791e-15
6908.055459921067 4.357310182347136e-15
6912.103345459432 4.378828707942468e-15
6916.151230997787 4.371388148080593e-15
6920.199116536152 4.329718617483178e-15
6924.247002074518 4.312929246712286e-15
6928.294887612873 4.294526394730538e-15
6932.342773151238 4.279813698518251e-15
6936.390658689594 4.286592443674109e-15
6940.438544227959 4.266042738000842e-15
6944.486429766324 4.272431193221889e-15
6948.53431530468 4.2696501826371465e-15
6952.582200843045 4.199824938865602e-15
6956.63008638141 4.2304216484753625e-15
6960.677971919766 4.255628850495149e-15
6964.725857458131 4.269973136376593e-15
6968.773742996496 4.196609438908158e-15
6972.821628534851 4.1673059106550884e-15
6976.869514073217 4.147665160721021e-15
6980.9173996115815 4.170111165333906e-15
6984.965285149937 4.210715029206529e-15
6989.013170688303 4.177310794619224e-15
6993.0610562266575 4.147694775178489e-15
6997.108941765023 4.148094306339617e-15
7001.156827303388 4.155279213564194e-15
7005.2047128417435 4.1683388967728264e-15
7009.25259838011 4.1912664306591515e-15
7013.300483918474 4.199697948558603e-15
7017.3483694568295 4.147868127481787e-15
7021.396254995196 4.142430583716797e-15
7025.44414053356 4.164704975212364e-15
7029.4920260719155 4.167014131236116e-15
7033.539911610281 4.185491515713492e-15
7037.587797148646 4.206410778144918e-15
7041.6356826870015 4.218881494223418e-15
7045.683568225367 4.233791196010693e-15
7049.731453763722 4.252039912567096e-15
7053.779339302087 4.342687043397513e-15
7057.827224840453 4.489668804055163e-15
7061.875110378808 4.672872151165952e-15
7065.9229959171735 4.808879791232239e-15
7069.970881455539 4.8262528820004276e-15
7074.018766993893 4.6832655579779145e-15
7078.0666525322595 4.433556818801521e-15
7082.114538070625 4.2807053773992464e-15
7086.162423608979 4.21913454565837e-15
7090.2103091473455 4.155077966360634e-15
7094.2581946857 4.15195047285647e-15
7098.306080224065 4.189900246477945e-15
7102.3539657624315 4.134859323428826e-15
7106.401851300786 4.0726865330571746e-15
7110.449736839151 4.0481985148602825e-15
7114.497622377517 4.0588181890768555e-15
7118.545507915872 4.084920839499335e-15
7122.593393454238 4.057655811152421e-15
7126.641278992603 4.017057983459805e-15
7130.689164530958 4.033647076289842e-15
7134.737050069323 4.090771315440986e-15
7138.784935607689 4.136799028823663e-15
7142.832821146044 4.127975758688025e-15
7146.880706684409 4.0691227425709975e-15
7150.928592222765 4.0719290387341016e-15
7154.976477761129 4.095507676663799e-15
7159.024363299495 4.116226361193617e-15
7163.072248837851 4.1346884736544475e-15
7167.120134376215 4.041994632284553e-15
7171.168019914581 4.010205083573275e-15
7175.215905452936 4.00406951698555e-15
7179.263790991302 4.022129959947848e-15
7183.311676529657 4.001138475238884e-15
7187.359562068022 3.940765942387117e-15
7191.407447606388 3.918579798408199e-15
7195.455333144742 3.9786836904729485e-15
7199.503218683108 4.008472314010099e-15
7203.551104221474 3.981763522440508e-15
7207.598989759828 3.9514920225831655e-15
7211.646875298194 3.974795974540253e-15
7215.694760836559 3.980287796392934e-15
7219.742646374914 3.9418466061728356e-15
7223.79053191328 3.9560077992695556e-15
7227.838417451645 3.917506532934069e-15
7231.88630299 3.896941150220409e-15
7235.934188528366 3.93179606111347e-15
7239.982074066731 3.9434476362126246e-15
7244.029959605086 3.904375148461782e-15
7248.077845143452 3.847012218254888e-15
7252.125730681807 3.837099957417637e-15
7256.173616220171 3.919414423651986e-15
7260.221501758538 3.947399957346413e-15
7264.269387296893 3.917898497074912e-15
7268.317272835257 3.9027792172619364e-15
7272.365158373624 3.924468844160971e-15
7276.413043911978 3.98233136059018e-15
7280.460929450343 4.025402226787546e-15
7284.50881498871 4.014048160260894e-15
7288.556700527064 3.900667130203607e-15
7292.60458606543 3.848553087132486e-15
7296.652471603795 3.874410058445476e-15
7300.70035714215 3.876548972579605e-15
7304.748242680516 3.794650004627308e-15
7308.796128218871 3.769637935005312e-15
7312.844013757236 3.781540802024932e-15
7316.891899295601 3.805890519880005e-15
7320.939784833957 3.786071829314067e-15
7324.987670372322 3.739816631478625e-15
7329.035555910687 3.731145240563875e-15
7333.083441449043 3.779080566973168e-15
7337.131326987408 3.777460327932733e-15
7341.179212525773 3.739841126924096e-15
7345.227098064129 3.689185367715612e-15
7349.274983602494 3.672877630761701e-15
7353.322869140859 3.74870796337078e-15
7357.370754679214 3.687179838802675e-15
7361.41864021758 3.657155439227129e-15
7365.466525755935 3.657719352307077e-15
7369.5144112943 3.712528144833268e-15
7373.562296832666 3.6927835953409774e-15
7377.6101823710205 3.6208127890806395e-15
7381.658067909386 3.6144150496841655e-15
7385.705953447752 3.67760342048369e-15
7389.7538389861065 3.6948345213832164e-15
7393.801724524473 3.662794553034243e-15
7397.849610062837 3.624100450607669e-15
7401.8974956011925 3.586577515970203e-15
7405.945381139559 3.631184101247214e-15
7409.993266677913 3.697284805997943e-15
7414.0411522162785 3.630504598925948e-15
7418.089037754644 3.603808636126182e-15
7422.136923292999 3.633175964408105e-15
7426.1848088313645 3.664868626708719e-15
7430.23269436973 3.638651726079034e-15
7434.280579908085 3.585926816613882e-15
7438.32846544645 3.59432878572997e-15
7442.376350984816 3.627019817686625e-15
7446.424236523171 3.623680727789389e-15
7450.4721220615365 3.560807896700377e-15
7454.520007599902 3.5393245795162094e-15
7458.567893138256 3.55306377468589e-15
7462.6157786766225 3.555992626255459e-15
7466.663664214988 3.5808929686122035e-15
7470.711549753342 3.546880573125736e-15
7474.7594352917085 3.555747367521169e-15
7478.807320830064 3.5305792243909884e-15
7482.855206368428 3.540828094842148e-15
7486.9030919067945 3.573965167240891e-15
7490.950977445149 3.554690329920242e-15
7494.998862983514 3.562227380303356e-15
7499.04674852188 3.5398857334260584e-15
7503.094634060235 3.4958439365387202e-15
7507.142519598601 3.522817824300489e-15
7511.190405136966 3.554761867791602e-15
7515.238290675321 3.5438711745722196e-15
7519.286176213686 3.5130847362579667e-15
7523.334061752052 3.4628366973770062e-15
7527.381947290407 3.4440146639458516e-15
7531.429832828772 3.4770719233882345e-15
7535.477718367128 3.489747853449859e-15
7539.525603905493 3.5166857399974294e-15
7543.573489443858 3.5458964461630738e-15
7547.621374982214 3.4118716183013762e-15
7551.669260520578 3.0898941118113704e-15
7555.717146058944 2.6805071578988086e-15
7559.7650315973 2.3931732082683667e-15
7563.812917135665 2.5871048877321476e-15
7567.86080267403 3.5331878200444374e-15
7571.908688212385 4.1965005725027316e-15
7575.956573750751 4.018855092248685e-15
7580.004459289106 3.785196687306741e-15
7584.052344827471 3.3691380299703677e-15
7588.100230365837 3.112391517307134e-15
7592.148115904191 3.203462740316023e-15
7596.196001442557 3.3630436785650936e-15
7600.243886980923 3.441907503626548e-15
7604.291772519277 3.464080812384639e-15
7608.339658057643 3.467819706767812e-15
7612.387543596008 3.491873701507773e-15
7616.435429134363 3.499454224290484e-15
7620.48331467273 3.4602971935856157e-15
7624.531200211084 3.4451933994968137e-15
7628.579085749449 3.408361744039968e-15
7632.626971287815 3.3687483865058673e-15
7636.67485682618 3.3744507064914095e-15
7640.722742364535 3.3835924662298383e-15
7644.770627902901 3.3594420494310676e-15
7648.818513441256 3.3878247808709823e-15
7652.8663989796205 3.4211366577610534e-15
7656.914284517987 3.4268466768899564e-15
7660.962170056342 3.4177708140416896e-15
7665.0100555947065 3.3526587686287505e-15
7669.057941133073 3.355867111376456e-15
7673.105826671427 3.3426682999802582e-15
7677.153712209793 3.268607660258947e-15
7681.201597748149 3.3183483311512004e-15
7685.249483286513 3.3628813872301477e-15
7689.297368824879 3.3164103768436217e-15
7693.345254363234 3.3107796662404477e-15
7697.393139901599 3.344278766897028e-15
7701.441025439965 3.3192312509182643e-15
7705.48891097832 3.3561864463234657e-15
7709.536796516685 3.306027219027919e-15
7713.5846820550505 3.2461378099309036e-15
7717.632567593406 3.335956892271764e-15
7721.680453131771 3.3518586290026205e-15
7725.7283386701265 3.3227106719973968e-15
7729.776224208492 3.267388903021742e-15
7733.824109746857 3.264814215106309e-15
7737.8719952852125 3.3065032698157156e-15
7741.919880823578 3.3145031024780247e-15
7745.967766361943 3.3211821790669472e-15
7750.0156519002985 3.325925447775624e-15
7754.063537438663 3.287649236243372e-15
7758.111422977029 3.280537190170767e-15
7762.1593085153845 3.284459224243048e-15
7766.207194053749 3.2888678436155315e-15
7770.255079592115 3.2803007249017067e-15
7774.30296513047 3.2721452195371633e-15
7778.350850668835 3.273392949431808e-15
7782.398736207191 3.267267621049057e-15
7786.446621745556 3.2891837584821808e-15
7790.494507283922 3.2796739814786263e-15
7794.542392822276 3.234771271386458e-15
7798.590278360642 3.1966790496413194e-15
7802.638163899008 3.189756677717276e-15
7806.686049437362 3.2372595442914875e-15
7810.733934975728 3.1957345665194462e-15
7814.781820514093 3.2277568938119356e-15
7818.829706052448 3.2309452650956145e-15
7822.877591590814 3.2454424536848242e-15
7826.925477129179 3.1686224678652183e-15
7830.973362667534 3.14733363088711e-15
7835.021248205899 3.149824386830474e-15
7839.069133744265 3.1742402281941227e-15
7843.11701928262 3.209535970139136e-15
7847.164904820986 3.2274599355722135e-15
7851.212790359341 3.2452920200233226e-15
7855.260675897705 3.2306006367615634e-15
7859.308561436072 3.171193955243663e-15
7863.356446974427 3.1600467001962678e-15
7867.404332512791 3.178547575383861e-15
7871.452218051158 3.2324562762523127e-15
7875.500103589512 3.2462648942524103e-15
7879.547989127877 3.2450904131207976e-15
7883.595874666244 3.1931481828472985e-15
7887.643760204598 3.138224480973089e-15
7891.691645742963 3.1475428140727064e-15
7895.739531281319 3.173632814967807e-15
7899.787416819684 3.2011928845891598e-15
7903.83530235805 3.1937980422979123e-15
7907.883187896405 3.1680623446486623e-15
7911.93107343477 3.1650771708349764e-15
7915.978958973135 3.1431600660265648e-15
7920.026844511491 3.1306903251588067e-15
7924.074730049856 3.131338669636202e-15
7928.122615588221 3.126321287565784e-15
7932.170501126577 3.1270702274356563e-15
7936.218386664941 3.102138759855904e-15
7940.266272203307 3.1126024140395355e-15
7944.314157741663 3.1690929289213773e-15
7948.362043280027 3.121566288685959e-15
7952.409928818393 3.0711211406259125e-15
7956.457814356748 3.0709368471654965e-15
7960.505699895114 3.044734633790427e-15
7964.553585433469 3.065033286532376e-15
7968.601470971834 3.0908020482548595e-15
7972.6493565102 3.062844427339688e-15
7976.6972420485545 3.0478928906841923e-15
7980.74512758692 3.0335357594718154e-15
7984.793013125286 3.039870014694275e-15
7988.8408986636405 3.0598499265133155e-15
7992.888784202006 3.0578684817675963e-15
7996.936669740362 3.0772401886750216e-15
8000.9845552787265 3.072090364236993e-15
8005.032440817092 3.0112097072017356e-15
8009.080326355447 3.0221731686807226e-15
8013.1282118938125 3.0171679727607943e-15
8017.176097432178 2.97667385070717e-15
8021.223982970533 2.9551340506735216e-15
8025.2718685088985 2.9456616462171263e-15
8029.319754047264 2.9783003296657646e-15
8033.367639585619 3.0062956919059897e-15
8037.415525123984 2.981188906355869e-15
8041.46341066234 2.928027886105593e-15
8045.511296200705 2.9153602795878076e-15
8049.55918173907 2.9230897213261402e-15
8053.607067277426 2.9321223708662876e-15
8057.654952815791 2.9337918207687153e-15
8061.702838354156 2.903821283118026e-15
8065.750723892522 2.9400672536450767e-15
8069.798609430876 2.874415161573134e-15
8073.8464949692425 2.7423589832549167e-15
8077.894380507598 2.903354042011174e-15
8081.942266045962 2.8893561373479175e-15
8085.9901515843285 2.888462754666683e-15
8090.038037122683 2.9073668178611073e-15
8094.085922661048 2.887164141608467e-15
8098.133808199414 2.876965063894496e-15
8102.181693737769 2.9311209141017722e-15
8106.229579276134 2.948917850938886e-15
8110.27746481449 2.946798117248496e-15
8114.325350352855 2.986113218948923e-15
8118.37323589122 2.929986891713164e-15
8122.421121429576 2.9239456259521446e-15
8126.469006967941 2.9328095372658492e-15
8130.516892506306 2.929136827610452e-15
8134.564778044662 2.8793922633984554e-15
8138.612663583027 2.858617659902835e-15
8142.660549121392 2.8891956242886195e-15
8146.708434659748 2.89575786146578e-15
8150.756320198112 2.8917892801476493e-15
8154.804205736478 2.8617910578663578e-15
8158.852091274834 2.8227425025260424e-15
8162.899976813199 2.8204465370520064e-15
8166.947862351554 2.827370505530104e-15
8170.99574788992 2.784638857060498e-15
8175.043633428284 2.7536128785436836e-15
8179.091518966639 2.7812044506560087e-15
8183.139404505005 2.8505882820628156e-15
8187.187290043371 2.909649250771458e-15
8191.235175581725 2.9012179023493783e-15
8195.283061120092 2.8790200061194906e-15
8199.330946658456 2.859234867620801e-15
8203.378832196813 2.814755072999109e-15
8207.426717735176 2.76964013030705e-15
8211.474603273542 2.8126729995445076e-15
8215.522488811897 2.804796924064527e-15
8219.570374350264 2.7873717025217464e-15
8223.618259888619 2.8585590336463425e-15
8227.666145426983 2.8485770559043525e-15
8231.714030965348 2.814528617649156e-15
8235.761916503703 2.834054554215493e-15
8239.80980204207 2.830458619199858e-15
8243.857687580436 2.845820100830131e-15
8247.90557311879 2.829229450428537e-15
8251.953458657155 2.7857089977891083e-15
8256.00134419552 2.7828860418380448e-15
8260.049229733877 2.775598794624223e-15
8264.097115272241 2.7412633575653213e-15
8268.145000810606 2.722583441620064e-15
8272.192886348961 2.720034982300233e-15
8276.240771887327 2.7536124099275725e-15
8280.288657425683 2.7678272412608774e-15
8284.336542964049 2.736093533449073e-15
8288.384428502412 2.7329362064411176e-15
8292.432314040767 2.7325776752025763e-15
8296.480199579133 2.7320086435563907e-15
8300.5280851175 2.712035237456333e-15
8304.575970655855 2.7350576293727013e-15
8308.62385619422 2.649662216513087e-15
8312.671741732584 2.6792281849297037e-15
8316.71962727094 2.6926022778769737e-15
8320.767512809305 2.6897112438308847e-15
8324.815398347671 2.6346598062892044e-15
8328.863283886025 2.691180292502045e-15
8332.911169424391 2.6978085751028878e-15
8336.959054962746 2.6866263863817474e-15
8341.006940501113 2.6904030973232935e-15
8345.054826039477 2.607352185106371e-15
8349.10271157783 2.5884133370447594e-15
8353.150597116197 2.6744979332840307e-15
8357.198482654552 2.6342344162189978e-15
8361.246368192918 2.608536268616266e-15
8365.294253731285 2.643199441728517e-15
8369.342139269647 2.647990296263111e-15
8373.390024808004 2.6671733772532696e-15
8377.437910346369 2.6828165004641266e-15
8381.485795884724 2.6490495504642312e-15
8385.53368142309 2.5931501049184652e-15
8389.581566961455 2.5357106221421757e-15
8393.62945249981 2.5370389434242043e-15
8397.677338038176 2.5934903372613903e-15
8401.72522357654 2.595110498997252e-15
8405.773109114896 2.581815626489875e-15
8409.82099465326 2.6190696403998095e-15
8413.868880191627 2.6316123336306512e-15
8417.916765729982 2.6002211112905355e-15
8421.964651268348 2.56085912272377e-15
8426.012536806713 2.5663186349792594e-15
8430.060422345068 2.58322303575451e-15
8434.108307883433 2.5807030931095052e-15
8438.156193421799 2.6203822827134644e-15
8442.204078960154 2.6674287950526374e-15
8446.25196449852 2.6624546073664428e-15
8450.299850036883 2.6339854741224467e-15
8454.34773557524 2.648217376946011e-15
8458.395621113605 2.5860870734179106e-15
8462.44350665196 2.5901264106395074e-15
8466.491392190326 2.6362975490908594e-15
8470.53927772869 2.577177928109513e-15
8474.587163267046 2.5598341529180676e-15
8478.635048805412 2.528090216339537e-15
8482.682934343768 2.4955247112993047e-15
8486.730819882134 2.4808641198044133e-15
8490.778705420496 2.477647719508207e-15
8494.826590958852 2.5253287071528154e-15
8498.874476497218 2.594991584509885e-15
8502.922362035584 2.5636399942752636e-15
8506.97024757394 2.559241730002946e-15
8511.018133112304 2.5501294291161164e-15
8515.066018650668 2.4611981661357414e-15
8519.113904189024 2.462010441256035e-15
8523.16178972739 2.45836445531108e-15
8527.209675265756 2.407477692668106e-15
8531.25756080411 2.4292599529579728e-15
8535.305446342476 2.4325917657218665e-15
8539.353331880831 2.470113603400807e-15
8543.401217419198 2.5379253436285963e-15
8547.449102957562 2.5661755543512134e-15
8551.496988495916 2.5712230525971627e-15
8555.544874034282 2.510221467997731e-15
8559.592759572648 2.472165385866148e-15
8563.640645111003 2.4251446206899265e-15
8567.68853064937 2.4385785093909707e-15
8571.736416187732 2.4179222151006027e-15
8575.784301726088 2.4420522475245635e-15
8579.832187264454 2.430254167853878e-15
8583.880072802809 2.4220518459950148e-15
8587.927958341175 2.4489149999856866e-15
8591.97584387954 2.4785940265675183e-15
8596.023729417895 2.4934198405411975e-15
8600.071614956261 2.474487991192723e-15
8604.119500494626 2.4368096790341596e-15
8608.167386032981 2.4215003979189344e-15
8612.215271571346 2.434317765582254e-15
8616.263157109712 2.3905849804311766e-15
8620.311042648067 2.377549055539414e-15
8624.358928186433 2.3908510510919563e-15
8628.406813724798 2.4134168811438383e-15
8632.454699263151 2.4355171140522025e-15
8636.502584801518 2.408932911886839e-15
8640.550470339873 2.3637027770109145e-15
8644.598355878239 2.354579760933904e-15
8648.646241416605 2.382824993088781e-15
8652.694126954959 2.366864400621293e-15
8656.742012493325 2.3434343158721318e-15
8660.78989803169 2.4001828607232673e-15
8664.837783570045 2.45614822714453e-15
8668.885669108411 2.5082385096834082e-15
8672.933554646776 2.4777399280024878e-15
8676.98144018513 2.3875715513488918e-15
8681.029325723497 2.3694859892843376e-15
8685.077211261862 2.356902605920571e-15
8689.125096800217 2.3029085340249948e-15
8693.172982338581 2.2818547988139166e-15
8697.220867876937 2.30365172680414e-15
8701.268753415303 2.3124566747382314e-15
8705.31663895367 2.311658491302492e-15
8709.364524492024 2.373557818194977e-15
8713.412410030389 2.3702729810274377e-15
8717.460295568753 2.289585022787282e-15
8721.508181107109 2.241433236194164e-15
8725.556066645475 2.3239473544447018e-15
8729.603952183841 2.3246799418211053e-15
8733.651837722195 2.2829616650932363e-15
8737.69972326056 2.291799926579018e-15
8741.747608798925 2.28636901817232e-15
8745.79549433728 2.2953686725913003e-15
8749.843379875647 2.345947427590015e-15
8753.891265414011 2.4079117455868516e-15
8757.939150952367 2.409059047075981e-15
8761.987036490733 2.3286826109182543e-15
8766.034922029088 2.2292976654584424e-15
8770.082807567454 2.1570746740516706e-15
8774.130693105817 2.1615304627364084e-15
8778.178578644172 2.1923471710977815e-15
8782.226464182539 2.1814084961118635e-15
8786.274349720905 2.173661417224953e-15
8790.32223525926 2.1398815654048273e-15
8794.370120797625 2.1374643128958688e-15
8798.418006335989 2.181289694223736e-15
8802.465891874344 2.20933405950301e-15
8806.51377741271 2.2532862412154527e-15
8810.561662951066 2.2435672633158837e-15
8814.60954848943 2.1863690544813944e-15
8818.657434027797 2.1432617309005996e-15
8822.705319566152 2.1711365809811823e-15
8826.753205104518 2.2005217821710862e-15
8830.801090642883 2.1533954887006158e-15
8834.848976181238 2.1534723417297375e-15
8838.896861719602 2.1587532388642833e-15
8842.944747257958 2.1489915651893226e-15
8846.992632796324 2.1907134900883025e-15
8851.04051833469 2.1972401572147165e-15
8855.088403873053 2.219576132774494e-15
8859.136289411408 2.271963025737047e-15
8863.184174949774 2.28437589287189e-15
8867.23206048814 2.261280195478328e-15
8871.279946026496 2.292006592101429e-15
8875.32783156486 2.2528103261213693e-15
8879.375717103216 2.14689842607611e-15
8883.423602641582 2.1237711662657892e-15
8887.471488179946 2.126432555516667e-15
8891.519373718302 2.0985824727540355e-15
8895.567259256668 2.1172917217229198e-15
8899.615144795032 2.1441854598728765e-15
8903.663030333388 2.135436054220249e-15
8907.710915871754 2.1766213983438098e-15
8911.758801410118 2.199247971601091e-15
8915.806686948474 2.1531784315937553e-15
8919.854572486838 2.123849868296146e-15
8923.902458025193 2.1058926741896232e-15
8927.95034356356 2.1070581017433095e-15
8931.998229101926 2.119986455210524e-15
8936.046114640281 2.120305817720862e-15
8940.094000178646 2.0604565173488253e-15
8944.14188571701 2.1300398026527367e-15
8948.189771255365 2.147256713688882e-15
8952.237656793732 2.1813508018484807e-15
8956.285542332087 2.132817953058079e-15
8960.333427870451 2.121169077596617e-15
8964.381313408818 2.1048752419346033e-15
8968.429198947173 2.148593899002724e-15
8972.477084485537 2.108802335430547e-15
8976.524970023904 2.0768982478396395e-15
8980.572855562257 2.064908031359334e-15
8984.620741100623 2.0638019068887714e-15
8988.66862663899 2.09902400258367e-15
8992.716512177345 2.0732776187242203e-15
8996.764397715711 2.048668959192963e-15
9000.812283254074 2.06769646553201e-15
9004.86016879243 2.0672098810824374e-15
9008.908054330795 2.1187397782759108e-15
9012.955939869162 2.22550103319547e-15
9017.003825407517 2.268922667063085e-15
9021.051710945881 2.2360833557211443e-15
9025.099596484237 2.1912156625710016e-15
9029.147482022601 2.1499733409824027e-15
9033.195367560967 2.10388280435367e-15
9037.243253099323 2.0640650502668217e-15
9041.291138637687 2.014062117572513e-15
9045.339024176053 2.0172025195362583e-15
9049.386909714409 2.0514375173767887e-15
9053.434795252775 2.0480381363821383e-15
9057.48268079114 2.066426937824889e-15
9061.530566329493 2.034862461820544e-15
9065.57845186786 2.048218830022321e-15
9069.626337406226 2.0649335570524445e-15
9073.67422294458 2.0368190956995267e-15
9077.722108482947 2.065070847020732e-15
9081.7699940213 2.028770708975035e-15
9085.817879559665 2.0231770298424337e-15
9089.865765098031 2.055975917913598e-15
9093.913650636387 2.032814526080691e-15
9097.961536174753 1.999172682185983e-15
9102.009421713117 2.025317509871486e-15
9106.057307251473 2.1097785751857282e-15
9110.105192789839 2.0755552922546566e-15
9114.153078328203 2.0080787852293147e-15
9118.200963866559 1.997759954463521e-15
9122.248849404923 1.9975957971511286e-15
9126.29673494329 2.0107185867155783e-15
9130.344620481645 2.0299008277995786e-15
9134.39250602001 1.9786199869463875e-15
9138.440391558366 1.932231654609911e-15
9142.488277096729 1.9149881775718943e-15
9146.536162635095 1.8611624674694884e-15
9150.58404817345 1.85079752624412e-15
9154.631933711817 1.8674795575318197e-15
9158.679819250183 1.8911926937317816e-15
9162.727704788536 1.9175202863148126e-15
9166.775590326903 1.9234055835108324e-15
9170.823475865267 1.9446999109010537e-15
9174.871361403622 1.9260207873565827e-15
9178.919246941989 1.9139118379331344e-15
9182.967132480353 1.9817646396649223e-15
9187.015018018708 1.99834480246659e-15
9191.062903557075 1.9257786884584938e-15
9195.11078909543 1.8802354582252132e-15
9199.158674633794 1.93047126086866e-15
9203.206560172159 1.9628294639001706e-15
9207.254445710514 1.9408597744502604e-15
9211.30233124888 1.9610981057519018e-15
9215.350216787247 1.9760663988506447e-15
9219.398102325602 2.0353068596770274e-15
9223.445987863966 2.1882638063023453e-15
9227.49387340233 2.1935064223976416e-15
9231.541758940686 2.225909063361047e-15
9235.589644479052 2.2297019171654157e-15
9239.637530017419 2.0846367638094843e-15
9243.685415555772 2.0439880338129366e-15
9247.733301094138 2.01581105405684e-15
9251.781186632494 1.959896562905557e-15
9255.829072170858 1.9408357946282226e-15
9259.876957709224 1.828610851422155e-15
9263.924843247578 1.8021452485801916e-15
9267.972728785944 1.9416020614412227e-15
9272.0206143243 1.967334179368407e-15
9276.068499862666 1.9329589113465492e-15
9280.116385401032 1.9576187116393834e-15
9284.164270939395 1.923442092497334e-15
9288.21215647775 1.929209318723974e-15
9292.260042016116 2.0276357122794226e-15
9296.307927554471 1.9803538370424895e-15
9300.355813092838 1.9005672178072808e-15
9304.403698631202 1.962482840905411e-15
9308.451584169557 1.9905864222147476e-15
9312.499469707922 2.0080230352624107e-15
9316.547355246288 1.964497421937188e-15
9320.595240784643 1.9051852743541593e-15
9324.643126323008 1.950441133412098e-15
9328.691011861374 1.9859999320862996e-15
9332.73889739973 1.969400599071345e-15
9336.786782938096 1.906727078844612e-15
9340.834668476451 1.880400608173453e-15
9344.882554014814 1.8683535088630805e-15
9348.93043955318 1.8416659812885808e-15
9352.978325091546 1.763940066958516e-15
9357.026210629901 1.7758996858000211e-15
9361.074096168268 1.804021346387404e-15
9365.12198170663 1.80098777810627e-15
9369.169867244986 1.793797549747473e-15
9373.217752783352 1.7725587427151792e-15
9377.265638321707 1.7410620193506223e-15
9381.313523860073 1.7173649552964668e-15
9385.361409398438 1.7778837269575135e-15
9389.409294936793 1.8397860716478584e-15
9393.45718047516 1.8599869969723497e-15
9397.505066013515 1.8895197789541874e-15
9401.55295155188 1.8035833004001535e-15
9405.600837090244 1.7587678500697144e-15
9409.648722628599 1.8339022483778843e-15
9413.696608166965 1.8348249823075637e-15
9417.744493705331 1.8520430673378207e-15
9421.792379243687 1.854435064489963e-15
9425.84026478205 1.878646563343283e-15
9429.888150320416 1.9335395472063958e-15
9433.936035858771 1.8398073498118183e-15
9437.983921397137 1.841912003347481e-15
9442.031806935503 1.8077437243075077e-15
9446.079692473857 1.7721677644312642e-15
9450.127578012223 1.7078764101575319e-15
9454.175463550579 1.7375143286070857e-15
9458.223349088943 1.8009289588660074e-15
9462.27123462731 1.8182014116885713e-15
9466.319120165663 1.790969456850305e-15
9470.367005704029 1.811711902249282e-15
9474.414891242395 1.834715558553613e-15
9478.46277678075 1.837237121748722e-15
9482.510662319115 1.7338142781899526e-15
9486.55854785748 1.7582986058911975e-15
9490.606433395835 1.8112098658617186e-15
9494.654318934201 1.731439627489581e-15
9498.702204472567 1.7071754757860491e-15
9502.750090010923 1.7654028992220363e-15
9506.797975549287 1.800467956343131e-15
9510.845861087642 1.7756167624207438e-15
9514.893746626007 1.744067141337381e-15
9518.941632164373 1.791582781446462e-15
9522.989517702728 1.8260253701339054e-15
9527.037403241093 1.7964155789551645e-15
9531.085288779459 1.8064853543892824e-15
9535.133174317814 1.7916846267574885e-15
9539.181059856179 1.8117805839577364e-15
9543.228945394545 2.082718863907665e-15
9547.276830932899 2.280081383929992e-15
9551.324716471265 2.238246179891118e-15
9555.37260200962 2.1232627715630533e-15
9559.420487547986 1.90924123846106e-15
9563.468373086353 1.803288115048938e-15
9567.516258624706 1.806382698173734e-15
9571.56414416307 1.835091175033073e-15
9575.612029701437 1.7832285036794037e-15
9579.659915239792 1.6764454094033104e-15
9583.707800778158 1.785793309205039e-15
9587.755686316523 1.7349354764902921e-15
9591.803571854878 1.7074232246380675e-15
9595.851457393243 1.673043278499465e-15
9599.899342931609 1.7452439584747722e-15
9603.947228469964 1.790119936464945e-15
9607.995114008329 1.7460768177178415e-15
9612.042999546695 1.7949617520393746e-15
9616.09088508505 1.7997894364072605e-15
9620.138770623416 1.7465550911504152e-15
9624.186656161772 1.6996904875883934e-15
9628.234541700134 1.700871667519138e-15
9632.2824272385 1.7338195874456598e-15
9636.330312776856 1.755876809490289e-15
9640.378198315222 1.7266108985505206e-15
9644.426083853588 1.6787324131561111e-15
9648.473969391942 1.7192765545669775e-15
9652.521854930306 1.6567358703608308e-15
9656.569740468673 1.645570894551605e-15
9660.617626007028 1.776701999454971e-15
9664.665511545394 1.7428955835094142e-15
9668.713397083759 1.693937898808505e-15
9672.761282622114 1.6183370610039384e-15
9676.80916816048 1.6706012929328615e-15
9680.857053698835 1.7344434235170634e-15
9684.9049392372 1.7058118062069003e-15
9688.952824775564 1.6538392778197058e-15
9693.00071031392 1.7011327805638951e-15
9697.048595852286 1.7513044698077276e-15
9701.096481390652 1.6909669675424584e-15
9705.144366929007 1.8175032952532494e-15
9709.19225246737 1.7432772948650954e-15
9713.240138005736 1.7644311519682328e-15
9717.288023544092 1.7623035029938001e-15
9721.335909082458 1.7847561530225593e-15
9725.383794620824 1.7871549249027348e-15
9729.431680159178 1.8171364736728863e-15
9733.479565697544 1.789829122250707e-15
9737.5274512359 1.7695393878577505e-15
9741.575336774264 1.8151482853994313e-15
9745.62322231263 1.7460124645859487e-15
9749.671107850983 1.6839413207164193e-15
9753.71899338935 1.6776533389380656e-15
9757.766878927705 1.678691587304024e-15
9761.814764466071 1.7666972526632096e-15
9765.862650004436 1.7415682902646334e-15
9769.910535542791 1.5603122474224916e-15
9773.958421081155 1.4577324095246386e-15
9778.006306619522 1.5169624751951895e-15
9782.054192157888 1.6926402055794933e-15
9786.102077696243 1.7165217556726562e-15
9790.149963234608 1.6076295940957551e-15
9794.197848772963 1.5833229551570497e-15
9798.245734311327 1.5509055322431654e-15
9802.293619849694 1.5664344504838112e-15
9806.341505388049 1.602444172176142e-15
9810.389390926413 1.802796641808684e-15
9814.43727646478 1.7411782895423506e-15
9818.485162003135 1.5740396901203771e-15
9822.5330475415 1.5906439514357016e-15
9826.580933079866 1.6459196884799981e-15
9830.62881861822 1.7015865936478493e-15
9834.676704156585 1.637981953337207e-15
9838.72458969494 1.635074508506562e-15
9842.772475233307 1.6106909369965825e-15
9846.820360771673 1.6660087405369002e-15
9850.868246310027 1.5875693498691187e-15
9854.916131848391 1.5718818547557435e-15
9858.964017386757 1.5614697709628355e-15
9863.011902925113 1.480283492421229e-15
9867.059788463479 1.4887197978280536e-15
9871.107674001834 1.5463322957893313e-15
9875.155559540199 1.60376174136172e-15
9879.203445078563 1.5974959102562904e-15
9883.25133061692 1.5226422899769043e-15
9887.299216155285 1.5444711895630926e-15
9891.34710169365 1.6031789725411004e-15
9895.394987232004 1.6153761414935672e-15
9899.44287277037 1.6199492297811733e-15
9903.490758308737 1.5269133349941476e-15
9907.538643847092 1.4839533797495964e-15
9911.586529385455 1.4796725933003228e-15
9915.634414923821 1.4020225327513962e-15
9919.682300462176 1.4119972776022344e-15
9923.730186000543 1.485289780851886e-15
9927.778071538909 1.5129466763816955e-15
9931.825957077263 1.4817832393495398e-15
9935.873842615627 1.4802550592950907e-15
