3379.39785430345 1.3960480339840217e-15
3382.3802588864264 1.1894965832483919e-15
3385.3626634694024 6.767684087948282e-16
3388.345068052379 8.574683585222632e-16
3391.3274726353548 1.3507050942058674e-15
3394.3098772183407 1.4769493916587189e-15
3397.292281801317 1.3241707609389256e-15
3400.274686384293 1.5737436106990603e-15
3403.257090967269 1.4597434707957827e-15
3406.2394955502455 1.5235523605370706e-15
3409.2219001332214 1.6457367004488305e-15
3412.2043047161974 1.6960219054044087e-15
3415.186709299174 1.3350885287032523e-15
3418.1691138821498 1.2084102232991133e-15
3421.1515184651257 1.2507085291147261e-15
3424.133923048112 1.6538867746325284e-15
3427.116327631088 2.0451954187538355e-15
3430.098732214064 2.04666146162782e-15
3433.0811367970405 2.0663440008822802e-15
3436.0635413800164 1.5816484577771525e-15
3439.045945962993 1.4004149755995541e-15
3442.028350545969 1.6200688675769586e-15
3445.0107551289448 1.5954525226149e-15
3447.993159711921 1.2838854783251482e-15
3450.975564294897 1.408291043515363e-15
3453.957968877873 1.616619853198631e-15
3456.9403734608595 1.740969859270455e-15
3459.9227780438355 1.7155058835136818e-15
3462.9051826268114 1.6749592113168964e-15
3465.887587209788 1.599979678361365e-15
3468.8699917927643 1.5286938353119757e-15
3471.8523963757398 1.5671123685227815e-15
3474.834800958716 1.3129812720304129e-15
3477.8172055416926 1.2143744289862935e-15
3480.799610124668 1.4317464585083824e-15
3483.7820147076545 1.5038517704281598e-15
3486.764419290631 1.4280474462034531e-15
3489.746823873607 1.2685391052817396e-15
3492.729228456583 1.4778062087170396e-15
3495.7116330395593 1.3780439758429877e-15
3498.6940376225352 1.1441404270616099e-15
3501.676442205511 1.1065834040636816e-15
3504.6588467884876 1.4164797982311204e-15
3507.6412513714636 1.5440150967844342e-15
3510.62365595444 1.5204726592320616e-15
3513.606060537416 1.229099540066317e-15
3516.588465120402 1.0557502733851607e-15
3519.5708697033783 1.1168410453439158e-15
3522.553274286354 9.702213043558483e-16
3525.5356788693302 9.535542795822817e-16
3528.5180834523067 1.2072584420962828e-15
3531.500488035282 1.4310134640887295e-15
3534.4828926182586 1.3415552088344244e-15
3537.465297201235 1.2788493625822044e-15
3540.447701784211 1.3914428117605349e-15
3543.430106367197 1.3502728696843573e-15
3546.4125109501733 1.2098933608339567e-15
3549.3949155331493 1.2123216587770394e-15
3552.3773201161252 1.363842576928226e-15
3555.3597246991017 1.4113863520923975e-15
3558.3421292820776 1.3478466846750408e-15
3561.324533865054 1.3534250657193728e-15
3564.30693844803 1.3476815359840483e-15
3567.289343031006 1.241467632190534e-15
3570.2717476139824 1.393931920064996e-15
3573.2541521969683 1.4688239196178162e-15
3576.2365567799443 1.2883479183179167e-15
3579.2189613629207 1.2398083863596535e-15
3582.2013659458967 1.3057452796205015e-15
3585.1837705288726 1.284031986241235e-15
3588.166175111849 1.2193887074407987e-15
3591.1485796948255 1.0969459745721025e-15
3594.130984277801 1.1818782994416045e-15
3597.1133888607774 1.2624220525185936e-15
3600.095793443754 1.1739608500233494e-15
3603.0781980267393 1.0837101914221389e-15
3606.0606026097157 1.1147630600899396e-15
3609.043007192692 9.38894935684578e-16
3612.025411775668 1.0920435210601538e-15
3615.007816358644 1.3621144710089556e-15
3617.99022094162 1.183729774443823e-15
3620.9726255245964 1.0519028712160725e-15
3623.9550301075724 1.1705837238258394e-15
3626.9374346905483 1.3267736039207612e-15
3629.9198392735248 1.2304738985083602e-15
3632.9022438565107 1.0961262735631571e-15
3635.8846484394867 1.241270892854307e-15
3638.867053022463 1.3126447132315021e-15
3641.8494576054395 1.2753060435671432e-15
3644.831862188415 1.1873823418929072e-15
3647.8142667713914 1.151394475956243e-15
3650.796671354368 1.342658485651466e-15
3653.7790759373434 1.4780568036300572e-15
3656.7614805203198 1.4919343521862197e-15
3659.743885103296 1.5282109390466991e-15
3662.7262896862817 1.480583543491103e-15
3665.708694269258 1.460502564475348e-15
3668.6910988522345 1.5469815349072862e-15
3671.6735034352105 1.6482568737833693e-15
3674.6559080181864 1.6633757377263266e-15
3677.638312601163 1.7402357977985801e-15
3680.620717184139 1.8579196467889323e-15
3683.603121767115 1.8454655288797887e-15
3686.585526350091 1.8412446211765563e-15
3689.567930933067 1.951714791653778e-15
3692.5503355160536 1.9990279727419322e-15
3695.5327400990295 2.0701809390766958e-15
3698.5151446820055 2.0365214387844114e-15
3701.497549264982 1.9519326138166077e-15
3704.479953847958 1.8621195099491386e-15
3707.462358430934 1.8201268538466085e-15
3710.4447630139102 1.8940774354531717e-15
3713.427167596886 1.8875581754412144e-15
3716.409572179862 1.8110255707313926e-15
3719.3919767628386 1.6643854050065224e-15
3722.3743813458245 1.6002469669017313e-15
3725.3567859288005 1.4943028290094598e-15
3728.339190511777 1.3521520248977054e-15
3731.321595094753 1.293538347779665e-15
3734.303999677729 1.2790809952673342e-15
3737.2864042607052 1.1961471585402344e-15
3740.268808843681 1.0648853219612882e-15
3743.2512134266576 9.87980298847288e-16
3746.2336180096336 8.93413604564692e-16
3749.2160225926095 7.50255649610039e-16
3752.198427175586 7.064522448023903e-16
3755.180831758572 6.903359901471199e-16
3758.163236341548 7.273702944197255e-16
3761.1456409245243 6.989292293217521e-16
3764.1280455075007 6.289322637999504e-16
3767.110450090476 6.263316214111423e-16
3770.0928546734526 5.931678067828694e-16
3773.075259256429 5.499838923845247e-16
3776.0576638394045 4.78170501744683e-16
3779.040068422381 4.350884326706529e-16
3782.0224730053674 5.07980338468049e-16
3785.004877588343 6.023720196960637e-16
3787.9872821713193 6.026069053051839e-16
3790.9696867542957 5.646302973082169e-16
3793.9520913372717 5.082578338974099e-16
3796.9344959202476 5.42565833962065e-16
3799.916900503224 5.846792082517251e-16
3802.8993050862 5.831259218300141e-16
3805.8817096691764 5.524290856655913e-16
3808.8641142521524 5.273278922309708e-16
3811.8465188351383 5.387193570640352e-16
3814.8289234181148 5.746371014476066e-16
3817.8113280010903 6.058433076120659e-16
3820.7937325840667 6.558935811118839e-16
3823.776137167043 7.422035327657487e-16
3826.7585417500186 7.169202617566022e-16
3829.740946332995 7.186237007610686e-16
3832.7233509159714 8.126372012724902e-16
3835.7057554989474 8.693144120330285e-16
3838.6881600819233 9.06662357395333e-16
3841.6705646649098 9.412029288679277e-16
3844.6529692478857 1.0114193714628947e-15
3847.6353738308617 1.0574319406553813e-15
3850.617778413838 1.0483494333663015e-15
3853.600182996814 1.1536440690085655e-15
3856.58258757979 1.3233275681709956e-15
3859.5649921627664 1.4921245614425375e-15
3862.5473967457424 1.6245751049866412e-15
3865.529801328719 1.759363641806864e-15
3868.5122059116948 1.907256562806959e-15
3871.4946104946707 2.0446895163162596e-15
3874.477015077657 2.2120992113971933e-15
3877.459419660633 2.4570184566437906e-15
3880.441824243609 2.753443343698917e-15
3883.4242288265855 2.9155840744670775e-15
3886.406633409562 3.0512914965389975e-15
3889.3890379925374 3.2068569157841238e-15
3892.371442575514 3.3158703895167556e-15
3895.35384715849 3.3851570941718377e-15
3898.3362517414657 3.5163114737017273e-15
3901.318656324452 3.587458533659691e-15
3904.3010609074286 3.607556802931065e-15
3907.283465490404 3.6505507321339815e-15
3910.2658700733805 3.7883582244700766e-15
3913.2482746563564 3.8835322262866674e-15
3916.230679239333 3.767247540672634e-15
3919.213083822309 3.659074796418803e-15
3922.195488405285 3.7502967318292075e-15
3925.177892988261 3.82286850795152e-15
3928.160297571237 3.835559130020747e-15
3931.142702154213 3.874975809802017e-15
3934.1251067371995 3.855458104156759e-15
3937.107511320176 3.910130024559834e-15
3940.0899159031515 4.064173791737343e-15
3943.072320486128 4.072629995222417e-15
3946.0547250691043 3.994993603614876e-15
3949.03712965208 4.027114412889627e-15
3952.019534235056 4.060604525941118e-15
3955.0019388180326 4.0954257666408e-15
3957.9843434010086 4.1234127577852004e-15
3960.9667479839945 4.283003211693434e-15
3963.949152566971 4.406309179975664e-15
3966.931557149947 4.361404993219276e-15
3969.913961732923 4.419092222126927e-15
3972.8963663158993 4.566188280156419e-15
3975.8787708988752 4.6246690166081825e-15
3978.861175481851 4.659203556774381e-15
3981.8435800648276 4.6995750507339876e-15
3984.8259846478036 4.8222067023746414e-15
3987.80838923078 4.872391083735097e-15
3990.790793813756 4.8836217475841395e-15
3993.773198396742 5.015880172656915e-15
3996.7556029797183 5.180259930665322e-15
3999.7380075626943 5.256831542824825e-15
4002.7204121456703 5.3852757335508016e-15
4005.7028167286467 5.482702917788977e-15
4008.685221311623 5.505614710612757e-15
4011.6676258945986 5.655907854026664e-15
4014.650030477575 5.8545859778361974e-15
4017.632435060551 5.985187167080855e-15
4020.614839643537 6.10380923289326e-15
4023.5972442265133 6.1650233989942744e-15
4026.5796488094893 6.1884374663458745e-15
4029.5620533924653 6.280297293722702e-15
4032.5444579754417 6.308494097272467e-15
4035.5268625584176 6.21519408799746e-15
4038.509267141394 6.176798009656467e-15
4041.49167172437 6.096441412806225e-15
4044.474076307346 6.072637375705324e-15
4047.4564808903224 6.120455892307023e-15
4050.4388854733083 6.0967959261064665e-15
4053.4212900562843 5.943558601982517e-15
4056.4036946392607 5.7519871234666575e-15
4059.386099222237 5.6275008157902145e-15
4062.3685038052126 5.4922493421877316e-15
4065.350908388189 5.301766006069719e-15
4068.3333129711655 5.127033693029377e-15
4071.315717554141 5.049663877315478e-15
4074.298122137117 4.90068185984477e-15
4077.280526720094 4.719073963421979e-15
4080.2629313030793 4.6461924837335755e-15
4083.2453358860553 4.603958066100333e-15
4086.227740469032 4.4770686276001e-15
4089.210145052008 4.3184617884136505e-15
4092.1925496349836 4.235444518003998e-15
4095.1749542179605 4.149345518836101e-15
4098.157358800936 4.0744734678482536e-15
4101.139763383912 4.05278307911907e-15
4104.122167966889 3.949956336759782e-15
4107.104572549864 3.862609843614214e-15
4110.086977132851 3.88109176824057e-15
4113.069381715827 3.887811160585039e-15
4116.051786298803 3.850686750583712e-15
4119.034190881779 3.7734576787055006e-15
4122.0165954647555 3.7673260962835464e-15
4124.999000047732 3.8517292213167604e-15
4127.981404630707 3.8309417352981685e-15
4130.963809213684 3.750979790451883e-15
4133.94621379666 3.694079121729398e-15
4136.928618379636 3.7195775582733e-15
4139.911022962622 3.723479852392834e-15
4142.893427545599 3.617270539098926e-15
4145.875832128574 3.518364881372881e-15
4148.8582367115505 3.533075435085735e-15
4151.840641294527 3.4849579458598518e-15
4154.823045877502 3.3540577280637097e-15
4157.805450460479 3.334147493984109e-15
4160.787855043455 3.3288421831411986e-15
4163.770259626431 3.307825827215126e-15
4166.752664209408 3.3452247863028885e-15
4169.735068792384 3.40352501979539e-15
4172.717473375369 3.4149379606209335e-15
4175.699877958346 3.4512888926065518e-15
4178.682282541322 3.5124454406873185e-15
4181.664687124297 3.546324737223475e-15
4184.647091707275 3.535244782798342e-15
4187.62949629025 3.5026158476205818e-15
4190.611900873226 3.5120832514305104e-15
4193.594305456203 3.4741423269838137e-15
4196.576710039179 3.4031541706939457e-15
4199.559114622164 3.4393781838056613e-15
4202.541519205141 3.5278607478900775e-15
4205.523923788117 3.5518022357568874e-15
4208.506328371092 3.502018910934075e-15
4211.48873295407 3.413688505205614e-15
4214.471137537045 3.3493271356549514e-15
4217.453542120022 3.339511668784985e-15
4220.435946702998 3.374174632158636e-15
4223.418351285974 3.3873288655041977e-15
4226.40075586895 3.4420604763329474e-15
4229.383160451926 3.473500166034626e-15
4232.365565034912 3.4810122495142468e-15
4235.347969617888 3.510325918659451e-15
4238.330374200865 3.5429469881597333e-15
4241.31277878384 3.6577514667731515e-15
4244.295183366817 3.786375003908494e-15
4247.277587949793 3.843697196899555e-15
4250.259992532769 3.8524032146376465e-15
4253.242397115745 3.887658883344883e-15
4256.224801698721 3.8812251827787825e-15
4259.207206281697 3.829791352215043e-15
4262.189610864683 3.8253256638463116e-15
4265.172015447659 3.871680961503155e-15
4268.154420030635 3.898111607646623e-15
4271.136824613612 3.913075657228626e-15
4274.119229196587 3.982203618474821e-15
4277.1016337795645 3.9942341436074635e-15
4280.08403836254 3.979863187502336e-15
4283.0664429455155 3.971548909535778e-15
4286.048847528493 3.924458149431132e-15
4289.031252111478 3.8955253266657836e-15
4292.013656694454 3.8068415714774464e-15
4294.996061277431 3.788184689439422e-15
4297.978465860407 3.8354287289363105e-15
4300.960870443382 3.816189035769335e-15
4303.9432750263595 3.746989316901704e-15
4306.925679609335 3.773230048399316e-15
4309.9080841923105 3.797373162609704e-15
4312.890488775288 3.7842381794096414e-15
4315.872893358263 3.686650120890121e-15
4318.855297941249 3.602683860865516e-15
4321.837702524226 3.645006824675641e-15
4324.820107107202 3.6784895477687144e-15
4327.802511690178 3.581064753321788e-15
4330.7849162731545 3.492676794730839e-15
4333.76732085613 3.396328798429465e-15
4336.749725439106 3.2957429537099656e-15
4339.732130022083 3.2473049698237113e-15
4342.714534605058 3.2122737820274445e-15
4345.696939188035 3.146074679159945e-15
4348.679343771011 3.0484744074291725e-15
4351.661748353997 2.9751366450389317e-15
4354.644152936973 2.9596187663401993e-15
4357.6265575199495 2.9881271013456725e-15
4360.608962102925 2.9696709023260607e-15
4363.591366685901 2.9009148288049853e-15
4366.573771268878 2.925177766722175e-15
4369.556175851854 2.995614833043582e-15
4372.53858043483 3.1224689117136735e-15
4375.520985017806 3.1724392967308607e-15
4378.503389600783 3.1942467956191643e-15
4381.485794183768 3.235671105698231e-15
4384.4681987667445 3.2458250732614955e-15
4387.450603349721 3.303677861482532e-15
4390.4330079326965 3.36225258291562e-15
4393.415412515673 3.4600994222991833e-15
4396.397817098649 3.542765613712284e-15
4399.380221681625 3.501194416313953e-15
4402.362626264601 3.5209079145880535e-15
4405.345030847578 3.587482939279496e-15
4408.327435430553 3.6266289474849415e-15
4411.3098400135395 3.605476215142295e-15
4414.292244596516 3.550626798007687e-15
4417.2746491794915 3.636268623297794e-15
4420.257053762469 3.67664001460588e-15
4423.239458345444 3.655073210860204e-15
4426.22186292842 3.688768920453467e-15
4429.204267511397 3.718106665845254e-15
4432.186672094373 3.693223205533661e-15
4435.169076677348 3.686511878138706e-15
4438.1514812603355 3.714238176250182e-15
4441.133885843311 3.7650319636225006e-15
4444.1162904262865 3.822593159165832e-15
4447.098695009264 3.861641418555643e-15
4450.081099592239 3.905605655556162e-15
4453.063504175215 3.954360129516417e-15
4456.045908758192 3.9989836849601865e-15
4459.028313341168 4.034701904264865e-15
4462.010717924143 4.073455090851797e-15
4464.99312250712 4.114151532376665e-15
4467.975527090096 4.1539481469259454e-15
4470.9579316730815 4.209934385053031e-15
4473.940336256058 4.2620122289410335e-15
4476.922740839034 4.371336521090545e-15
4479.905145422011 4.514476582872791e-15
4482.887550004986 4.699087522394363e-15
4485.869954587963 4.873856980044073e-15
4488.852359170939 4.951695900048216e-15
4491.834763753915 5.059954191346963e-15
4494.817168336891 5.2025684175823645e-15
4497.799572919877 5.3528506305598704e-15
4500.781977502853 5.546447246701656e-15
4503.764382085829 5.705046503108941e-15
4506.746786668806 5.8732963066165914e-15
4509.729191251781 6.085580205281435e-15
4512.711595834758 6.305127225233138e-15
4515.694000417734 6.408222095459984e-15
4518.67640500071 6.5895666064538605e-15
4521.658809583687 6.787773864802837e-15
4524.641214166662 6.975076289714511e-15
4527.623618749648 7.138849499065882e-15
4530.606023332625 7.283029359175286e-15
4533.588427915601 7.452626412997595e-15
4536.570832498576 7.630698099163475e-15
4539.553237081554 7.802900524270606e-15
4542.535641664529 7.934725956630823e-15
4545.518046247505 8.086237085251066e-15
4548.500450830482 8.211233989323166e-15
4551.482855413457 8.255052513987452e-15
4554.465259996433 8.30250471030976e-15
4557.44766457941 8.337522467347927e-15
4560.430069162396 8.502472160736622e-15
4563.412473745371 8.527055449399253e-15
4566.394878328349 8.475637044133059e-15
4569.377282911324 8.529896283561283e-15
4572.3596874943005 8.630553038816963e-15
4575.342092077277 8.575619948845211e-15
4578.324496660252 8.536121312305086e-15
4581.306901243229 8.618666226613274e-15
4584.289305826205 8.641269458772028e-15
4587.271710409181 8.694934214216539e-15
4590.254114992167 8.716086524776115e-15
4593.236519575144 8.711252452304307e-15
4596.218924158119 8.691185269267732e-15
4599.2013287410955 8.76195019967831e-15
4602.183733324072 8.871662376778458e-15
4605.166137907047 8.964587032047657e-15
4608.148542490024 9.079722509426828e-15
4611.130947073 9.129793511139431e-15
4614.113351655977 9.267977002393463e-15
4617.095756238962 9.421461299631149e-15
4620.078160821939 9.386900684953492e-15
4623.060565404915 9.29790421165354e-15
4626.0429699878905 9.255103986133074e-15
4629.025374570867 9.228106898891376e-15
4632.007779153843 9.131576336613409e-15
4634.990183736819 8.955923122978744e-15
4637.972588319795 8.7222421867379e-15
4640.954992902772 8.530257229676432e-15
4643.937397485747 8.294018316019066e-15
4646.919802068724 7.943685371454602e-15
4649.90220665171 7.701598310891084e-15
4652.8846112346855 7.579760478237438e-15
4655.867015817661 7.37853650183163e-15
4658.849420400638 7.247892377345753e-15
4661.831824983614 7.196809571900836e-15
4664.81422956659 7.274910223869157e-15
4667.796634149567 7.320304844079447e-15
4670.779038732542 7.453823117379898e-15
4673.761443315519 7.677843819474021e-15
4676.743847898495 7.912220071206606e-15
4679.7262524814805 8.210294591361312e-15
4682.708657064457 8.484746730504351e-15
4685.691061647433 8.742156049235012e-15
4688.673466230409 8.943843543501075e-15
4691.655870813385 9.119013811233715e-15
4694.638275396362 9.289221440485876e-15
4697.620679979337 9.332915671378407e-15
4700.603084562314 9.434582818043428e-15
4703.58548914529 9.588824618996486e-15
4706.5678937282655 9.662557775434471e-15
4709.550298311252 9.638836040827042e-15
4712.532702894228 9.615095501559634e-15
4715.515107477204 9.548296733516393e-15
4718.49751206018 9.459895956132336e-15
4721.479916643157 9.46260249914438e-15
4724.462321226133 9.424239165149804e-15
4727.444725809109 9.343093825554044e-15
4730.427130392085 9.317073376081021e-15
4733.409534975061 9.284229102495836e-15
4736.391939558047 9.241525301155754e-15
4739.374344141023 9.285137539444499e-15
4742.356748724 9.338080608302057e-15
4745.339153306975 9.301813915223616e-15
4748.321557889952 9.160942047312343e-15
4751.303962472928 9.100281644364088e-15
4754.286367055904 9.128024649681005e-15
4757.26877163888 9.107454673907197e-15
4760.251176221856 9.081647710946839e-15
4763.233580804832 9.021385075171981e-15
4766.215985387809 8.910549223748368e-15
4769.198389970795 8.760627802535463e-15
4772.18079455377 8.640289490896906e-15
4775.163199136748 8.547992028263254e-15
4778.145603719723 8.42447592174053e-15
4781.128008302699 8.204060057519236e-15
4784.110412885676 7.996963241206509e-15
4787.092817468651 7.826051886079472e-15
4790.075222051627 7.66134491034404e-15
4793.057626634604 7.516498322732114e-15
4796.04003121758 7.44627717318634e-15
4799.022435800565 7.300184062349514e-15
4802.004840383543 7.1026534791919845e-15
4804.987244966518 6.982402735693109e-15
4807.969649549494 6.892421264357408e-15
4810.952054132471 6.838640480301218e-15
4813.934458715446 6.758613964930998e-15
4816.916863298423 6.685328724316995e-15
4819.899267881399 6.5688390602567764e-15
4822.881672464375 6.389338406077341e-15
4825.864077047351 6.263616984301654e-15
4828.846481630338 6.1967121034096344e-15
4831.828886213313 6.105059279385516e-15
4834.8112907962895 6.044440369037929e-15
4837.793695379266 5.963453120937902e-15
4840.7760999622415 5.817789568923279e-15
4843.758504545218 5.714079407949114e-15
4846.740909128194 5.630676363142931e-15
4849.72331371117 5.570501615543695e-15
4852.705718294146 5.4924573989493585e-15
4855.688122877132 5.432941292024156e-15
4858.670527460108 5.3603452305653306e-15
4861.652932043085 5.2605663182244446e-15
4864.63533662606 5.2413304720033235e-15
4867.617741209037 5.281869313308196e-15
4870.600145792013 5.319555727890431e-15
4873.582550374988 5.390447476373692e-15
4876.564954957966 5.5499399239784366e-15
4879.547359540941 5.71564027444071e-15
4882.529764123917 5.877312161612158e-15
4885.512168706894 6.036655976109044e-15
4888.49457328988 6.236704539527534e-15
4891.476977872855 6.486163426542423e-15
4894.459382455832 6.706142470665405e-15
4897.441787038808 6.833903627782951e-15
4900.424191621783 6.957849771240909e-15
4903.406596204761 7.116122281932e-15
4906.389000787736 7.30868305868604e-15
4909.371405370712 7.438451774465303e-15
4912.353809953689 7.517599941715896e-15
4915.336214536665 7.649224599751293e-15
4918.318619119651 7.781151407162539e-15
4921.301023702627 7.965821020140114e-15
4924.283428285603 8.126612843903224e-15
4927.265832868579 8.250709212139342e-15
4930.248237451556 8.434039487283179e-15
4933.230642034531 8.72796436422349e-15
4936.213046617508 8.959470873285277e-15
4939.195451200484 9.158515133818033e-15
4942.17785578346 9.463737155415616e-15
4945.160260366436 9.778137750161489e-15
4948.142664949422 1.0000952032804175e-14
4951.125069532398 1.0197390428621061e-14
4954.107474115374 1.0465042908454733e-14
4957.089878698351 1.0717202477583662e-14
4960.072283281326 1.1028195322051475e-14
4963.054687864303 1.134172452759311e-14
4966.037092447279 1.1588605236329878e-14
4969.0194970302555 1.1828785732520896e-14
4972.001901613231 1.2017952809488815e-14
4974.984306196217 1.2164237206433088e-14
4977.966710779194 1.2293326966315486e-14
4980.949115362169 1.237280725492313e-14
4983.931519945146 1.2287884303716639e-14
4986.913924528122 1.2179814579240733e-14
4989.896329111098 1.2168462082397488e-14
4992.878733694074 1.207156733855842e-14
4995.8611382770505 1.1799023845815743e-14
4998.843542860026 1.1549626665999323e-14
5001.825947443002 1.140562807946545e-14
5004.808352025989 1.1133912215695107e-14
5007.790756608964 1.0831978543489457e-14
5010.773161191941 1.0554200612059767e-14
5013.755565774917 1.020120561046375e-14
5016.737970357893 9.799559643395598e-15
5019.72037494087 9.456284980481607e-15
5022.7027795238455 9.11929426367121e-15
5025.685184106821 8.729495840493608e-15
5028.667588689798 8.362616331307003e-15
5031.649993272774 8.022214253144031e-15
5034.632397855759 7.686843192820227e-15
5037.614802438737 7.333610476162284e-15
5040.597207021712 7.028841559762745e-15
5043.579611604688 6.835014519223083e-15
5046.562016187665 6.658094401578461e-15
5049.5444207706405 6.463776606606997e-15
5052.526825353616 6.338031377546623e-15
5055.509229936592 6.288380250499387e-15
5058.491634519569 6.256230848846623e-15
5061.474039102545 6.218712969804929e-15
5064.456443685531 6.194786988650656e-15
5067.438848268507 6.241716479550457e-15
5070.421252851484 6.286541366144807e-15
5073.403657434459 6.305533570542009e-15
5076.3860620174355 6.361335442487848e-15
5079.368466600412 6.434458621151251e-15
5082.350871183387 6.492681280311823e-15
5085.333275766364 6.5778520531067605e-15
5088.31568034934 6.6836935880665095e-15
5091.298084932316 6.8291409317108265e-15
5094.280489515302 6.99233079368185e-15
5097.262894098279 7.1137409023824e-15
5100.245298681254 7.269640271033531e-15
5103.2277032642305 7.414674741242309e-15
5106.210107847207 7.489649588095524e-15
5109.192512430182 7.560920444933916e-15
5112.174917013159 7.695382844534153e-15
5115.157321596135 7.803529548742817e-15
5118.139726179111 7.933314615859842e-15
5121.122130762088 7.996690643031746e-15
5124.104535345074 8.015987902555834e-15
5127.086939928049 8.07340846857915e-15
5130.069344511026 8.142224564754391e-15
5133.051749094002 8.215892001342807e-15
5136.034153676977 8.260488841735937e-15
5139.016558259955 8.357055397741585e-15
5141.99896284293 8.432931065135773e-15
5144.981367425906 8.393547729284175e-15
5147.963772008883 8.360170013241041e-15
5150.946176591859 8.35643060539962e-15
5153.928581174844 8.34605736781821e-15
5156.910985757821 8.3935998798063e-15
5159.893390340797 8.472366383178425e-15
5162.875794923772 8.44363947445945e-15
5165.85819950675 8.354259733896033e-15
5168.840604089725 8.314013603905306e-15
5171.823008672702 8.274951338573876e-15
5174.805413255678 8.214106904946168e-15
5177.787817838654 8.163742330663591e-15
5180.77022242163 8.125437007522542e-15
5183.752627004616 8.122700212318971e-15
5186.735031587592 8.11069292522427e-15
5189.717436170568 8.075532443336053e-15
5192.699840753545 8.034857291862841e-15
5195.68224533652 8.038857329006149e-15
5198.664649919497 8.028252424276024e-15
5201.647054502473 8.02609714419553e-15
5204.629459085449 8.004300550507455e-15
5207.611863668425 8.019342012224302e-15
5210.594268251401 8.037998563938341e-15
5213.576672834378 8.027057827243585e-15
5216.559077417363 8.104182791834349e-15
5219.54148200034 8.186727244946726e-15
5222.523886583316 8.279012989743765e-15
5225.506291166292 8.372912719687786e-15
5228.488695749268 8.392062603041788e-15
5231.4711003322445 8.496349224475043e-15
5234.45350491522 8.632243823402966e-15
5237.435909498196 8.726265945583877e-15
5240.418314081173 8.775331935569372e-15
5243.400718664158 8.84066461375598e-15
5246.383123247135 8.976536703530312e-15
5249.365527830111 9.139712844774192e-15
5252.347932413087 9.265808813185881e-15
5255.330336996062 9.344390145257204e-15
5258.3127415790395 9.423567694845459e-15
5261.295146162015 9.589914814869138e-15
5264.2775507449915 9.81171294419995e-15
5267.259955327968 9.973301385765139e-15
5270.242359910943 1.0057387032574325e-14
5273.22476449393 1.017581482321117e-14
5276.207169076906 1.0378542979607896e-14
5279.189573659882 1.0569749617092948e-14
5282.171978242858 1.0721405630342984e-14
5285.154382825835 1.0828706688566435e-14
5288.13678740881 1.0971001068930823e-14
5291.1191919917865 1.112825381172511e-14
5294.101596574763 1.1206610023105553e-14
5297.084001157738 1.1303014552910545e-14
5300.066405740715 1.1349565247279258e-14
5303.048810323701 1.1428266570104816e-14
5306.031214906677 1.156953035993863e-14
5309.013619489653 1.1668071318175968e-14
5311.99602407263 1.1755838289856691e-14
5314.978428655606 1.1829287681278585e-14
5317.9608332385815 1.196026667450435e-14
5320.943237821558 1.1999960288610023e-14
5323.925642404534 1.2131009171842392e-14
5326.90804698751 1.2306247587260279e-14
5329.890451570486 1.2336336800964548e-14
5332.872856153473 1.2311301493024915e-14
5335.855260736448 1.2416579223791549e-14
5338.837665319425 1.2482473007291827e-14
5341.820069902401 1.2545720134975333e-14
5344.8024744853765 1.2647528705026933e-14
5347.784879068353 1.2734069454744791e-14
5350.767283651329 1.2802432017618311e-14
5353.749688234305 1.2800131986057806e-14
5356.732092817281 1.2823502380775688e-14
5359.714497400258 1.2941790961566148e-14
5362.696901983243 1.3043237264736966e-14
5365.67930656622 1.3095054878398121e-14
5368.661711149196 1.3167375507413502e-14
5371.6441157321715 1.3293763301461763e-14
5374.626520315149 1.3373607282718635e-14
5377.608924898124 1.3441463018219026e-14
5380.5913294811 1.353538325632156e-14
5383.573734064077 1.359998968331847e-14
5386.556138647053 1.362529783830512e-14
5389.538543230028 1.3611349320255807e-14
5392.5209478130155 1.35885177643063e-14
5395.503352395991 1.352021295128892e-14
5398.4857569789665 1.3443728681502796e-14
5401.468161561944 1.345028589263837e-14
5404.450566144919 1.3419664431370136e-14
5407.432970727895 1.3302262681189254e-14
5410.415375310872 1.3194280402247115e-14
5413.397779893848 1.3095318815267108e-14
5416.380184476824 1.2951853994831068e-14
5419.3625890598005 1.2861147042964675e-14
5422.344993642786 1.2769727420456956e-14
5425.327398225762 1.2670621342669664e-14
5428.309802808739 1.2680803050499089e-14
5431.292207391714 1.2594895280262134e-14
5434.274611974691 1.2438582934899165e-14
5437.257016557667 1.235687082804471e-14
5440.239421140643 1.2330238616970803e-14
5443.221825723619 1.2404079735853815e-14
5446.2042303065955 1.2468915557241865e-14
5449.186634889571 1.25994691410033e-14
5452.169039472557 1.2807673066434494e-14
5455.151444055533 1.3040247067962155e-14
5458.133848638509 1.3305916158153181e-14
5461.116253221486 1.3646845399628958e-14
5464.098657804461 1.3919682509459538e-14
5467.081062387439 1.4207276758624788e-14
5470.063466970414 1.444215977691965e-14
5473.04587155339 1.475887893979044e-14
5476.028276136367 1.5192543273900344e-14
5479.010680719342 1.550824762545612e-14
5481.993085302328 1.577423342188657e-14
5484.975489885305 1.6043023610174556e-14
5487.957894468281 1.6305288604624105e-14
5490.940299051256 1.652172482141333e-14
5493.922703634234 1.6675071887193233e-14
5496.905108217209 1.6734061211619192e-14
5499.887512800185 1.6741880305017262e-14
5502.869917383162 1.6737042060425564e-14
5505.852321966137 1.6719933896367425e-14
5508.834726549114 1.666122057034059e-14
5511.8171311321 1.6663552446857605e-14
5514.799535715076 1.6567494600858478e-14
5517.781940298052 1.623740138551748e-14
5520.764344881029 1.5987010578370275e-14
5523.746749464004 1.585565933999786e-14
5526.7291540469805 1.5675985454738654e-14
5529.711558629957 1.545659341138739e-14
5532.693963212932 1.526156449668608e-14
5535.676367795909 1.4983217825931604e-14
5538.658772378885 1.4660349434050406e-14
5541.641176961871 1.4430913198859116e-14
5544.623581544847 1.4061660472341804e-14
5547.605986127824 1.3662980089198743e-14
5550.588390710799 1.3340617919273562e-14
5553.5707952937755 1.299152795085577e-14
5556.553199876752 1.2629149411271936e-14
5559.535604459728 1.2263556967296024e-14
5562.518009042704 1.19567619861887e-14
5565.50041362568 1.1668579187909731e-14
5568.482818208657 1.1351717532703207e-14
5571.465222791642 1.10812267900404e-14
5574.447627374619 1.0925003502457553e-14
5577.430031957595 1.0870313384101609e-14
5580.4124365405705 1.081015176961776e-14
5583.394841123547 1.0813459541365796e-14
5586.377245706523 1.0879065287637778e-14
5589.359650289499 1.097557878235785e-14
5592.342054872475 1.1075880950692529e-14
5595.324459455452 1.1133148892503217e-14
5598.306864038427 1.1220547167624073e-14
5601.289268621414 1.1345005635183462e-14
5604.27167320439 1.1402753529366521e-14
5607.2540777873655 1.1433348882461517e-14
5610.236482370342 1.1485259891817712e-14
5613.218886953318 1.1533292547893927e-14
5616.201291536294 1.1517383793151492e-14
5619.183696119271 1.1410658537356723e-14
5622.166100702247 1.1255441981500892e-14
5625.148505285222 1.096388996454435e-14
5628.1309098682095 1.0569999699670443e-14
5631.113314451175 1.016128706769815e-14
5634.0957190341605 9.645176065515757e-15
5637.078123617138 9.062196334553802e-15
5640.060528200113 8.44780042230725e-15
5643.042932783089 7.84109304962457e-15
5646.025337366066 7.284660071170233e-15
5649.007741949042 6.674314668114043e-15
5651.990146532017 6.078950853088659e-15
5654.972551114994 5.662525012048413e-15
5657.95495569797 5.3079940923777725e-15
5660.9373602809555 4.906148804620005e-15
5663.919764863932 4.564189784576029e-15
5666.902169446908 4.362766198167283e-15
5669.884574029885 4.2359236309436486e-15
5672.86697861286 4.073990859230872e-15
5675.849383195837 3.8801298954260995e-15
5678.831787778813 3.770918287238248e-15
5681.814192361789 3.7144596124516386e-15
5684.796596944765 3.676328089932876e-15
5687.7790015277515 3.6654930251002064e-15
5690.761406110717 3.668463320757765e-15
5693.743810693703 3.680175093414863e-15
5696.72621527668 3.728865076895911e-15
5699.708619859655 3.802844443020836e-15
5702.691024442632 3.870766913576004e-15
5705.673429025608 3.9521897720182265e-15
5708.655833608584 4.066216646659932e-15
5711.638238191561 4.195139322915334e-15
5714.6206427745365 4.314967323137503e-15
5717.603047357522 4.44831803303681e-15
5720.585451940499 4.609201234265383e-15
5723.567856523475 4.754636556906781e-15
5726.55026110645 4.9142426246610054e-15
5729.532665689428 5.142367902991509e-15
5732.515070272403 5.385730439431107e-15
5735.497474855379 5.602161267791398e-15
5738.479879438356 5.7798554508063744e-15
5741.4622840213315 6.019351523322214e-15
5744.444688604307 6.266477680334922e-15
5747.427093187294 6.501252970708018e-15
5750.40949777027 6.762019534212293e-15
5753.391902353245 7.053874050099415e-15
5756.374306936223 7.346172515350179e-15
5759.356711519198 7.625379527482721e-15
5762.339116102175 8.023654825760707e-15
5765.321520685151 8.365806066488084e-15
5768.3039252681265 8.603773477384776e-15
5771.286329851103 8.96359166723566e-15
5774.268734434079 9.424904930274459e-15
5777.251139017055 9.787909749822321e-15
5780.233543600041 1.0093575918007755e-14
5783.215948183018 1.0442262666945092e-14
5786.198352765993 1.0828889686679763e-14
5789.18075734897 1.1167978542717338e-14
5792.163161931946 1.153129090474513e-14
5795.1455665149215 1.1889292860024926e-14
5798.127971097898 1.2207948667148859e-14
5801.110375680874 1.2528688400845242e-14
5804.09278026385 1.2889599156005468e-14
5807.075184846836 1.3317339084441381e-14
5810.057589429813 1.3745412562700101e-14
5813.039994012788 1.4195772047785557e-14
5816.022398595765 1.4781873684293847e-14
5819.004803178741 1.5353661054573523e-14
5821.987207761717 1.5878284780752192e-14
5824.969612344693 1.6494778640041935e-14
5827.952016927669 1.7164860403957733e-14
5830.934421510646 1.7779299153126672e-14
5833.916826093621 1.839322022630478e-14
5836.899230676598 1.9030684988547982e-14
5839.881635259584 1.9557520284568687e-14
5842.86403984256 1.9943571206690805e-14
5845.846444425535 2.0313122198672518e-14
5848.828849008512 2.0641629102000615e-14
5851.811253591488 2.0999241887565864e-14
5854.793658174463 2.1373104816537043e-14
5857.776062757441 2.1747985052860454e-14
5860.758467340416 2.2125596437922863e-14
5863.740871923393 2.2476540726320124e-14
5866.723276506369 2.2779525869499648e-14
5869.705681089345 2.2997830650671757e-14
5872.688085672331 2.306132193454054e-14
5875.670490255307 2.301125885160742e-14
5878.652894838283 2.2955811349861617e-14
5881.635299421259 2.2848001325775442e-14
5884.617704004236 2.2767080917332775e-14
5887.600108587211 2.2653338220090443e-14
5890.582513170188 2.2502272624084652e-14
5893.564917753164 2.2301660114736986e-14
5896.54732233615 2.2023700560318646e-14
5899.529726919126 2.1674374225622728e-14
5902.512131502102 2.1367161714936656e-14
5905.494536085078 2.1087483131472802e-14
5908.476940668054 2.084484477878817e-14
5911.459345251031 2.073816230587258e-14
5914.441749834007 2.063681476070429e-14
5917.424154416983 2.0452174070612436e-14
5920.406558999959 2.021680465626803e-14
5923.3889635829355 2.0022003722850835e-14
5926.371368165921 1.9845346944818795e-14
5929.353772748897 1.960292308668914e-14
5932.336177331874 1.9431228014878827e-14
5935.318581914849 1.9353045087118304e-14
5938.300986497826 1.914467012513383e-14
5941.283391080802 1.8827653193555196e-14
5944.265795663778 1.863727331586308e-14
5947.248200246754 1.852884445398622e-14
5950.2306048297305 1.8395830301422823e-14
5953.213009412706 1.825517037460598e-14
5956.195413995692 1.8084068668485723e-14
5959.177818578669 1.796074708389148e-14
5962.160223161644 1.7897651920179685e-14
5965.142627744622 1.7801529135684132e-14
5968.125032327597 1.767776631844454e-14
5971.107436910573 1.7532697660903753e-14
5974.08984149355 1.731180360844079e-14
5977.0722460765255 1.7171543729916938e-14
5980.054650659501 1.7071961756102352e-14
5983.037055242478 1.6854290375826417e-14
5986.019459825464 1.6597184434337808e-14
5989.001864408439 1.6446139454844557e-14
5991.984268991417 1.62624631865865e-14
5994.966673574392 1.5974660490509714e-14
5997.949078157368 1.5792643186116763e-14
6000.931482740345 1.5647394545797604e-14
6003.9138873233205 1.547223213841453e-14
6006.896291906297 1.5389259848051403e-14
6009.878696489273 1.5267606559871813e-14
6012.861101072249 1.506536785986893e-14
6015.843505655225 1.488864531934367e-14
6018.825910238212 1.4748286787403554e-14
6021.808314821187 1.4624096214750723e-14
6024.790719404164 1.4475660385190327e-14
6027.77312398714 1.430749968323762e-14
6030.7555285701155 1.4076425324904915e-14
6033.737933153092 1.3933801789174126e-14
6036.720337736068 1.381329395186594e-14
6039.702742319044 1.3623577665738074e-14
6042.68514690202 1.3498770667728902e-14
6045.667551485006 1.3384770097318455e-14
6048.649956067972 1.3233348551693964e-14
6051.632360650959 1.3089047422071836e-14
6054.614765233934 1.3036754283632013e-14
6057.5971698169105 1.3047020952436225e-14
6060.579574399887 1.3003742394299442e-14
6063.5619789828625 1.2972845692347654e-14
6066.54438356584 1.3038862023900567e-14
6069.526788148815 1.305488093113067e-14
6072.509192731791 1.3042615157188943e-14
6075.491597314768 1.3080227783814301e-14
6078.474001897744 1.307730272027403e-14
6081.456406480729 1.3087088159714756e-14
6084.438811063706 1.3130836230260312e-14
6087.421215646682 1.3142336316446108e-14
6090.4036202296575 1.315658588701123e-14
6093.386024812635 1.3241836908104892e-14
6096.36842939561 1.3333089992137159e-14
6099.350833978586 1.3389781895763476e-14
6102.333238561563 1.338651922824658e-14
6105.315643144549 1.333707005057645e-14
6108.298047727515 1.339024402050034e-14
6111.2804523105015 1.3371802897318682e-14
6114.262856893477 1.3262080118784573e-14
6117.245261476453 1.3135908676451782e-14
6120.22766605943 1.3117887586732751e-14
6123.210070642405 1.3149344107509482e-14
6126.192475225382 1.2984439270715807e-14
6129.174879808358 1.2761370509670346e-14
6132.157284391334 1.2618262278697437e-14
6135.13968897432 1.2509210657147932e-14
6138.1220935572965 1.2393024431096406e-14
6141.104498140272 1.223111685731678e-14
6144.086902723248 1.2069150939970808e-14
6147.069307306225 1.189079399780485e-14
6150.0517118892 1.1695179911324649e-14
6153.034116472177 1.1527449515400052e-14
6156.016521055153 1.1457630913586995e-14
6158.99892563813 1.1383466403358754e-14
6161.981330221105 1.1283742849174689e-14
6164.9637348040915 1.1223850209410129e-14
6167.946139387058 1.1160566558299769e-14
6170.928543970043 1.1119282013246834e-14
6173.91094855302 1.111523254401529e-14
6176.893353135996 1.1067313079287296e-14
6179.875757718972 1.105635412658595e-14
6182.858162301948 1.1060829134585154e-14
6185.840566884925 1.100087558295585e-14
6188.8229714679 1.0994187703851398e-14
6191.8053760508765 1.1010483115573798e-14
6194.787780633853 1.0897332922911307e-14
6197.770185216838 1.0753249356406633e-14
6200.752589799815 1.0677461702737975e-14
6203.734994382791 1.063810009341067e-14
6206.717398965767 1.059526186304962e-14
6209.699803548744 1.0571924677953979e-14
6212.68220813172 1.056209255798668e-14
6215.664612714695 1.0510720362632163e-14
6218.647017297672 1.0395134990489533e-14
6221.629421880648 1.0248802874834618e-14
6224.611826463623 1.0062185520873868e-14
6227.594231046611 9.734881685266588e-15
6230.576635629586 9.321460537137664e-15
6233.559040212562 8.918750036162172e-15
6236.541444795539 8.528017026790473e-15
6239.523849378515 8.075137277282146e-15
6242.50625396149 7.562904452024391e-15
6245.4886585444665 7.0888626200072734e-15
6248.471063127443 6.634974298620603e-15
6251.453467710418 6.167708399158715e-15
6254.435872293395 5.7128941636531625e-15
6257.418276876371 5.244240924983643e-15
6260.400681459357 4.796582704372044e-15
6263.383086042333 4.406240800557787e-15
6266.36549062531 4.022776247739667e-15
6269.347895208286 3.715783590485261e-15
6272.3302997912615 3.509436185049692e-15
6275.312704374238 3.328384119964068e-15
6278.295108957214 3.231177727150484e-15
6281.27751354019 3.2110620733130503e-15
6284.259918123166 3.2768534504141955e-15
6287.242322706143 3.419080450236604e-15
6290.224727289128 3.637592677914455e-15
6293.207131872105 3.9320588957985225e-15
6296.189536455081 4.292640305326829e-15
6299.1719410380565 4.7330145982690474e-15
6302.154345621033 5.256035236789761e-15
6305.136750204009 5.859466307472019e-15
6308.119154786985 6.46376407530281e-15
6311.101559369962 7.0313818822615056e-15
6314.083963952938 7.60620223925926e-15
6317.066368535923 8.148011313538541e-15
6320.0487731189005 8.619774622330543e-15
6323.031177701876 9.031818155893778e-15
6326.0135822848515 9.343797161710713e-15
6328.995986867829 9.592585484936245e-15
6331.978391450804 9.838128619574982e-15
6334.96079603378 1.0094056742089022e-14
6337.943200616757 1.0335120297629575e-14
6340.925605199733 1.057316081030765e-14
6343.908009782718 1.0800030566849871e-14
6346.8904143656955 1.099875501564076e-14
6349.872818948671 1.1157803989795337e-14
6352.8552235316465 1.1287469744049208e-14
6355.837628114624 1.1408466665827601e-14
6358.820032697599 1.1557918437818012e-14
6361.802437280576 1.1759493074949498e-14
6364.784841863552 1.1981083941849237e-14
6367.767246446528 1.211445335349921e-14
6370.749651029504 1.2163660361811995e-14
6373.7320556124905 1.2302557249212082e-14
6376.714460195456 1.2543807406423161e-14
6379.696864778442 1.2707581270810077e-14
6382.679269361419 1.2771935327076703e-14
6385.661673944394 1.2856269197271814e-14
6388.644078527371 1.301411053995005e-14
6391.626483110347 1.3131276981923038e-14
6394.608887693323 1.3253017022408118e-14
6397.591292276299 1.340747533081925e-14
6400.5736968592755 1.3575693396167866e-14
6403.556101442252 1.3744370941195967e-14
6406.538506025237 1.3919237768261834e-14
6409.520910608214 1.40254086064951e-14
6412.50331519119 1.4095064165111907e-14
6415.485719774166 1.4205572997000485e-14
6418.468124357142 1.4281061387934046e-14
6421.450528940119 1.4276161042512052e-14
6424.432933523094 1.4245074344765353e-14
6427.4153381060705 1.4210532915351862e-14
6430.397742689047 1.4183635805758138e-14
6433.380147272022 1.4079369287246087e-14
6436.362551855009 1.402659190549812e-14
6439.344956437985 1.3899664411740721e-14
6442.327361020961 1.37024225858421e-14
6445.309765603936 1.3514816321490709e-14
6448.292170186914 1.342313228405128e-14
6451.274574769889 1.324445007464851e-14
6454.2569793528655 1.2968682138789049e-14
6457.239383935842 1.2727680891918269e-14
6460.221788518817 1.2536833262744543e-14
6463.204193101804 1.2297605850961311e-14
6466.18659768477 1.2010588952639666e-14
6469.169002267756 1.1802666375203134e-14
6472.151406850732 1.166616977274581e-14
6475.133811433709 1.151463337823525e-14
6478.116216016684 1.1382613891193842e-14
6481.0986205996605 1.1279804832477792e-14
6484.081025182637 1.123724397443876e-14
6487.063429765612 1.1135424530792052e-14
6490.045834348589 1.1081302147715988e-14
6493.028238931565 1.0960673359530693e-14
6496.010643514541 1.0820150447497477e-14
6498.993048097527 1.0828067516605366e-14
6501.975452680504 1.0921894400743508e-14
6504.957857263479 1.0931091017396555e-14
6507.9402618464555 1.0991154786258211e-14
6510.922666429432 1.1116831722103962e-14
6513.905071012408 1.1253429236364739e-14
6516.887475595384 1.1414391954414464e-14
6519.86988017836 1.1544542161022163e-14
6522.852284761337 1.1721143920000451e-14
6525.834689344312 1.1981307892076068e-14
6528.817093927299 1.2202896730905436e-14
6531.799498510275 1.2429276573925424e-14
6534.781903093251 1.2708864972990906e-14
6537.764307676227 1.3008870006633578e-14
6540.746712259203 1.3415749291119354e-14
6543.729116842179 1.3815546307611713e-14
6546.711521425155 1.4183701697582678e-14
6549.693926008132 1.4546666800999988e-14
6552.676330591117 1.4933271444504248e-14
6555.658735174094 1.5367443669867663e-14
6558.64113975707 1.567739444334595e-14
6561.623544340046 1.5876308502661904e-14
6564.605948923023 1.6034529898543685e-14
6567.588353505998 1.6148215031712602e-14
6570.570758088974 1.632813575836489e-14
6573.553162671951 1.648584050966047e-14
6576.535567254927 1.657781965783128e-14
6579.517971837902 1.6745826693266493e-14
6582.50037642089 1.6769245831261618e-14
6585.482781003865 1.6682937412811874e-14
6588.465185586841 1.6591841059481086e-14
6591.447590169818 1.6580946867631195e-14
6594.429994752793 1.6606581336518212e-14
6597.412399335769 1.6654846964658453e-14
6600.394803918746 1.673361861239488e-14
6603.377208501722 1.6928371876363316e-14
6606.359613084698 1.721855118342535e-14
6609.342017667675 1.7511106782508876e-14
6612.32442225065 1.7815121753586183e-14
6615.3068268336365 1.8132447740111096e-14
6618.289231416613 1.8312310735958025e-14
6621.271635999588 1.838998116365949e-14
6624.254040582565 1.8614557055838944e-14
6627.236445165541 1.891544686450714e-14
6630.218849748517 1.9180287522519087e-14
6633.201254331493 1.9412121686845548e-14
6636.18365891447 1.9536590775893805e-14
6639.166063497445 1.9672831932635805e-14
6642.1484680804215 1.973931438424754e-14
6645.130872663397 1.9742671147234282e-14
6648.113277246383 1.983190056210865e-14
6651.09568182936 1.989061516183515e-14
6654.078086412335 1.990541300956932e-14
6657.060490995313 2.00144045613543e-14
6660.042895578288 2.0074073734486486e-14
6663.025300161264 1.9982952827797122e-14
6666.007704744241 1.990691353312342e-14
6668.9901093272165 1.977708661344089e-14
6671.972513910192 1.951057795032012e-14
6674.954918493179 1.93868647300311e-14
6677.937323076155 1.9367962377929926e-14
6680.91972765913 1.921456115850053e-14
6683.902132242108 1.9009060062017292e-14
6686.884536825083 1.8843647577872983e-14
6689.866941408059 1.871811367617112e-14
6692.849345991036 1.8510395119293527e-14
6695.8317505740115 1.8246394356102917e-14
6698.814155156987 1.8007124771112192e-14
6701.796559739964 1.770146649741037e-14
6704.77896432294 1.7445847465934803e-14
6707.761368905926 1.7314175829100656e-14
6710.743773488903 1.7200117949689613e-14
6713.726178071878 1.7075388297397133e-14
6716.708582654855 1.6914320611709358e-14
6719.690987237831 1.6695545408709736e-14
6722.6733918208065 1.64941734932351e-14
6725.655796403783 1.6309169873990697e-14
6728.638200986759 1.6144243003297436e-14
6731.620605569745 1.5960735993596092e-14
6734.603010152711 1.591150784771532e-14
6737.585414735698 1.5923013755774725e-14
6740.567819318673 1.5837187269190577e-14
6743.55022390165 1.5788349499669188e-14
6746.532628484626 1.5679408862043656e-14
6749.5150330676015 1.5476622152494275e-14
6752.497437650578 1.5324849996412335e-14
6755.479842233554 1.5281755388304646e-14
6758.462246816531 1.530771764339618e-14
6761.444651399516 1.5327313918689062e-14
6764.427055982483 1.532658103724383e-14
6767.409460565469 1.532932081390698e-14
6770.391865148445 1.532732064265374e-14
6773.374269731421 1.5309338347473986e-14
6776.356674314397 1.5231277418493262e-14
6779.339078897373 1.5093962736069796e-14
6782.321483480349 1.497639228647339e-14
6785.303888063326 1.4782146142155966e-14
6788.286292646301 1.470339422653972e-14
6791.268697229278 1.4470666830324372e-14
6794.251101812264 1.4346281306277652e-14
6797.23350639524 1.415358284206879e-14
6800.215910978216 1.3842588422558388e-14
6803.198315561192 1.3490527980807529e-14
6806.180720144168 1.3143419696702812e-14
6809.163124727145 1.294463402547929e-14
6812.145529310121 1.277244256635673e-14
6815.127933893096 1.2293409350611443e-14
6818.110338476074 1.1687511768860169e-14
6821.092743059059 1.1263057669604144e-14
6824.075147642035 1.0906852883218633e-14
6827.057552225012 1.0633463259785923e-14
6830.039956807987 1.0476221165839108e-14
6833.022361390963 1.0272731540491742e-14
6836.00476597394 9.878893935643165e-15
6838.987170556916 9.392150761031132e-15
6841.969575139891 9.051726495850658e-15
6844.951979722868 8.862514998754975e-15
6847.934384305844 8.67893347895884e-15
6850.9167888888205 8.561307782817131e-15
6853.899193471796 8.570413723294818e-15
6856.881598054782 8.48456336190687e-15
6859.864002637759 8.258121453614674e-15
6862.846407220734 8.051863691843855e-15
6865.828811803711 7.944907211394423e-15
6868.811216386687 7.859804511712304e-15
6871.793620969663 7.748717064510875e-15
6874.776025552639 7.73284630920564e-15
6877.7584301356155 7.791686403343718e-15
6880.740834718591 7.838431764126368e-15
6883.723239301567 7.965424934563522e-15
6886.705643884554 8.201021176316982e-15
6889.688048467529 8.387020804020639e-15
6892.670453050506 8.488557492480562e-15
6895.652857633482 8.560499466077116e-15
6898.635262216458 8.682473247909083e-15
6901.617666799434 8.833026997048783e-15
6904.6000713824105 9.014522448543683e-15
6907.582475965386 9.241649605302805e-15
6910.564880548363 9.50014578661135e-15
6913.547285131339 9.783525122235731e-15
6916.529689714324 1.0101886981228036e-14
6919.512094297302 1.0358018460149254e-14
6922.494498880277 1.0485090667102935e-14
6925.476903463253 1.0637926116101301e-14
6928.45930804623 1.0916276095119899e-14
6931.4417126292055 1.1335790302521409e-14
6934.424117212181 1.1769047916043135e-14
6937.406521795158 1.2115159214896922e-14
6940.388926378144 1.2408896290866205e-14
6943.371330961109 1.2520427542418583e-14
6946.353735544097 1.2643303364285328e-14
6949.336140127072 1.2999922531932228e-14
6952.318544710048 1.3359974340484174e-14
6955.300949293025 1.3518775447499792e-14
6958.283353876001 1.3753423945924832e-14
6961.265758458977 1.3980817729002904e-14
6964.248163041953 1.4168588228126251e-14
6967.230567624929 1.443783166851674e-14
6970.212972207915 1.4586995610660397e-14
6973.195376790892 1.4546231111967748e-14
6976.177781373867 1.450109821428209e-14
6979.160185956844 1.464028675293466e-14
6982.14259053982 1.491104158291263e-14
6985.124995122796 1.5403889522039063e-14
6988.107399705772 1.5876327613549932e-14
6991.089804288748 1.6294212015028963e-14
6994.072208871724 1.6643900229613318e-14
6997.0546134547 1.696065870847914e-14
7000.037018037677 1.7174471822112826e-14
7003.019422620662 1.7284099224491777e-14
7006.001827203639 1.7274085870694608e-14
7008.984231786615 1.730884842827617e-14
7011.9666363695915 1.7477123124400145e-14
7014.949040952567 1.7631331877926018e-14
7017.931445535543 1.769330235095638e-14
7020.91385011852 1.7740199552779847e-14
7023.896254701495 1.7794579281566777e-14
7026.878659284472 1.7786093786076206e-14
7029.861063867448 1.7742421603602344e-14
7032.843468450434 1.763640089801787e-14
7035.825873033409 1.7424791581368754e-14
7038.8082776163865 1.7363453545151966e-14
7041.790682199362 1.7394434187841866e-14
7044.7730867823375 1.74273292658775e-14
7047.755491365315 1.731621863092339e-14
7050.73789594829 1.7237651350452468e-14
7053.720300531267 1.7228384002319658e-14
7056.702705114243 1.7080120607044908e-14
7059.685109697219 1.6780311893451328e-14
7062.667514280205 1.646662459527071e-14
7065.6499188631815 1.617316057974296e-14
7068.632323446157 1.5888658081300293e-14
7071.614728029133 1.5669259963096044e-14
7074.59713261211 1.5591240646947126e-14
7077.579537195085 1.5602178057967775e-14
7080.561941778062 1.5505634970544283e-14
7083.544346361038 1.5223660864534888e-14
7086.526750944014 1.48861343657167e-14
7089.50915552699 1.4733129458421457e-14
7092.4915601099765 1.446913366980335e-14
7095.473964692952 1.4204999508576301e-14
7098.456369275928 1.4005366078890999e-14
7101.438773858905 1.3785113269284648e-14
7104.421178441881 1.36935475281592e-14
7107.403583024857 1.370432780012109e-14
7110.385987607833 1.3729697750896529e-14
7113.36839219081 1.3738176929803946e-14
7116.350796773785 1.3777684050723396e-14
7119.3332013567615 1.3835937188141532e-14
7122.315605939738 1.3619928304690843e-14
7125.298010522723 1.3182114631590377e-14
7128.2804151057 1.2995441418569257e-14
7131.262819688676 1.2941543709910745e-14
7134.245224271652 1.2833821843224766e-14
7137.227628854628 1.2821979384471323e-14
7140.210033437605 1.2947640182653517e-14
7143.19243802058 1.2995872069186812e-14
7146.1748426035565 1.3039823957459932e-14
7149.157247186533 1.3202634389114072e-14
7152.139651769518 1.3411625752806596e-14
7155.122056352495 1.3573511029618363e-14
7158.104460935471 1.3552526927012873e-14
7161.086865518447 1.3345467352022969e-14
7164.069270101424 1.330007114278421e-14
7167.0516746844 1.3484863184440684e-14
7170.034079267375 1.3534406670857221e-14
7173.016483850352 1.3440028929063198e-14
7175.998888433328 1.3348886675477332e-14
7178.981293016303 1.323299121928259e-14
7181.963697599291 1.3388043550880406e-14
7184.946102182266 1.3611675982381552e-14
7187.928506765242 1.352375950637557e-14
7190.910911348219 1.343034774128181e-14
7193.893315931195 1.3359573635039941e-14
7196.87572051417 1.3029951700993734e-14
7199.858125097147 1.2716061357075302e-14
7202.840529680123 1.2733397912427385e-14
7205.822934263099 1.2868864012326274e-14
7208.805338846086 1.3003529305980853e-14
7211.787743429061 1.312016389507953e-14
7214.770148012038 1.317193137451253e-14
7217.752552595014 1.325711641693671e-14
7220.73495717799 1.341728434524499e-14
7223.717361760966 1.3483464327224118e-14
7226.699766343942 1.3400377873894564e-14
7229.682170926918 1.3314596505932759e-14
7232.664575509894 1.3265088259348466e-14
7235.64698009287 1.3396287534212381e-14
7238.629384675846 1.367212351967729e-14
7241.611789258833 1.3963623930754898e-14
7244.594193841808 1.4144762318687368e-14
7247.576598424785 1.425636954447859e-14
7250.559003007761 1.432819852423299e-14
7253.5414075907365 1.435424329642127e-14
7256.523812173714 1.4330121531625378e-14
7259.506216756689 1.4273250441294234e-14
7262.488621339665 1.4237958095591573e-14
7265.471025922642 1.4401789606259315e-14
7268.453430505618 1.471167191607092e-14
7271.435835088603 1.4792293897910702e-14
7274.4182396715805 1.4674762587890458e-14
7277.400644254556 1.4690959907580646e-14
7280.3830488375315 1.4750027265807025e-14
7283.365453420509 1.4719841138751697e-14
7286.347858003484 1.463991786743468e-14
7289.33026258646 1.4620687845679355e-14
7292.312667169437 1.443697100970902e-14
7295.295071752413 1.4137602958027125e-14
7298.277476335398 1.393171587829853e-14
7301.2598809183655 1.3908004828478589e-14
7304.242285501351 1.3906925108124664e-14
7307.224690084327 1.3863939502921598e-14
7310.207094667304 1.3872751902565983e-14
7313.189499250279 1.386543432757975e-14
7316.171903833256 1.3699354695468496e-14
7319.154308416232 1.3432357079771604e-14
7322.136712999208 1.318442022723369e-14
7325.119117582184 1.2997481359332512e-14
7328.1015221651605 1.2867107156824786e-14
7331.083926748146 1.275436252186849e-14
7334.0663313311225 1.2756275243243117e-14
7337.048735914099 1.2742308703870191e-14
7340.031140497074 1.2758373877944505e-14
7343.013545080051 1.271235392683284e-14
7345.995949663027 1.2652880752616161e-14
7348.978354246004 1.2550270283527273e-14
7351.960758828979 1.2338547714024722e-14
7354.9431634119555 1.2145137810949577e-14
7357.925567994932 1.2000722894946511e-14
7360.9079725779175 1.190108616122131e-14
7363.890377160894 1.1960070375490456e-14
7366.87278174387 1.2076627907294182e-14
7369.855186326846 1.2104474280458324e-14
7372.837590909822 1.2143149191429246e-14
7375.819995492799 1.2211720905960472e-14
7378.802400075774 1.2255143494858755e-14
7381.7848046587505 1.219706232802679e-14
7384.767209241727 1.1995762413712553e-14
7387.7496138247025 1.1844558527054093e-14
7390.732018407689 1.1870927581245592e-14
7393.714422990665 1.1995828692707578e-14
7396.696827573641 1.2071040226963439e-14
7399.679232156617 1.2190011099117942e-14
7402.661636739594 1.2341782345732585e-14
7405.644041322569 1.2370612423067644e-14
7408.6264459055465 1.2371716676778871e-14
7411.608850488522 1.2397848668560851e-14
7414.5912550714975 1.2359692211406587e-14
7417.573659654485 1.2245908289307328e-14
7420.55606423745 1.204573484120848e-14
7423.538468820436 1.1863047448773506e-14
7426.520873403413 1.1802835408178665e-14
7429.503277986389 1.169592928150158e-14
7432.485682569364 1.1707095252819626e-14
7435.468087152341 1.189974890190686e-14
7438.450491735317 1.2015020198802865e-14
7441.4328963182925 1.206428188426119e-14
7444.415300901269 1.2115840735559186e-14
7447.397705484245 1.2035147404241473e-14
7450.380110067231 1.1902757713694618e-14
7453.362514650207 1.1832014434740488e-14
7456.344919233184 1.1620960333021753e-14
7459.32732381616 1.1458467240918869e-14
7462.309728399136 1.1488669072262182e-14
7465.292132982112 1.1546318063161851e-14
7468.274537565088 1.1618400536288194e-14
7471.256942148064 1.1764685085993539e-14
7474.23934673104 1.1885940613630326e-14
7477.221751314017 1.182373834690015e-14
7480.204155897002 1.1664166970198253e-14
7483.186560479979 1.1592142039474845e-14
7486.168965062955 1.1505624667993447e-14
7489.151369645931 1.1378665644678153e-14
7492.133774228907 1.1271705484154737e-14
7495.116178811883 1.1122488047130108e-14
7498.098583394859 1.105929960348438e-14
7501.080987977836 1.1181565925743622e-14
7504.063392560812 1.1222505444720107e-14
7507.045797143787 1.1160917572371371e-14
7510.028201726765 1.1057129975207528e-14
7513.01060630975 1.090502854180324e-14
7515.993010892726 1.0787063551019069e-14
7518.975415475703 1.0606115004158325e-14
7521.957820058678 1.0363390976938266e-14
7524.940224641654 1.0286398609247534e-14
7527.922629224631 1.0159706459604151e-14
7530.905033807607 9.829012279267387e-15
7533.887438390582 9.460008460160282e-15
7536.86984297356 9.182964077741095e-15
7539.852247556535 9.127615673537247e-15
7542.834652139521 8.951532094355707e-15
7545.817056722498 8.813393975026076e-15
7548.799461305473 8.873045162457912e-15
7551.78186588845 8.731940021527338e-15
7554.764270471426 8.660377063160276e-15
7557.746675054402 8.619677213627689e-15
7560.729079637378 8.337776866484263e-15
7563.711484220355 7.994864336577556e-15
7566.69388880333 7.82284137547983e-15
7569.6762933863165 7.770345815573296e-15
7572.658697969293 7.68669681388072e-15
7575.641102552268 7.619831038386316e-15
7578.623507135245 7.75169641145604e-15
7581.605911718221 7.965713716694406e-15
7584.588316301197 7.991184201892833e-15
7587.570720884173 7.953511576043448e-15
7590.55312546715 7.960778248267446e-15
7593.535530050125 7.807342234413122e-15
7596.5179346331015 7.619316983428954e-15
7599.500339216088 7.540258169233945e-15
7602.482743799063 7.42555068079266e-15
7605.46514838204 7.258551535324547e-15
7608.447552965016 7.16670007890412e-15
7611.429957547993 7.173224781125016e-15
7614.412362130968 7.280091061209151e-15
7617.394766713945 7.467033635828552e-15
7620.377171296921 7.568433779460196e-15
7623.3595758798965 7.583643745565678e-15
7626.341980462873 7.746249962158691e-15
7629.324385045859 8.027599757372776e-15
7632.306789628835 8.28020040011281e-15
7635.28919421181 8.30024446133723e-15
7638.271598794788 7.906766604254757e-15
7641.254003377763 7.705167042226213e-15
7644.236407960739 7.794282154434312e-15
7647.218812543716 7.866306484770977e-15
7650.2012171266915 7.878189743595271e-15
7653.183621709668 8.032705355576509e-15
7656.166026292644 8.256036534312393e-15
7659.14843087562 8.391238939969117e-15
7662.130835458606 8.512597636657203e-15
7665.113240041583 8.694017737274116e-15
7668.095644624558 8.903365750669868e-15
7671.078049207535 9.030950812044937e-15
7674.060453790511 9.04118226676448e-15
7677.0428583734865 9.057270505119525e-15
7680.025262956463 9.069317984722662e-15
7683.007667539439 9.17538840451645e-15
7685.990072122415 9.319488495726386e-15
7688.972476705401 9.423725557231192e-15
7691.954881288378 9.621096676267652e-15
7694.937285871353 9.932553945805659e-15
7697.91969045433 1.0265137963389655e-14
7700.902095037306 1.0476951687882465e-14
7703.884499620282 1.0712628347939263e-14
7706.866904203258 1.0996699023259318e-14
7709.849308786234 1.1182420313552702e-14
7712.831713369211 1.1382185040910739e-14
7715.814117952186 1.1523241686868701e-14
7718.796522535173 1.1624820835444511e-14
7721.778927118149 1.182205649384509e-14
7724.761331701125 1.1871819398077565e-14
7727.743736284101 1.1877444760718581e-14
7730.726140867077 1.1879652375512216e-14
7733.708545450053 1.169829733442282e-14
7736.690950033029 1.1491642267096532e-14
7739.673354616006 1.1488387484235981e-14
7742.655759198981 1.1656717090497754e-14
7745.638163781959 1.179352802140773e-14
7748.620568364934 1.1861522865949464e-14
7751.60297294792 1.1897434945469608e-14
7754.585377530897 1.1834884316594047e-14
7757.567782113872 1.1741758012420785e-14
7760.550186696848 1.1722688365917572e-14
7763.532591279825 1.1701392225730166e-14
7766.514995862801 1.1614169198406817e-14
7769.497400445776 1.1582216413391097e-14
7772.479805028754 1.1537598975490064e-14
7775.462209611739 1.1310357320036041e-14
7778.444614194705 1.1079959339284195e-14
7781.427018777692 1.085525233420323e-14
7784.4094233606675 1.0599723419955623e-14
7787.391827943643 1.0399600608268923e-14
7790.37423252662 1.0477499248605561e-14
7793.356637109596 1.0716872730122108e-14
7796.339041692572 1.1032578915279823e-14
7799.321446275549 1.1186876001861751e-14
7802.303850858524 1.0971924054451648e-14
7805.2862554415005 1.0716485867537666e-14
7808.268660024487 1.0565491924481219e-14
7811.2510646074625 1.043717623493158e-14
7814.233469190439 1.036155655375397e-14
7817.215873773415 1.0380228007393614e-14
7820.198278356391 1.0474467409303184e-14
7823.180682939367 1.0623891516483381e-14
7826.163087522344 1.0738886722704618e-14
7829.145492105319 1.0667528920896228e-14
7832.127896688296 1.0530766437941969e-14
7835.110301271271 1.0545208808819928e-14
7838.0927058542575 1.0677722836944284e-14
7841.075110437234 1.0924075604504482e-14
7844.057515020209 1.1294300973842158e-14
7847.039919603186 1.1559539261584777e-14
7850.022324186162 1.1162588297787361e-14
7853.004728769138 1.0582597660451202e-14
7855.987133352115 1.0423843802054707e-14
7858.969537935091 1.084280738955499e-14
7861.951942518066 1.1134493530280531e-14
7864.934347101043 1.102881660643111e-14
7867.916751684019 1.0964001263663773e-14
7870.899156267004 1.0801418668319697e-14
7873.881560849982 1.072394146190188e-14
7876.863965432957 1.111609541026705e-14
7879.846370015933 1.1161732996779769e-14
7882.82877459891 1.087948406349815e-14
7885.811179181886 1.0640749086168495e-14
7888.793583764861 1.0626767912471089e-14
7891.775988347838 1.0530353465090443e-14
7894.758392930814 1.0394943403076189e-14
7897.74079751379 1.0266692495361966e-14
7900.723202096777 1.0268624769715606e-14
7903.705606679752 1.0078008260543492e-14
7906.688011262729 9.90924982565865e-15
7909.670415845705 9.946101242644698e-15
7912.652820428681 1.0105830199191252e-14
7915.635225011657 1.0290031078172069e-14
7918.617629594633 1.04355704235249e-14
7921.600034177609 1.0568576142589315e-14
7924.582438760585 1.0616854162777405e-14
7927.564843343572 1.054348741377157e-14
7930.547247926537 1.0339150932775533e-14
7933.529652509524 9.922344224620946e-15
7936.5120570925 9.653110331434364e-15
7939.494461675476 9.395795511591288e-15
7942.476866258452 9.263345372930655e-15
7945.459270841428 9.326275223466209e-15
7948.441675424405 9.481211563250062e-15
7951.42408000738 9.642654278080593e-15
7954.406484590357 9.77797304796011e-15
7957.388889173333 9.786961444527809e-15
7960.371293756319 9.713224312705898e-15
7963.353698339295 9.675150804054491e-15
7966.3361029222715 9.6587950611894e-15
7969.318507505247 9.585672138952729e-15
7972.300912088223 9.403699693920064e-15
7975.2833166712 9.197887699116132e-15
7978.265721254175 9.120395242031768e-15
7981.248125837152 9.073123456372933e-15
7984.230530420128 9.00538124842538e-15
7987.212935003104 9.020311375049686e-15
7990.19533958609 8.983402123089565e-15
7993.1777441690665 9.042282688189002e-15
7996.160148752042 9.246376019834995e-15
7999.142553335019 9.282242207116154e-15
8002.124957917995 9.334165379185396e-15
8005.10736250097 9.37787058462448e-15
8008.089767083948 9.278694824109064e-15
8011.072171666923 9.201711820431984e-15
8014.054576249899 9.130006487322724e-15
8017.036980832886 8.930571438833978e-15
8020.0193854158615 8.777965865966389e-15
8023.001789998837 8.79255859706657e-15
8025.984194581814 8.815475963160272e-15
8028.96659916479 8.73257223735986e-15
8031.949003747765 8.59655876838688e-15
8034.931408330742 8.624436993068323e-15
8037.913812913718 8.670697154690942e-15
8040.896217496694 8.789766837901703e-15
8043.87862207967 9.048046377067719e-15
8046.8610266626465 9.11538469648224e-15
8049.843431245632 9.11248819072246e-15
8052.825835828608 9.141109251823987e-15
8055.808240411585 9.104185544751522e-15
8058.790644994561 9.033290163221517e-15
8061.773049577537 9.021507348549797e-15
8064.755454160513 9.059639298434226e-15
8067.73785874349 8.995484785019913e-15
8070.720263326465 8.825550806167138e-15
8073.7026679094415 8.629145384633211e-15
8076.685072492418 8.39882661347238e-15
8079.667477075403 8.331186367350792e-15
8082.64988165838 8.2939614525972e-15
8085.632286241356 8.191376633789862e-15
8088.614690824332 8.126214163914368e-15
8091.597095407308 8.062491660446636e-15
8094.579499990285 7.966914411082063e-15
8097.56190457326 7.820797077200612e-15
8100.544309156237 7.797786274019387e-15
8103.526713739213 7.762151619536835e-15
8106.509118322198 7.710871984600097e-15
8109.491522905176 7.767824626156916e-15
8112.473927488151 7.873585231800105e-15
8115.456332071127 7.890112829751373e-15
8118.438736654104 7.89631714083775e-15
8121.42114123708 7.98961925464401e-15
8124.403545820055 8.044692481454811e-15
8127.385950403032 7.995808311608067e-15
8130.368354986008 7.883563598442799e-15
8133.350759568983 7.763790717359207e-15
8136.333164151961 7.622039785708867e-15
8139.315568734945 7.58952945910249e-15
8142.297973317922 7.541973490846377e-15
8145.280377900899 7.510095591627547e-15
8148.262782483874 7.467392168458613e-15
8151.245187066851 7.467377309125604e-15
8154.227591649827 7.454817627475124e-15
8157.209996232802 7.428461160482733e-15
8160.192400815779 7.470123130844143e-15
8163.174805398756 7.410409008351059e-15
8166.15720998173 7.21178820334517e-15
8169.139614564708 7.099377725624694e-15
8172.122019147693 7.081324280350541e-15
8175.10442373067 7.0685899027339426e-15
8178.086828313647 7.089286697362745e-15
8181.0692328966215 7.135918172258419e-15
8184.051637479598 7.199838437406539e-15
8187.034042062575 7.187567519936132e-15
8190.01644664555 7.100505362615938e-15
8192.998851228527 6.930423494753278e-15
8195.981255811512 6.733634209620228e-15
8198.963660394478 6.464715784958839e-15
8201.946064977465 6.179013035957276e-15
8204.92846956044 5.9577388993576075e-15
8207.910874143417 5.722769590102891e-15
8210.893278726393 5.431331820142184e-15
8213.875683309368 5.211729110879467e-15
8216.858087892346 5.016805200404799e-15
8219.840492475321 4.732191185835677e-15
8222.822897058299 4.465118450968561e-15
8225.805301641274 4.24587455143287e-15
8228.78770622426 4.004002675967064e-15
8231.770110807238 3.778824396373595e-15
8234.752515390212 3.6242556633441094e-15
8237.734919973189 3.5370534114482965e-15
8240.717324556166 3.454371549134908e-15
8243.69972913914 3.3267233611487e-15
8246.682133722117 3.2074010887608555e-15
8249.664538305095 3.1341227430744174e-15
8252.646942888068 3.0137417940833626e-15
8255.629347471055 2.819365080143868e-15
8258.611752054032 2.634073956388267e-15
8261.594156637007 2.4775544029132308e-15
8264.576561219983 2.3299984202388027e-15
8267.55896580296 2.2048016291352345e-15
8270.541370385936 2.1168789115228372e-15
8273.523774968911 2.0576205912769197e-15
8276.506179551889 2.0009945669628194e-15
8279.488584134864 1.9611500037163947e-15
8282.47098871784 1.9735307300376245e-15
8285.453393300817 1.9933090373571233e-15
8288.435797883802 1.997433358748996e-15
8291.418202466779 1.9952032365545553e-15
8294.400607049756 1.97295933686741e-15
8297.38301163273 1.927390331358702e-15
8300.365416215707 1.914806924491705e-15
8303.347820798685 1.9827595856242252e-15
8306.330225381658 2.0567399570446856e-15
8309.312629964636 2.032921570470052e-15
8312.295034547622 1.941065908505241e-15
8315.277439130597 1.931354614493963e-15
8318.259843713573 1.9855667164144432e-15
8321.24224829655 1.981746255606101e-15
8324.224652879528 1.9673322922866423e-15
8327.207057462501 2.032162926167612e-15
8330.189462045479 2.183414445591867e-15
8333.171866628456 2.3096882901315723e-15
8336.15427121143 2.3859232666537646e-15
8339.136675794407 2.4835610319496598e-15
8342.119080377393 2.5735712785196953e-15
8345.101484960358 2.6410896356642435e-15
8348.083889543344 2.7825908385516466e-15
8351.066294126322 2.8450713844049248e-15
8354.048698709297 2.9351141821390608e-15
8357.031103292273 3.0791218771035105e-15
8360.01350787525 3.1583552232871467e-15
8362.995912458226 3.2079624987086746e-15
8365.978317041201 3.2536720167306673e-15
8368.960721624178 3.217500152248128e-15
8371.943126207163 3.204696145010371e-15
8374.92553079013 3.3061500199208748e-15
8377.907935373118 3.3661925899869707e-15
8380.890339956091 3.448665776808588e-15
8383.872744539069 3.5632013888914e-15
8386.855149122046 3.5239122032795497e-15
8389.83755370502 3.464044428480293e-15
8392.819958287997 3.434240409709619e-15
8395.802362870974 3.471732552313125e-15
8398.784767453948 3.629856775376235e-15
8401.767172036934 3.75975696479866e-15
8404.749576619903 3.892498015303654e-15
8407.731981202887 4.035593732587665e-15
8410.714385785863 4.0547366727944395e-15
8413.69679036884 4.075620824803667e-15
8416.679194951816 4.140812886827995e-15
8419.661599534791 4.139507139034332e-15
8422.644004117768 4.130592668014213e-15
8425.626408700746 4.12513641689996e-15
8428.60881328372 4.111553620799158e-15
8431.591217866708 4.022189387589898e-15
8434.573622449674 3.8347485000002135e-15
8437.556027032659 3.9280147175251166e-15
8440.538431615636 4.126581515084138e-15
8443.520836198612 4.394027832409164e-15
8446.503240781587 4.633368682285564e-15
8449.485645364564 4.671777816837408e-15
8452.46804994754 4.6338230591992875e-15
8455.450454530515 4.6754762547630395e-15
8458.432859113493 4.9615964361978094e-15
8461.415263696468 5.251775930103173e-15
8464.397668279453 5.268287314925287e-15
8467.38007286243 5.1944042903073104e-15
8470.362477445407 5.184323512217874e-15
8473.344882028381 5.255209692092947e-15
8476.327286611358 5.536875336643659e-15
8479.309691194336 5.901061269529598e-15
8482.29209577731 6.1022001036257385e-15
8485.274500360287 6.1552413956704576e-15
8488.256904943264 6.149259191971789e-15
8491.239309526238 6.194426048937716e-15
8494.221714109226 6.335339556020093e-15
8497.204118692202 6.552742606282851e-15
8500.186523275177 6.827735091810451e-15
8503.168927858154 7.041445435602007e-15
8506.15133244113 7.277613432477846e-15
8509.133737024105 7.638746352864925e-15
8512.116141607083 8.03252923844026e-15
8515.098546190058 8.343613896315732e-15
8518.080950773036 8.634776093280447e-15
8521.06335535602 8.944922632861081e-15
8524.045759938987 9.162903071080183e-15
8527.028164521973 9.301826618599638e-15
8530.010569104948 9.453366332481504e-15
8532.992973687926 9.60401271843558e-15
8535.975378270901 9.707839704728907e-15
8538.957782853877 9.73302554666405e-15
8541.940187436854 9.723603264870364e-15
8544.92259201983 9.847877307493674e-15
8547.904996602805 1.0031504425213053e-14
8550.887401185792 1.0072345076614487e-14
8553.869805768758 1.0140618840671089e-14
8556.852210351743 1.0308339708123334e-14
8559.83461493472 1.0501386696057234e-14
8562.817019517697 1.0862235286768758e-14
8565.79942410067 1.1242296060495505e-14
8568.781828683648 1.1528046658344343e-14
8571.764233266626 1.1853353933674524e-14
8574.7466378496 1.214372532169805e-14
8577.729042432577 1.2418032795458507e-14
8580.711447015554 1.2756972021529593e-14
8583.693851598528 1.325980365629376e-14
8586.676256181516 1.3551023721028771e-14
8589.658660764491 1.3680694912662296e-14
8592.641065347467 1.377163709249427e-14
8595.623469930444 1.3869003807082786e-14
8598.60587451342 1.3793817768004653e-14
8601.588279096395 1.3527490443674521e-14
8604.570683679372 1.3462176408290396e-14
8607.553088262348 1.3636166870448751e-14
8610.535492845333 1.3835787571695005e-14
8613.5178974283 1.3714492040327035e-14
8616.500302011287 1.3475029759160448e-14
8619.48270659426 1.3515315632941266e-14
8622.465111177238 1.350534732943135e-14
8625.447515760216 1.3334065227710514e-14
8628.429920343191 1.3359194487806316e-14
8631.412324926167 1.3460068797025026e-14
8634.394729509144 1.3624764716930388e-14
8637.37713409212 1.389674931416638e-14
8640.359538675106 1.4104465570503943e-14
8643.341943258072 1.4303999057714186e-14
8646.324347841059 1.4433686568110734e-14
8649.306752424034 1.435698893034777e-14
8652.28915700701 1.426076567542876e-14
8655.271561589987 1.4205825530879142e-14
8658.253966172962 1.3968776586233928e-14
8661.236370755938 1.371003498271325e-14
8664.218775338915 1.3583280652216046e-14
8667.20117992189 1.3454798094785206e-14
8670.183584504866 1.3282494759743138e-14
8673.165989087853 1.3077036246961956e-14
8676.148393670828 1.2843955858941774e-14
8679.130798253806 1.270361485753027e-14
8682.113202836781 1.2652210452218256e-14
8685.095607419757 1.2523279237072622e-14
8688.078012002734 1.2552627557849374e-14
8691.06041658571 1.2704729000757893e-14
8694.042821168685 1.2767345741839075e-14
8697.025225751662 1.2752690081305266e-14
8700.007630334638 1.2638880747935423e-14
8702.990034917624 1.2527821215799768e-14
8705.9724395006 1.242561876651883e-14
8708.954844083577 1.2350794470995949e-14
8711.937248666552 1.2395679350427203e-14
8714.919653249528 1.2411256859661672e-14
8717.902057832505 1.2276547891501291e-14
8720.884462415483 1.2125060429441512e-14
8723.866866998456 1.2030000978985184e-14
8726.849271581434 1.1978637412690146e-14
8729.83167616442 1.1900644592984842e-14
8732.814080747385 1.1666755916691911e-14
8735.796485330371 1.1385923425003689e-14
8738.778889913348 1.1185405506826057e-14
8741.761294496324 1.0955515221113055e-14
8744.7436990793 1.085646861972099e-14
8747.726103662277 1.0805471269766715e-14
8750.708508245252 1.0683904638490547e-14
8753.690912828228 1.0611132013610105e-14
8756.673317411205 1.0690354604024327e-14
8759.65572199419 1.0860492755289377e-14
8762.638126577156 1.0857593380563447e-14
8765.620531160142 1.0666056505796315e-14
8768.602935743118 1.0550165529827632e-14
8771.585340326095 1.0563969188628967e-14
8774.56774490907 1.0538732292870885e-14
8777.550149492046 1.035049494117353e-14
8780.532554075024 1.014938126557528e-14
8783.514958658 1.0161651221014551e-14
8786.497363240975 1.0094573108193898e-14
8789.479767823952 9.792064520909701e-15
8792.462172406927 9.347201256581145e-15
8795.444576989914 9.048583833250641e-15
8798.42698157289 8.919773010544528e-15
8801.409386155867 8.890037565228168e-15
8804.391790738842 8.71823786903837e-15
8807.374195321818 8.554318920767919e-15
8810.356599904795 8.426300564293559e-15
8813.33900448777 8.406487014961243e-15
8816.321409070746 8.529147609371368e-15
8819.303813653733 8.6291967025521e-15
8822.2862182367 8.688363946695162e-15
8825.268622819685 8.738494001984349e-15
8828.25102740266 8.741583508480979e-15
8831.233431985638 8.682359096555281e-15
8834.215836568614 8.740632605781999e-15
8837.19824115159 9.151091543955331e-15
8840.180645734566 9.769098854183934e-15
8843.163050317542 9.837467068205369e-15
8846.145454900518 8.989445188267097e-15
8849.127859483506 8.145759308169272e-15
8852.11026406647 7.908174388688363e-15
8855.092668649457 8.048812761558308e-15
8858.075073232434 8.03064142378138e-15
8861.057477815408 7.749068882477074e-15
8864.039882398385 7.541439367304181e-15
8867.022286981362 7.404134077135636e-15
8870.004691564336 7.307830014789634e-15
8872.987096147313 7.497511440167647e-15
8875.96950073029 7.77376109588196e-15
8878.951905313264 7.827770990948806e-15
8881.934309896242 7.621532201413289e-15
8884.916714479228 7.087112179662679e-15
8887.899119062204 6.725853897048404e-15
8890.88152364518 6.840339714866356e-15
8893.863928228157 7.013904172089441e-15
8896.846332811132 7.365837518675999e-15
8899.828737394108 7.571665208697814e-15
8902.811141977085 7.50541334051966e-15
8905.79354656006 7.430527754983462e-15
8908.775951143036 7.469064704726091e-15
8911.758355726024 7.519606252086027e-15
8914.740760308998 7.399969911090876e-15
8917.723164891975 7.181253668521981e-15
8920.70556947495 6.9193647984654924e-15
8923.687974057928 6.646531733834983e-15
8926.670378640903 6.625744721341756e-15
8929.652783223879 6.67643332545397e-15
8932.635187806856 6.5730396036884825e-15
8935.617592389832 6.43475111104511e-15
8938.599996972818 6.342237904638439e-15
8941.582401555785 6.419357272014023e-15
8944.56480613877 6.597272842693332e-15
8947.547210721747 6.699500490054225e-15
8950.529615304724 6.8291580060707835e-15
8953.512019887698 6.957376479122585e-15
8956.494424470675 7.007010035574841e-15
8959.476829053652 7.041353111726704e-15
8962.459233636626 7.0515722492863845e-15
8965.441638219603 7.070144957302043e-15
8968.42404280259 7.144302085323237e-15
8971.406447385554 7.14050818820558e-15
8974.38885196854 6.9822935120854195e-15
8977.371256551518 6.8395581856627155e-15
8980.353661134493 6.878740871642483e-15
8983.336065717469 7.026526243800218e-15
8986.318470300446 7.110093889999135e-15
8989.300874883422 7.087835576925693e-15
8992.283279466397 7.156323580927436e-15
8995.265684049375 7.175724564617438e-15
8998.24808863236 7.23064488854648e-15
9001.230493215326 7.392653333857177e-15
9004.212897798314 7.609562112222067e-15
9007.195302381288 7.638542908337719e-15
9010.177706964265 7.759925280015333e-15
9013.160111547242 7.961423006394414e-15
9016.142516130218 8.134726701751525e-15
9019.124920713193 8.214393101377291e-15
9022.10732529618 8.071419160550805e-15
9025.089729879146 7.995253048762541e-15
9028.07213446213 8.00083984821833e-15
9031.054539045099 7.842891027995364e-15
9034.036943628085 7.64495554281694e-15
9037.019348211059 7.528974197659884e-15
9040.001752794036 7.559247867456731e-15
9042.984157377014 7.783213421195287e-15
9045.966561959987 7.927883931973413e-15
9048.948966542965 7.822277938745915e-15
9051.931371125942 7.616842798559897e-15
9054.913775708916 7.670238647226476e-15
9057.896180291893 7.970578794391285e-15
9060.87858487487 7.928905207021131e-15
9063.860989457855 7.812243636342052e-15
9066.843394040832 7.942576889261893e-15
9069.825798623808 8.074630529083916e-15
9072.808203206783 8.257697744065124e-15
9075.79060778976 8.408181038252627e-15
9078.773012372736 8.399343110019303e-15
9081.755416955712 8.369814925463476e-15
9084.737821538689 8.212124003440364e-15
9087.720226121675 8.141985982265965e-15
9090.70263070464 8.036612374404702e-15
9093.685035287626 7.94490955309084e-15
9096.667439870604 7.937402601229141e-15
9099.649844453577 7.929526245590846e-15
9102.632249036555 7.75733014040664e-15
9105.614653619532 7.538193542436767e-15
9108.597058202506 7.380368174057447e-15
9111.579462785483 7.260151404743239e-15
9114.56186736846 7.0973766223538615e-15
9117.544271951436 6.969057393843209e-15
9120.526676534411 6.952249546459268e-15
9123.509081117398 6.854912069231727e-15
9126.491485700375 6.666166382529844e-15
9129.473890283349 6.637834633758431e-15
9132.456294866326 6.7277650658319116e-15
9135.438699449303 6.874531135957978e-15
9138.421104032277 7.056801816111821e-15
