1703.6534653465346 4.076804212660511e-13
1705.1683168316831 2.2967789509653138e-12
1706.6831683168316 -1.827213220704057e-12
1708.2079207920792 -3.822256645437391e-13
1709.7425742574258 -4.849140656428043e-13
1711.2871287128714 -1.578819382400316e-13
1712.8316831683169 -1.861991102408551e-14
1714.3861386138612 -8.219819228312265e-14
1715.9504950495048 -2.2009189003853864e-13
1717.5148514851485 -1.0198088115491588e-13
1719.0891089108911 -5.3119210714241115e-14
1720.6732673267327 -6.078074493054884e-14
1722.2574257425742 -5.838640557139162e-14
1723.8514851485147 -5.83629788369594e-14
1725.4554455445545 -5.832130175775309e-14
1727.059405940594 -4.1256814960874454e-14
1728.6732673267327 -5.518513306341583e-14
1730.2970297029701 -6.776993192677906e-14
1731.920792079208 -8.633814087185583e-14
1733.5544554455446 -7.351158812169594e-14
1735.1881188118812 -5.5710147192595804e-14
1736.8415841584158 -5.2691024747094613e-14
1738.4950495049507 -2.0993051129489445e-14
1740.148514851485 9.389480406750558e-15
1741.8217821782177 6.541249072892993e-17
1743.4851485148515 2.730792718008092e-14
1745.1683168316831 1.0423301696344987e-14
1746.8514851485147 -1.0151440211539592e-14
1748.5445544554455 3.1813169895963884e-14
1750.2475247524753 6.139202293471232e-15
1751.950495049505 -3.167547267777258e-14
1753.6633663366338 8.815382486517937e-15
1755.3762376237623 2.0265655314458263e-14
1757.0990099009903 2.758493074682256e-14
1758.8316831683169 2.7305617006150994e-14
1760.5643564356437 2.8627354569470076e-14
1762.3069306930693 4.2092316621762034e-15
1764.0594059405942 -5.341653743007705e-15
1765.8118811881188 -9.262886760547981e-15
1767.5742574257426 -1.6977043010167177e-14
1769.3465346534654 -1.2256991359413023e-14
1771.118811881188 -1.3986243881217002e-14
1772.90099009901 -5.616360884422857e-15
1774.6831683168318 4.856039153029261e-15
1776.4752475247524 -1.1133098339309776e-14
1778.2772277227723 -1.0996087025146009e-14
1780.0792079207922 7.161085610056299e-15
1781.8910891089108 1.4755095059735938e-14
1783.7128712871286 6.973430668850785e-15
1785.5346534653465 1.0803964992078875e-14
1787.3663366336634 2.0982963903033204e-14
1789.207920792079 1.8873736691532016e-14
1791.049504950495 1.2435568404028635e-14
1792.8910891089108 3.893488304410544e-15
1794.7524752475247 9.240134038431692e-15
1796.6138613861385 3.4807953295751926e-15
1798.4752475247526 2.741975652824841e-16
1800.3465346534651 -5.737132455903336e-17
1802.2277227722773 4.19413143406332e-15
1804.118811881188 3.765316238359439e-15
1806.009900990099 -5.8483716121807465e-15
1807.90099009901 -9.620787410905143e-15
1809.8118811881188 5.306123042758334e-16
1811.7128712871286 5.347441690867676e-15
1813.6336633663366 1.0923089638779724e-14
1815.5544554455446 7.609032825811689e-15
1817.4851485148515 7.371461909301724e-15
1819.4158415841582 1.3774104890239746e-14
1821.3564356435643 1.0040996795242286e-14
1823.2970297029703 8.512378780909032e-15
1825.2475247524753 5.165929876667972e-15
1827.2079207920792 7.991629837648999e-16
1829.1683168316831 -5.404564410277086e-15
1831.1386138613861 5.449320087964032e-16
1833.118811881188 -3.6263014826559325e-15
1835.09900990099 1.056893089421889e-15
1837.0792079207922 3.7462592101663136e-15
1839.079207920792 7.42642968967209e-15
1841.069306930693 6.830416158622374e-15
1843.079207920792 1.0358549894196893e-14
1845.0891089108911 1.165400924340897e-14
1847.09900990099 1.2263522856507332e-14
1849.128712871287 4.043190975665218e-15
1851.1485148514853 -3.9988751425660004e-16
1853.1881188118812 5.728547076566974e-15
1855.2277227722773 9.33590750102169e-15
1857.2673267326732 6.81748900239937e-15
1859.3168316831684 6.33033370776291e-15
1861.3762376237623 7.17780698122667e-15
1863.4356435643563 1.229871490081718e-14
1865.5049504950496 7.165558179490542e-15
1867.5742574257426 1.7404494559344464e-15
1869.6534653465346 2.9603463809307998e-15
1871.7425742574258 6.108967295658599e-15
1873.8316831683167 7.521590591565365e-15
1875.930693069307 6.747069914879093e-15
1878.029702970297 3.713515022112969e-15
1880.1386138613861 -3.1354802382675394e-15
1882.247524752475 1.0307340780081843e-15
1884.3663366336634 7.892641824044992e-15
1886.4950495049504 6.1479698439886334e-15
1888.6237623762377 2.9183425763352302e-15
1890.752475247525 1.2108395155911055e-14
1892.9009900990097 1.1638492452800707e-14
1895.039603960396 9.142234624532163e-15
1897.1980198019803 1.3060970975093028e-14
1899.3564356435643 1.3017762589954882e-14
1901.5148514851485 7.62170954849708e-15
1903.6831683168316 1.225034203917046e-14
1905.8613861386139 1.0372040385101317e-14
1908.0396039603959 9.929730604907374e-15
1910.2178217821781 1.6468699343067207e-14
1912.4158415841584 2.154249945070744e-14
1914.6039603960396 1.4006572229628336e-14
1916.8118811881188 4.087005324260931e-15
1919.019801980198 6.17756041291745e-15
1921.2277227722773 6.702275479504206e-15
1923.4455445544554 6.162261212099317e-15
1925.6633663366338 7.247780197994068e-15
1927.891089108911 1.1747927582246876e-14
1930.1287128712872 1.3592154044118255e-14
1932.3663366336634 1.2945482172459282e-14
1934.6138613861385 1.3079857301349694e-14
1936.8613861386139 1.225425603841373e-14
1939.118811881188 8.778572040355718e-15
1941.3762376237623 5.774769926154287e-15
1943.6435643564355 9.988313770940956e-15
1945.9108910891089 1.2066852402378846e-14
1948.1881188118812 1.3547951471935676e-14
1950.4653465346535 9.204206314073775e-15
1952.7524752475247 8.163044553664501e-15
1955.049504950495 2.671617997199405e-15
1957.3465346534654 4.262045756444015e-15
1959.6435643564357 5.816075795092398e-15
1961.950495049505 6.7494488802596885e-15
1964.2673267326734 7.17642769005614e-15
1966.5841584158416 3.125827371794048e-15
1968.9108910891089 2.959471624842556e-15
1971.2376237623762 7.39998439745501e-15
1973.5742574257424 3.20428910838266e-15
1975.9108910891089 1.0766764469222915e-14
1978.247524752475 1.7954194812036485e-14
1980.6039603960396 1.4159193650748376e-14
1982.950495049505 9.297873148882312e-15
1985.3168316831684 8.682335294380491e-15
1987.6732673267327 8.873103092742036e-15
1990.049504950495 1.2911569810687892e-14
1992.4257425742574 1.495776607492147e-14
1994.8019801980197 1.1835123657717867e-14
1997.1881188118812 6.406931985375948e-15
1999.5742574257424 2.3864938943869584e-15
2001.970297029703 5.370345320857044e-15
2004.3663366336634 4.756232862805621e-15
2006.7722772277227 3.618550968499619e-15
2009.1782178217823 7.565526433019656e-15
2011.5940594059407 9.553797985759316e-15
2014.019801980198 8.64826775185987e-15
2016.4356435643563 6.163227280176368e-15
2018.8712871287128 7.409800635780823e-15
2021.3069306930693 7.419450361884495e-15
2023.7425742574258 6.820579262505425e-15
2026.1881188118812 8.15086504133308e-15
2028.6336633663366 1.1255582203921039e-14
2031.0891089108911 1.222141725242342e-14
2033.5445544554457 1.3793178893400796e-14
2036.009900990099 1.6431951634270104e-14
2038.4851485148513 1.0442140232279282e-14
2040.950495049505 6.219335219605078e-15
2043.4356435643563 5.7085385983413865e-15
2045.920792079208 6.6947879756798305e-15
2048.4059405940593 9.86754572129e-15
2050.90099009901 1.1362858531952617e-14
2053.39603960396 1.2556453698491769e-14
2055.90099009901 9.720300465652276e-15
2058.4059405940593 7.919594116643461e-15
2060.9207920792082 1.0258229234127979e-14
2063.4356435643567 1.19551103243235e-14
2065.950495049505 1.1997113301872257e-14
2068.4851485148515 1.0613159454848116e-14
2071.0099009900987 1.0276625877435743e-14
2073.544554455446 8.77104745287134e-15
2076.089108910891 8.948198972922297e-15
2078.633663366337 7.561551950423045e-15
2081.178217821782 1.1710025537611686e-14
2083.732673267327 1.1483633796468714e-14
2086.29702970297 8.879254768697661e-15
2088.861386138614 6.707099489614525e-15
2091.4257425742576 5.591535569487759e-15
2094.0 5.9045937560468224e-15
2096.5841584158416 8.787462906128019e-15
2099.1584158415844 7.473821508612372e-15
2101.7524752475247 7.500186676034675e-15
2104.3366336633662 1.0219930277551266e-14
2106.940594059406 9.943332817688525e-15
2109.5346534653468 7.54362048183829e-15
2112.138613861386 8.240384321300005e-15
2114.7524752475247 8.953683696244361e-15
2117.366336633663 9.184223153551018e-15
2119.990099009901 8.736422641582857e-15
2122.6138613861385 9.936867016590487e-15
2125.237623762376 7.159156341809843e-15
2127.871287128713 4.971721465498404e-15
2130.5049504950493 5.76691176412993e-15
2133.1485148514853 6.544389162967159e-15
2135.792079207921 5.6012930997648376e-15
2138.4455445544554 7.664609832326353e-15
2141.0990099009905 8.01397734269987e-15
2143.7623762376234 7.837337580494055e-15
2146.425742574257 8.07227289003241e-15
2149.089108910891 6.729887516985178e-15
2151.762376237624 6.283474778144293e-15
2154.4455445544554 6.065806124666498e-15
2157.1188118811883 7.319544820930495e-15
2159.8118811881186 9.064728010718056e-15
2162.49504950495 6.448702519882823e-15
2165.19801980198 6.4481849502893586e-15
2167.891089108911 7.114603670549518e-15
2170.5940594059407 8.57608807644493e-15
2173.3069306930693 7.277135797590688e-15
2176.0198019801983 6.785089005024274e-15
2178.732673267327 9.851485081311549e-15
2181.4554455445545 6.793434816717433e-15
2184.1782178217823 8.501939997969268e-15
2186.910891089109 9.375339902779677e-15
2189.6435643564355 7.532369538493892e-15
2192.3762376237623 5.481844804106533e-15
2195.1188118811883 6.7471534026621075e-15
2197.861386138614 8.709529980222286e-15
2200.6138613861385 8.090639795984602e-15
2203.3663366336636 9.401904305957486e-15
2206.128712871287 5.855064886986103e-15
2208.891089108911 7.156738794754327e-15
2211.6633663366338 8.40140693179155e-15
2214.4356435643563 6.448571912688845e-15
2217.207920792079 6.444462932136908e-15
2219.990099009901 5.435404618318346e-15
2222.772277227723 5.229717459984506e-15
2225.5643564356437 3.430544877023533e-15
2228.356435643564 3.552964888365693e-15
2231.1485148514853 5.518220134323565e-15
2233.9504950495048 4.963338386404784e-15
2236.7524752475247 5.914578172385847e-15
2239.5643564356437 7.144440179966955e-15
2242.3762376237623 7.447441849255223e-15
2245.188118811881 7.18312842075485e-15
2248.0099009900987 7.103507805052956e-15
2250.8415841584156 5.012811326087472e-15
2253.6633663366333 4.6635410822601384e-15
2256.50495049505 5.154482490560345e-15
2259.3366336633662 6.5065760150532765e-15
2262.1782178217823 4.820245820763136e-15
2265.029702970297 4.299703966952876e-15
2267.871287128713 4.115786266856562e-15
2270.732673267327 5.472328277731655e-15
2273.5841584158416 4.952800684337955e-15
2276.4455445544554 5.446709663582609e-15
2279.3069306930693 5.89805343791036e-15
2282.1782178217823 5.430518774163958e-15
2285.0495049504952 4.9867758756172885e-15
2287.930693069307 5.173376604692324e-15
2290.8118811881186 5.897695780624761e-15
2293.6930693069307 7.421420227539975e-15
2296.5841584158416 6.946019632146327e-15
2299.4752475247524 7.362203199888386e-15
2302.3762376237623 6.634974871835226e-15
2305.2772277227723 5.204057916651088e-15
2308.1782178217823 6.243394697119068e-15
2311.089108910891 7.183450062007548e-15
2314.0 4.842900649825711e-15
2316.9207920792082 2.7793289615544444e-15
2319.831683168317 4.539591378366672e-15
2322.7623762376234 3.727223892334929e-15
2325.6831683168316 2.768294809225672e-15
2328.6237623762377 4.7226981399493144e-15
2331.5544554455446 5.234734933463726e-15
2334.4950495049507 3.809779219043408e-15
2337.4356435643563 4.8011715003497395e-15
2340.3861386138615 6.2797725599167486e-15
2343.3366336633662 5.8448286806152336e-15
2346.2871287128714 7.426701173514748e-15
2349.247524752475 6.017888861203731e-15
2352.207920792079 6.66053147585601e-15
2355.168316831683 7.566861218972172e-15
2358.1386138613857 6.5759413848112736e-15
2361.1089108910887 6.077061135352575e-15
2364.089108910891 8.170152621501922e-15
2367.0693069306926 7.006869236655546e-15
2370.0495049504952 7.111179362579304e-15
2373.039603960396 6.56022719753025e-15
2376.029702970297 8.198188365257072e-15
2379.029702970297 7.116373384881887e-15
2382.0198019801983 5.4215159953298674e-15
2385.029702970297 6.69402223369256e-15
2388.029702970297 6.205209295781401e-15
2391.0396039603957 7.324459676916596e-15
2394.049504950495 6.903967938530782e-15
2397.069306930693 6.1686533773124676e-15
2400.0891089108914 6.798491717566886e-15
2403.108910891089 8.087072350494267e-15
2406.138613861386 7.071860734974705e-15
2409.1683168316836 8.766862611167342e-15
2412.207920792079 9.110820723643678e-15
2415.2475247524753 9.303402248647992e-15
2418.287128712871 1.1084446172080363e-14
2421.326732673267 9.67450754879071e-15
2424.3762376237623 8.603284861641684e-15
2427.425742574257 8.963095871159173e-15
2430.4851485148515 9.648019845567033e-15
2433.5445544554455 9.158222439657389e-15
2436.6039603960394 9.42804725274745e-15
2439.673267326733 9.734113443564248e-15
2442.742574257426 8.803276051606261e-15
2445.8118811881186 7.922934611873366e-15
2448.891089108911 9.119207230671932e-15
2451.9702970297026 1.0508093854341405e-14
2455.049504950495 9.814803198516796e-15
2458.1386138613857 9.584266305453454e-15
2461.2277227722775 9.457337561237366e-15
2464.326732673267 9.592135478395358e-15
2467.4158415841584 1.0495248932207559e-14
2470.5148514851485 1.0352052553074146e-14
2473.6237623762377 8.975132555038228e-15
2476.732673267327 8.726839573529333e-15
2479.8415841584156 8.894266519094975e-15
2482.950495049505 9.457320419567854e-15
2486.069306930693 9.281733653648237e-15
2489.188118811881 9.084158582433229e-15
2492.316831683168 9.92013325732438e-15
2495.4455445544554 1.0732359325844014e-14
2498.5742574257424 1.0064685113277131e-14
2501.7029702970294 8.765604017374931e-15
2504.8415841584156 9.373115827811617e-15
2507.9801980198017 8.314863608103324e-15
2511.128712871287 8.716346516052355e-15
2514.267326732673 1.0864422944627131e-14
2517.425742574257 1.0797987386870126e-14
2520.574257425743 1.0502072712133598e-14
2523.7326732673264 1.150842769523713e-14
2526.891089108911 1.2624470145522033e-14
2530.049504950495 1.2569375504458158e-14
2533.2178217821784 1.2129615570424905e-14
2536.3861386138615 1.1486476645407258e-14
2539.5643564356437 1.1240753133422061e-14
2542.7326732673264 1.0415534141537989e-14
2545.9108910891086 1.1050341873419205e-14
2549.09900990099 1.2197770907186728e-14
2552.2772277227723 1.3537426324778534e-14
2555.475247524753 1.3327546526517321e-14
2558.6633663366338 1.317588996245345e-14
2561.8514851485147 1.409848496632553e-14
2565.049504950495 1.6820853527812874e-14
2568.2574257425745 1.603387633800352e-14
2571.4554455445545 1.4267381155848386e-14
2574.6633663366333 1.6507388621875558e-14
2577.871287128713 1.684231362599861e-14
2581.0891089108914 1.626449101176079e-14
2584.3069306930693 1.5424779680923245e-14
2587.5247524752476 1.7775784021121132e-14
2590.742574257426 1.87202274277923e-14
2593.9702970297026 1.89643068582221e-14
2597.19801980198 1.7897362476514453e-14
2600.4356435643563 1.8382654973975016e-14
2603.6633663366333 1.945065598960592e-14
2606.9009900990095 1.869581334962728e-14
2610.1485148514853 1.732692369670299e-14
2613.3861386138615 1.711853487274021e-14
2616.633663366337 1.6452384998156557e-14
2619.8811881188117 1.697973398084085e-14
2623.138613861386 1.8389179250695433e-14
2626.39603960396 1.700193582630137e-14
2629.6534653465346 1.560745262222157e-14
2632.9108910891086 1.507734819642368e-14
2636.1782178217823 1.5101486857301538e-14
2639.4455445544554 1.6413407914467064e-14
2642.7128712871286 1.6701990291419562e-14
2645.990099009901 1.500163347267482e-14
2649.2673267326736 1.5175130133209294e-14
2652.544554455446 1.5355709438317984e-14
2655.8217821782177 1.6446641215827242e-14
2659.1089108910887 1.5132225470222168e-14
2662.39603960396 1.3745218502518275e-14
2665.6930693069307 1.3844936573409012e-14
2668.980198019802 1.3876027130674767e-14
2672.2772277227723 1.3884138397171594e-14
2675.5742574257424 1.2963646424813256e-14
2678.881188118812 1.3446071796130958e-14
2682.1881188118814 1.3340278977159746e-14
2685.49504950495 1.3027517793048687e-14
2688.80198019802 1.4121767064373907e-14
2692.118811881188 1.4740475730947097e-14
2695.4356435643563 1.499091824535051e-14
2698.7524752475247 1.5946962581194997e-14
2702.069306930693 1.6152122816735683e-14
2705.39603960396 1.5000808123625686e-14
2708.7227722772277 1.3491408615509739e-14
2712.059405940594 1.490421722879349e-14
2715.3861386138615 1.5961482001936174e-14
2718.7227722772277 1.6305389135819658e-14
2722.0594059405944 1.6886526352037328e-14
2725.4059405940593 1.7828327093575718e-14
2728.742574257426 1.7425281030015102e-14
2732.089108910891 1.7423142930345465e-14
2735.4455445544554 1.8152586878885575e-14
2738.792079207921 1.866231361898182e-14
2742.1485148514853 1.9122014880678974e-14
2745.5049504950493 2.0030139113763724e-14
2748.861386138614 2.186010431692361e-14
2752.227722772277 2.2709302397477786e-14
2755.5940594059407 2.3268283437569748e-14
2758.960396039604 2.3687251891480994e-14
2762.3366336633662 2.4458729768468724e-14
2765.70297029703 2.589430295983128e-14
2769.079207920792 2.6571633481097637e-14
2772.455445544554 2.7329422831518337e-14
2775.8415841584156 2.884293726855138e-14
2779.227722772277 2.9699822897751986e-14
2782.6138613861385 3.096972448104232e-14
2786.0 3.114961318765078e-14
2789.39603960396 2.986400880138014e-14
2792.7821782178216 3.024213535065671e-14
2796.1782178217823 3.074564526599908e-14
2799.5841584158416 2.985301620548257e-14
2802.980198019802 3.022360804083143e-14
2806.386138613861 3.054478279257914e-14
2809.792079207921 3.092464598202188e-14
2813.207920792079 2.9870238925416733e-14
2816.613861386139 2.976659991184912e-14
2820.029702970297 2.928396775244887e-14
2823.4455445544554 3.129102891355096e-14
2826.861386138614 3.209813369119527e-14
2830.2871287128714 3.288693653557265e-14
2833.712871287129 3.280008024289202e-14
2837.138613861386 3.2321756645011236e-14
2840.5643564356433 3.2641345503813733e-14
2844.0 3.318777540952321e-14
2847.4356435643563 3.020426240934921e-14
2850.871287128713 3.011901973186788e-14
2854.3069306930693 3.136531553344859e-14
2857.7524752475247 3.0941104010728744e-14
2861.19801980198 3.047656594630486e-14
2864.6435643564355 3.2980002590296e-14
2868.089108910891 3.554145163003464e-14
2871.544554455446 3.469965995018845e-14
2875.0 3.4651531052898846e-14
2878.455445544554 3.517899284550068e-14
2881.910891089109 3.3472880690616194e-14
2885.3762376237623 3.226328883335438e-14
2888.8316831683164 3.5234439495566625e-14
2892.29702970297 3.536015258373424e-14
2895.772277227723 3.903026519018253e-14
2899.237623762376 3.7937015268623295e-14
2902.7128712871286 3.5587608417164696e-14
2906.188118811881 3.4690132227284146e-14
2909.6633663366338 3.584472225800938e-14
2913.1485148514853 3.5734977708905185e-14
2916.6237623762377 3.6326891750173336e-14
2920.108910891089 3.7865315846615594e-14
2923.5940594059407 3.8448011999898105e-14
2927.0891089108914 3.834160133443588e-14
2930.574257425743 4.1478851647982555e-14
2934.069306930693 4.2748030196161373e-14
2937.5643564356437 4.290832021117897e-14
2941.059405940594 4.437458246315745e-14
2944.5643564356437 4.314262830247133e-14
2948.069306930693 4.323149844274338e-14
2951.574257425743 4.390033399351855e-14
2955.079207920792 4.329022912967957e-14
2958.5841584158416 4.3625089836731976e-14
2962.09900990099 4.32747249720792e-14
2965.6138613861385 4.400287452533014e-14
2969.1287128712875 4.2365304585243177e-14
2972.6435643564355 4.276577165639374e-14
2976.168316831683 4.428525151130798e-14
2979.6930693069303 4.446649041718449e-14
2983.207920792079 4.2572527215519924e-14
2986.742574257426 4.226347922808166e-14
2990.267326732673 4.2302189223393005e-14
2993.8019801980195 4.2135913496371737e-14
2997.3366336633662 4.192177237142112e-14
3000.871287128713 4.0553830293636016e-14
3004.4059405940593 4.110402227303193e-14
3007.940594059406 4.042783505569417e-14
3011.4851485148515 3.9943738579779e-14
3015.029702970297 3.907309544060771e-14
3018.574257425743 3.8689532589218196e-14
3022.128712871287 3.9498546502152923e-14
3025.6732673267325 3.758435385104283e-14
3029.227722772277 3.571387928104025e-14
3032.782178217822 3.65656489368262e-14
3036.3366336633662 3.538344576779506e-14
3039.90099009901 3.5275626012496536e-14
3043.455445544554 3.5423869084448216e-14
3047.019801980198 3.4677350404644176e-14
3050.5841584158416 3.380262866498169e-14
3054.1485148514853 3.388033297047322e-14
3057.7227722772277 3.5804449062749155e-14
3061.2871287128714 3.480115800780752e-14
3064.861386138614 3.3372916515222576e-14
3068.4356435643563 3.4439440280172744e-14
3072.019801980198 3.554080607060095e-14
3075.5940594059407 3.453848400221162e-14
3079.178217821782 3.246735060215323e-14
3082.762376237624 3.213965388923804e-14
3086.3465346534654 3.1160488792288434e-14
3089.930693069307 3.038858027102641e-14
3093.5148514851485 3.0839468828740726e-14
3097.108910891089 3.325358916678177e-14
3100.70297029703 3.254298961771055e-14
3104.2970297029706 3.185280585442165e-14
3107.891089108911 3.240226003872672e-14
3111.4950495049507 3.274280749719639e-14
3115.089108910891 3.303225335305742e-14
3118.6930693069307 3.3772082056470294e-14
3122.29702970297 3.5336268089203325e-14
3125.9009900990095 3.401199037760374e-14
3129.5148514851485 3.4472395377160585e-14
3133.118811881188 3.597697379099989e-14
3136.7326732673264 3.6245583086458035e-14
3140.3465346534654 3.579338300386513e-14
3143.960396039604 3.6183029543351684e-14
3147.5841584158416 3.5902418218527696e-14
3151.19801980198 3.528919568006849e-14
3154.8217821782177 3.628540520841843e-14
3158.4455445544554 3.7640479402465834e-14
3162.069306930693 3.6925491208486267e-14
3165.6930693069307 3.776228483310522e-14
3169.326732673267 3.760773749305924e-14
3172.960396039604 3.874141744606497e-14
3176.5940594059407 3.8471038926262995e-14
3180.2277227722775 3.9163285272163685e-14
3183.861386138614 3.895140523221288e-14
3187.49504950495 3.97674214037902e-14
3191.138613861386 4.0189234225357633e-14
3194.7821782178216 3.9189168842958304e-14
3198.425742574257 3.949493577237285e-14
3202.069306930693 3.834751711690201e-14
3205.7128712871286 4.0413620151795045e-14
3209.366336633663 4.2369057250529563e-14
3213.0099009900987 4.16807339517346e-14
3216.6633663366338 4.0468761338032634e-14
3220.3168316831684 4.066432512635051e-14
3223.970297029703 4.1648812348753554e-14
3227.6336633663364 4.094965358974203e-14
3231.287128712871 4.0356712703209136e-14
3234.950495049505 4.187333418452152e-14
3238.6138613861385 4.228777851324363e-14
3242.2772277227723 4.1859721999751134e-14
3245.940594059406 4.020165047669041e-14
3249.6138613861385 3.9713326975411505e-14
3253.2772277227723 4.107031973296924e-14
3256.9504950495048 4.005329154819576e-14
3260.6237623762377 3.9730011407576627e-14
3264.29702970297 3.941568066181263e-14
3267.970297029703 4.045247634688307e-14
3271.6534653465346 3.845611778915849e-14
3275.326732673267 3.913752136387098e-14
3279.009900990099 3.990592259210624e-14
3282.6930693069307 3.8987904208901334e-14
3286.3762376237623 3.919335976052028e-14
3290.059405940594 4.026184578840277e-14
3293.7524752475247 4.0410471314967445e-14
3297.4356435643563 4.0348906230776494e-14
3301.128712871287 4.0134190665846773e-14
3304.8217821782177 3.911257547440877e-14
3308.5148514851485 3.952398779321142e-14
3312.207920792079 4.093564313755411e-14
3315.910891089109 4.0526810447589345e-14
3319.60396039604 3.840077555801986e-14
3323.3069306930693 3.8859673692012206e-14
3327.009900990099 3.850204675576557e-14
3330.7128712871286 3.868496287793804e-14
3334.4158415841584 3.8019474829241734e-14
3338.118811881188 3.906081304555349e-14
3341.831683168317 3.93327825418321e-14
3345.5445544554455 3.780538624855714e-14
3349.247524752475 3.809571608586836e-14
3352.960396039604 3.8476463510997996e-14
3356.6831683168316 3.868889983518201e-14
3360.39603960396 3.846172508038408e-14
3364.108910891089 3.718096549131084e-14
3367.831683168317 3.8685599847663084e-14
3371.5544554455446 3.928496462763592e-14
3375.2772277227723 3.735718827473291e-14
3379.0 3.6666569813034906e-14
3382.7227722772277 3.724729469313348e-14
3386.4455445544554 3.891185534461684e-14
3390.1782178217823 3.968514580992651e-14
3393.90099009901 4.064766614482761e-14
3397.633663366337 4.1009923803079266e-14
3401.3663366336636 3.9630500693563954e-14
3405.09900990099 4.001375310091038e-14
3408.831683168317 4.0432602236826276e-14
3412.5742574257424 3.9780507229175685e-14
3416.3069306930693 3.858887730514882e-14
3420.049504950495 3.780378263264431e-14
3423.792079207921 3.717196216485839e-14
3427.5346534653463 3.827981059590645e-14
3431.2772277227723 3.876866784119876e-14
3435.019801980198 3.9381548504686106e-14
3438.762376237624 4.040541064495781e-14
3442.5148514851485 3.916468178972373e-14
3446.267326732673 3.921966295057343e-14
3450.009900990099 3.868149059927744e-14
3453.762376237624 3.8364716740014565e-14
3457.5148514851485 3.8497688591125914e-14
3461.2772277227723 3.749280966203832e-14
3465.029702970297 3.80476379151613e-14
3468.7821782178216 3.97385120535106e-14
3472.5445544554455 3.9080364966029415e-14
3476.3069306930693 3.924850006872976e-14
3480.069306930693 3.999282957354807e-14
3483.831683168317 3.817813233252173e-14
3487.5940594059402 3.688735245035861e-14
3491.3564356435645 3.709508789590489e-14
3495.128712871287 3.722856577666995e-14
3498.891089108911 3.861243282111502e-14
3502.6633663366338 3.827930489665469e-14
3506.4356435643563 3.749903137810517e-14
3510.207920792079 3.8904298218326235e-14
3513.9801980198017 3.888210455621752e-14
3517.7524752475247 3.675475381906354e-14
3521.5346534653463 3.756127694320975e-14
3525.3069306930693 3.839972703538538e-14
3529.0891089108914 3.816777943660385e-14
3532.8712871287125 3.804185709661147e-14
3536.643564356436 3.8132194960453235e-14
3540.425742574257 4.066246030597122e-14
3544.217821782178 3.9771481983094214e-14
3548.0 4.0489831524753554e-14
3551.782178217822 3.9974822039291314e-14
3555.574257425743 3.9737840824648944e-14
3559.356435643564 3.8480962531353716e-14
3563.1485148514853 3.865897362179274e-14
3566.940594059406 3.838216050515717e-14
3570.732673267327 3.7596407911330906e-14
3574.5247524752476 3.7286152085974476e-14
3578.3168316831684 3.8196471333468054e-14
3582.1188118811883 3.9779054636552206e-14
3585.9108910891086 3.981238612723049e-14
3589.712871287129 3.9680927876755924e-14
3593.5148514851485 3.8994005030620126e-14
3597.3168316831684 3.880766211250623e-14
3601.1188118811883 3.9929337978128345e-14
3604.920792079208 3.923098784275121e-14
3608.7227722772277 3.780555022756662e-14
3612.5247524752476 3.8231987782272175e-14
3616.3366336633662 3.848623385255638e-14
3620.138613861386 3.827247310270373e-14
3623.9504950495048 3.731996027971152e-14
3627.762376237624 3.7813418913765804e-14
3631.5742574257424 3.908722809702512e-14
3635.386138613861 3.9345480642848915e-14
3639.1980198019805 3.870091012034656e-14
3643.009900990099 3.83275271667542e-14
3646.8217821782177 3.9014988774581924e-14
3650.6435643564355 4.048782219439814e-14
3654.4653465346537 3.977327460197971e-14
3658.2772277227723 3.869876305774229e-14
3662.09900990099 3.953809508813571e-14
3665.920792079208 3.969568753127944e-14
3669.742574257426 3.855486516287572e-14
3673.5643564356437 3.8388882560521507e-14
3677.3960396039606 3.958025965624802e-14
3681.2178217821784 3.895263523342431e-14
3685.039603960396 3.792261454794902e-14
3688.871287128713 3.93789058747222e-14
3692.70297029703 4.000792161446002e-14
3696.524752475247 3.818002459335555e-14
3700.3564356435645 3.664485409304249e-14
3704.1881188118814 3.8273107497493905e-14
3708.029702970297 3.9786536755921796e-14
3711.861386138614 3.828659013337654e-14
3715.6930693069307 3.7676334601477146e-14
3719.5346534653463 3.7166756497550866e-14
3723.366336633663 3.746823737997381e-14
3727.207920792079 3.755236139997169e-14
3731.039603960396 3.7058335001711537e-14
3734.8811881188117 3.625635278020345e-14
3738.7227722772277 3.6710809132483675e-14
3742.5643564356433 3.7724661134389475e-14
3746.4158415841584 3.770844480001288e-14
3750.2574257425745 3.663627088704095e-14
3754.09900990099 3.6569969666058406e-14
3757.950495049505 3.4997065555046206e-14
3761.792079207921 3.536115119632318e-14
3765.643564356436 3.597260093011996e-14
3769.4950495049507 3.6630985922093634e-14
3773.3366336633667 3.7925476919117046e-14
3777.1881188118814 3.757740194834899e-14
3781.039603960396 3.761365136811023e-14
3784.90099009901 3.6953135254701534e-14
3788.7524752475247 3.676277803689113e-14
3792.60396039604 3.5989473959081646e-14
3796.4653465346532 3.596324734834301e-14
3800.3168316831684 3.586849414431995e-14
3804.178217821782 3.502288505170999e-14
3808.029702970297 3.579747804855011e-14
3811.8910891089113 3.588153292169882e-14
3815.7524752475247 3.538333435422606e-14
3819.6138613861385 3.6389259982543364e-14
3823.4752475247524 3.757868020917493e-14
3827.3366336633662 3.7485430421900706e-14
3831.207920792079 3.536791011336555e-14
3835.069306930693 3.5287082499026784e-14
3838.930693069307 3.481609760657988e-14
3842.80198019802 3.4464435929119266e-14
3846.6732673267325 3.418332565440007e-14
3850.5346534653463 3.5060623277779375e-14
3854.4059405940593 3.5634341304116225e-14
3858.2772277227723 3.626006610484715e-14
3862.1485148514853 3.552507234804319e-14
3866.019801980198 3.634562634365371e-14
3869.891089108911 3.7656775798836216e-14
3873.772277227723 3.759599733456913e-14
3877.6435643564355 3.580447869667909e-14
3881.5148514851485 3.619304724733251e-14
3885.39603960396 3.623341355340771e-14
3889.267326732673 3.795406942812644e-14
3893.148514851485 3.6621576625663784e-14
3897.029702970297 3.504391308845371e-14
3900.910891089109 3.516809990352513e-14
3904.792079207921 3.5689956639915054e-14
3908.673267326733 3.502346421065455e-14
3912.554455445544 3.5376712438450123e-14
3916.4356435643563 3.6015705031036815e-14
3920.3168316831684 3.516170951081976e-14
3924.19801980198 3.667242473713597e-14
3928.089108910891 3.8947557608236155e-14
3931.970297029703 3.903086731901823e-14
3935.861386138614 4.003865837095961e-14
3939.7524752475247 4.0612316580340945e-14
3943.633663366337 3.98411381159477e-14
3947.5247524752476 3.812824562060924e-14
3951.4158415841584 3.7402341798469665e-14
3955.3069306930693 3.70865720966614e-14
3959.19801980198 3.7252278771330023e-14
3963.089108910891 3.684915341350861e-14
3966.980198019802 3.651987312489092e-14
3970.881188118812 3.591511324236809e-14
3974.7722772277225 3.743626341248042e-14
3978.6633663366333 3.844755466191694e-14
3982.5643564356433 3.783854435727353e-14
3986.4653465346532 3.742674303051372e-14
3990.3564356435645 3.7581715350216834e-14
3994.257425742574 3.853356700583344e-14
3998.158415841584 3.8556935112564574e-14
4002.059405940594 3.875645778107969e-14
4005.960396039604 3.6693129077509274e-14
4009.861386138614 3.462857067681364e-14
4013.762376237624 3.638502682000469e-14
4017.6633663366338 3.72181572480748e-14
4021.5643564356437 3.650613424435544e-14
4025.4653465346532 3.6211350475719023e-14
4029.3762376237623 3.5105873263904845e-14
4033.2772277227723 3.6479254137544104e-14
4037.188118811881 3.713032065461383e-14
4041.089108910891 3.632696314009935e-14
4045.0 3.575419263878555e-14
4048.910891089109 3.6685828842973696e-14
4052.8217821782177 3.832734512801032e-14
4056.732673267327 3.5690473794770856e-14
4060.6336633663364 3.547820737100501e-14
4064.544554455445 3.6799141060945546e-14
4068.4653465346532 3.660209043666337e-14
4072.376237623763 3.6968815138249626e-14
4076.2871287128714 3.649028211528923e-14
4080.19801980198 3.6263649095705975e-14
4084.1188118811883 3.837809300099227e-14
4088.029702970297 3.8768202651785756e-14
4091.9405940594056 3.8342867575104546e-14
4095.8613861386134 3.8297101718567564e-14
4099.782178217822 3.859604003040416e-14
4103.69306930693 3.853276951746005e-14
4107.6138613861385 3.8426143126617186e-14
4111.534653465346 3.5895759670113557e-14
4115.455445544554 3.607265340913823e-14
4119.366336633664 3.6116583955812706e-14
4123.287128712872 3.5532165749826126e-14
4127.217821782178 3.6213873298509896e-14
4131.138613861386 3.7730265519665286e-14
4135.059405940594 3.7924321464917865e-14
4138.980198019802 3.7592246507413674e-14
4142.9009900990095 3.6358028984215257e-14
4146.831683168317 3.5126451304389124e-14
4150.752475247525 3.488610855176526e-14
4154.683168316831 3.5661247114338124e-14
4158.603960396039 3.595302450942652e-14
4162.534653465346 3.5045307014399203e-14
4166.455445544554 3.549194417594428e-14
4170.3861386138615 3.484322610050335e-14
4174.316831683169 3.331725829168099e-14
4178.247524752475 3.262830274225505e-14
4182.178217821782 3.228134921020615e-14
4186.0990099009905 3.2476522358230426e-14
4190.029702970297 3.232169597594482e-14
4193.960396039603 3.313224074474116e-14
4197.90099009901 3.4509615725008796e-14
4201.831683168317 3.4102237652394193e-14
4205.762376237623 3.2838489972178336e-14
4209.693069306931 3.3339507497257355e-14
4213.633663366337 3.251522952808234e-14
4217.564356435643 3.174625093021852e-14
4221.495049504951 3.134303288570186e-14
4225.435643564356 2.994767987928586e-14
4229.366336633663 2.9547559463876644e-14
4233.306930693069 2.84597552408712e-14
4237.247524752475 2.9552352533070924e-14
4241.178217821783 2.8881128348833173e-14
4245.118811881188 2.901751056435358e-14
4249.059405940594 2.9188656400079576e-14
4253.0 2.906660646520121e-14
4256.940594059406 2.879522519680439e-14
4260.881188118811 2.949802382345035e-14
4264.821782178218 2.9329198278000805e-14
4268.762376237623 2.8369282895956125e-14
4272.70297029703 3.06146066841778e-14
4276.6435643564355 3.113474359460199e-14
4280.584158415842 3.174753672078446e-14
4284.534653465346 3.233456671876682e-14
4288.475247524752 3.233393487804887e-14
4292.415841584158 3.27840201711225e-14
4296.366336633663 3.36872592357332e-14
4300.306930693069 3.2076554361261524e-14
4304.257425742574 3.193949116273487e-14
4308.19801980198 3.3552458788360514e-14
4312.148514851486 3.552655794316191e-14
4316.089108910891 3.4549403377235533e-14
4320.039603960396 3.362500297339656e-14
4323.9900990099 3.623578824674445e-14
4327.940594059406 3.628784484797753e-14
4331.881188118811 3.4940139464044525e-14
4335.831683168316 3.4218025064135515e-14
4339.782178217822 3.392489281335122e-14
4343.732673267326 3.3929192209056584e-14
4347.683168316831 3.609609725243663e-14
4351.633663366336 3.453744491549379e-14
4355.584158415842 3.396524614783915e-14
4359.544554455446 3.262524077738353e-14
4363.495049504951 3.3527518812554925e-14
4367.445544554455 3.449350437561979e-14
4371.39603960396 3.4212935924556917e-14
4375.356435643564 3.4175719667882175e-14
4379.306930693069 3.40537203927384e-14
4383.257425742574 3.3554800232634065e-14
4387.217821782178 3.2327075194052685e-14
4391.168316831683 3.138390523196046e-14
4395.1287128712875 3.120276985992793e-14
4399.079207920791 3.2403275041964033e-14
4403.039603960396 3.320950620505365e-14
4407.0 3.374896116467415e-14
4410.950495049506 3.4271049621682116e-14
4414.910891089109 3.359021658352883e-14
4418.871287128713 3.2463181169646674e-14
4422.831683168317 3.422594266635286e-14
4426.792079207921 3.360296529789073e-14
4430.752475247525 3.3175178041058236e-14
4434.702970297029 3.320370420792005e-14
4438.663366336634 3.4348634463863276e-14
4442.623762376238 3.4565328422017777e-14
4446.584158415842 3.3506369858486044e-14
4450.554455445545 3.1770153300708486e-14
4454.514851485149 3.167249552785275e-14
4458.475247524753 3.3192388739130496e-14
4462.435643564357 3.1641526495999343e-14
4466.396039603961 3.0942814808633044e-14
4470.366336633663 3.1697277601053765e-14
4474.326732673267 3.0937392772496176e-14
4478.287128712871 3.032883387072423e-14
4482.257425742574 3.2625086374123176e-14
4486.217821782178 3.3008669826749575e-14
4490.188118811881 3.162669091131586e-14
4494.148514851485 2.944056972560908e-14
4498.118811881189 2.937721192513018e-14
4502.079207920792 3.088256003513762e-14
4506.049504950494 3.1232719964929376e-14
4510.009900990099 2.9371007770463546e-14
4513.980198019802 2.746750107669329e-14
4517.950495049505 2.86087812458317e-14
4521.920792079208 3.146494523920784e-14
4525.881188118812 3.017541905078767e-14
4529.851485148514 2.974554521373864e-14
4533.821782178217 3.1349312286248123e-14
4537.792079207921 2.983046573235476e-14
4541.762376237624 2.923979484178183e-14
4545.732673267326 2.970781958989764e-14
4549.702970297029 3.035245137206591e-14
4553.6732673267325 3.188907677579814e-14
4557.6435643564355 2.9348180502278286e-14
4561.6138613861385 2.712160807920661e-14
4565.584158415842 2.8804041643737363e-14
4569.554455445545 2.911221927341846e-14
4573.524752475248 2.699872073194683e-14
4577.495049504951 2.677724607836012e-14
4581.475247524752 2.6423927441703765e-14
4585.445544554455 2.8680665918200947e-14
4589.415841584158 2.94101795361871e-14
4593.3861386138615 2.5964958504782076e-14
4597.366336633663 2.6501629690167108e-14
4601.336633663366 2.727326824570333e-14
4605.316831683168 2.703798010323751e-14
4609.287128712871 2.836195623607751e-14
4613.257425742575 2.7448635924497026e-14
4617.237623762376 2.6606481767358153e-14
4621.20792079208 2.7144224192133613e-14
4625.1881188118805 2.63454590924577e-14
4629.168316831683 2.5693008162752364e-14
4633.138613861386 2.660654716063859e-14
4637.118811881188 2.6231046631354858e-14
4641.089108910891 2.68884664841901e-14
4645.0693069306935 2.7058361406351165e-14
4649.049504950495 2.8227056157308397e-14
4653.029702970297 2.7852744236953515e-14
4657.0 2.4621248165949175e-14
4660.980198019802 2.2755822847044093e-14
4664.960396039603 2.3384980782211896e-14
4668.940594059406 2.4608641838008436e-14
4672.920792079208 2.4830707261908736e-14
4676.9009900990095 2.5440665216127902e-14
4680.881188118811 2.594480804295357e-14
4684.861386138614 2.4249160888722984e-14
4688.841584158416 2.2775864954878092e-14
4692.821782178218 2.334813415191173e-14
4696.80198019802 2.369851631995925e-14
4700.782178217822 2.1504708316795926e-14
4704.762376237624 2.2388246350395237e-14
4708.742574257426 2.300588779812426e-14
4712.722772277228 2.2470365013228382e-14
4716.702970297029 2.2698433985639694e-14
4720.683168316832 2.360903031522155e-14
4724.6732673267325 2.282764660805063e-14
4728.653465346534 2.187219900574956e-14
4732.633663366337 2.220261894714947e-14
4736.6138613861385 2.3091806347364492e-14
4740.60396039604 2.4535751716046917e-14
4744.584158415842 2.3985633139634045e-14
4748.564356435643 2.5609519492766618e-14
4752.554455445545 2.4749416764518428e-14
4756.534653465347 2.4813504725600395e-14
4760.524752475248 2.4216518407085825e-14
4764.504950495049 2.5704940319751917e-14
4768.485148514851 2.6681699772630565e-14
4772.475247524752 2.575036815631166e-14
4776.455445544555 2.5950667336357244e-14
4780.445544554455 2.606216397404122e-14
4784.435643564356 2.581940586926053e-14
4788.415841584158 2.5068516718649845e-14
4792.405940594059 2.6137579568842563e-14
4796.3861386138615 2.5310263290716995e-14
4800.376237623763 2.7384863566355e-14
4804.366336633663 2.9179555101732335e-14
4808.346534653466 3.011402387854096e-14
4812.336633663366 3.0935250624277127e-14
4816.326732673267 3.031289530560787e-14
4820.316831683169 3.2797400587429966e-14
4824.297029702971 3.170092894283422e-14
4828.287128712871 3.127607703142682e-14
4832.277227722772 3.2842564439857754e-14
4836.267326732674 3.3360399888538176e-14
4840.257425742574 3.280815600092195e-14
4844.237623762377 3.109838898187391e-14
4848.227722772277 3.078763817065983e-14
4852.217821782178 3.1583918441197886e-14
4856.20792079208 3.2256907943282095e-14
4860.19801980198 3.296617611273274e-14
4864.188118811881 3.398207504071429e-14
4868.178217821782 3.324355637616487e-14
4872.168316831683 3.219353886891129e-14
4876.158415841584 3.029854991984356e-14
4880.148514851485 2.989901159302912e-14
4884.138613861385 3.1943516003307535e-14
4888.1287128712875 3.464750457650514e-14
4892.118811881188 3.289904561209294e-14
4896.108910891089 3.4091032410194267e-14
4900.108910891089 3.499337608610025e-14
4904.0990099009905 3.2868247584793194e-14
4908.089108910891 2.99155077481239e-14
4912.079207920792 2.934010371905195e-14
4916.069306930693 2.9742790226638776e-14
4920.0693069306935 3.005506498250873e-14
4924.059405940594 3.2481430104655954e-14
4928.049504950495 3.2223265820268386e-14
4932.039603960396 3.1253963020035646e-14
4936.039603960396 3.156555467590118e-14
4940.029702970297 3.0396102389741126e-14
4944.019801980198 3.047660254728622e-14
4948.019801980198 3.273724670088358e-14
4952.009900990099 3.084993134203983e-14
4956.0 3.0246381225450166e-14
4960.0 3.132180697198802e-14
4963.990099009901 3.1099860629091456e-14
4967.990099009901 2.795208364068679e-14
4971.980198019802 3.0085208996090575e-14
4975.980198019802 2.935362726912124e-14
4979.970297029703 2.965997450519815e-14
4983.970297029703 2.814912453692045e-14
4987.960396039604 2.734271634899367e-14
4991.960396039604 2.857243519863522e-14
4995.950495049505 2.479075521429712e-14
4999.950495049505 2.6803476368355298e-14
5003.940594059405 2.8478152445445526e-14
5007.940594059406 2.981508160349554e-14
5011.930693069307 3.1143475776731916e-14
5015.930693069307 2.7118104945296023e-14
5019.930693069307 2.7301934368550053e-14
5023.920792079208 2.7177148147409505e-14
5027.920792079208 2.74846984579117e-14
5031.920792079208 2.7916812673233188e-14
5035.910891089109 2.8052799626478036e-14
5039.910891089109 2.8583724683638884e-14
5043.910891089109 3.107250386600947e-14
5047.910891089109 2.8448169265816555e-14
5051.9009900990095 2.787175320072252e-14
5055.9009900990095 3.017448314161168e-14
5059.9009900990095 2.7329365242600492e-14
5063.9009900990095 2.78192733809316e-14
5067.9009900990095 2.847366513676921e-14
5071.891089108911 2.69856060013388e-14
5075.891089108911 2.7113179748459886e-14
5079.891089108911 2.732135963064812e-14
5083.891089108911 2.4916999271663006e-14
5087.891089108912 2.7643046661953194e-14
5091.891089108911 2.935796156173544e-14
5095.891089108911 2.969447055667942e-14
5099.891089108911 2.8311491207453443e-14
5103.891089108911 2.6276242359371124e-14
5107.891089108911 2.8245504495689735e-14
5111.891089108911 2.943763062518312e-14
5115.891089108911 2.898441197177603e-14
5119.891089108911 2.843971129196906e-14
5123.891089108911 2.916523821289398e-14
5127.891089108911 2.6885667514498456e-14
5131.891089108911 2.689021836783e-14
5135.891089108911 2.829054044992405e-14
5139.891089108911 2.8719261705853405e-14
5143.891089108911 2.5463582085618767e-14
5147.891089108911 2.6147289931410822e-14
5151.891089108911 2.6389716325019436e-14
5155.891089108911 2.7254807748130193e-14
5159.891089108911 2.5459908534896234e-14
5163.9009900990095 2.489896256683617e-14
5167.9009900990095 2.476171630433065e-14
5171.9009900990095 2.6727922694595812e-14
5175.9009900990095 2.8728314293583164e-14
5179.9009900990095 2.895647192440954e-14
5183.910891089109 2.557207114029283e-14
5187.910891089109 2.6005424067647478e-14
5191.910891089109 2.7570192820524535e-14
5195.910891089109 2.810191350245936e-14
5199.920792079208 2.5842739931307475e-14
5203.920792079208 2.662772800005853e-14
5207.920792079208 2.783985567644792e-14
5211.930693069307 2.8196340489078645e-14
5215.930693069307 2.615811239081333e-14
5219.930693069307 2.574162719963798e-14
5223.940594059406 2.553491080465298e-14
5227.940594059406 2.348121498770497e-14
5231.940594059406 2.5641528331651196e-14
5235.950495049506 2.6009570972941695e-14
5239.950495049506 2.4158483904813285e-14
5243.960396039603 2.236521236547435e-14
5247.960396039603 2.518752931358835e-14
5251.970297029703 2.4246820692601692e-14
5255.970297029703 2.4015182692725956e-14
5259.980198019802 2.4062035518539093e-14
5263.980198019802 2.6461647081120273e-14
5267.990099009901 2.5234923856318847e-14
5271.990099009901 2.5848780511051774e-14
5276.0 2.5810196142310093e-14
5280.0 2.1690255230840418e-14
5284.0099009901 2.37954721287586e-14
5288.0099009901 2.6314549449219542e-14
5292.019801980197 2.5452319445520102e-14
5296.019801980197 2.581077129015909e-14
5300.029702970297 2.893106239158606e-14
5304.039603960396 2.7425227297889028e-14
5308.039603960396 2.5985983758053005e-14
5312.049504950495 2.461504203898187e-14
5316.059405940594 2.5136500633959158e-14
5320.059405940594 2.7746840863124217e-14
5324.0693069306935 2.532632903112845e-14
5328.079207920791 2.6366659697388136e-14
5332.089108910891 2.4957610222115475e-14
5336.089108910891 2.861528257430839e-14
5340.0990099009905 2.824520329034705e-14
5344.108910891089 2.937723470980625e-14
5348.118811881189 2.7497853923402e-14
5352.118811881189 2.924752247865481e-14
5356.128712871287 3.00153866632238e-14
5360.138613861386 2.4899146317033273e-14
5364.148514851485 2.7728927360606492e-14
5368.158415841584 2.484676408206633e-14
5372.168316831683 2.2509777442242718e-14
5376.168316831683 2.4757009279148518e-14
5380.178217821782 2.6061631577834023e-14
5384.1881188118805 2.7552658665862998e-14
5388.19801980198 2.6289502771539633e-14
5392.20792079208 2.5537355717625573e-14
5396.217821782178 2.4039757662368877e-14
5400.227722772277 2.4385683946104236e-14
5404.237623762376 2.3938200733492228e-14
5408.247524752475 2.0776649038951135e-14
5412.257425742574 2.3331161038302364e-14
5416.267326732674 2.4197069606747756e-14
5420.277227722771 2.4218910397303295e-14
5424.287128712871 2.3331647184444584e-14
5428.297029702971 2.022495108675748e-14
5432.306930693069 2.1359068186182057e-14
5436.316831683169 2.2311914269425516e-14
5440.326732673267 2.371487620556084e-14
5444.336633663366 2.5798976387648627e-14
5448.346534653465 2.7214812136293584e-14
5452.366336633663 2.3611301239152283e-14
5456.376237623762 2.0265266431259054e-14
5460.3861386138615 2.1793810352286972e-14
5464.39603960396 2.393340111611812e-14
5468.40594059406 1.9852143083666983e-14
5472.425742574257 1.8868258407429893e-14
5476.435643564356 1.9375329867605234e-14
5480.445544554455 1.8983775725760155e-14
5484.455445544555 2.1478780011178565e-14
5488.475247524752 2.5697893912521227e-14
5492.485148514851 2.69792533579041e-14
5496.495049504951 2.7200693956640066e-14
5500.504950495049 2.5769093079877366e-14
5504.524752475248 2.5214665637403685e-14
5508.534653465346 2.136416716749073e-14
5512.554455445545 2.2472860976980023e-14
5516.564356435643 2.3061131434472647e-14
5520.574257425742 2.2806663769053978e-14
5524.59405940594 2.2649674668389828e-14
5528.60396039604 2.2161147315959248e-14
5532.623762376237 2.3482015111578132e-14
5536.633663366337 2.4669494847028587e-14
5540.653465346535 1.8782670987183013e-14
5544.663366336633 1.8900099015829685e-14
5548.683168316832 1.684716956704552e-14
5552.693069306931 1.9193717944850634e-14
5556.712871287128 2.2174228529909713e-14
5560.722772277228 2.429399138201589e-14
5564.742574257426 2.3277181878369597e-14
5568.752475247525 1.8328617541547293e-14
5572.772277227723 2.0330968467351776e-14
5576.792079207921 1.8641673070560795e-14
5580.801980198019 1.7767399082231095e-14
5584.821782178218 1.819340311584901e-14
5588.841584158416 1.751082117734422e-14
5592.851485148514 1.6804029451240844e-14
5596.8712871287125 1.9685509784027794e-14
5600.891089108911 2.2149359698391302e-14
5604.9009900990095 2.0465505450540086e-14
5608.920792079208 2.047592431307464e-14
5612.940594059405 2.0002546778563288e-14
5616.960396039604 2.2135630035696633e-14
5620.980198019802 2.2683774813423424e-14
5624.9900990099 2.4577367084216536e-14
5629.0099009901 2.5154327466225516e-14
5633.029702970297 2.128033295784665e-14
5637.049504950495 2.0485094735084244e-14
5641.069306930693 2.3442533890663996e-14
5645.089108910891 2.2306839575108415e-14
5649.108910891089 2.0844276298845202e-14
5653.128712871287 2.1226043095882544e-14
5657.148514851486 1.986259232463213e-14
5661.168316831683 2.2932859191263636e-14
5665.188118811881 2.3574677471413004e-14
5669.207920792079 2.1591397293149848e-14
5673.227722772277 2.2201721712207435e-14
5677.247524752475 2.5073317670177688e-14
5681.267326732673 2.4532141101208443e-14
5685.287128712872 2.261576217946885e-14
5689.306930693069 2.361168174756326e-14
5693.3267326732675 2.306014008923789e-14
5697.3564356435645 1.930871923584332e-14
5701.376237623763 1.3114620535033054e-14
5705.39603960396 1.495952283164525e-14
5709.415841584158 1.9436274060260964e-14
5713.445544554455 2.1227174530655743e-14
5717.465346534654 2.368444318021701e-14
5721.485148514851 2.3564046758468433e-14
5725.504950495049 2.0203631482402865e-14
5729.534653465346 1.7666934300352105e-14
5733.554455445545 1.8057188048373644e-14
5737.584158415842 1.949088020852019e-14
5741.60396039604 1.852502007247962e-14
5745.623762376237 2.0630518435211047e-14
5749.653465346534 1.5616747826489188e-14
5753.6732673267325 1.6203765425884335e-14
5757.702970297029 2.017759652734244e-14
5761.722772277228 2.2001715954027747e-14
5765.752475247525 1.8995353199366366e-14
5769.772277227723 1.8537975017945425e-14
5773.80198019802 2.2549138431719232e-14
5777.831683168317 2.1059204529223954e-14
5781.851485148515 1.724642125712103e-14
5785.881188118811 1.807375709117783e-14
5789.910891089109 1.7013520958352557e-14
5793.9306930693065 1.8061847651915488e-14
5797.960396039603 2.3348932575250495e-14
5801.990099009901 2.0414475838994695e-14
5806.009900990099 1.636101004798036e-14
5810.039603960397 1.7775908420251056e-14
5814.069306930693 2.002492197857281e-14
5818.09900990099 2.0465793384573787e-14
5822.1287128712875 1.88592536496305e-14
5826.158415841584 1.7156796830188024e-14
