4003.425817117135 4.300590613786296e-15
4012.587885926215 3.4545943683390344e-15
4021.7499547352854 3.5199632219365395e-15
4030.9120235443565 3.335833474492353e-15
4040.0740923534368 2.174328418871677e-15
4049.236161162507 3.1777867743356988e-15
4058.3982299715776 2.2975179535588457e-15
4067.560298780658 2.606699130388782e-15
4076.7223675897285 2.499281505844723e-15
4085.8844363988082 2.5239434834916726e-15
4095.0465052078794 2.7892888728796395e-15
4104.2085740169505 2.6869032680930796e-15
4113.37064282603 3.091603850269971e-15
4122.532711635101 2.511497187228841e-15
4131.694780444181 2.3214406651752454e-15
4140.856849253251 3.148543515785748e-15
4150.018918062322 2.4069264297337047e-15
4159.180986871402 2.361419587078089e-15
4168.343055680473 2.525739643026321e-15
4177.505124489553 1.8847010927969547e-15
4186.667193298624 2.5280636448083968e-15
4195.829262107694 2.4499485357734313e-15
4204.991330916774 2.3263802632688575e-15
4214.153399725845 2.9861666594224962e-15
4223.3154685349145 2.8594556835632075e-15
4232.477537343996 2.2176124131709322e-15
4241.639606153067 2.4481439034013983e-15
4250.8016749621465 3.2196554051338464e-15
4259.963743771217 3.119729514431787e-15
4269.125812580287 2.7552150009439044e-15
4278.287881389368 2.0586046374710925e-15
4287.449950198438 2.45798349112638e-15
4296.612019007519 2.7455401251572567e-15
4305.77408781659 2.916973814425054e-15
4314.936156625659 2.8671528012434163e-15
4324.09822543474 2.919150326175557e-15
4333.260294243811 3.1970154990946362e-15
4342.42236305288 3.297347335827928e-15
4351.584431861961 3.753202250239625e-15
4360.746500671032 3.558059948711149e-15
4369.908569480112 3.9831243770887884e-15
4379.070638289183 4.063831960785668e-15
4388.232707098263 4.019828839427603e-15
4397.3947759073335 4.6987926029733985e-15
4406.556844716403 4.658039684877627e-15
4415.718913525485 4.89831440005856e-15
4424.8809823345555 4.868180268725179e-15
4434.043051143625 5.230109481708167e-15
4443.205119952706 5.109006183744653e-15
4452.367188761776 5.758828622119183e-15
4461.529257570856 5.7364248141108955e-15
4470.691326379927 5.682877118429346e-15
4479.853395189008 5.697786933021914e-15
4489.015463998078 5.812540872341149e-15
4498.177532807148 5.290690606610275e-15
4507.339601616229 5.837847805806278e-15
4516.501670425299 5.2742277853677955e-15
4525.663739234369 5.476574614011648e-15
4534.82580804345 5.26528843730321e-15
4543.9878768525205 4.896943541779892e-15
4553.149945661601 4.792244792271329e-15
4562.312014470672 4.6249177243996964e-15
4571.4740832797415 4.881018614807707e-15
4580.636152088822 4.678195037278458e-15
4589.798220897892 4.422101146708119e-15
4598.960289706973 4.5202033431757566e-15
4608.122358516044 4.575187086383573e-15
4617.284427325114 4.403733625360172e-15
4626.446496134195 4.4821700313043366e-15
4635.608564943264 4.445830730083887e-15
4644.770633752335 4.492626149061892e-15
4653.932702561416 4.617275915350099e-15
4663.094771370485 4.52937857622286e-15
4672.256840179567 4.285807851587262e-15
4681.418908988637 4.372206562625856e-15
4690.580977797717 4.597591063932396e-15
4699.743046606788 4.347705581605787e-15
4708.905115415858 4.424037580559447e-15
4718.0671842249385 4.536535765336539e-15
4727.229253034009 4.031541060360423e-15
4736.39132184308 4.3750520895022465e-15
4745.5533906521605 4.391919095370651e-15
4754.71545946123 4.165506092026386e-15
4763.877528270311 4.260537012804163e-15
4773.039597079381 4.3366962614414196e-15
4782.201665888451 4.3560194791762054e-15
4791.363734697533 4.239592066571937e-15
4800.525803506603 4.629610184857667e-15
4809.687872315683 4.53187392698012e-15
4818.849941124753 4.1714256874933755e-15
4828.012009933824 4.116558700097738e-15
4837.174078742904 4.1937679070385995e-15
4846.336147551974 3.827143177055958e-15
4855.498216361056 3.90782595029579e-15
4864.6602851701255 3.866767043484612e-15
4873.822353979196 3.666914316274789e-15
4882.984422788277 3.763288156283801e-15
4892.1464915973465 3.784605295074845e-15
4901.308560406427 3.8917033511196515e-15
4910.470629215497 3.84326122866225e-15
4919.6326980245685 4.052509289624481e-15
4928.794766833649 4.178500886039152e-15
4937.956835642719 4.16373772314737e-15
4947.11890445179 4.2525943051501904e-15
4956.280973260869 4.310586741153764e-15
4965.44304206994 4.361429430484267e-15
4974.605110879021 4.29989850276917e-15
4983.767179688091 4.429521811191866e-15
4992.929248497162 4.52358389273042e-15
5002.091317306242 4.550743901692503e-15
5011.253386115312 4.7734628879740935e-15
5020.415454924393 4.555563522183766e-15
5029.577523733463 4.87126299096608e-15
5038.739592542534 4.892419807737563e-15
5047.901661351614 4.985926700289631e-15
5057.063730160685 4.968596722232798e-15
5066.2257989697655 4.948439591823899e-15
5075.387867778835 5.2987041941750266e-15
5084.549936587906 5.460905230685885e-15
5093.712005396986 5.584748770476401e-15
5102.874074206057 5.903322020781772e-15
5112.036143015128 6.060095315898559e-15
5121.198211824208 6.281776527661487e-15
5130.360280633278 6.453003369451831e-15
5139.522349442358 6.2442090520354614e-15
5148.684418251429 6.3787021531965674e-15
5157.846487060509 6.444924758697357e-15
5167.00855586958 6.5912433950859026e-15
5176.170624678651 6.7749061869966915e-15
5185.3326934877305 6.7597070844932816e-15
5194.494762296801 6.8369205537549706e-15
5203.656831105872 7.189404643158532e-15
5212.8188999149515 7.319067564614648e-15
5221.980968724022 7.397385004226289e-15
5231.143037533103 7.439271280960029e-15
5240.3051063421735 7.52534262936554e-15
5249.467175151244 7.5524548609781e-15
5258.629243960324 7.600124009878277e-15
5267.791312769395 7.701616038467602e-15
5276.953381578474 7.854078386399305e-15
5286.115450387545 7.738594291041629e-15
5295.277519196617 8.036019685236845e-15
5304.439588005696 7.977607980157554e-15
5313.601656814767 8.022014077821435e-15
5322.763725623837 8.417503613163872e-15
5331.925794432917 8.28873115771613e-15
5341.087863241988 8.360812715035528e-15
5350.249932051068 8.221880694144998e-15
5359.412000860139 8.364581053952921e-15
5368.574069669219 8.342374103118358e-15
5377.73613847829 8.290612220559465e-15
5386.8982072873605 8.558662439079282e-15
5396.06027609644 8.322066410492544e-15
5405.222344905511 8.247613207668498e-15
5414.384413714582 8.401750862018922e-15
5423.546482523662 8.340440661879595e-15
5432.708551332733 8.3290651162585e-15
5441.870620141813 8.375903770994823e-15
5451.032688950883 8.238142317867256e-15
5460.194757759953 7.976101123757394e-15
5469.356826569034 7.775378190186802e-15
5478.518895378105 7.736851132130094e-15
5487.680964187185 7.54832588327928e-15
5496.843032996256 7.491943113266593e-15
5506.0051018053255 7.382943580689115e-15
5515.167170614406 7.250102871295468e-15
5524.329239423477 7.176091418040458e-15
5533.491308232557 7.284644339593951e-15
5542.653377041628 7.293338659379873e-15
5551.815445850698 7.264558448284087e-15
5560.9775146597785 6.999647659755311e-15
5570.139583468849 7.207657673334164e-15
5579.301652277929 6.977167302047644e-15
5588.463721087 7.045021415940527e-15
5597.625789896069 7.165642330704355e-15
5606.787858705151 7.0869325148871074e-15
5615.949927514222 6.997915743265385e-15
5625.111996323291 6.9059885789587205e-15
5634.274065132372 6.907979800448721e-15
5643.436133941442 6.8246238859314855e-15
5652.598202750522 6.692453981024255e-15
5661.760271559593 6.659309416768324e-15
5670.922340368674 6.794523174655119e-15
5680.084409177744 6.8370006901415054e-15
5689.246477986814 6.792123756274663e-15
5698.408546795895 6.982008484759297e-15
5707.5706156049655 6.977335944803723e-15
5716.732684414035 7.227667143532833e-15
5725.894753223117 7.161527739159308e-15
5735.056822032187 7.27620176020623e-15
5744.218890841267 7.309189194206544e-15
5753.380959650338 7.379989080454358e-15
5762.543028459408 7.49251851397334e-15
5771.705097268488 7.572749198365496e-15
5780.867166077558 7.849917780027219e-15
5790.02923488664 8.369036777901699e-15
5799.19130369571 7.829897361527625e-15
5808.35337250478 7.830920528628491e-15
5817.515441313861 7.88915599359446e-15
5826.6775101229305 7.87336062346236e-15
5835.839578932001 7.667579742374166e-15
5845.001647741082 7.712723879220214e-15
5854.1637165501525 7.610845200767886e-15
5863.325785359233 7.485489704846917e-15
5872.487854168303 7.282945058363465e-15
5881.6499229773735 7.493555231842446e-15
5890.811991786453 7.336165758993258e-15
5899.974060595524 7.278177606229986e-15
5909.136129404605 7.154193962708837e-15
5918.298198213675 7.086556283634046e-15
5927.460267022746 6.955786421259089e-15
5936.622335831826 6.931060069832381e-15
5945.784404640896 6.613174217200145e-15
5954.946473449977 6.3964936307747285e-15
5964.108542259047 6.324805505921984e-15
5973.270611068118 6.2796812663722276e-15
5982.432679877198 5.987039561867986e-15
5991.594748686269 5.968897548493084e-15
6000.756817495349 5.76961003263734e-15
6009.918886304419 5.644423941603504e-15
6019.0809551135 5.429001491551743e-15
6028.24302392257 5.412889047001706e-15
6037.405092731641 5.258097340415565e-15
6046.567161540722 4.983884088555802e-15
6055.729230349792 4.961781185271459e-15
6064.891299158862 4.8538481832075646e-15
6074.053367967942 4.800696250799101e-15
6083.215436777013 4.668173222371863e-15
6092.377505586093 4.5951483354677985e-15
6101.539574395164 4.537099168314692e-15
6110.701643204235 4.539589601067703e-15
6119.863712013314 4.4964970886818846e-15
6129.025780822385 4.421892412644162e-15
6138.187849631456 4.5514243450309605e-15
6147.3499184405355 4.553484247647697e-15
6156.511987249606 4.63195955445665e-15
6165.674056058687 4.680797050378917e-15
6174.8361248677575 4.5778149887481385e-15
6183.998193676828 4.599642065101738e-15
6193.160262485908 4.739644593117128e-15
6202.3223312949785 5.8819001422210856e-15
6211.484400104058 4.824757701459011e-15
6220.646468913129 4.958219339871856e-15
6229.8085377222005 5.1775306805763625e-15
6238.97060653128 5.1890663068182475e-15
6248.132675340351 5.131740802600939e-15
6257.294744149431 5.325164289515969e-15
6266.456812958501 5.353511342795278e-15
6275.618881767572 5.505790312578675e-15
6284.780950576652 5.598690565261201e-15
6293.943019385723 5.538870892370195e-15
6303.105088194803 5.770008370456956e-15
6312.267157003874 5.844035516376408e-15
6321.429225812944 5.990375294171125e-15
6330.591294622024 6.007846771405337e-15
6339.753363431095 6.014888471414539e-15
6348.915432240175 6.2045913333699324e-15
6358.077501049246 6.2854798035847715e-15
6367.239569858317 6.383153835000338e-15
6376.401638667397 6.4758118569988776e-15
6385.563707476467 6.621118589349772e-15
6394.725776285537 6.658712567896931e-15
6403.887845094618 6.707369286713637e-15
6413.049913903689 6.612239256923717e-15
6422.211982712769 6.682362470565252e-15
6431.37405152184 6.554826495902208e-15
6440.536120330919 6.731474423315325e-15
6449.69818913999 6.627519309227917e-15
6458.860257949061 6.671694566568008e-15
6468.0223267581405 6.741262174126497e-15
6477.184395567212 6.83276229937451e-15
6486.346464376282 6.899775756144756e-15
6495.5085331853625 6.907120456959866e-15
6504.670601994433 6.8931552969003496e-15
6513.832670803513 7.046043116780012e-15
6522.9947396125835 7.116134990590555e-15
6532.156808421653 6.9565478669003346e-15
6541.318877230735 7.031441002980812e-15
6550.4809460398055 7.154851957146642e-15
6559.643014848875 7.192383638116734e-15
6568.805083657956 7.353701583267671e-15
6577.967152467026 7.512697173165978e-15
6587.129221276106 7.404036460751326e-15
6596.291290085177 7.319629435837834e-15
6605.453358894248 7.360594572959314e-15
6614.615427703328 7.359853162125471e-15
6623.777496512398 7.274886166748965e-15
6632.939565321479 7.32499402644029e-15
6642.101634130549 7.363993477986448e-15
6651.263702939619 7.153834662883151e-15
6660.4257717487 6.983715807616488e-15
6669.5878405577705 7.033934831671114e-15
6678.749909366851 6.89928943191161e-15
6687.911978175922 7.045348186537429e-15
6697.074046984992 7.022765203485712e-15
6706.236115794072 6.8890020833528996e-15
6715.398184603142 6.982695257747171e-15
6724.560253412224 6.709978164273071e-15
6733.722322221294 6.743757811854157e-15
6742.884391030364 6.607566485249608e-15
6752.046459839445 6.6037176981406844e-15
6761.208528648514 6.562489024144522e-15
6770.370597457595 6.53199508959372e-15
6779.532666266666 6.43566289205297e-15
6788.694735075736 6.435342084955291e-15
6797.856803884817 6.542254685112177e-15
6807.018872693887 6.347003328198857e-15
6816.1809415029575 6.3117759769078626e-15
6825.343010312038 6.340478388817619e-15
6834.505079121108 5.800582194617414e-15
6843.667147930189 5.13194388653628e-15
6852.829216739259 5.302252065204542e-15
6861.99128554833 5.4972795753728284e-15
6871.1533543574105 5.46727115653006e-15
6880.31542316648 5.617532322684226e-15
6889.477491975561 5.834359322816018e-15
6898.639560784631 5.804034542596898e-15
6907.801629593711 5.940019924413615e-15
6916.963698402783 6.004697156442474e-15
6926.125767211853 6.079184915402501e-15
6935.287836020933 6.3622497576549544e-15
6944.449904830003 6.3574964424798406e-15
6953.611973639074 6.214648836533418e-15
6962.774042448154 6.1256754786258925e-15
6971.936111257225 6.14271249883794e-15
6981.098180066296 6.1152464384843355e-15
6990.2602488753755 6.130355506995701e-15
6999.422317684446 6.109220381082157e-15
7008.584386493527 6.1416990364576846e-15
7017.746455302597 5.948176148068407e-15
7026.908524111677 5.7375963496737996e-15
7036.070592920748 5.865750265683178e-15
7045.232661729819 5.9833797637914555e-15
7054.394730538899 5.869791200653579e-15
7063.556799347969 5.855580773088276e-15
7072.71886815704 5.8804355159330345e-15
7081.880936966119 5.6469336684941495e-15
7091.04300577519 5.830647358491749e-15
7100.205074584272 5.8056791069774765e-15
7109.367143393341 5.681614179155758e-15
7118.529212202422 5.792245805760627e-15
7127.691281011492 5.567725391913459e-15
7136.8533498205625 5.374950060505681e-15
7146.015418629643 5.233927319762109e-15
7155.177487438713 5.088332934803515e-15
7164.3395562477845 5.065874493315606e-15
7173.501625056864 5.096649295955454e-15
7182.663693865935 5.33009908180107e-15
7191.8257626750155 5.3174041774144524e-15
7200.987831484085 5.1599068876968185e-15
7210.149900293156 4.9546769614787356e-15
7219.311969102236 4.94509630124319e-15
7228.474037911307 4.9042756637603336e-15
7237.636106720378 4.851821098972562e-15
7246.798175529458 4.751125960188681e-15
7255.960244338528 4.804274290162809e-15
7265.122313147608 4.389539352904093e-15
7274.284381956679 4.149576839390834e-15
7283.446450765759 4.338543806449298e-15
7292.60851957483 4.174234298979877e-15
7301.770588383901 4.058423336985518e-15
7310.9326571929805 3.9238110875807205e-15
7320.094726002051 4.038418407808795e-15
7329.256794811122 3.8486315551847616e-15
7338.418863620202 3.662787909165261e-15
7347.580932429273 3.5362062512897783e-15
7356.743001238353 3.658973119972165e-15
7365.905070047424 3.550234702542124e-15
7375.067138856494 3.4665211494406025e-15
7384.229207665574 3.2482835591639374e-15
7393.391276474645 3.2934337607520926e-15
7402.553345283724 3.313820822676056e-15
7411.715414092796 3.2033768115340463e-15
7420.877482901867 3.000963550370168e-15
7430.039551710946 2.978107101022338e-15
7439.201620520017 3.094524668681244e-15
7448.363689329097 2.924925454675845e-15
7457.5257581381675 2.844735205771693e-15
7466.687826947238 2.9712778137290654e-15
7475.849895756319 2.915291499925565e-15
7485.0119645653895 2.9096924878953863e-15
7494.174033374469 3.0388433249690665e-15
7503.33610218354 3.0868340100624093e-15
7512.4981709926105 2.8602950714389498e-15
7521.66023980169 2.9675140960683595e-15
7530.822308610761 3.008199263653866e-15
7539.984377419832 2.9523846540785635e-15
7549.146446228912 3.214704696301409e-15
7558.308515037983 2.5913436010463216e-15
7567.470583847063 1.531424828396754e-15
7576.632652656133 1.001269864971907e-15
7585.794721465203 1.4410584350471398e-15
7594.956790274284 1.635747924414088e-15
7604.118859083355 1.7324223289536636e-15
7613.280927892435 1.9592466877896447e-15
7622.442996701506 2.11151553342259e-15
7631.6050655105755 2.288393494984148e-15
7640.767134319656 2.521188604071674e-15
7649.929203128727 2.8371636217638057e-15
7659.091271937807 2.5999694093574275e-15
7668.253340746878 2.487141502067268e-15
7677.415409555948 2.719247377096047e-15
7686.577478365029 2.6804128417584703e-15
7695.739547174099 2.332268672703434e-15
7704.901615983179 2.30513035918613e-15
7714.06368479225 2.4417133733759198e-15
7723.22575360132 2.358421666374807e-15
7732.387822410401 2.218757247500407e-15
7741.549891219472 2.22388571450921e-15
7750.711960028551 2.076935561047192e-15
7759.874028837622 1.894507611575686e-15
7769.036097646692 1.8007012885450577e-15
7778.1981664557725 1.7415967798539845e-15
7787.360235264844 1.7491561601310908e-15
7796.522304073924 1.617428538346575e-15
7805.6843728829945 1.7425163957906406e-15
7814.846441692064 1.6289404692100597e-15
7824.008510501145 1.5621793034489168e-15
7833.1705793102155 1.454785776297553e-15
7842.332648119285 1.4732696891503574e-15
7851.494716928367 1.4973748383123382e-15
7860.656785737437 1.555340063535219e-15
7869.818854546517 1.424536096539229e-15
7878.980923355588 1.3703276498077246e-15
7888.142992164658 1.3754728482454096e-15
7897.305060973738 1.390474307817176e-15
7906.467129782808 1.3306279232341239e-15
7915.62919859189 1.2516981276875037e-15
7924.79126740096 1.3315908596327577e-15
7933.95333621003 1.336488082067416e-15
7943.115405019111 1.256737814903095e-15
7952.2774738281805 1.1161725129723532e-15
7961.439542637261 1.2963112505425844e-15
