4003.425817117135 6.5455552086437405e-15
4012.587885926215 7.422180827142142e-15
4021.7499547352854 5.617715457363921e-15
4030.9120235443565 5.2805726479922165e-15
4040.0740923534368 7.311885008168567e-15
4049.236161162507 5.4406217930253164e-15
4058.3982299715776 6.096195538308145e-15
4067.560298780658 6.423182650840937e-15
4076.7223675897285 6.06320810893323e-15
4085.8844363988082 5.292216267568837e-15
4095.0465052078794 5.0754369931488646e-15
4104.2085740169505 4.832182052193949e-15
4113.37064282603 6.241274414249974e-15
4122.532711635101 5.7584541908384995e-15
4131.694780444181 5.499577414004071e-15
4140.856849253251 6.585422290655333e-15
4150.018918062322 6.0422162839909196e-15
4159.180986871402 6.3519290042547056e-15
4168.343055680473 5.431387410216914e-15
4177.505124489553 5.523694605052358e-15
4186.667193298624 6.350346675868094e-15
4195.829262107694 5.1095901547004595e-15
4204.991330916774 6.023958146242024e-15
4214.153399725845 5.4755787182867006e-15
4223.3154685349145 6.3266586733329164e-15
4232.477537343996 5.995835170794423e-15
4241.639606153067 6.345667775683464e-15
4250.8016749621465 6.278798670814736e-15
4259.963743771217 6.3008348956407856e-15
4269.125812580287 7.069602683818236e-15
4278.287881389368 6.912300772860434e-15
4287.449950198438 6.814856399446984e-15
4296.612019007519 7.481692906490348e-15
4305.77408781659 7.288265027355629e-15
4314.936156625659 7.451844742806794e-15
4324.09822543474 7.594196997501262e-15
4333.260294243811 7.588983971219827e-15
4342.42236305288 7.910579535753883e-15
4351.584431861961 7.579833214142256e-15
4360.746500671032 8.332688139095116e-15
4369.908569480112 8.332669345749939e-15
4379.070638289183 8.818244704260989e-15
4388.232707098263 8.132171414724909e-15
4397.3947759073335 8.645678006344764e-15
4406.556844716403 8.650549987784977e-15
4415.718913525485 8.210873950417461e-15
4424.8809823345555 8.243114563005608e-15
4434.043051143625 8.07619062931306e-15
4443.205119952706 8.10329204187223e-15
4452.367188761776 7.928000422617607e-15
4461.529257570856 8.068069448467211e-15
4470.691326379927 7.574964415891747e-15
4479.853395189008 7.880800340968432e-15
4489.015463998078 7.151383812086692e-15
4498.177532807148 7.068861388017104e-15
4507.339601616229 7.650533875887645e-15
4516.501670425299 7.174123663807586e-15
4525.663739234369 7.295157763276564e-15
4534.82580804345 7.347608599944271e-15
4543.9878768525205 7.270401760020642e-15
4553.149945661601 7.079129270056857e-15
4562.312014470672 7.271719378438639e-15
4571.4740832797415 6.9185858660051944e-15
4580.636152088822 6.769233651405457e-15
4589.798220897892 7.175879531735587e-15
4598.960289706973 7.0401266371138925e-15
4608.122358516044 6.95868275472235e-15
4617.284427325114 6.905186361065532e-15
4626.446496134195 7.024700685667217e-15
4635.608564943264 7.27271823178175e-15
4644.770633752335 7.155113586387414e-15
4653.932702561416 7.159858754719463e-15
4663.094771370485 7.373115875270784e-15
4672.256840179567 7.191633535833533e-15
4681.418908988637 6.970602453995055e-15
4690.580977797717 6.771912001310582e-15
4699.743046606788 6.542151788312729e-15
4708.905115415858 6.259625577070054e-15
4718.0671842249385 6.411549603452916e-15
4727.229253034009 6.40473511384134e-15
4736.39132184308 6.439357672143238e-15
4745.5533906521605 6.349246247056377e-15
4754.71545946123 6.473051464885252e-15
4763.877528270311 6.3039539723279154e-15
4773.039597079381 6.446526435899258e-15
4782.201665888451 6.486453818353462e-15
4791.363734697533 6.304264220978719e-15
4800.525803506603 6.422597913728074e-15
4809.687872315683 6.494639333864039e-15
4818.849941124753 6.351020291074221e-15
4828.012009933824 6.387999805825161e-15
4837.174078742904 6.507926056435103e-15
4846.336147551974 6.437289462729599e-15
4855.498216361056 6.55587231298934e-15
4864.6602851701255 6.6371953467057885e-15
4873.822353979196 6.586812611428599e-15
4882.984422788277 6.965132390903466e-15
4892.1464915973465 6.951395006462726e-15
4901.308560406427 7.239200772816178e-15
4910.470629215497 7.248511436168271e-15
4919.6326980245685 7.269737352084687e-15
4928.794766833649 7.37932891239426e-15
4937.956835642719 7.492927290613462e-15
4947.11890445179 7.96257596130892e-15
4956.280973260869 7.790638399048362e-15
4965.44304206994 8.307109173058025e-15
4974.605110879021 8.452201531996275e-15
4983.767179688091 8.482298722043085e-15
4992.929248497162 8.464287472314575e-15
5002.091317306242 8.660720315800676e-15
5011.253386115312 8.988466848144935e-15
5020.415454924393 8.902712127633682e-15
5029.577523733463 8.978279032291129e-15
5038.739592542534 9.160916634396173e-15
5047.901661351614 9.252582717098264e-15
5057.063730160685 9.29582560474264e-15
5066.2257989697655 9.253702764705518e-15
5075.387867778835 9.405755368388935e-15
5084.549936587906 9.45123899787916e-15
5093.712005396986 9.665826966156078e-15
5102.874074206057 9.646235652085816e-15
5112.036143015128 9.466091789397217e-15
5121.198211824208 9.448926698159994e-15
5130.360280633278 9.432045308948933e-15
5139.522349442358 9.32095042256967e-15
5148.684418251429 9.288851418179578e-15
5157.846487060509 9.1950613603663e-15
5167.00855586958 9.371051215391461e-15
5176.170624678651 9.472138472292398e-15
5185.3326934877305 9.408555185925905e-15
5194.494762296801 9.657398653390283e-15
5203.656831105872 9.554786540275245e-15
5212.8188999149515 9.702530932818255e-15
5221.980968724022 9.734842998161019e-15
5231.143037533103 9.937277800472476e-15
5240.3051063421735 9.896644276205166e-15
5249.467175151244 1.0107158793013238e-14
5258.629243960324 1.0118850020950924e-14
5267.791312769395 9.808926225976267e-15
5276.953381578474 9.655104086412782e-15
5286.115450387545 9.498318951998671e-15
5295.277519196617 9.715361655603725e-15
5304.439588005696 9.547532910013775e-15
5313.601656814767 9.25161082107572e-15
5322.763725623837 9.033644881444575e-15
5331.925794432917 8.950954018915543e-15
5341.087863241988 8.827408968336545e-15
5350.249932051068 8.61433238865453e-15
5359.412000860139 8.808210296321593e-15
5368.574069669219 8.537457749532262e-15
5377.73613847829 8.486588101101301e-15
5386.8982072873605 8.479372319175831e-15
5396.06027609644 8.218949075597061e-15
5405.222344905511 8.1348485300519e-15
5414.384413714582 8.085472693753414e-15
5423.546482523662 8.071135630931553e-15
5432.708551332733 8.014406779956112e-15
5441.870620141813 7.869496947989458e-15
5451.032688950883 7.761619349367376e-15
5460.194757759953 7.6352855410429e-15
5469.356826569034 7.617016177908454e-15
5478.518895378105 7.779925398931004e-15
5487.680964187185 7.567714435360063e-15
5496.843032996256 7.433802478313948e-15
5506.0051018053255 7.410868511270194e-15
5515.167170614406 7.31572933328825e-15
5524.329239423477 7.183366770026748e-15
5533.491308232557 7.216787898142194e-15
5542.653377041628 7.597880271281412e-15
5551.815445850698 7.629513120936801e-15
5560.9775146597785 7.402256041466522e-15
5570.139583468849 7.333051974714198e-15
5579.301652277929 7.629437668188007e-15
5588.463721087 7.554098281802087e-15
5597.625789896069 7.339407605583044e-15
5606.787858705151 7.594814580904011e-15
5615.949927514222 7.474857450090825e-15
5625.111996323291 7.424544583734544e-15
5634.274065132372 7.502381336580004e-15
5643.436133941442 7.647110794516218e-15
5652.598202750522 7.638452741541144e-15
5661.760271559593 7.71225265581274e-15
5670.922340368674 7.624080361687047e-15
5680.084409177744 7.723901942780752e-15
5689.246477986814 7.78228955353614e-15
5698.408546795895 7.909877418498826e-15
5707.5706156049655 7.724964882978627e-15
5716.732684414035 7.638814715621912e-15
5725.894753223117 7.69145507982117e-15
5735.056822032187 7.423953777908207e-15
5744.218890841267 7.530102175210588e-15
5753.380959650338 7.458057773672484e-15
5762.543028459408 7.319936289881546e-15
5771.705097268488 7.33972747283551e-15
5780.867166077558 7.27857093321983e-15
5790.02923488664 7.163642027964619e-15
5799.19130369571 7.312006585036586e-15
5808.35337250478 7.238565263951946e-15
5817.515441313861 6.917605586776479e-15
5826.6775101229305 6.88260585315809e-15
5835.839578932001 6.572949767565493e-15
5845.001647741082 6.509589366125395e-15
5854.1637165501525 6.419331402609648e-15
5863.325785359233 5.9358590112459825e-15
5872.487854168303 5.626396645333709e-15
5881.6499229773735 5.556268678687355e-15
5890.811991786453 5.581251601967359e-15
5899.974060595524 5.389180415018429e-15
5909.136129404605 5.302915359205649e-15
5918.298198213675 5.266719455813149e-15
5927.460267022746 5.042392955027014e-15
5936.622335831826 5.099715697190323e-15
5945.784404640896 4.875881892419698e-15
5954.946473449977 4.97333059416441e-15
5964.108542259047 4.824418307150815e-15
5973.270611068118 4.912670757875901e-15
5982.432679877198 4.970387074274391e-15
5991.594748686269 5.131261740023501e-15
6000.756817495349 5.0662369264992426e-15
6009.918886304419 5.0496747784967764e-15
6019.0809551135 5.1610868785927914e-15
6028.24302392257 5.299992252155659e-15
6037.405092731641 5.3612783652916156e-15
6046.567161540722 5.424434456710273e-15
6055.729230349792 5.6042421972416044e-15
6064.891299158862 5.584233310781731e-15
6074.053367967942 5.8522103986486154e-15
6083.215436777013 5.842028785846886e-15
6092.377505586093 5.847923358606644e-15
6101.539574395164 5.717270893546585e-15
6110.701643204235 5.9597038907486955e-15
6119.863712013314 5.983302673395754e-15
6129.025780822385 6.239393541152167e-15
6138.187849631456 6.299774364481392e-15
6147.3499184405355 6.139894439296479e-15
6156.511987249606 6.21746147399756e-15
6165.674056058687 6.00618011239092e-15
6174.8361248677575 6.077105371229377e-15
6183.998193676828 6.111577485060085e-15
6193.160262485908 6.104870721847901e-15
6202.3223312949785 6.022240551851195e-15
6211.484400104058 6.0774993226851255e-15
6220.646468913129 6.055388168155432e-15
6229.8085377222005 6.038474963687151e-15
6238.97060653128 5.837092759820284e-15
6248.132675340351 5.735282005824047e-15
6257.294744149431 5.797360059778428e-15
6266.456812958501 5.7994373834610435e-15
6275.618881767572 5.9352272629183875e-15
6284.780950576652 5.8424041149836395e-15
6293.943019385723 5.8472145409386125e-15
6303.105088194803 5.949907541612516e-15
6312.267157003874 6.073379971649155e-15
6321.429225812944 6.2544128217592e-15
6330.591294622024 6.205573464685112e-15
6339.753363431095 6.321805085919474e-15
6348.915432240175 6.514321201039236e-15
6358.077501049246 6.544633733516133e-15
6367.239569858317 6.5045324976161794e-15
6376.401638667397 6.515265880635746e-15
6385.563707476467 6.514133578524165e-15
6394.725776285537 6.532486812346348e-15
6403.887845094618 6.727339599483598e-15
6413.049913903689 6.737537974748782e-15
6422.211982712769 6.773773227684807e-15
6431.37405152184 6.7647414651642165e-15
6440.536120330919 6.809595105057022e-15
6449.69818913999 6.687380415177777e-15
6458.860257949061 6.727554968767101e-15
6468.0223267581405 6.831864101673777e-15
6477.184395567212 6.962045561339701e-15
6486.346464376282 6.916104099461677e-15
6495.5085331853625 6.810633441727013e-15
6504.670601994433 6.813480451580461e-15
6513.832670803513 6.889280315816742e-15
6522.9947396125835 6.6742635375395025e-15
6532.156808421653 6.75304229122787e-15
6541.318877230735 6.6273597504119066e-15
6550.4809460398055 6.423810594585431e-15
6559.643014848875 6.613185732947852e-15
6568.805083657956 6.380377664791067e-15
6577.967152467026 6.354131678269463e-15
6587.129221276106 6.361085053205876e-15
6596.291290085177 6.333589065961822e-15
6605.453358894248 6.2837392239569215e-15
6614.615427703328 6.228089420174218e-15
6623.777496512398 6.182250070016315e-15
6632.939565321479 6.060664167670698e-15
6642.101634130549 6.141377153581495e-15
6651.263702939619 6.004812061524936e-15
6660.4257717487 6.055069508114119e-15
6669.5878405577705 5.941037291453716e-15
6678.749909366851 5.8955044016456124e-15
6687.911978175922 6.048547199246918e-15
6697.074046984992 6.129465809980806e-15
6706.236115794072 6.050589405536021e-15
6715.398184603142 6.126324929376797e-15
6724.560253412224 6.275648718219951e-15
6733.722322221294 6.007687339231398e-15
6742.884391030364 6.004260334913877e-15
6752.046459839445 6.070213983414969e-15
6761.208528648514 6.0384851280379484e-15
6770.370597457595 5.9761151862075534e-15
6779.532666266666 6.121155535161809e-15
6788.694735075736 6.022920878960309e-15
6797.856803884817 6.012656113747386e-15
6807.018872693887 6.1349507337690306e-15
6816.1809415029575 6.0613821679248315e-15
6825.343010312038 6.078271049207842e-15
6834.505079121108 5.910153828403257e-15
6843.667147930189 4.9768446893381936e-15
6852.829216739259 4.812528822776673e-15
6861.99128554833 5.296947546554495e-15
6871.1533543574105 5.176989827157744e-15
6880.31542316648 5.27381025582211e-15
6889.477491975561 5.43947269860193e-15
6898.639560784631 5.584159691596855e-15
6907.801629593711 5.500320501653592e-15
6916.963698402783 5.4496951799561664e-15
6926.125767211853 5.327564081227889e-15
6935.287836020933 5.273021917901815e-15
6944.449904830003 5.2957535154053525e-15
6953.611973639074 5.304450247865841e-15
6962.774042448154 5.172939542324448e-15
6971.936111257225 5.075099935191217e-15
6981.098180066296 5.1244387741323945e-15
6990.2602488753755 4.9516226110053276e-15
6999.422317684446 4.875475455372182e-15
7008.584386493527 4.878770109406731e-15
7017.746455302597 4.770606278921257e-15
7026.908524111677 4.7328782085747445e-15
7036.070592920748 4.7817242166820904e-15
7045.232661729819 4.621079993040208e-15
7054.394730538899 4.5003288139183775e-15
7063.556799347969 4.543929415356073e-15
7072.71886815704 4.595760084364372e-15
7081.880936966119 4.3951910096989046e-15
7091.04300577519 4.503361296536547e-15
7100.205074584272 4.465067418572253e-15
7109.367143393341 4.34489581223495e-15
7118.529212202422 4.170865046208913e-15
7127.691281011492 4.256103903781111e-15
7136.8533498205625 4.002527577533553e-15
7146.015418629643 3.5780256505797476e-15
7155.177487438713 3.5310014853972724e-15
7164.3395562477845 3.3411020040188624e-15
7173.501625056864 3.341975099911333e-15
7182.663693865935 3.482798164136952e-15
7191.8257626750155 3.67086441399662e-15
7200.987831484085 3.5831923336882136e-15
7210.149900293156 3.413744391583259e-15
7219.311969102236 3.2612522629499283e-15
7228.474037911307 3.289294940962084e-15
7237.636106720378 3.326582783510563e-15
7246.798175529458 3.139816804684534e-15
7255.960244338528 3.2322464493619057e-15
7265.122313147608 3.3140429066234402e-15
7274.284381956679 3.0787179277826327e-15
7283.446450765759 3.168045510277937e-15
7292.60851957483 3.1034052207359462e-15
7301.770588383901 3.1534434614429e-15
7310.9326571929805 3.0028469996420224e-15
7320.094726002051 2.9899603459010733e-15
7329.256794811122 3.0328361754571927e-15
7338.418863620202 2.806825309870268e-15
7347.580932429273 2.6077085598361356e-15
7356.743001238353 2.6742769205422653e-15
7365.905070047424 2.77050869843355e-15
7375.067138856494 2.703078548939404e-15
7384.229207665574 2.463709839334889e-15
7393.391276474645 2.631891990380673e-15
7402.553345283724 2.4754735390305993e-15
7411.715414092796 2.47545237694733e-15
7420.877482901867 2.3941292259473315e-15
7430.039551710946 2.4315620812800006e-15
7439.201620520017 2.403889581224016e-15
7448.363689329097 2.431737543598017e-15
7457.5257581381675 2.266239625321608e-15
7466.687826947238 2.2820402456778018e-15
7475.849895756319 2.243412044794703e-15
7485.0119645653895 2.171179872213215e-15
7494.174033374469 2.342169514550255e-15
7503.33610218354 2.350334891783268e-15
7512.4981709926105 2.2411601477331588e-15
7521.66023980169 2.2406084059840155e-15
7530.822308610761 2.38161591272768e-15
7539.984377419832 2.0873712354354157e-15
7549.146446228912 2.1505045179976802e-15
7558.308515037983 2.0659130565394296e-15
7567.470583847063 1.5523546661334344e-15
7576.632652656133 7.51222048514435e-16
7585.794721465203 9.506371559181202e-16
7594.956790274284 1.2012293677220958e-15
7604.118859083355 1.1197291891071358e-15
7613.280927892435 1.3335482677745018e-15
7622.442996701506 1.3618356359344936e-15
7631.6050655105755 1.5050566324768882e-15
7640.767134319656 1.546299300716412e-15
7649.929203128727 1.8770019791083623e-15
7659.091271937807 1.7337748734622175e-15
7668.253340746878 1.6514843436958297e-15
7677.415409555948 1.8879863963907555e-15
7686.577478365029 1.9837301656579656e-15
7695.739547174099 1.7575874632023685e-15
7704.901615983179 1.6255566089080595e-15
7714.06368479225 1.7560235793692732e-15
7723.22575360132 1.6277600419838061e-15
7732.387822410401 1.7372131029250646e-15
7741.549891219472 1.8143966950855566e-15
7750.711960028551 1.617556011944084e-15
7759.874028837622 1.7091746028033855e-15
7769.036097646692 1.551462837551614e-15
7778.1981664557725 1.5448548653218816e-15
7787.360235264844 1.3876698856829924e-15
7796.522304073924 1.4108271443038395e-15
7805.6843728829945 1.5264350439506126e-15
7814.846441692064 1.6490352822280246e-15
7824.008510501145 1.3325086211340535e-15
7833.1705793102155 1.269620666958853e-15
7842.332648119285 1.3444052480286999e-15
7851.494716928367 1.3761442981499507e-15
7860.656785737437 1.6116588628958161e-15
7869.818854546517 1.5006541624713928e-15
7878.980923355588 1.266267286757606e-15
7888.142992164658 1.4003747373963427e-15
7897.305060973738 1.33884708739806e-15
7906.467129782808 1.6372290475439531e-15
7915.62919859189 1.354331313236718e-15
7924.79126740096 1.403574870767912e-15
7933.95333621003 1.549799011478009e-15
7943.115405019111 1.402615419781888e-15
7952.2774738281805 1.3386652985695658e-15
7961.439542637261 1.5101377596688438e-15
