3465.8171006810953 8.363169754357376e-16
3468.659569068998 8.261237759300465e-16
3471.5020374568994 1.148226784269007e-15
3474.3445058448015 8.480620931772924e-16
3477.1869742326935 4.0884946265550596e-16
3480.0294426205955 1.4820484719683404e-16
3482.8719110084976 6.462379475905948e-16
3485.7143793963996 -4.3450580796571325e-16
3488.5568477842917 7.960611980176214e-16
3491.3993161721937 7.0970577811682e-16
3494.2417845600953 9.771899533502546e-16
3497.084252947998 4.0160056979881804e-16
3499.9267213358894 2.4561076550026415e-16
3502.769189723792 5.897054736312138e-16
3505.6116581116935 4.898832082879817e-16
3508.454126499596 6.48846729755004e-16
3511.2965948874876 4.088149181107255e-16
3514.1390632753896 6.263188563644465e-16
3516.9815316632917 3.764003698982382e-16
3519.8240000511937 3.666060675768781e-16
3522.6664684390857 4.443535229170396e-16
3525.508936826988 5.479218959180643e-16
3528.35140521489 4.3705144762061354e-16
3531.193873602792 3.4619457191397646e-16
3534.036341990684 6.28499299227067e-16
3536.878810378586 4.448354131396626e-16
3539.7212787664876 3.3218913769800373e-16
3542.56374715439 4.4874670721906735e-16
3545.4062155422816 8.392497547211793e-16
3548.248683930184 3.717326277239533e-16
3551.0911523180857 4.584060627251353e-16
3553.933620705988 -4.052177303167559e-16
3556.77608909388 5.310726235561645e-16
3559.618557481782 3.329358643213535e-16
3562.461025869684 5.358394761529231e-16
3565.303494257586 2.7102299096609792e-17
3568.145962645478 8.525145063492133e-16
3570.98843103338 6.893706633569154e-16
3573.8308994212816 3.31419402286432e-16
3576.673367809184 3.704901961267758e-16
3579.5158361970757 1.2179043796470714e-16
3582.358304584978 6.314419017311629e-16
3585.20077297288 5.043098614275723e-16
3588.0432413607823 1.6139760644220047e-16
3590.885709748674 3.0429001155244243e-16
3593.7281781365764 3.962459776530483e-16
3596.570646524478 1.4524339720906985e-16
3599.41311491238 3.6354287034365977e-16
3602.2555833002725 2.424418919639432e-16
3605.098051688174 5.930387243973347e-16
3607.9405200760766 6.454288373917302e-16
3610.782988463978 5.803190397550536e-16
3613.6254568518707 4.441519784678133e-16
3616.4679252397723 4.544685082246142e-16
3619.3103936276743 2.2343651558968193e-16
3622.1528620155764 4.520660006672258e-16
3624.9953304034684 1.9604958651985467e-16
3627.8377987913705 3.1308476308927937e-16
3630.6802671792725 6.111028816290511e-16
3633.522735567174 3.964605170922311e-17
3636.3652039550666 1.7186140202119352e-16
3639.207672342968 7.537872821123383e-16
3642.0501407308707 3.340431684103698e-16
3644.8926091187723 4.0362059478826804e-16
3647.7350775066648 6.081879447099984e-16
3650.5775458945664 6.882439725608382e-16
3653.420014282469 2.294899076322836e-16
3656.2624826703704 4.402643198844878e-16
3659.104951058263 2.4432574047618824e-16
3661.9474194461645 5.744453034595089e-16
3664.7898878340666 5.00908394416379e-16
3667.6323562219686 1.0317645516938207e-16
3670.4748246098607 1.8916190754147626e-16
3673.3172929977627 4.91997212671232e-16
3676.1597613856648 2.8686088979435927e-16
3679.0022297735663 2.9166805659765856e-16
3681.844698161459 4.0131782750012876e-16
3684.6871665493604 4.007745248540378e-16
3687.529634937263 5.083387704619948e-16
3690.3721033251645 3.4108913900211595e-16
3693.214571713057 2.1311887004347322e-16
3696.0570401009586 2.242969385480281e-16
3698.8995084888606 2.074533396276986e-16
3701.7419768767627 1.5687245308378357e-16
3704.5844452646547 4.24038856589008e-16
3707.426913652557 3.4418603950671704e-16
3710.269382040459 4.616179859710751e-16
3713.111850428361 4.205436259884837e-16
3715.954318816253 3.290004767560965e-16
3718.796787204155 4.0824347453475737e-16
3721.639255592057 2.0626868414589686e-16
3724.4817239799586 3.576270244697605e-16
3727.324192367851 5.2175547817171925e-16
3730.1666607557527 2.0616773660500776e-16
3733.009129143655 4.2243674705035674e-16
3735.851597531557 4.144668733969404e-16
3738.6940659194493 4.776584858060082e-16
3741.5365343073513 3.9413528812556353e-16
3744.379002695253 1.8341780678032573e-16
3747.2214710831554 4.1091014061983827e-16
3750.063939471047 3.8576393691969224e-16
3752.9064078589495 6.671776618509025e-16
3755.748876246851 2.4907928055231187e-16
3758.591344634753 4.722506042385164e-16
3761.433813022645 5.090085232627775e-16
3764.276281410547 6.954671056486698e-16
3767.1187497984492 4.4010297830700357e-16
3769.9612181863513 4.696876114210903e-16
3772.8036865742433 4.542616399594575e-16
3775.6461549621454 7.126765758251503e-16
3778.4886233500474 6.84294360634958e-16
3781.3310917379495 4.050239147018431e-16
3784.173560125841 7.127910522644557e-16
3787.0160285137435 5.835489831014476e-16
3789.858496901645 5.407263820823284e-16
3792.7009652895476 6.812436907871149e-16
3795.543433677439 7.262036016415796e-16
3798.3859020653417 4.50724407285089e-16
3801.2283704532433 5.790020739107577e-16
3804.0708388411454 4.2645928740807336e-16
3806.9133072290374 6.905681992257985e-16
3809.7557756169394 7.12601691698012e-16
3812.5982440048415 6.134896006319916e-16
3815.4407123927435 7.821033229068413e-16
3818.2831807806356 6.290580018432816e-16
3821.1256491685376 8.243561224315578e-16
3823.968117556439 7.877485725223975e-16
3826.8105859443417 7.354773561654748e-16
3829.6530543322333 8.265123783418162e-16
3832.495522720136 8.658561099227906e-16
3835.3379911080374 8.996526406267147e-16
3838.18045949594 8.502808198139741e-16
3841.0229278838315 8.81261402989494e-16
3843.8653962717335 9.501620887268273e-16
3846.7078646596356 1.06468352279997e-15
3849.5503330475376 1.1922172072361288e-15
3852.3928014354296 1.0700232522269579e-15
3855.2352698233317 1.2095406231682143e-15
3858.0777382112337 1.0914831715312805e-15
3860.920206599136 1.1946887807961365e-15
3863.7626749870283 1.1028813984619934e-15
3866.60514337493 1.3048784371982624e-15
3869.447611762832 1.2924596338612666e-15
3872.290080150734 1.2791035900657158e-15
3875.132548538626 1.531151719983306e-15
3877.975016926528 1.6434628499451195e-15
3880.81748531443 1.4311112622129977e-15
3883.6599537023317 1.4694826239635962e-15
3886.502422090224 1.3219302691074003e-15
3889.3448904781258 1.2611180459750086e-15
3892.1873588660283 1.5142339278861889e-15
3895.02982725393 1.629962002338897e-15
3897.8722956418223 1.5149249044392515e-15
3900.714764029724 1.5190676751824817e-15
3903.557232417626 1.541593160359105e-15
3906.399700805528 1.4282007259717142e-15
3909.24216919342 1.2631120050078748e-15
3912.084637581322 1.3625869625706587e-15
3914.927105969224 1.193126998948166e-15
3917.769574357126 1.487984607337986e-15
3920.6120427450182 1.5581562421225564e-15
3923.4545111329203 1.1905943964158685e-15
3926.2969795208223 1.5763158980169343e-15
3929.139447908724 1.2923429588176001e-15
3931.9819162966164 1.3834147169518066e-15
3934.824384684518 1.3770311523772456e-15
3937.6668530724205 1.5376580502033963e-15
3940.509321460322 1.5142118545011611e-15
3943.3517898482146 1.378705757882491e-15
3946.194258236116 1.5595484527282726e-15
3949.0367266240182 1.7657335551348571e-15
3951.8791950119203 1.5313002880502541e-15
3954.7216633998123 1.4319209710508014e-15
3957.5641317877144 1.5899860203054684e-15
3960.4066001756164 1.4505274178412169e-15
3963.249068563518 1.5818969945460915e-15
3966.0915369514105 1.6418390100199046e-15
3968.934005339312 1.6945190751281534e-15
3971.7764737272146 1.5579857545085914e-15
3974.618942115116 1.6040183471640873e-15
3977.4614105030087 1.7363858862942689e-15
3980.3038788909103 1.4838664851843373e-15
3983.1463472788128 1.584582826671873e-15
3985.9888156667043 1.6282169695730862e-15
3988.8312840546064 1.4052940167651738e-15
3991.6737524425084 1.4710492389906598e-15
3994.5162208304105 1.6985682474394804e-15
3997.358689218313 1.4497303627274607e-15
4000.2011576062046 1.5947361057856996e-15
4003.043625994107 1.5395853939992456e-15
4005.8860943820087 1.4785960224756462e-15
4008.7285627699107 1.3667519656814234e-15
4011.5710311578027 1.4048830390631852e-15
4014.413499545705 1.3387847377718513e-15
4017.255967933607 1.220075141308323e-15
4020.098436321509 1.1819405711208064e-15
4022.940904709401 1.3468900436237342e-15
4025.783373097303 1.3026746100200433e-15
4028.6258414852045 1.3066051445984527e-15
4031.468309873107 1.203599255348064e-15
4034.3107782609986 1.4376970791316194e-15
4037.153246648901 1.1764712001436265e-15
4039.9957150368027 1.2599270832127836e-15
4042.838183424705 1.194749420160256e-15
4045.680651812597 1.1462105438470684e-15
4048.523120200499 1.1602235817008402e-15
4051.365588588401 1.1799377557201563e-15
4054.208056976303 1.1400524288056092e-15
4057.050525364195 1.1186788821329293e-15
4059.892993752097 8.839172329588082e-16
4062.735462139999 1.060147766507943e-15
4065.5779305279007 1.0870193229941539e-15
4068.420398915793 9.791376820545289e-16
4071.262867303695 1.0845191075289947e-15
4074.1053356915972 9.816319759861836e-16
4076.947804079499 1.0075762595335505e-15
4079.790272467391 1.090605072613495e-15
4082.6327408552934 1.0618154676218845e-15
4085.4752092431954 1.0110533565540533e-15
4088.3176776310966 9.877242604944273e-16
4091.160146018989 1.1246183651719388e-15
4094.002614406891 1.0414009372190957e-15
4096.845082794794 1.0768643224310397e-15
4099.687551182695 1.0983956323667076e-15
4102.530019570587 1.0685521370927363e-15
4105.37248795849 9.88670187836147e-16
4108.214956346392 1.0256560006999331e-15
4111.057424734293 1.0328937164997648e-15
4113.899893122185 9.634964514123511e-16
4116.742361510087 8.665692267794292e-16
4119.58482989799 9.351416848432158e-16
4122.427298285891 1.0344598202608433e-15
4125.269766673783 9.619169277524911e-16
4128.112235061685 1.1095489842489731e-15
4130.954703449587 1.146477935152856e-15
4133.79717183749 1.0603893008176232e-15
4136.639640225381 1.0204463069254865e-15
4139.482108613283 1.0749349932910697e-15
4142.324577001185 9.562679154459747e-16
4145.167045389088 1.012206521647845e-15
4148.0095137769895 9.76330290955556e-16
4150.8519821648815 9.874119580420025e-16
4153.694450552784 8.399287239683079e-16
4156.536918940686 8.797016028275393e-16
4159.379387328588 8.73695554335151e-16
4162.22185571648 8.461477653104098e-16
4165.064324104382 8.844601182414091e-16
4167.906792492284 9.77436108923467e-16
4170.749260880176 8.06276204427062e-16
4173.591729268078 8.847058676643367e-16
4176.43419765598 8.422963929187102e-16
4179.276666043882 9.638155434536113e-16
4182.119134431773 8.103819652024909e-16
4184.961602819676 9.926753632169e-16
4187.804071207578 9.789785480548592e-16
4190.64653959548 1.0670732761486383e-15
4193.489007983371 9.66538562509339e-16
4196.331476371273 1.0132052303877313e-15
4199.173944759176 1.0213203582680247e-15
4202.016413147078 8.951588286437151e-16
4204.858881534969 8.862805929361596e-16
4207.7013499228715 9.411313956632602e-16
4210.543818310774 1.002021990757479e-15
4213.3862866986765 9.371896894004241e-16
4216.228755086568 9.31286171364482e-16
4219.07122347447 1.0367025762831992e-15
4221.913691862372 8.830185248652733e-16
4224.756160250275 1.0703246721222709e-15
4227.598628638166 9.336308789619288e-16
4230.441097026068 9.941644479628175e-16
4233.28356541397 9.729690772592685e-16
4236.126033801872 1.0298430554424398e-15
4238.968502189764 1.1362370854653353e-15
4241.810970577666 9.307068259990001e-16
4244.653438965568 9.5462400806278e-16
4247.49590735347 1.0278630169680728e-15
4250.338375741362 9.793346719326422e-16
4253.180844129264 9.510080698323966e-16
4256.023312517166 1.0486653265570061e-15
4258.865780905068 1.0531213401704963e-15
4261.70824929296 9.498620965749961e-16
4264.550717680862 8.829365513537906e-16
4267.393186068764 9.996175655655025e-16
4270.235654456666 9.361240335135837e-16
4273.0781228445585 9.04895630465145e-16
4275.92059123246 8.9763961108203e-16
4278.763059620363 8.984404504863893e-16
4281.605528008265 8.489166448204625e-16
4284.447996396157 8.406444573498449e-16
4287.290464784058 9.47919289004929e-16
4290.132933171961 9.189722432808769e-16
4292.975401559863 9.585825491113531e-16
4295.817869947755 9.109087393664215e-16
4298.660338335656 9.769035585644586e-16
4301.502806723558 9.53498277217223e-16
4304.345275111461 9.621415244620756e-16
4307.187743499353 1.0418189400216365e-15
4310.030211887254 9.797313618761037e-16
4312.872680275156 9.27171396395168e-16
4315.715148663058 9.16397488314761e-16
4318.557617050951 8.56182653111904e-16
4321.400085438852 9.260984576132756e-16
4324.242553826754 9.102815530410422e-16
4327.085022214656 9.136021937433944e-16
4329.927490602549 1.0551982307122014e-15
4332.7699589904505 9.737440397911974e-16
4335.612427378353 9.920806961123627e-16
4338.454895766255 9.662370281336754e-16
4341.297364154147 8.392821735797944e-16
4344.139832542049 1.0602568269202205e-15
4346.982300929951 1.0837622267979227e-15
4349.824769317853 1.03969953280089e-15
4352.667237705745 9.294099295996167e-16
4355.509706093647 9.737428035532e-16
4358.352174481549 9.907728826052368e-16
4361.194642869451 1.086413598818721e-15
4364.037111257343 1.0655342083148077e-15
4366.879579645244 1.0023325244496177e-15
4369.722048033147 1.0656826105603602e-15
4372.564516421049 1.1591003805100206e-15
4375.406984808941 1.0863973395801443e-15
4378.249453196842 1.1065444728861768e-15
4381.091921584744 1.0951124653425626e-15
4383.934389972647 1.0808899294239711e-15
4386.776858360549 1.1376894144794365e-15
4389.6193267484405 1.1848330748808656e-15
4392.4617951363425 1.0585717159084605e-15
4395.304263524245 1.1669073320669398e-15
4398.1467319121375 1.254863824064114e-15
4400.98920030004 1.2347462686160002e-15
4403.831668687941 1.1293376232424396e-15
4406.674137075843 1.198246121458548e-15
4409.516605463736 1.255019071970001e-15
4412.359073851638 1.2319299149678757e-15
4415.201542239539 1.174067421611567e-15
4418.044010627441 1.2322782490280986e-15
4420.886479015333 1.2881166467468703e-15
4423.728947403236 1.350091257473223e-15
4426.571415791137 1.256791890347205e-15
4429.413884179039 1.3338290876225056e-15
4432.256352566931 1.428116144057603e-15
4435.098820954834 1.3182143377017113e-15
4437.941289342735 1.3454536794802769e-15
4440.783757730637 1.3225895882744302e-15
4443.626226118529 1.3253321750089252e-15
4446.468694506431 1.471190956856824e-15
4449.311162894333 1.4387295683939649e-15
4452.153631282235 1.4392197393438334e-15
4454.9960996701275 1.4506935768414925e-15
4457.8385680580295 1.5437085338345516e-15
4460.681036445931 1.5072026545655883e-15
4463.523504833834 1.6524153940328257e-15
4466.365973221726 1.6348780681905556e-15
4469.208441609628 1.6315545242358963e-15
4472.050909997529 1.578854420964584e-15
4474.893378385432 1.6672630895011567e-15
4477.735846773324 1.7068258001935235e-15
4480.578315161226 1.7391958331476419e-15
4483.420783549127 1.858323491360614e-15
4486.263251937029 1.854905483287595e-15
4489.105720324922 1.854185108983279e-15
4491.948188712824 1.8641007592248167e-15
4494.790657100725 1.9170215972872117e-15
4497.633125488627 2.0056264286331313e-15
4500.47559387652 1.8615849317443904e-15
4503.318062264422 2.0087031897852996e-15
4506.160530652323 1.9541356929987173e-15
4509.002999040225 1.972247231717302e-15
4511.845467428117 1.9463017563441233e-15
4514.68793581602 1.9164467678797304e-15
4517.5304042039215 1.984853522414182e-15
4520.372872591824 1.8690956792659353e-15
4523.215340979716 1.986080635173104e-15
4526.057809367618 1.9969833090398294e-15
4528.900277755521 1.9610011803070774e-15
4531.742746143422 1.9852710492772214e-15
4534.585214531314 2.0188288195736545e-15
4537.427682919216 2.0548642045177485e-15
4540.270151307118 2.0489525890758777e-15
4543.11261969502 2.0194137951405473e-15
4545.955088082912 2.1526871535558158e-15
4548.797556470814 2.1058040544308555e-15
4551.640024858716 2.055539807949395e-15
4554.482493246618 2.1119053971700898e-15
4557.32496163452 2.1214288467725693e-15
4560.167430022412 2.083947952226809e-15
4563.009898410314 2.04081922402715e-15
4565.852366798215 2.095542160425931e-15
4568.694835186108 2.087327721980267e-15
4571.53730357401 2.074772047505393e-15
4574.379771961912 2.110255058217198e-15
4577.222240349814 2.0695851071893062e-15
4580.064708737716 2.0764761190423095e-15
4582.9071771256085 2.0940319907683378e-15
4585.749645513511 2.0399958481453363e-15
4588.592113901412 2.0188597940335352e-15
4591.434582289314 2.001370273803867e-15
4594.277050677207 1.938058564172045e-15
4597.119519065109 2.0273913895893105e-15
4599.96198745301 1.8736173940838922e-15
4602.804455840912 1.9637814765504527e-15
4605.646924228804 1.908393396336578e-15
4608.489392616707 1.9733416260763277e-15
4611.331861004608 1.959527291663862e-15
4614.17432939251 1.8578134004161883e-15
4617.016797780402 1.9366127158432304e-15
4619.859266168305 1.943567729965585e-15
4622.701734556206 1.895696048179547e-15
4625.544202944108 1.82829843689009e-15
4628.386671332 1.760322740727787e-15
4631.229139719902 1.9516945933558746e-15
4634.071608107804 1.7620263946922086e-15
4636.9140764957065 1.8555643872805828e-15
4639.7565448835985 1.7391827217960545e-15
4642.599013271501 1.7621414908929434e-15
4645.441481659402 1.7076812514685596e-15
4648.283950047305 1.6712271933937503e-15
4651.126418435197 1.6313235709928763e-15
4653.968886823099 1.6700156227984932e-15
4656.811355211 1.51835228109274e-15
4659.653823598903 1.5954730669519613e-15
4662.496291986795 1.5866573487285952e-15
4665.338760374697 1.52851506050369e-15
4668.181228762599 1.4167367608615067e-15
4671.02369715049 1.3809898380304898e-15
4673.866165538393 1.4180831817743365e-15
4676.708633926295 1.436162755602976e-15
4679.551102314197 1.3655005954629086e-15
4682.393570702098 1.3792996070054184e-15
4685.236039089991 1.2628159210454831e-15
4688.078507477893 1.3130486028049716e-15
4690.920975865795 1.3023586295722796e-15
4693.763444253696 1.3693315348332518e-15
4696.6059126415885 1.402354471928216e-15
4699.448381029491 1.3599194496775917e-15
4702.2908494173935 1.2808904026999967e-15
4705.133317805295 1.3391964389695479e-15
4707.975786193187 1.332186017220842e-15
4710.818254581089 1.2675405060408834e-15
4713.660722968992 1.2820563714495146e-15
4716.503191356883 1.291733096580075e-15
4719.345659744785 1.3285094908125611e-15
4722.188128132687 1.1885423706327342e-15
4725.030596520589 1.2780804314375966e-15
4727.873064908491 1.2691662472477887e-15
4730.715533296383 1.2744584984421913e-15
4733.558001684285 1.2477753563402565e-15
4736.400470072187 1.2881279493977304e-15
4739.242938460089 1.1586897372203797e-15
4742.085406847981 1.256614800908356e-15
4744.927875235883 1.0949189770613313e-15
4747.770343623785 1.2429915207219152e-15
4750.612812011686 1.2540683536620434e-15
4753.455280399579 1.260065407288673e-15
4756.297748787481 1.1508375219233045e-15
4759.140217175383 1.1762075823635928e-15
4761.982685563275 1.2450767712671825e-15
4764.8251539511775 1.1569523622077118e-15
4767.66762233908 1.1050009458856096e-15
4770.510090726982 1.1923463380211113e-15
4773.352559114883 1.2143815698893553e-15
4776.195027502775 1.096853345987591e-15
4779.037495890678 1.1241908841121947e-15
4781.87996427858 1.1725191240498274e-15
4784.722432666471 1.104912528088739e-15
4787.564901054373 1.2013910222469238e-15
4790.407369442275 1.2589889655221924e-15
4793.249837830178 1.1893982378107385e-15
4796.09230621808 1.2344811864606889e-15
4798.934774605971 1.1883710500655554e-15
4801.777242993873 1.301946690453631e-15
4804.619711381776 1.3057517114486745e-15
4807.462179769668 1.3244287306776425e-15
4810.304648157569 1.3505731097751492e-15
4813.147116545471 1.3396802191769608e-15
4815.989584933373 1.396292114925126e-15
4818.832053321276 1.3448336804379832e-15
4821.6745217091675 1.5325915865203667e-15
4824.5169900970695 1.496220837869651e-15
4827.359458484972 1.6669722377190037e-15
4830.2019268728645 1.6144613999214844e-15
4833.044395260766 1.529591830771303e-15
4835.886863648668 1.5696507077563264e-15
4838.72933203657 1.582117941549888e-15
4841.571800424472 1.567145004600704e-15
4844.414268812364 1.5843932131590983e-15
4847.256737200266 1.6202464176365294e-15
4850.099205588168 1.6002581003616289e-15
4852.94167397607 1.5770989328357772e-15
4855.784142363961 1.6045279340443428e-15
4858.626610751864 1.4884623070005707e-15
4861.469079139766 1.4764693833074587e-15
4864.311547527668 1.3716579985200258e-15
4867.154015915559 1.3905381134625798e-15
4869.996484303461 1.3696110342416412e-15
4872.838952691364 1.2868551931923797e-15
4875.681421079266 1.2943162902118671e-15
4878.5238894671575 1.330176061108411e-15
4881.3663578550595 1.301925852308781e-15
4884.2088262429625 1.3615486967061855e-15
4887.0512946308645 1.3533223472237025e-15
4889.893763018756 1.3606126639737306e-15
4892.736231406658 1.3384220522958637e-15
4895.57869979456 1.3394151658651119e-15
4898.421168182463 1.4144920560159113e-15
4901.263636570354 1.369334862609103e-15
4904.106104958256 1.4818872547029379e-15
4906.948573346158 1.4868930095490676e-15
4909.791041734051 1.4989027408584586e-15
4912.633510121952 1.4902309757808638e-15
4915.475978509854 1.5167317196243472e-15
4918.318446897756 1.4737749032959228e-15
4921.160915285648 1.5518104530951947e-15
4924.003383673551 1.5587302814880973e-15
4926.845852061452 1.4477371727337932e-15
4929.688320449354 1.5040191781129207e-15
4932.530788837256 1.5926351434297156e-15
4935.373257225148 1.4659338194209493e-15
4938.21572561305 1.5428459487428562e-15
4941.058194000952 1.606265356803102e-15
4943.9006623888545 1.563921953422426e-15
4946.7431307767465 1.5369403432544597e-15
4949.585599164649 1.5401707817579607e-15
4952.428067552551 1.4857173647767856e-15
4955.270535940453 1.5291844634811137e-15
4958.113004328345 1.4863510169732147e-15
4960.955472716246 1.42686009679023e-15
4963.797941104149 1.445897923716209e-15
4966.640409492051 1.5365144389638154e-15
4969.482877879943 1.42950675565535e-15
4972.325346267844 1.4655016483564994e-15
4975.167814655746 1.4220925852453856e-15
4978.010283043649 1.5042912932622512e-15
4980.852751431541 1.4514749106218884e-15
4983.695219819442 1.447531968719757e-15
4986.537688207344 1.3925262670724199e-15
4989.380156595246 1.4065716522462497e-15
4992.222624983139 1.365498034437568e-15
4995.06509337104 1.3531823328369071e-15
4997.907561758942 1.2876760700909221e-15
5000.750030146844 1.2827322241119328e-15
5003.592498534737 1.2981474407536888e-15
5006.4349669226385 1.3111961064272596e-15
5009.277435310541 1.2702239605907535e-15
5012.119903698443 1.2460934564497497e-15
5014.962372086335 1.2847626970303802e-15
5017.804840474237 1.2221418510274478e-15
5020.647308862139 1.2366746477497756e-15
5023.489777250041 1.2517531811310038e-15
5026.332245637933 1.290778367873092e-15
5029.174714025835 1.2561883771471367e-15
5032.017182413737 1.2695676653867957e-15
5034.859650801639 1.2108831026930154e-15
5037.702119189531 1.2560651496734924e-15
5040.544587577432 1.2067794819107207e-15
5043.387055965335 1.2001310706055575e-15
5046.229524353237 1.249791662630218e-15
5049.071992741129 1.2900588061719538e-15
5051.91446112903 1.2768094894062487e-15
5054.756929516932 1.2496301637382599e-15
5057.599397904835 1.2680812801597284e-15
5060.441866292727 1.2928321214559682e-15
5063.284334680629 1.3169624218294532e-15
5066.1268030685305 1.2989366203800594e-15
5068.9692714564335 1.3718894569646725e-15
5071.8117398443255 1.3273876156901284e-15
5074.654208232228 1.4133718597384912e-15
5077.496676620129 1.296594112445607e-15
5080.339145008031 1.315536619334257e-15
5083.181613395924 1.3170167687021395e-15
5086.024081783826 1.336259661237348e-15
5088.866550171727 1.421557555407582e-15
5091.709018559629 1.3593175480881998e-15
5094.551486947522 1.378614786853909e-15
5097.393955335424 1.4596714239470508e-15
5100.236423723325 1.4017748652248465e-15
5103.078892111227 1.4555377024332324e-15
5105.921360499119 1.370988014295231e-15
5108.763828887022 1.3656440147462312e-15
5111.606297274923 1.336863238589649e-15
5114.448765662825 1.4321511100986094e-15
5117.291234050717 1.4170782369224393e-15
5120.133702438619 1.4344531222841967e-15
5122.976170826521 1.457012406802067e-15
5125.8186392144235 1.4598359093287092e-15
5128.6611076023155 1.4291608627588264e-15
5131.5035759902175 1.5134626694473424e-15
5134.34604437812 1.4915011491678169e-15
5137.188512766022 1.5247002987641274e-15
5140.030981153914 1.4546287765520197e-15
5142.873449541816 1.491402961801911e-15
5145.715917929717 1.5119928885775876e-15
5148.55838631762 1.5749248684535063e-15
5151.400854705512 1.4998354340423865e-15
5154.243323093414 1.543187951759271e-15
5157.085791481315 1.5239354289763655e-15
5159.928259869217 1.5353874468715005e-15
5162.77072825711 1.5598140317058603e-15
5165.613196645012 1.618549547087043e-15
5168.455665032913 1.5693638376981147e-15
5171.298133420815 1.5263836258963946e-15
5174.140601808708 1.5613384176776557e-15
5176.98307019661 1.5842138239911574e-15
5179.825538584511 1.6224322757100823e-15
5182.668006972413 1.5782362634629709e-15
5185.5104753603155 1.6356088803661628e-15
5188.352943748208 1.7149981278608275e-15
5191.1954121361105 1.6081860862013665e-15
5194.037880524012 1.6748250546036484e-15
5196.880348911904 1.6582206717198746e-15
5199.722817299806 1.666001086636683e-15
5202.565285687709 1.64582867124114e-15
5205.40775407561 1.6961065332777637e-15
5208.250222463502 1.7530425300945244e-15
5211.092690851404 1.6691921000952696e-15
5213.935159239307 1.641910289246064e-15
5216.777627627208 1.708625706092343e-15
5219.6200960151 1.7375530856045925e-15
5222.462564403002 1.7477280764791314e-15
5225.305032790904 1.7163514636964357e-15
5228.147501178806 1.7133060164833166e-15
5230.989969566698 1.7528664548160048e-15
5233.8324379546 1.8594737637394684e-15
5236.674906342502 1.83270375377748e-15
5239.517374730403 1.7599087340699327e-15
5242.359843118296 1.783538192834645e-15
5245.202311506198 1.7613593339345394e-15
5248.0447798941 2.1628743131601882e-15
5250.887248282002 2.1185958640569528e-15
5253.7297166698945 2.0823825661047426e-15
5256.572185057797 1.8458635477329654e-15
5259.414653445699 1.9262190897349228e-15
5262.2571218336 1.7903761462533493e-15
5265.099590221502 1.953024772501217e-15
5267.942058609395 1.954088619463692e-15
5270.784526997297 1.9138484718886896e-15
5273.626995385198 1.9317865761618395e-15
5276.46946377309 1.8860635470794254e-15
5279.311932160993 2.004847496879995e-15
5282.154400548895 1.8772487279188277e-15
5284.996868936796 1.86895206577778e-15
5287.839337324688 1.8492414098645966e-15
5290.68180571259 1.9694813767710254e-15
5293.524274100493 1.9833810957093695e-15
5296.366742488394 1.932664210622839e-15
5299.209210876286 2.014000853261376e-15
5302.051679264188 2.0207734274651924e-15
5304.89414765209 1.9480974983728946e-15
5307.736616039992 2.0197824213758963e-15
5310.5790844278945 2.042274100835674e-15
5313.4215528157865 1.9089154857976763e-15
5316.264021203689 2.0323223856167104e-15
5319.10648959159 2.1033257498070022e-15
5321.948957979483 2.051573184708333e-15
5324.791426367385 2.029867420653494e-15
5327.633894755287 2.137566681048627e-15
5330.476363143189 2.187099482885036e-15
5333.318831531081 2.0691130695905524e-15
5336.161299918983 2.0575142576098976e-15
5339.003768306885 2.0754868063221505e-15
5341.846236694787 1.981990559287264e-15
5344.688705082678 2.0376733254748627e-15
5347.531173470581 2.099262748111503e-15
5350.373641858483 1.964077764425223e-15
5353.216110246385 2.0153763427235773e-15
5356.058578634276 1.9564672072319748e-15
5358.901047022179 1.926177068521537e-15
5361.743515410081 1.9649305312876818e-15
5364.585983797983 1.9342992847839003e-15
5367.428452185874 1.8876860449143605e-15
5370.2709205737765 1.9961497075148006e-15
5373.113388961679 1.90132143263426e-15
5375.9558573495815 1.9053036137919816e-15
5378.798325737473 1.8242089341044712e-15
5381.640794125375 1.8060956650414668e-15
5384.483262513277 1.882705311436867e-15
5387.32573090118 1.846530897565329e-15
5390.168199289071 1.824350392475979e-15
5393.010667676973 1.879523169467225e-15
5395.853136064875 1.9247177858341848e-15
5398.695604452778 1.9060337523211463e-15
5401.538072840669 1.852598488870732e-15
5404.380541228571 1.8424943155660346e-15
5407.223009616473 1.8877865147334933e-15
5410.065478004375 1.994143230137297e-15
5412.907946392267 1.807985687009958e-15
5415.750414780169 1.9215214540354892e-15
5418.592883168071 1.899153598830814e-15
5421.435351555973 1.9120079430724867e-15
5424.277819943865 1.9487945252653667e-15
5427.120288331767 2.0013798459469414e-15
5429.962756719669 2.0240802860308762e-15
5432.8052251075715 2.0624804041671347e-15
5435.647693495463 1.9530668761991717e-15
5438.4901618833655 2.042627861800785e-15
5441.332630271268 2.1041659101939572e-15
5444.17509865917 2.0208309096752196e-15
5447.017567047061 2.0658821860779946e-15
5449.860035434963 1.9944920269741775e-15
5452.702503822866 2.104420884741378e-15
5455.544972210768 1.9960354783062427e-15
5458.38744059866 2.0131989557796516e-15
5461.229908986561 1.9555356779295764e-15
5464.072377374463 1.9389358165417642e-15
5466.914845762366 1.988570212799382e-15
5469.757314150258 2.021903857724977e-15
5472.599782538159 2.0555726321148583e-15
5475.442250926061 2.029334000939987e-15
5478.284719313964 1.9970359284820093e-15
5481.127187701856 2.0124447703732822e-15
5483.969656089757 2.0220532670661707e-15
5486.812124477659 2.007377293988154e-15
5489.654592865561 2.026726044838528e-15
5492.497061253454 2.0056792442610405e-15
5495.3395296413555 1.9576797463232656e-15
5498.181998029258 1.8262201794146142e-15
5501.02446641715 1.874776929096473e-15
5503.866934805053 1.8340895574186872e-15
5506.709403192954 1.7072222638444562e-15
5509.551871580856 1.6788132562749664e-15
5512.394339968758 1.6134886738985983e-15
5515.23680835665 1.5740965446331372e-15
5518.079276744552 1.439441434923272e-15
5520.921745132454 1.4962056559501876e-15
5523.764213520356 1.445015044525706e-15
5526.606681908248 1.410912246295964e-15
5529.449150296149 1.2735341224684703e-15
5532.291618684052 1.2991634901390613e-15
5535.134087071954 1.2754320486783128e-15
5537.976555459846 1.2648205741632237e-15
5540.819023847747 1.20611411028545e-15
5543.66149223565 1.1484414001815943e-15
5546.503960623552 1.2380410864047097e-15
5549.346429011444 1.1565400806237476e-15
5552.1888973993455 1.1336452658498681e-15
5555.0313657872475 1.1608796907133755e-15
5557.8738341751505 1.0626118930058113e-15
5560.7163025630425 1.096248979898842e-15
5563.558770950944 1.1088125321420314e-15
5566.401239338846 1.1118573631115551e-15
5569.243707726748 1.023822946702155e-15
5572.086176114641 1.0757574103338375e-15
5574.928644502542 1.1188186488013043e-15
5577.771112890444 1.0818421633645924e-15
5580.613581278346 1.052943737510056e-15
5583.456049666239 1.03185493890363e-15
5586.298518054141 1.0700099857745066e-15
5589.140986442042 1.0141492522867607e-15
5591.983454829944 1.0684544051927996e-15
5594.825923217836 1.0840694435661962e-15
5597.668391605739 1.0402306498500504e-15
5600.51085999364 1.0843610153494302e-15
5603.353328381542 1.0772163231093803e-15
5606.195796769434 1.0454919597768553e-15
5609.038265157336 1.0577726159905117e-15
5611.880733545238 1.0580687603580398e-15
5614.72320193314 1.0224265055369437e-15
5617.5656703210325 1.0213425451927365e-15
5620.4081387089345 1.0306946408921531e-15
5623.250607096837 1.1099745838153801e-15
5626.093075484739 1.0760774984070756e-15
5628.935543872631 1.0111051097431257e-15
5631.778012260533 1.0816302517695637e-15
5634.620480648434 1.0675658751859334e-15
5637.462949036337 1.059014927175618e-15
5640.305417424229 1.1274538212806418e-15
5643.147885812131 1.0539280607602638e-15
5645.990354200032 1.1057299463093568e-15
5648.832822587934 1.0620230616161373e-15
5651.675290975827 1.0946760080898427e-15
5654.517759363729 1.09278517600703e-15
5657.36022775163 1.1096648613101253e-15
5660.202696139532 1.048564768783849e-15
5663.045164527425 1.0510319182568244e-15
5665.887632915327 1.0961323415989182e-15
5668.730101303228 1.0958439750968953e-15
5671.57256969113 1.0651030472634472e-15
5674.415038079022 1.1047346231550388e-15
5677.257506466925 1.0475683886528584e-15
5680.0999748548265 1.0523472701713334e-15
5682.942443242729 1.028870632452623e-15
5685.784911630621 1.110123597263585e-15
5688.627380018524 1.0118172045251634e-15
5691.469848406425 1.008819300385193e-15
5694.312316794327 1.0098347329591961e-15
5697.154785182219 1.0238583105605276e-15
5699.997253570121 9.471292223153318e-16
5702.839721958023 9.313154877399478e-16
5705.682190345925 9.037538896819106e-16
5708.524658733817 9.193625660395039e-16
5711.367127121719 8.862214403803964e-16
5714.20959550962 9.08218232115528e-16
5717.052063897523 9.044287021550394e-16
5719.894532285425 9.161373258431046e-16
5722.737000673317 8.447022210440211e-16
5725.579469061219 8.717705131085857e-16
5728.421937449121 9.02131050991554e-16
5731.264405837023 9.388637431026021e-16
5734.106874224915 9.44752438358288e-16
5736.949342612817 9.361160073549131e-16
5739.791811000719 9.747300676554533e-16
5742.6342793886115 9.592521892575221e-16
5745.476747776514 1.0061224833711296e-15
5748.319216164416 1.0982074028751225e-15
5751.161684552317 1.1487259854032996e-15
5754.00415294021 1.1762007858564122e-15
5756.846621328112 1.2077698512575836e-15
5759.689089716014 1.177433081668963e-15
5762.531558103915 1.3089588957408669e-15
5765.374026491807 1.3466355448750087e-15
5768.21649487971 1.40430922025116e-15
5771.058963267612 1.4373745799979585e-15
5773.901431655513 1.485804134586301e-15
5776.743900043405 1.5331859881567219e-15
5779.586368431307 1.5710637231303555e-15
5782.42883681921 1.6558727382121577e-15
5785.271305207111 1.7498349018163755e-15
5788.113773595003 1.729370181205525e-15
5790.956241982905 1.7565554166684697e-15
5793.798710370807 1.876122882694066e-15
5796.641178758709 1.950081890549431e-15
5799.4836471466015 2.0835409826212216e-15
5802.3261155345035 2.0624564474593952e-15
5805.168583922406 2.0339975846288602e-15
5808.011052310308 2.0769400156584407e-15
5810.8535206982 2.165929186272856e-15
5813.695989086102 2.149972881042655e-15
5816.538457474004 2.1112619066171388e-15
5819.380925861905 2.2270733915786715e-15
5822.223394249808 2.2073713716147994e-15
5825.0658626377 2.128236530654939e-15
5827.908331025602 2.1721479860022643e-15
5830.750799413503 2.1482913889444917e-15
5833.593267801405 2.06226080633446e-15
5836.435736189298 2.0688643648744566e-15
5839.2782045772 1.973659277024041e-15
5842.120672965101 1.9411255651432832e-15
5844.963141353003 2.007829895532865e-15
5847.805609740896 2.0101084434104734e-15
5850.648078128798 2.0050805380341308e-15
5853.4905465167 2.0428937382198128e-15
5856.333014904601 2.0229152714407166e-15
5859.1754832924935 2.0107254978845684e-15
5862.017951680396 2.11054072747833e-15
5864.8604200682985 1.9506345913095508e-15
5867.7028884562 1.9752581372580777e-15
5870.545356844092 2.0146441602060094e-15
5873.387825231995 1.9880051381155405e-15
5876.230293619897 2.0880553815773312e-15
5879.072762007788 1.9841256092336455e-15
5881.91523039569 2.0506649606559694e-15
5884.757698783592 2.041356202188103e-15
5887.600167171495 2.0473807270039544e-15
5890.442635559396 2.0376798529106195e-15
5893.285103947288 2.0027744399401613e-15
5896.12757233519 1.9309594549471556e-15
5898.970040723092 1.936301784677576e-15
5901.812509110994 1.9063456297731326e-15
5904.654977498886 1.954605126765118e-15
5907.497445886788 1.948579131946391e-15
5910.33991427469 1.9768842390721492e-15
5913.182382662591 1.887748349097665e-15
5916.024851050484 1.8966292621412785e-15
5918.867319438386 1.8441176065841468e-15
5921.709787826288 1.846747603159459e-15
5924.55225621418 1.7887403592466164e-15
5927.3947246020825 1.8245609619661676e-15
5930.237192989985 1.7900759733696505e-15
5933.079661377887 1.82636490888254e-15
5935.922129765778 1.735470801261876e-15
5938.76459815368 1.796468160099786e-15
5941.607066541583 1.7289354119444694e-15
5944.449534929485 1.734098796488168e-15
5947.292003317386 1.6344465812451503e-15
5950.134471705278 1.7112192537790133e-15
5952.976940093181 1.6554776439507358e-15
5955.819408481083 1.6658227221164044e-15
5958.661876868984 1.5474326292759747e-15
5961.504345256876 1.5941368148393671e-15
5964.346813644778 1.5838235066593692e-15
5967.189282032681 1.5592212757539117e-15
5970.031750420572 1.5866886798628234e-15
5972.874218808474 1.5198118036920897e-15
5975.716687196376 1.514504790036667e-15
5978.559155584278 1.5192767069198412e-15
5981.4016239721805 1.5323206659456532e-15
5984.2440923600725 1.4651297601657026e-15
5987.0865607479745 1.5221759995948317e-15
5989.929029135877 1.4895846994690218e-15
5992.7714975237695 1.444386222837204e-15
5995.613965911671 1.3838616717848239e-15
5998.456434299573 1.4251137101635174e-15
6001.298902687475 1.4486886902837116e-15
6004.141371075377 1.454845695944682e-15
6006.983839463269 1.4173711947300342e-15
6009.826307851171 1.3994121505931291e-15
6012.668776239073 1.435983828565283e-15
6015.511244626965 1.3619196387730138e-15
6018.353713014867 1.3985113454071416e-15
6021.196181402769 1.3960322189191258e-15
6024.038649790671 1.4058269592616622e-15
6026.881118178563 1.3746997684746545e-15
6029.723586566464 1.3799906193705052e-15
6032.566054954367 1.4732783755962834e-15
6035.408523342269 1.4161962249198684e-15
6038.250991730161 1.3302435797942334e-15
6041.0934601180625 1.3912106875072885e-15
6043.9359285059645 1.377385560927335e-15
6046.7783968938675 1.3823625753405134e-15
6049.6208652817595 1.4126013186006547e-15
6052.463333669661 1.3449769240817574e-15
6055.305802057563 1.3749296169607888e-15
6058.148270445465 1.3730241445292274e-15
6060.990738833358 1.4088604950523252e-15
6063.833207221259 1.4100496270610823e-15
6066.675675609161 1.4120181427304035e-15
6069.518143997063 1.3752978598587815e-15
6072.360612384956 1.3862223908613488e-15
6075.203080772857 1.4421483680408983e-15
6078.045549160759 1.430530921658943e-15
6080.888017548661 1.3988715290600453e-15
6083.730485936553 1.384867330753501e-15
6086.572954324455 1.3452243105052595e-15
6089.415422712357 1.424093044361596e-15
6092.257891100259 1.3888190784229352e-15
6095.100359488151 1.3980841435398043e-15
6097.942827876053 1.337817284125119e-15
6100.785296263955 1.3951609371105847e-15
6103.627764651857 1.3549854035710522e-15
6106.4702330397495 1.378907844055431e-15
6109.312701427651 1.4217636368957061e-15
6112.155169815554 1.4625673367151926e-15
6114.997638203456 1.470337665946229e-15
6117.840106591348 1.4492743234756387e-15
6120.68257497925 1.417408248041858e-15
6123.525043367151 1.4404260099459864e-15
6126.367511755054 1.5515386910970872e-15
6129.209980142946 1.5625875801694452e-15
6132.052448530848 1.5882367097834791e-15
6134.894916918749 1.6234210721835002e-15
6137.737385306652 1.6347702095566143e-15
6140.579853694544 1.7543618515808477e-15
6143.422322082446 1.7494282983620323e-15
6146.264790470347 1.7483783013747752e-15
6149.107258858249 1.7187364513270656e-15
6151.949727246142 1.7403151465372382e-15
6154.792195634044 1.7273386372298712e-15
6157.634664021945 1.7612060790578867e-15
6160.477132409847 1.749266115045585e-15
6163.31960079774 1.7633195367198183e-15
6166.162069185642 1.868471699106558e-15
6169.0045375735435 1.7340776664499356e-15
6171.847005961446 1.891612884405763e-15
6174.689474349338 1.8458030102043402e-15
6177.531942737241 1.8360020434240124e-15
6180.374411125142 1.944305957810616e-15
6183.216879513044 1.991681424448635e-15
6186.059347900946 2.0378425597904844e-15
6188.901816288838 2.0620706173565447e-15
6191.74428467674 2.147411321424333e-15
6194.586753064642 2.194531205810222e-15
6197.429221452544 2.1725429145062964e-15
6200.271689840436 2.316782489177914e-15
6203.114158228338 2.259817600758481e-15
6205.95662661624 2.3576713632393844e-15
6208.799095004132 2.4076498961167356e-15
6211.641563392034 2.437297414648778e-15
6214.484031779935 2.5380444624098144e-15
6217.326500167838 2.485745305197072e-15
6220.16896855573 2.341939066226787e-15
6223.011436943632 2.4075623611750142e-15
6225.8539053315335 2.3719833664567627e-15
6228.6963737194355 2.3696362069814268e-15
6231.5388421073285 2.3831288997821805e-15
6234.3813104952305 2.3289171615744245e-15
6237.223778883132 2.4048184039708156e-15
6240.066247271034 2.3343270046385455e-15
6242.908715658936 2.3434721628656203e-15
6245.751184046829 2.370038255109351e-15
6248.593652434731 2.2550137961231124e-15
6251.436120822632 2.3191521940740897e-15
6254.278589210534 2.2897400612689857e-15
6257.121057598427 2.3268994009777755e-15
6259.963525986329 2.326204992010309e-15
6262.80599437423 2.3462039669987935e-15
6265.648462762122 2.283579937941285e-15
6268.490931150024 2.373015233470325e-15
6271.333399537927 2.529639578116811e-15
6274.175867925828 2.36411193050434e-15
6277.01833631372 2.399601656872893e-15
6279.860804701622 2.4604000824651295e-15
6282.703273089525 2.3703008159082958e-15
6285.545741477426 2.381678530780291e-15
6288.3882098653185 2.4163816734575593e-15
6291.2306782532205 2.33017832557754e-15
6294.073146641123 2.340059649463687e-15
6296.915615029025 2.2419695680443125e-15
6299.758083416927 2.25155825247276e-15
6302.600551804819 2.2025334467156696e-15
6305.443020192721 2.02650597471378e-15
6308.285488580622 2.0577827710817918e-15
6311.127956968525 2.027619195014941e-15
6313.970425356417 2.0125236512344994e-15
6316.812893744319 2.0670507422160324e-15
6319.65536213222 1.9724604242799203e-15
6322.497830520123 1.983690580477506e-15
6325.340298908015 1.9701404344054628e-15
6328.182767295917 2.002011427259551e-15
6331.025235683818 1.9634701002276545e-15
6333.86770407172 1.956445612976355e-15
6336.710172459613 1.9765941020215283e-15
6339.552640847515 2.0212013984207552e-15
6342.395109235416 1.9997792863018588e-15
6345.237577623318 2.0036048423003913e-15
6348.080046011211 2.0248795055182094e-15
6350.922514399113 2.005231665488365e-15
6353.764982787015 2.008198089455005e-15
6356.607451174907 2.0043072337665337e-15
6359.449919562809 2.033686744813811e-15
6362.292387950712 2.0290910730515733e-15
6365.134856338613 1.992827368725143e-15
6367.977324726515 1.965041956396623e-15
6370.819793114407 1.9183456186565317e-15
6373.662261502309 1.935884065798285e-15
6376.504729890211 2.0072945700477666e-15
6379.347198278113 1.9780975328801844e-15
6382.189666666015 1.9036675685682266e-15
6385.032135053907 1.9095165354691894e-15
6387.874603441809 1.9425110735263107e-15
6390.717071829711 1.9329732709458053e-15
6393.559540217603 1.935025613248377e-15
6396.402008605505 1.932363248548386e-15
6399.244476993407 1.958836067503621e-15
6402.086945381309 1.921209971350584e-15
6404.929413769201 1.9686197524808457e-15
6407.771882157103 1.89983207164339e-15
6410.614350545005 1.9227562474053272e-15
6413.456818932897 1.9282315383968677e-15
6416.2992873207995 1.8869903005980685e-15
6419.141755708702 1.9334570047548826e-15
6421.984224096604 1.901271759121354e-15
6424.826692484505 1.9039242508574023e-15
6427.669160872398 1.9216430084668635e-15
6430.5116292603 1.8893677354045592e-15
6433.354097648202 1.8529264676014563e-15
6436.196566036103 1.7646425646291724e-15
6439.039034423995 1.8289859918069073e-15
6441.881502811898 1.8813596344103942e-15
6444.7239711998 1.861371656887372e-15
6447.566439587701 1.928455196217254e-15
6450.408907975593 1.8187414740958587e-15
6453.251376363495 1.8716952066271933e-15
6456.093844751398 1.8383868339402372e-15
6458.936313139299 1.8142295498390262e-15
6461.778781527191 1.7786447840274567e-15
6464.621249915093 1.7138557963810012e-15
6467.463718302996 1.896365213652553e-15
6470.306186690887 1.7997037526329145e-15
6473.1486550787895 1.8016338259149143e-15
6475.9911234666915 1.8036874068157346e-15
6478.833591854594 1.852406359330752e-15
6481.676060242496 1.79844388189112e-15
6484.518528630388 1.825787563435101e-15
6487.36099701829 1.8359863857471147e-15
6490.203465406192 1.6929105445523154e-15
6493.045933794093 1.7437247311256138e-15
6495.888402181986 1.7886565998912184e-15
6498.730870569888 1.6729302856488697e-15
6501.57333895779 1.6481575173820617e-15
6504.415807345681 1.6428129527910875e-15
6507.258275733584 1.6874632331474635e-15
6510.100744121486 1.693281313149738e-15
6512.943212509388 1.6563714594031367e-15
6515.78568089729 1.618419081127712e-15
6518.628149285181 1.6545948515672665e-15
6521.470617673084 1.6080941166862219e-15
6524.313086060986 1.6117320170722342e-15
6527.155554448888 1.614990253555641e-15
6529.9980228367795 1.5330568253942359e-15
6532.8404912246815 1.556282907149467e-15
6535.682959612584 1.5453894211138936e-15
6538.5254280004865 1.564813970383608e-15
6541.367896388378 1.5793850304391e-15
6544.21036477628 1.5816480353077839e-15
6547.052833164183 1.523529537223361e-15
6549.895301552085 1.5423834702450452e-15
6552.737769939976 1.5697826806389858e-15
6555.580238327878 1.540767654747774e-15
6558.42270671578 1.5716441538887802e-15
6561.265175103683 1.5626709144478134e-15
6564.107643491574 1.5983387579683657e-15
6566.950111879476 1.6207639355131122e-15
6569.792580267378 1.5595833853683915e-15
6572.63504865528 1.528974712918088e-15
6575.477517043172 1.611678656048968e-15
6578.319985431074 1.6152801137809711e-15
6581.162453818976 1.6040618004804813e-15
6584.004922206878 1.630537707146035e-15
6586.84739059477 1.6741781585444576e-15
6589.689858982672 1.624333962935208e-15
6592.532327370574 1.5866242840927742e-15
6595.3747957584765 1.6343677158534209e-15
6598.217264146368 1.5551819590572085e-15
6601.059732534271 1.558202036575375e-15
6603.902200922173 1.6131170702668655e-15
6606.744669310075 1.5527759621239913e-15
6609.587137697966 1.5640850079498993e-15
6612.429606085869 1.5522056392189964e-15
6615.272074473771 1.5209355724618829e-15
6618.114542861673 1.512523125226764e-15
6620.957011249564 1.5731658093203258e-15
6623.799479637466 1.5001168619777001e-15
6626.641948025369 1.4786047209389578e-15
6629.484416413271 1.4753642824769518e-15
6632.326884801162 1.457827315307777e-15
6635.169353189064 1.5214319397898762e-15
6638.011821576966 1.4291038909253814e-15
6640.854289964859 1.4531441326876862e-15
6643.69675835276 1.4116786401817559e-15
6646.539226740662 1.3705129294904652e-15
6649.381695128564 1.3962100732630804e-15
6652.224163516466 1.3951576484545507e-15
6655.066631904359 1.352971199325662e-15
6657.9091002922605 1.3322607621864506e-15
6660.751568680163 1.362922316570159e-15
6663.594037068065 1.350291906441458e-15
6666.436505455958 1.3147194921353748e-15
6669.278973843859 1.3042016423977203e-15
6672.121442231761 1.2748865269020004e-15
6674.963910619663 1.2652140823684053e-15
6677.806379007555 1.2337828665762243e-15
6680.648847395457 1.214521616905409e-15
6683.491315783359 1.2294604381190036e-15
6686.333784171261 1.2003152828210918e-15
6689.176252559153 1.22766842970673e-15
6692.018720947055 1.276691157857416e-15
6694.861189334957 1.2010546577753624e-15
6697.703657722859 1.1744809517667372e-15
6700.546126110751 1.1921061993784378e-15
6703.388594498652 1.188958931453644e-15
6706.231062886555 1.1739312755873922e-15
6709.073531274447 1.1112364171035202e-15
6711.915999662349 1.1230105809896388e-15
6714.7584680502505 1.1607696643659018e-15
6717.6009364381525 1.1076304208207312e-15
6720.4434048260555 1.1250727715639083e-15
6723.2858732139475 1.0879522865030747e-15
6726.128341601849 1.070088443038413e-15
6728.970809989751 1.0744338419961122e-15
6731.813278377644 1.0629762906965329e-15
6734.655746765546 1.0255854981059615e-15
6737.498215153447 1.0491086529093492e-15
6740.340683541349 1.0792745188401765e-15
6743.183151929251 1.0220487933314854e-15
6746.025620317144 1.0373700211678058e-15
6748.868088705045 1.0572727121750822e-15
6751.710557092947 1.0172445760819769e-15
6754.553025480849 1.0097389631549815e-15
6757.395493868742 9.771815860558023e-16
6760.237962256643 1.014434755289126e-15
6763.080430644545 9.680646906873782e-16
6765.922899032447 9.528538618620902e-16
6768.765367420339 9.815675628131126e-16
6771.607835808241 9.689019434944358e-16
6774.450304196143 9.628840652274596e-16
6777.292772584045 1.0115357369350153e-15
6780.1352409719375 9.69079007469421e-16
6782.9777093598395 9.778297215352951e-16
6785.820177747742 9.869567139395512e-16
6788.662646135644 9.419778785232362e-16
6791.505114523536 8.994610369550382e-16
6794.347582911438 9.026688335951984e-16
6797.19005129934 9.480084275902744e-16
6800.032519687242 9.287622676554816e-16
6802.874988075134 8.924554137706332e-16
6805.717456463036 9.555022217651887e-16
6808.559924850937 9.471802539471966e-16
6811.40239323884 9.212354892897015e-16
6814.244861626732 9.146542864358781e-16
6817.087330014634 8.978782064383212e-16
6819.929798402535 9.684948761717109e-16
6822.772266790437 8.812454783422293e-16
6825.61473517833 8.66129715866442e-16
6828.457203566232 8.82636396471012e-16
6831.299671954133 8.883128312530581e-16
6834.142140342035 8.754901086371903e-16
6836.984608729928 8.554925533091821e-16
6839.82707711783 8.735073392505309e-16
6842.669545505732 9.231438127661048e-16
6845.512013893634 8.796062999078212e-16
6848.354482281526 8.994525001364704e-16
6851.196950669429 8.985984190432537e-16
6854.03941905733 9.08838494229427e-16
6856.881887445232 9.130897111076365e-16
6859.724355833124 9.778402334900765e-16
6862.566824221026 9.430250106459855e-16
6865.409292608928 9.439828576810642e-16
6868.25176099682 9.69345089700452e-16
6871.094229384722 9.667777134052866e-16
6873.936697772624 1.0485835153107735e-15
6876.779166160526 1.0027314629263974e-15
6879.621634548428 1.0832764590115752e-15
6882.46410293632 1.067592538251803e-15
6885.306571324222 1.0277674839734813e-15
6888.149039712123 1.0902307215482825e-15
6890.991508100026 1.1146607230438751e-15
6893.833976487918 1.1112025321344219e-15
6896.67644487582 1.1229089676535018e-15
6899.5189132637215 1.150070943272544e-15
6902.361381651624 1.173854478833033e-15
6905.2038500395165 1.2164028092477595e-15
6908.046318427419 1.193257842259878e-15
6910.888786815321 1.1683532218426994e-15
6913.731255203222 1.2476275406148086e-15
6916.573723591115 1.2793929907899976e-15
6919.416191979017 1.290337203622759e-15
6922.258660366919 1.3260909148823683e-15
6925.10112875482 1.369994271648442e-15
6927.943597142712 1.4618515789604693e-15
6930.786065530615 1.4338963491676081e-15
6933.628533918517 1.430407865179275e-15
6936.471002306418 1.5284371564255817e-15
6939.31347069431 1.6091334921600117e-15
6942.155939082213 1.6334389996392138e-15
6944.998407470115 1.6245438593072861e-15
6947.840875858016 1.7611673990341507e-15
6950.683344245908 1.8292488674577945e-15
6953.52581263381 1.7636332227708921e-15
6956.368281021713 1.812727015916716e-15
6959.210749409614 1.7600078948744654e-15
6962.0532177975065 1.7613883613034456e-15
6964.8956861854085 1.753190581347847e-15
6967.738154573311 1.8157159795969617e-15
6970.580622961213 1.8155230897377367e-15
6973.423091349105 1.8277631156487637e-15
6976.265559737007 1.7964729209458104e-15
6979.108028124909 1.7990444813487827e-15
6981.95049651281 1.8638644490511812e-15
6984.792964900703 1.835071836952808e-15
6987.635433288605 1.7646888101570933e-15
6990.477901676507 1.8077332501131934e-15
6993.320370064408 1.813020760112105e-15
6996.162838452301 1.782975756467264e-15
6999.005306840203 1.8068559254323316e-15
7001.847775228105 1.763240223310523e-15
7004.690243616006 1.7712960949801691e-15
7007.532712003898 1.8300009951498895e-15
7010.375180391801 1.7079962828780975e-15
7013.217648779703 1.6958210800334069e-15
7016.060117167604 1.6738799766431879e-15
7018.902585555496 1.6393693799043127e-15
7021.745053943399 1.5964658091348778e-15
7024.587522331301 1.6803090699414437e-15
7027.429990719203 1.6156726549786556e-15
7030.272459107095 1.632811900661972e-15
7033.114927494997 1.621615278392605e-15
7035.9573958829 1.5760273952594816e-15
7038.799864270801 1.5086420834936196e-15
7041.642332658693 1.512903811930378e-15
7044.484801046595 1.582755188622812e-15
7047.327269434497 1.5422571462224621e-15
7050.1697378224 1.5246341070584096e-15
7053.012206210291 1.506585366998513e-15
7055.854674598193 1.5362261033056209e-15
7058.697142986095 1.5419221188184495e-15
7061.539611373998 1.5407778531799497e-15
7064.382079761889 1.6008032303635265e-15
7067.224548149791 1.5894451971032015e-15
7070.067016537693 1.568043633280728e-15
7072.909484925595 1.6128732345372216e-15
7075.751953313497 1.6019883133011217e-15
7078.594421701389 1.5852521854447078e-15
7081.436890089291 1.6326845230229676e-15
7084.279358477193 1.6711492295078106e-15
7087.121826865095 1.6163312935363727e-15
7089.9642952529875 1.633475302123891e-15
7092.80676364089 1.6392375685708016e-15
7095.649232028792 1.6832480061520847e-15
7098.491700416683 1.7222845928682154e-15
7101.334168804586 1.6976723966207112e-15
7104.176637192488 1.6821437167197813e-15
7107.01910558039 1.7102271971129934e-15
7109.861573968291 1.7331914811582795e-15
7112.704042356183 1.7244909224945547e-15
7115.546510744086 1.8135397416103747e-15
7118.388979131988 1.7689200596986458e-15
7121.231447519879 1.7782282093649425e-15
7124.073915907781 1.7881059782772837e-15
7126.916384295683 1.7536529528872915e-15
7129.758852683586 1.7895695157329256e-15
7132.601321071477 1.8355619838136366e-15
7135.443789459379 1.7905492214049037e-15
7138.286257847281 1.8118152910147985e-15
7141.128726235184 1.9027546061229983e-15
7143.9711946230855 1.8797450207618175e-15
7146.8136630109775 1.8825241288137766e-15
7149.65613139888 1.9345490778004657e-15
7152.498599786782 1.9385828722538256e-15
7155.341068174674 1.947161380956098e-15
7158.183536562576 1.9227852861087187e-15
7161.026004950478 1.9744802524722913e-15
7163.86847333838 2.022701269615289e-15
7166.710941726272 1.9768489390119682e-15
7169.553410114174 2.050519076473001e-15
7172.395878502076 2.0379873907182976e-15
7175.238346889978 2.0540971696216277e-15
7178.08081527787 2.106610056392317e-15
7180.923283665772 2.0431682911710143e-15
7183.765752053674 2.070412435025291e-15
7186.608220441576 2.0594805535727976e-15
7189.450688829468 2.1023040479126594e-15
7192.293157217369 2.179392119704236e-15
7195.135625605272 2.0895202827805746e-15
7197.978093993174 2.114253374045298e-15
7200.820562381066 2.139137674700544e-15
7203.6630307689675 2.0567253119992235e-15
7206.50549915687 2.0661275101818154e-15
7209.3479675447725 2.0839535249512417e-15
7212.1904359326745 2.047710264069213e-15
7215.032904320566 1.9834354684210387e-15
7217.875372708468 2.0285566572864137e-15
7220.717841096371 2.050117029050362e-15
7223.560309484263 1.951885612146654e-15
7226.402777872164 1.9676107653331043e-15
7229.245246260066 1.9330711907098745e-15
7232.087714647968 1.9603544103545267e-15
7234.930183035861 1.8759234890435595e-15
7237.772651423762 1.8748273421259e-15
7240.615119811664 1.8437500381477507e-15
7243.457588199566 1.8241822022257344e-15
7246.300056587459 1.8004599722288102e-15
7249.14252497536 1.738243586569487e-15
7251.984993363262 1.6452992671771497e-15
7254.827461751164 1.6162608852993451e-15
7257.669930139056 1.6028841599496024e-15
7260.512398526958 1.6083863025772064e-15
7263.35486691486 1.5979211909219458e-15
7266.197335302762 1.61473574104995e-15
7269.0398036906545 1.672848933475454e-15
7271.8822720785565 1.716088724057388e-15
7274.724740466459 1.7096834215071582e-15
7277.567208854361 1.6944192094517357e-15
7280.409677242253 1.688652694942367e-15
7283.252145630154 1.62400364342381e-15
7286.094614018057 1.6258615738975023e-15
7288.937082405959 1.6085539071865013e-15
7291.779550793851 1.517415877478436e-15
7294.622019181752 1.4858627864340568e-15
7297.464487569654 1.540166669968604e-15
7300.306955957557 1.4819999045947969e-15
7303.149424345449 1.531802906491231e-15
7305.99189273335 1.5900472110033936e-15
7308.834361121252 1.4973027542616603e-15
7311.676829509154 1.472553798353438e-15
7314.519297897047 1.5054997099830939e-15
7317.361766284949 1.4894523907850412e-15
7320.20423467285 1.4410660920054736e-15
7323.046703060752 1.3534136296549581e-15
7325.889171448645 1.3329320812432773e-15
7328.731639836547 1.314944017604206e-15
7331.5741082244485 1.288523951873832e-15
7334.416576612351 1.3214167703899717e-15
7337.259045000243 1.3499415228433418e-15
7340.101513388146 1.3143968904411734e-15
7342.943981776047 1.3378475036087131e-15
7345.786450163949 1.326574338259325e-15
7348.628918551841 1.3087831013848364e-15
7351.471386939744 1.3019640874542151e-15
7354.313855327645 1.2374480778769203e-15
7357.156323715547 1.2290242344251245e-15
7359.998792103439 1.240170503046489e-15
7362.841260491341 1.261473111404379e-15
7365.683728879243 1.2361446440496036e-15
7368.526197267145 1.2078338058818874e-15
7371.368665655037 1.2346648528600915e-15
7374.211134042939 1.2379406253137024e-15
7377.05360243084 1.1852422868692236e-15
7379.896070818743 1.1608698254920046e-15
7382.738539206635 1.2535387419978274e-15
7385.581007594537 1.2362972986271125e-15
7388.4234759824385 1.1864581039464628e-15
7391.2659443703415 1.1656961237417965e-15
7394.1084127582335 1.1492248183960074e-15
7396.9508811461355 1.1491590850778437e-15
7399.793349534037 1.1639281331120031e-15
7402.635817921939 1.1708755711993208e-15
7405.478286309832 1.1679465458075506e-15
7408.320754697734 1.1726185828858163e-15
7411.163223085635 1.1508749127519101e-15
7414.005691473537 1.124927686534412e-15
7416.84815986143 1.0979450135911874e-15
7419.690628249332 1.1804439297210781e-15
7422.533096637233 1.09845425674713e-15
7425.375565025135 1.1673274330325029e-15
7428.218033413027 1.0943468733595408e-15
7431.06050180093 1.0912318203905249e-15
7433.902970188831 1.1075343709939721e-15
7436.745438576733 1.0911765955887878e-15
7439.587906964625 1.0847307010996958e-15
7442.430375352527 1.0780496773718918e-15
7445.27284374043 1.0580571573406923e-15
7448.115312128331 1.029197731234106e-15
7450.9577805162235 9.937438690635369e-16
7453.8002489041255 1.0284241474334618e-15
7456.642717292028 1.042643787171908e-15
7459.48518567993 9.862599895605812e-16
7462.327654067822 9.951192709890772e-16
7465.170122455724 9.600027667241337e-16
7468.012590843626 9.399774754594896e-16
7470.855059231528 9.453128134037106e-16
7473.69752761942 9.027758391824749e-16
7476.539996007322 9.510604306967393e-16
7479.382464395224 9.194015708106585e-16
7482.224932783125 9.187466149680212e-16
7485.067401171018 8.689018456005475e-16
7487.90986955892 9.02970007177839e-16
7490.752337946822 8.903717916641295e-16
7493.594806334723 8.839208637703801e-16
7496.437274722625 8.676015155539343e-16
7499.279743110518 8.56163373052769e-16
7502.12221149842 9.006652070091975e-16
7504.964679886321 9.051739111287276e-16
7507.807148274223 8.315321634100659e-16
7510.649616662116 8.205937111136727e-16
7513.492085050018 8.627286218128896e-16
7516.33455343792 8.980320561921005e-16
7519.177021825812 8.735928523774115e-16
7522.019490213714 9.330885361537154e-16
7524.861958601617 8.527145346857778e-16
7527.704426989518 8.835433603251362e-16
7530.54689537742 9.24067235920773e-16
7533.389363765312 9.402700315223252e-16
7536.231832153215 9.23910731651841e-16
7539.074300541116 9.16586426854339e-16
7541.916768929008 9.030546030754637e-16
7544.75923731691 9.496899509482176e-16
7547.601705704812 9.18353242463116e-16
7550.444174092714 9.304468459665466e-16
7553.286642480606 9.139063660870509e-16
7556.129110868508 8.821340141617131e-16
7558.97157925641 9.074692631433447e-16
7561.814047644311 8.635284371049857e-16
7564.656516032214 8.917045489871604e-16
7567.498984420106 9.329704009528493e-16
7570.341452808008 8.984817206535388e-16
7573.18392119591 9.32973626521829e-16
7576.0263895838025 9.81620422098162e-16
7578.8688579717045 9.429353873151446e-16
7581.711326359607 9.705084121496512e-16
7584.553794747509 1.0165735854158885e-15
7587.3962631354 9.82774758223921e-16
7590.238731523303 1.0454268840330909e-15
7593.081199911205 1.0848342714546723e-15
7595.923668299107 1.0454194666942877e-15
7598.766136686998 1.0672770250646474e-15
7601.6086050749 1.114197584575826e-15
7604.451073462803 1.1089857787990015e-15
7607.293541850705 1.1321384928387461e-15
7610.136010238596 1.126332579820985e-15
7612.978478626498 1.1593957798994043e-15
7615.820947014401 1.2102873518825979e-15
7618.663415402303 1.265919629892087e-15
7621.505883790194 1.2899666744469495e-15
7624.348352178096 1.344870000628675e-15
7627.190820565998 1.3521353269090087e-15
7630.033288953901 1.3980945428400675e-15
7632.8757573418025 1.4765388373722672e-15
7635.7182257296945 1.46995733280272e-15
7638.5606941175965 1.5422984961946992e-15
7641.403162505499 1.6292010990930927e-15
7644.245630893391 1.615170110115904e-15
7647.088099281293 1.6568532204417746e-15
7649.930567669195 1.721415676234217e-15
7652.773036057097 1.70603553373626e-15
7655.615504444999 1.754628246572597e-15
7658.457972832891 1.7537327122462752e-15
7661.300441220793 1.806879924374513e-15
7664.142909608695 1.8254140500928815e-15
7666.985377996586 1.876737827708225e-15
7669.827846384489 1.8700041113973015e-15
7672.670314772391 1.9004468495483753e-15
7675.512783160293 1.913202828965512e-15
7678.355251548184 1.9348814099704115e-15
7681.197719936087 1.890082043731741e-15
7684.040188323989 1.8237617716047004e-15
7686.882656711891 1.8412199228854725e-15
7689.725125099792 1.877554149879002e-15
7692.5675934876845 1.8501111905580625e-15
7695.410061875587 1.8024689235330142e-15
7698.2525302634895 1.8402619474388756e-15
7701.094998651381 1.83614544336973e-15
7703.937467039283 1.8040411031919105e-15
7706.779935427185 1.816098538992646e-15
7709.622403815088 1.7533515554577635e-15
7712.46487220298 1.7310749939408367e-15
7715.307340590881 1.6847327757755727e-15
7718.149808978783 1.6585021168353912e-15
7720.992277366685 1.6581904284274312e-15
7723.834745754578 1.6493620377987456e-15
7726.677214142479 1.6491027206199958e-15
7729.519682530381 1.6375946179176253e-15
7732.362150918283 1.5801683252871287e-15
7735.204619306176 1.5878381997791824e-15
7738.047087694077 1.5586148076511937e-15
7740.889556081979 1.55747996619068e-15
7743.732024469881 1.626707618470808e-15
7746.574492857773 1.5242462027077329e-15
7749.416961245675 1.505934949982739e-15
7752.259429633577 1.630018138791316e-15
7755.101898021479 1.5169910576902524e-15
7757.9443664093715 1.4978147232392468e-15
7760.7868347972735 1.5239303935172547e-15
7763.629303185176 1.4340300523863133e-15
7766.471771573078 1.4969891501695992e-15
7769.31423996098 1.4545955845425832e-15
7772.156708348871 1.4142528033308146e-15
7774.999176736774 1.3805085151134259e-15
7777.841645124676 1.3544579451693632e-15
7780.684113512578 1.3191874575915993e-15
7783.526581900469 1.290790458545429e-15
7786.369050288371 1.3048023602975311e-15
7789.211518676274 1.2939281763775932e-15
7792.053987064176 1.284941463179465e-15
7794.896455452067 1.3000778939946206e-15
7797.738923839969 1.1980025895110008e-15
7800.581392227872 1.284442679602839e-15
7803.423860615774 1.2187591766647652e-15
7806.266329003665 1.19308898075519e-15
7809.108797391567 1.1392819605257595e-15
7811.951265779469 1.1157411285629465e-15
7814.793734167372 1.088248913872645e-15
7817.6362025552635 1.1572148052536565e-15
7820.4786709431655 1.1628565671642797e-15
7823.321139331068 1.0445485884654441e-15
7826.1636077189605 1.0522137530119239e-15
7829.006076106862 1.0789551158973717e-15
7831.848544494764 1.0303627971923312e-15
7834.691012882666 1.0420759974463769e-15
7837.533481270558 1.0440385539250405e-15
7840.375949658461 1.0110863821972682e-15
7843.218418046362 1.0477915093520444e-15
7846.060886434264 1.0099648076792807e-15
7848.903354822166 1.0348075201239882e-15
7851.745823210058 9.962457740172264e-16
7854.58829159796 9.784630769084101e-16
7857.430759985862 9.30483674751261e-16
7860.273228373764 9.28534829638792e-16
7863.115696761656 9.69836150718042e-16
7865.958165149558 9.380546219798595e-16
7868.80063353746 9.051266785598214e-16
7871.643101925352 9.144094091433216e-16
7874.485570313254 9.02142234238152e-16
7877.3280387011555 9.226037279651861e-16
7880.170507089058 9.065056014157174e-16
7883.0129754769505 8.150387027004143e-16
7885.8554438648525 8.370209105394706e-16
7888.697912252754 8.167787339188803e-16
7891.540380640656 7.924589056073476e-16
7894.382849028549 8.558050173592993e-16
7897.225317416451 8.3811616170187e-16
7900.067785804352 8.099391226169332e-16
7902.910254192254 7.855888604260877e-16
7905.752722580156 7.512256256102418e-16
7908.595190968049 7.70020089378343e-16
7911.43765935595 7.511361564700251e-16
7914.280127743852 7.439863136268659e-16
7917.122596131744 6.577712712403374e-16
7919.965064519647 6.099449827311478e-16
7922.807532907548 6.247841508999578e-16
7925.65000129545 7.076732676717917e-16
7928.492469683342 6.54962344439229e-16
7931.334938071244 6.032485747624985e-16
7934.177406459146 6.070304499629451e-16
7937.019874847048 6.06495972465282e-16
7939.86234323494 6.124912659273893e-16
7942.7048116228425 5.928603331583518e-16
7945.5472800107445 5.499291089860828e-16
7948.389748398647 5.471278849168039e-16
7951.232216786539 5.4763818954718545e-16
7954.074685174441 5.386425728370625e-16
7956.917153562342 4.984525247930852e-16
7959.759621950245 4.773825954559027e-16
7962.602090338137 5.044208305544626e-16
7965.444558726039 5.145020485626416e-16
7968.28702711394 4.843719138453676e-16
7971.129495501842 4.904509476123745e-16
7973.971963889745 4.478624446140388e-16
7976.814432277637 4.205765033155882e-16
7979.656900665539 4.281625730611209e-16
7982.49936905344 4.333637326381087e-16
7985.341837441343 4.507352689921846e-16
7988.184305829235 4.231294161014615e-16
7991.026774217137 4.1054033929222926e-16
7993.869242605038 3.614294186398059e-16
7996.71171099294 3.826709480198851e-16
7999.554179380833 3.709616906287285e-16
8002.396647768735 3.6063181412150174e-16
8005.239116156637 3.792625943502384e-16
8008.081584544529 3.4518214562710614e-16
8010.924052932432 3.0378750388294644e-16
8013.766521320334 2.961324236096222e-16
8016.608989708235 2.7898448491972633e-16
8019.451458096137 2.6569608768381516e-16
8022.293926484029 2.723469992381968e-16
8025.136394871932 2.854294738494039e-16
8027.978863259833 2.900514050187553e-16
8030.821331647725 2.559846863599782e-16
8033.663800035627 2.284427829930492e-16
8036.506268423529 2.531235908486417e-16
8039.348736811431 2.5558258485186315e-16
8042.191205199333 2.3124652297105226e-16
8045.033673587225 2.1832884622791177e-16
8047.876141975127 2.3861312304220705e-16
8050.718610363028 2.0358422551825265e-16
8053.561078750931 1.82674974644726e-16
8056.403547138823 2.264943993705691e-16
8059.246015526725 2.073109002670587e-16
8062.0884839146265 2.1413562812211244e-16
8064.9309523025295 2.0151023081499232e-16
8067.7734206904215 1.9860445667862276e-16
8070.615889078324 1.9061780693775525e-16
8073.458357466225 1.961905790340805e-16
8076.300825854127 1.8193972150740056e-16
8079.14329424202 1.9354728572193868e-16
8081.985762629922 1.9712043107773327e-16
8084.828231017823 1.8182235011204513e-16
8087.670699405715 1.9856492281009443e-16
8090.513167793618 2.1885781546134996e-16
8093.35563618152 1.7286334430631982e-16
8096.198104569421 2.4386463498932206e-16
8099.040572957323 2.0691084392587934e-16
8101.883041345215 1.8175451443880965e-16
8104.725509733118 1.8696125793293505e-16
8107.56797812102 1.9159871270216506e-16
8110.410446508921 1.7790157705884786e-16
8113.252914896813 2.0937725476797433e-16
8116.095383284715 2.198896063413645e-16
8118.937851672618 1.770619332046669e-16
8121.780320060519 1.5467733617234667e-16
8124.6227884484115 1.8339364734872667e-16
8127.4652568363135 1.8236497623007094e-16
8130.307725224216 1.9614591298681022e-16
8133.150193612108 1.6729266908112598e-16
8135.992662000011 2.0946237082410048e-16
8138.835130387912 2.288265986658587e-16
8141.677598775813 1.9502423326063903e-16
8144.520067163717 1.6579066355874334e-16
8147.362535551609 1.898148335937629e-16
8150.20500393951 2.1902295123528424e-16
8153.047472327411 2.3183317732851557e-16
8155.889940715314 2.2402389029227566e-16
8158.732409103207 1.7870974829529993e-16
8161.574877491108 2.1282573047791866e-16
8164.417345879009 1.887182190698252e-16
8167.259814266912 1.9442772239471633e-16
8170.102282654805 2.1764725084700752e-16
8172.944751042706 2.140369251380991e-16
8175.787219430607 1.8939036417928138e-16
8178.629687818499 1.9497460905121732e-16
8181.472156206402 2.1593101582422781e-16
8184.314624594304 1.861990740587435e-16
8187.1570929822055 1.6135772103878408e-16
8189.999561370098 2.0389656738249914e-16
8192.842029758001 1.8844342921707474e-16
8195.684498145902 1.776881310764946e-16
8198.526966533804 1.6985889897345818e-16
8201.369434921706 1.7131529548232354e-16
8204.211903309599 1.7476137655975546e-16
8207.0543716975 2.0839833591506477e-16
8209.896840085401 1.9761824999757454e-16
8212.739308473305 1.7734663289307534e-16
8215.581776861198 1.8936750287963126e-16
8218.424245249098 2.1163679741202947e-16
8221.266713637 2.3805861087298066e-16
8224.109182024902 1.9252914744767528e-16
8226.951650412795 2.2361827093425417e-16
8229.794118800697 2.2392145496502623e-16
8232.636587188597 1.8804742607247234e-16
8235.479055576501 1.735989661324852e-16
8238.321523964392 1.8261527800107635e-16
8241.163992352294 2.2556779388225765e-16
8244.006460740196 2.0677854202770799e-16
8246.848929128098 1.7786608420661817e-16
8249.691397515991 1.9961033119671646e-16
8252.533865903892 1.9356877502044896e-16
8255.376334291794 2.3469084839383193e-16
8258.218802679687 2.377068347950475e-16
8261.061271067589 2.339229983045354e-16
8263.90373945549 2.2368052556432947e-16
8266.746207843391 2.3668151332676627e-16
8269.588676231295 2.618941234101621e-16
8272.431144619188 2.6996331212347817e-16
8275.273613007088 2.743348023758295e-16
8278.11608139499 2.6995869104615523e-16
8280.958549782883 2.607214330604505e-16
8283.801018170785 2.8070775392995617e-16
8286.643486558687 2.7033075262043486e-16
8289.485954946587 3.062291152918867e-16
8292.32842333448 2.73611491231151e-16
8295.170891722384 2.684438702529256e-16
8298.013360110284 2.890112712631682e-16
8300.855828498186 2.9224143613977866e-16
8303.698296886078 3.131376575907741e-16
8306.540765273981 3.3868460806404237e-16
8309.383233661883 3.3859814551647646e-16
8312.225702049784 3.5616561880330237e-16
8315.068170437677 3.858811096899612e-16
8317.910638825579 4.0828482293247373e-16
8320.75310721348 3.440176434583137e-16
8323.595575601383 4.152354989881155e-16
8326.438043989285 5.228909033266282e-16
8329.280512377178 5.245724267557886e-16
8332.122980765078 5.362872028527983e-16
8334.96544915298 5.636179698656943e-16
8337.807917540884 5.78979319923351e-16
8340.650385928775 5.90447777147021e-16
8343.492854316677 5.606150377135083e-16
8346.335322704577 6.408929824350016e-16
8349.177791092481 6.268463299115345e-16
8352.020259480374 5.95464830333617e-16
8354.862727868274 6.549846043704066e-16
8357.705196256176 6.534148396557169e-16
8360.547664644078 6.6365717306251535e-16
8363.390133031971 7.220922020153654e-16
8366.232601419873 7.723373022983545e-16
8369.075069807775 8.403066606039264e-16
8371.917538195677 8.436259848114204e-16
8374.76000658357 8.273810047437029e-16
8377.60247497147 8.552623834895412e-16
8380.444943359375 8.67562682658227e-16
8383.287411747264 9.480791137898014e-16
8386.129880135168 9.53675759315204e-16
8388.97234852307 9.41225399928646e-16
8391.814816910972 9.613798104328946e-16
8394.657285298874 9.625436390216454e-16
8397.499753686765 9.677941490338199e-16
8400.342222074667 9.914591438167241e-16
8403.18469046257 9.751917004453596e-16
8406.02715885046 9.599243076370114e-16
8408.869627238364 9.974129021391374e-16
8411.712095626264 9.839426479910108e-16
8414.554564014168 1.0057281762901051e-15
8417.39703240206 1.0135767469335501e-15
8420.239500789961 1.0097336839650163e-15
8423.081969177863 1.0395381035899532e-15
8425.924437565765 1.0264195187247702e-15
8428.766905953657 1.1017118344337953e-15
8431.60937434156 1.0711334138044668e-15
8434.45184272946 1.0498558631930897e-15
8437.294311117364 1.0999236323187843e-15
8440.136779505265 1.109215875959332e-15
8442.979247893158 1.111403133386586e-15
8445.82171628106 1.140611117504086e-15
8448.664184668962 1.1890965697203198e-15
8451.506653056853 1.2638041853013618e-15
8454.349121444757 1.3261679705909633e-15
8457.191589832657 1.3381108887040161e-15
8460.03405822056 1.344629019320744e-15
8462.876526608461 1.4039814366258223e-15
8465.718994996354 1.4335864729311856e-15
8468.561463384256 1.4882917535680562e-15
8471.403931772158 1.5504213708762052e-15
8474.24640016006 1.5814878819524666e-15
8477.088868547951 1.649166997538799e-15
8479.931336935853 1.7197722339973135e-15
8482.773805323757 1.7172169678659398e-15
8485.616273711646 1.7505839160680623e-15
8488.45874209955 1.8697809887503343e-15
8491.30121048745 1.9033163810849545e-15
8494.143678875354 1.9351403858141227e-15
8496.986147263256 1.9428222758502338e-15
8499.828615651148 1.945343717720734e-15
8502.67108403905 2.0681637247055346e-15
8505.513552426952 2.2874807645427996e-15
8508.356020814845 2.508520574152166e-15
8511.198489202747 2.6209101315216537e-15
8514.040957590647 2.310194723511204e-15
8516.88342597855 2.137219164084321e-15
8519.725894366453 2.2144657263429602e-15
8522.568362754344 2.222111535260026e-15
8525.410831142246 2.227487540295461e-15
8528.253299530148 2.3263910130021267e-15
8531.095767918041 2.372262870722053e-15
8533.938236305943 2.4140415996873194e-15
8536.780704693843 2.422093807352598e-15
8539.623173081747 2.3874084934378966e-15
8542.465641469638 2.4533913700295353e-15
8545.30810985754 2.4769464076885425e-15
8548.150578245442 2.4808295654801317e-15
8550.993046633344 2.5132182568662975e-15
8553.835515021246 2.520853312867545e-15
8556.677983409138 2.520419227272209e-15
8559.52045179704 2.5477220564095114e-15
8562.362920184944 2.5283134275866734e-15
8565.205388572844 2.3982883403645737e-15
8568.047856960737 2.5075515504831446e-15
8570.890325348637 2.5247605058351023e-15
8573.73279373654 2.429771543515218e-15
8576.575262124443 2.440414455141854e-15
8579.417730512334 2.4567915848749647e-15
8582.260198900236 2.4233878249605764e-15
8585.102667288138 2.4825135749104496e-15
8587.94513567604 2.476053424603111e-15
8590.787604063933 2.4792866731873265e-15
8593.630072451833 2.5093062492356415e-15
8596.472540839737 2.4690012330567274e-15
8599.31500922764 2.432656684219784e-15
8602.15747761553 2.4277700132534864e-15
8604.999946003432 2.4111094163349352e-15
8607.842414391334 2.427998908992796e-15
8610.684882779236 2.4644861637951043e-15
8613.52735116713 2.435138857580219e-15
8616.36981955503 2.4107562884042105e-15
8619.212287942933 2.426278397206386e-15
8622.054756330834 2.4830383790418694e-15
8624.897224718727 2.511831224210444e-15
8627.739693106629 2.472343310184949e-15
8630.58216149453 2.4540501348479326e-15
8633.424629882433 2.4957093101091206e-15
8636.267098270324 2.4903125978032152e-15
8639.109566658226 2.530571486092548e-15
8641.95203504613 2.5436746643882547e-15
8644.79450343403 2.4604420438811434e-15
8647.636971821923 2.473237175279924e-15
8650.479440209823 2.4867744537764838e-15
8653.321908597727 2.391854327125327e-15
8656.16437698563 2.371959939540468e-15
8659.00684537352 2.3646902217059323e-15
8661.849313761422 2.345951331414379e-15
8664.691782149326 2.278698957410256e-15
8667.534250537226 2.195016414837428e-15
8670.37671892512 2.1556191004060727e-15
8673.21918731302 2.1421609546757694e-15
8676.061655700923 2.1417760048449366e-15
8678.904124088816 2.148933961037873e-15
8681.746592476717 2.1151056133455573e-15
8684.589060864619 2.167938164545133e-15
8687.43152925252 2.1234039659600814e-15
8690.273997640423 2.0519105813383042e-15
8693.116466028316 2.069893710047083e-15
8695.958934416216 2.0623534172825807e-15
8698.80140280412 1.966673218905317e-15
8701.64387119202 1.9584988209275572e-15
8704.486339579913 2.0315282373514413e-15
8707.328807967815 1.9485367457214233e-15
8710.171276355717 1.9708676014317566e-15
8713.01374474362 2.006228653315107e-15
8715.85621313151 1.9651237697903097e-15
8718.698681519412 1.94108113512332e-15
8721.541149907316 1.9372429294542863e-15
8724.383618295216 1.8919806471775305e-15
8727.22608668311 1.850020223088471e-15
8730.068555071011 1.8124115108745008e-15
8732.911023458913 1.803555529130438e-15
8735.753491846815 1.8534218228624746e-15
8738.595960234707 1.8196935782055887e-15
8741.438428622609 1.720271767057575e-15
8744.280897010512 1.6659766533946364e-15
8747.123365398413 1.6823156913622301e-15
8749.965833786306 1.6660670087216848e-15
8752.808302174206 1.6609088545628474e-15
8755.65077056211 1.648505905248031e-15
8758.493238950012 1.60066352688323e-15
8761.335707337914 1.5541876664569876e-15
8764.178175725807 1.501469087617452e-15
8767.020644113707 1.491516670636815e-15
8769.863112501609 1.5767558212549566e-15
8772.705580889502 1.540863267822782e-15
8775.548049277404 1.4777432211576706e-15
8778.390517665306 1.4142690396088007e-15
8781.232986053206 1.4473771572781816e-15
8784.0754544411 1.4623648321327443e-15
8786.917922829003 1.4011447473806562e-15
8789.760391216903 1.3458698844818422e-15
8792.602859604805 1.3534468656327182e-15
8795.445327992697 1.3957077471301301e-15
8798.2877963806 1.4015811706063763e-15
8801.130264768502 1.3730841970393759e-15
8803.972733156403 1.3788959294949903e-15
8806.815201544296 1.337578028149273e-15
8809.6576699322 1.2878936416925907e-15
8812.5001383201 1.277670047874375e-15
8815.342606708002 1.2745496997054252e-15
8818.185075095893 1.273505759144636e-15
8821.027543483797 1.2569000650300773e-15
8823.870011871699 1.2426104898545453e-15
8826.712480259599 1.1841922705670784e-15
8829.554948647492 1.1569404754418599e-15
8832.397417035394 1.1554780762684755e-15
8835.239885423296 1.1121813701746053e-15
8838.082353811198 1.0713406558084265e-15
8840.92482219909 1.109110453083526e-15
8843.767290586993 1.1620647996337105e-15
8846.609758974893 1.1471424040237851e-15
8849.452227362795 1.0987046277928674e-15
8852.294695750688 1.085691056077505e-15
8855.13716413859 1.0601529719506175e-15
8857.979632526492 1.0140224664312866e-15
8860.822100914393 1.0751356439326944e-15
8863.664569302286 1.0257687567753136e-15
8866.50703769019 9.821790649202179e-16
8869.34950607809 9.868915496895943e-16
8872.191974465983 9.65019779429901e-16
8875.034442853885 9.59133036205478e-16
8877.876911241787 9.550156011118112e-16
8880.719379629689 8.870536849232618e-16
8883.561848017589 8.813089669864077e-16
8886.404316405493 8.703275828011358e-16
8889.246784793386 9.10916679582968e-16
8892.089253181286 9.580804316492396e-16
8894.931721569188 9.17698876979982e-16
8897.77418995708 8.450461439909685e-16
8900.616658344983 8.395988662250155e-16
8903.459126732885 7.535483779678366e-16
8906.301595120785 7.613097656017469e-16
8909.144063508678 7.595228459466014e-16
8911.98653189658 7.872905116052057e-16
8914.829000284482 7.95691556500018e-16
8917.671468672384 7.907064970968956e-16
8920.513937060276 7.990700335646612e-16
8923.35640544818 7.717297649132266e-16
8926.19887383608 7.828138006127774e-16
8929.041342223982 7.83213046113411e-16
8931.883810611875 7.919080982084406e-16
8934.726278999777 7.809159453910105e-16
8937.568747387679 7.583015572295953e-16
8940.411215775579 7.657792071885007e-16
8943.253684163472 8.319895042460382e-16
8946.096152551376 8.343794749178233e-16
8948.938620939276 8.949437863350252e-16
8951.781089327178 8.623663934622559e-16
8954.623557715071 8.452610581656198e-16
8957.466026102973 9.061525478368579e-16
8960.308494490875 9.485537427117617e-16
8963.150962878775 9.837305283147247e-16
8965.993431266668 9.459970012567206e-16
8968.835899654572 9.396226539376432e-16
8971.678368042472 9.248052256359517e-16
8974.520836430374 9.5185986790787e-16
8977.363304818266 9.462104526452362e-16
8980.20577320617 9.290499831888793e-16
8983.048241594071 9.423598056080177e-16
8985.890709981972 9.31977966477127e-16
8988.733178369865 8.747761236351815e-16
8991.575646757767 7.878165250699193e-16
8994.418115145669 7.679222915988028e-16
8997.260583533562 8.190820795615564e-16
9000.103051921462 8.113714976947312e-16
9002.945520309366 8.069995355975594e-16
9005.787988697266 7.46113478832325e-16
9008.630457085168 8.24490228909659e-16
9011.472925473061 8.529578724070281e-16
9014.315393860963 7.9063890407803e-16
9017.157862248865 7.514520876756275e-16
9020.000330636765 7.154230958777252e-16
9022.842799024658 7.102321867353234e-16
9025.685267412562 8.182746403415279e-16
9028.527735800462 7.869893177331424e-16
9031.370204188366 7.925361886505416e-16
9034.212672576257 7.755138046746542e-16
9037.05514096416 7.140250139373164e-16
9039.897609352061 6.616995014037146e-16
9042.740077739963 5.68616292633868e-16
9045.582546127855 5.87851250436957e-16
9048.425014515758 5.616056938593067e-16
9051.267482903659 5.65257981892715e-16
9054.109951291563 5.367713814103227e-16
9056.952419679452 4.4040295715719436e-16
9059.794888067356 4.259168475502976e-16
9062.637356455258 4.3228437155542066e-16
9065.47982484316 4.493169446746078e-16
9068.322293231051 4.582785126049801e-16
9071.164761618953 4.67442228332404e-16
9074.007230006855 4.768085050457987e-16
9076.849698394748 4.863865161776589e-16
9079.692166782648 4.961813306032597e-16
9082.534635170552 5.061910308730256e-16
9085.377103558452 5.164123695143872e-16
9088.219571946356 5.268640513859516e-16
9091.062040334247 5.375358428133202e-16
9093.90450872215 5.484349165653833e-16
