3998.8699710728506 2.325434311070715e-15
4008.0216137927187 1.963134158855129e-15
4017.173256512587 1.4710347364099052e-15
4026.324899232455 1.3942353494066176e-15
4035.4765419523237 1.2018926270057994e-15
4044.6281846721918 1.1355552897749955e-15
4053.77982739206 3.4053964499306153e-15
4062.9314701119283 1.2623011294683048e-15
4072.0831128317964 1.2258414602915215e-15
4081.234755551665 1.085457093580396e-15
4090.386398271533 1.1309179767265249e-15
4099.538040991401 1.2067501598976097e-15
4108.689683711269 1.1907281408465663e-15
4117.8413264311375 1.0378057441090256e-15
4126.992969151006 1.0396519437075546e-15
4136.144611870874 1.1821742346094581e-15
4145.296254590742 1.2631700374905896e-15
4154.44789731061 1.2031694712913157e-15
4163.599540030479 1.1798322642593942e-15
4172.751182750347 1.1202933963929308e-15
4181.902825470215 1.0701755690118276e-15
4191.054468190083 9.629874616365958e-16
4200.206110909951 1.0723962443985473e-15
4209.35775362982 1.2276212003704436e-15
4218.509396349688 1.1162695295057784e-15
4227.661039069556 1.021774014361762e-15
4236.8126817894245 9.942268955374878e-16
4245.964324509292 1.057926086669181e-15
4255.1159672291615 1.1514182770064484e-15
4264.267609949029 1.0789894451391053e-15
4273.419252668898 1.007946929876695e-15
4282.570895388765 9.943729382848818e-16
4291.722538108634 1.1295363271367381e-15
4300.874180828502 1.059858797141856e-15
4310.025823548371 1.0735415480828022e-15
4319.177466268238 1.2231473910461598e-15
4328.329108988107 1.170597133876074e-15
4337.480751707974 1.1833220685709358e-15
4346.632394427844 1.218412177754568e-15
4355.784037147711 1.4455821161179438e-15
4364.935679867579 1.54909753449452e-15
4374.0873225874475 1.5173877924671788e-15
4383.238965307315 1.6471093448060788e-15
4392.3906080271845 1.6510909510014173e-15
4401.542250747052 1.697014818625156e-15
4410.693893466921 1.82766845666412e-15
4419.845536186788 1.8582324275229477e-15
4428.997178906657 1.9851619462583792e-15
4438.148821626525 2.036584113068039e-15
4447.300464346394 2.132160131549537e-15
4456.452107066261 2.3558816955418276e-15
4465.60374978613 2.418682115266062e-15
4474.755392505997 2.520512645872179e-15
4483.907035225867 2.649298653140322e-15
4493.058677945734 2.679889276726072e-15
4502.210320665603 2.7916862335645064e-15
4511.3619633854705 2.876626044423004e-15
4520.513606105339 2.8901536837843377e-15
4529.6652488252075 2.9185912296024833e-15
4538.816891545076 2.8571900778728687e-15
4547.968534264944 2.8819195449014147e-15
4557.120176984812 3.0183304615884355e-15
4566.27181970468 2.939955911845545e-15
4575.423462424549 2.9234064419202596e-15
4584.575105144417 2.8906291055074036e-15
4593.726747864285 2.9186553680601256e-15
4602.878390584153 2.8067967239623438e-15
4612.03003330402 2.693437054159237e-15
4621.18167602389 2.5588847786324337e-15
4630.333318743757 2.574120816218916e-15
4639.484961463626 2.4980120108617384e-15
4648.636604183494 2.5017943210319247e-15
4657.788246903362 2.3315024378920754e-15
4666.939889623231 2.2199938168271306e-15
4676.091532343099 2.113155495560688e-15
4685.243175062967 2.1154418669568207e-15
4694.394817782835 2.076825134348563e-15
4703.546460502703 2.0634156501227782e-15
4712.698103222572 1.953377553894728e-15
4721.84974594244 1.997279205436934e-15
4731.001388662308 2.0241169661167825e-15
4740.153031382176 1.9286058352004945e-15
4749.304674102044 1.8951092876163237e-15
4758.456316821913 1.902394408007539e-15
4767.607959541781 2.0052764910990942e-15
4776.759602261649 2.0336497707992513e-15
4785.9112449815175 1.9730278329992606e-15
4795.062887701385 2.07161537301129e-15
4804.2145304212545 2.0879756973885817e-15
4813.366173141122 2.176109043823229e-15
4822.517815860991 2.268462146920697e-15
4831.669458580858 2.2665707709803296e-15
4840.821101300727 2.4245828568801947e-15
4849.972744020595 2.323900539633073e-15
4859.124386740464 2.2830298614088203e-15
4868.276029460331 2.2695350050688434e-15
4877.427672180199 2.183234803986421e-15
4886.579314900067 2.115869077875147e-15
4895.730957619936 2.0972187217583785e-15
4904.882600339804 2.1439708181282e-15
4914.034243059672 2.1586970556534942e-15
4923.1858857795405 2.198982626615169e-15
4932.337528499408 2.245371411807711e-15
4941.4891712192775 2.3088651711909264e-15
4950.640813939145 2.2948289179930377e-15
4959.792456659014 2.3064495790059658e-15
4968.944099378881 2.3221460674576524e-15
4978.09574209875 2.280435659805677e-15
4987.247384818618 2.266383761890996e-15
4996.399027538487 2.2359967018291214e-15
5005.550670258354 2.212175760200627e-15
5014.702312978223 2.1835652020781205e-15
5023.85395569809 2.1810355332004797e-15
5033.00559841796 2.1432060804766506e-15
5042.157241137827 2.0956809609868626e-15
5051.308883857696 2.169283947046596e-15
5060.4605265775635 2.1764852590069417e-15
5069.612169297432 2.2512278921088193e-15
5078.763812017301 2.2371378971704138e-15
5087.915454737169 2.2840364689946956e-15
5097.067097457037 2.326412522298768e-15
5106.218740176905 2.421177251049037e-15
5115.370382896773 2.330558597606073e-15
5124.522025616641 2.3669659100425676e-15
5133.67366833651 2.414565606522026e-15
5142.825311056377 2.4109398812500283e-15
5151.976953776246 2.5466264753221017e-15
5161.1285964961135 2.590237015330456e-15
5170.280239215983 2.637483229888882e-15
5179.4318819358505 2.7297841460285385e-15
5188.583524655719 2.78728526102197e-15
5197.735167375587 2.827238782793163e-15
5206.886810095455 2.9026243852723406e-15
5216.038452815324 3.0377862795154026e-15
5225.190095535192 3.0134363892329887e-15
5234.34173825506 3.0795913054495495e-15
5243.493380974928 3.1949012025148153e-15
5252.645023694796 3.192839677093677e-15
5261.796666414665 3.2833953532941247e-15
5270.948309134533 3.257492578269229e-15
5280.099951854401 3.3753629852396535e-15
5289.251594574269 3.4371899257067446e-15
5298.403237294137 3.4745844306817156e-15
5307.554880014006 3.5210962380599006e-15
5316.706522733874 3.6646473479783504e-15
5325.858165453742 3.745661085078778e-15
5335.0098081736105 3.6742531781096655e-15
5344.161450893478 3.750792459637434e-15
5353.3130936133475 3.723452413588971e-15
5362.464736333215 3.562820870885107e-15
5371.616379053083 3.633833161536323e-15
5380.768021772951 3.558250363568916e-15
5389.919664492819 3.523016002120682e-15
5399.071307212688 3.5014285225511415e-15
5408.222949932556 3.4735071728592276e-15
5417.374592652424 3.546523248294784e-15
5426.526235372292 3.566199196557271e-15
5435.67787809216 3.6608925483171985e-15
5444.829520812029 3.8308122775688474e-15
5453.981163531897 3.861735759047077e-15
5463.132806251765 3.900541122881643e-15
5472.2844489716335 3.6880708939496915e-15
5481.436091691501 3.560392623301225e-15
5490.587734411371 3.4279117624316434e-15
5499.739377131238 3.1649373639615263e-15
5508.891019851107 2.9691501772674806e-15
5518.042662570974 2.711287590564186e-15
5527.194305290843 2.664230150837423e-15
5536.345948010711 2.607510208630151e-15
5545.49759073058 2.5792243510262056e-15
5554.649233450447 2.519798993646273e-15
5563.800876170316 2.4739724898893056e-15
5572.9525188901835 2.4498529925225626e-15
5582.104161610053 2.5382798105550997e-15
5591.2558043299205 2.5163296206862365e-15
5600.407447049789 2.525452400653724e-15
5609.559089769657 2.6058450610510976e-15
5618.710732489524 2.6482298036743635e-15
5627.862375209394 2.6172712608777066e-15
5637.014017929261 2.6928480383008267e-15
5646.16566064913 2.6933457334483444e-15
5655.317303368997 2.7407291759064324e-15
5664.468946088866 2.7837250868353035e-15
5673.620588808734 2.847961112863728e-15
5682.772231528603 2.843528249582245e-15
5691.92387424847 2.9307139090323855e-15
5701.075516968339 2.9360871600160782e-15
5710.2271596882065 2.955178285237593e-15
5719.378802408076 2.9239422744982367e-15
5728.5304451279435 2.9635718273514285e-15
5737.682087847812 3.032238268288807e-15
5746.83373056768 3.1188873672947555e-15
5755.985373287548 3.3531296717202376e-15
5765.137016007417 3.5161465140507447e-15
5774.288658727285 3.8858943136174926e-15
5783.440301447153 4.207558793458413e-15
5792.591944167021 4.514893050029634e-15
5801.743586886889 4.7568174841175056e-15
5810.895229606758 4.997753260119012e-15
5820.046872326626 5.060740823731871e-15
5829.198515046494 5.166014446242518e-15
5838.350157766362 5.238426291749955e-15
5847.50180048623 5.1959559570685196e-15
5856.653443206099 4.876259833576326e-15
5865.805085925967 4.7253873485198024e-15
5874.956728645835 4.8330416870769964e-15
5884.108371365703 4.811119700289667e-15
5893.260014085571 4.71998324400532e-15
5902.41165680544 4.693241764353987e-15
5911.563299525308 4.5787193028600654e-15
5920.714942245176 4.362288012789915e-15
5929.866584965044 4.353521976030757e-15
5939.018227684912 4.214569919400356e-15
5948.169870404781 4.094344163975697e-15
5957.321513124649 3.909238266695568e-15
5966.473155844517 3.8119952927162876e-15
5975.624798564385 3.757352841181251e-15
5984.776441284253 3.642133842913966e-15
5993.928084004122 3.5711711805609564e-15
6003.0797267239905 3.4429430855756733e-15
6012.231369443858 3.3176196567434095e-15
6021.383012163727 3.215671880100541e-15
6030.534654883594 3.2896695842100636e-15
6039.686297603464 3.2504115606441566e-15
6048.837940323331 3.3208775969127744e-15
6057.9895830432 3.334162627636486e-15
6067.141225763067 3.293268910196911e-15
6076.292868482936 3.2681960482995694e-15
6085.444511202804 3.3083987237241825e-15
6094.596153922673 3.1616409718910862e-15
6103.74779664254 3.110221831358124e-15
6112.899439362409 3.0885868621751097e-15
6122.0510820822765 3.1018815850805217e-15
6131.202724802145 3.0789063921939737e-15
6140.3543675220135 3.143128602650623e-15
6149.506010241881 3.1202067444779548e-15
6158.65765296175 3.137898064032392e-15
6167.809295681617 2.9889582424845863e-15
6176.960938401487 2.9216985180051632e-15
6186.112581121354 2.9586612096441023e-15
6195.264223841223 2.6911452536119594e-15
6204.41586656109 2.6385661663659573e-15
6213.567509280959 2.636019516664361e-15
6222.719152000827 2.661246967921853e-15
6231.870794720696 2.7329959436296626e-15
6241.022437440563 2.765635799214846e-15
6250.174080160432 2.7983122704494846e-15
6259.3257228802995 2.887505136002347e-15
6268.477365600169 2.9284215971786694e-15
6277.6290083200365 2.9378464188074723e-15
6286.780651039905 2.908759085677329e-15
6295.932293759773 3.0158097388738435e-15
6305.083936479641 3.0185137192843193e-15
6314.23557919951 2.946833335503829e-15
6323.387221919378 3.008957011023809e-15
6332.538864639246 2.9880392317445723e-15
6341.690507359114 3.0955915988450047e-15
6350.842150078982 3.051922718299277e-15
6359.993792798851 3.1849258361157923e-15
6369.145435518719 3.2879372136681906e-15
6378.297078238586 3.2573588912287687e-15
6387.448720958455 3.3601459444846284e-15
6396.6003636783225 3.353632106914716e-15
6405.752006398192 3.435691929750741e-15
6414.90364911806 3.5199110951928385e-15
6424.055291837928 3.4437734071035052e-15
6433.206934557796 3.4231249307213208e-15
6442.358577277664 3.4653123215728887e-15
6451.510219997533 3.4754381519170277e-15
6460.661862717401 3.4837446886271123e-15
6469.813505437269 3.512629677204656e-15
6478.965148157137 3.5030585745315626e-15
6488.116790877005 3.52911826895125e-15
6497.268433596874 3.558205509556941e-15
6506.420076316742 3.633709056094794e-15
6515.57171903661 3.607177847294983e-15
6524.723361756478 3.66621577974627e-15
6533.8750044763465 3.636932775819305e-15
6543.026647196215 3.623705049579806e-15
6552.1782899160835 3.626303262604647e-15
6561.329932635951 3.673610788606739e-15
6570.48157535582 3.773582379851598e-15
6579.633218075687 3.775895136525938e-15
6588.784860795557 3.932229236778745e-15
6597.936503515424 4.027414664753253e-15
6607.088146235293 3.985827762147909e-15
6616.23978895516 4.13124200201407e-15
6625.391431675029 4.148700774446787e-15
6634.543074394897 4.02379113463453e-15
6643.694717114765 4.072440829966626e-15
6652.846359834633 3.947529012688605e-15
6661.998002554501 3.818435767104099e-15
6671.1496452743695 3.781658310500569e-15
6680.301287994238 3.6988689294057474e-15
6689.4529307141065 3.5238876127089746e-15
6698.604573433974 3.462601923205263e-15
6707.756216153843 3.3622331645491084e-15
6716.90785887371 3.268606471763885e-15
6726.05950159358 3.276637982494321e-15
6735.211144313447 3.220647669126114e-15
6744.362787033316 3.209941776046555e-15
6753.514429753183 3.144983242775354e-15
6762.666072473052 3.085560295096438e-15
6771.81771519292 3.043095065761131e-15
6780.969357912789 3.003858130017532e-15
6790.121000632656 2.9645812560799485e-15
6799.272643352525 2.954320797281682e-15
6808.4242860723925 2.7844459343748526e-15
6817.575928792262 2.8638986426080113e-15
6826.7275715121295 2.6663584839789076e-15
6835.879214231998 2.274388474574959e-15
6845.030856951866 2.3768877816463037e-15
6854.182499671734 2.5237610942389216e-15
6863.334142391603 2.493236989901435e-15
6872.485785111471 2.6905261192270243e-15
6881.637427831339 2.793895242640471e-15
6890.789070551206 2.899095501018577e-15
6899.940713271075 3.1368078686905317e-15
6909.092355990943 3.2574487333857034e-15
6918.243998710812 3.296405228477437e-15
6927.3956414306795 3.4229905610367454e-15
6936.547284150548 3.598266005969022e-15
6945.698926870416 3.680261874047914e-15
6954.850569590285 3.883378708264703e-15
6964.002212310153 4.039699529621436e-15
6973.153855030021 4.1302637905907396e-15
6982.305497749889 4.167640194934189e-15
6991.457140469757 4.122608088286956e-15
7000.608783189626 4.036604536083261e-15
7009.760425909494 4.025554691118252e-15
7018.912068629362 3.9364973216107755e-15
7028.06371134923 3.870144181017803e-15
7037.215354069098 3.584420802558483e-15
7046.366996788967 3.6581900765632844e-15
7055.518639508835 3.6352143193438935e-15
7064.670282228703 3.5013161930477875e-15
7073.821924948571 3.4961520298137518e-15
7082.9735676684395 3.558196292658551e-15
7092.125210388308 3.50306269465489e-15
7101.2768531081765 3.56972674991242e-15
7110.428495828044 3.583058787652144e-15
7119.580138547913 3.5917414055981625e-15
7128.73178126778 3.4346903925764573e-15
7137.883423987649 3.479811147027045e-15
7147.035066707517 3.3884491431223854e-15
7156.186709427385 3.3476187272179917e-15
7165.338352147253 3.2698941829660933e-15
7174.489994867121 3.508943700033314e-15
7183.64163758699 3.5067116410460637e-15
7192.793280306858 3.4674428078516226e-15
7201.944923026726 3.5145296608281363e-15
7211.096565746594 3.541378867011117e-15
7220.2482084664625 3.64809096542775e-15
7229.399851186331 3.570761795582275e-15
7238.5514939061995 3.401957791389206e-15
7247.703136626067 3.356924320011097e-15
7256.854779345936 3.3842826774913578e-15
7266.006422065803 3.1180725753340772e-15
7275.158064785673 3.0607326069139886e-15
7284.30970750554 2.9762655204935593e-15
7293.461350225409 2.957989995846119e-15
7302.612992945276 2.7738988453599653e-15
7311.764635665145 2.8337653765131417e-15
7320.916278385013 2.7486991891622372e-15
7330.067921104882 2.684029437501155e-15
7339.2195638247495 2.617925805427508e-15
7348.371206544618 2.711646397146859e-15
7357.522849264486 2.64934605594732e-15
7366.674491984355 2.5515347640215575e-15
7375.826134704223 2.331920485084859e-15
7384.97777742409 2.4402163277387605e-15
7394.129420143959 2.514349520879267e-15
7403.281062863826 2.3250254994450946e-15
7412.432705583696 2.199743331792596e-15
7421.584348303563 2.259104375561651e-15
7430.735991023432 2.2236541551877006e-15
7439.887633743299 2.057225839706467e-15
7449.039276463168 2.1140920827743946e-15
7458.190919183036 2.0506605294210293e-15
7467.342561902905 2.1409558256257607e-15
7476.4942046227725 2.0071244290060693e-15
7485.645847342641 2.050474210193667e-15
7494.797490062509 2.1652198153754396e-15
7503.949132782378 1.943179099487311e-15
7513.100775502246 1.920725134772161e-15
7522.252418222114 2.004079954414328e-15
7531.404060941982 1.9283641012817508e-15
7540.55570366185 1.840407161609823e-15
7549.707346381719 1.8750052890061805e-15
7558.858989101587 1.1742866477439819e-15
7568.010631821455 6.63222959499311e-16
7577.162274541323 1.0007465379070536e-15
7586.313917261191 1.2148070612627739e-15
7595.46555998106 1.2558353656277905e-15
7604.617202700928 1.548824067802876e-15
7613.768845420796 1.788711193378178e-15
7622.920488140664 1.951271143340958e-15
7632.0721308605325 2.269723311947066e-15
7641.223773580401 2.5074577057220854e-15
7650.375416300269 2.3696076865825618e-15
7659.527059020137 2.546302761671241e-15
7668.678701740005 2.6195260293259256e-15
7677.830344459873 2.824033240490561e-15
7686.981987179742 2.5707052650211726e-15
7696.13362989961 2.5762249539548218e-15
7705.285272619478 2.799251707510854e-15
7714.436915339346 2.696843634771032e-15
7723.588558059214 2.4969070115014732e-15
7732.740200779083 2.178856762172776e-15
7741.891843498951 2.0732253560241517e-15
7751.043486218819 2.1563939401253046e-15
7760.195128938687 2.0141958937924482e-15
7769.346771658556 2.124859150914383e-15
7778.498414378424 1.8471563686900966e-15
7787.650057098293 1.7691653847768492e-15
7796.80169981816 1.9746456443457624e-15
7805.953342538029 1.869143888419694e-15
7815.104985257896 1.7253712338763067e-15
7824.256627977766 1.6010487110859269e-15
7833.408270697633 1.62940670141137e-15
7842.559913417502 1.770489610538116e-15
7851.711556137369 1.6687247803202929e-15
7860.863198857238 1.4686052508574392e-15
7870.014841577106 1.4880227769396454e-15
7879.166484296975 1.3261010383442837e-15
7888.3181270168425 1.482676000803482e-15
7897.46976973671 1.4426383868989501e-15
7906.621412456579 1.1365992432586762e-15
7915.773055176447 1.4713297602404202e-15
7924.924697896316 1.7333636182694945e-15
7934.076340616183 1.3423320111255131e-15
7943.227983336052 1.4753997371365463e-15
7952.379626055919 1.2629477174928813e-15
