3990.5180526271906 7.351524705728759
3999.6505815038495 5.823397967677313
4008.7831103805092 -0.23881600577005319
4017.915639257168 0.020940731201311635
4027.048168133828 1.6265173430370152
4036.1806970104867 1.5010343815649223
4045.3132258871456 1.7431630756707857
4054.4457547638053 0.712485704736458
4063.578283640464 4.227853832660066
4072.710812517124 4.839254475425133
4081.843341393783 3.9284236238704753
4090.975870270442 1.1136787583533418
4100.108399147101 6.307614616510981
4109.240928023761 4.036545887233555
4118.37345690042 2.617665019095829
4127.505985777079 2.013811354098787
4136.638514653739 4.870040071118387
4145.771043530397 3.450820512563864
4154.903572407057 1.4900430085401373
4164.036101283717 1.5895432731964705
4173.168630160375 0.9410700437422428
4182.301159037034 0.05032772346106203
4191.433687913694 1.5871279542144685
4200.566216790354 1.8331550757912616
4209.698745667012 3.069449883059887
4218.8312745436715 2.356677473396467
4227.963803420331 2.334056791822337
4237.09633229699 1.4908871135924548
4246.228861173649 1.8711006034637643
4255.361390050309 1.9482252184227358
4264.493918926968 2.2628780375156863
4273.626447803626 1.8380730545001316
4282.758976680286 0.548697405547365
4291.891505556946 1.1530301534211607
4301.024034433605 1.7164774226426347
4310.156563310264 1.3050021832637697
4319.289092186923 1.8049491450581316
4328.421621063582 1.7812006123044015
4337.5541499402425 3.3064113884944892
4346.686678816901 1.7643422454060385
4355.81920769356 0.8673178664192323
4364.9517365702195 0.8963061607756199
4374.084265446878 0.456001095259531
4383.216794323538 1.1112695067375757
4392.349323200197 -0.09379933127955138
4401.481852076857 0.6122087363674473
4410.614380953515 1.4201126280110579
4419.746909830174 2.2230934390855857
4428.879438706835 0.9671145995628814
4438.011967583494 0.4547429946571111
4447.144496460152 2.5988989989047173
4456.277025336812 1.4645261138161947
4465.409554213471 0.5566426567090585
4474.54208309013 1.5342558873444765
4483.67461196679 3.6441056013709465
4492.807140843449 0.701732212309033
4501.939669720108 1.9175617163044636
4511.072198596767 1.9081884258374555
4520.204727473427 2.4336921003447034
4529.337256350086 1.2970557213004248
4538.469785226745 3.136406004459225
4547.602314103404 3.6613244510912986
4556.734842980063 2.52242571954952
4565.867371856723 1.775745036425183
4574.999900733382 1.735983343730609
4584.132429610041 2.468094391827123
4593.2649584867 1.7892123351240963
4602.39748736336 2.585444612385125
4611.530016240019 2.749636477823058
4620.662545116678 2.095555851654235
4629.795073993338 2.0482161839553052
4638.927602869997 1.434678561405613
4648.060131746655 1.640873058856914
4657.1926606233155 1.6166140115105228
4666.325189499975 1.2510287024577806
4675.457718376633 1.1727741756082886
4684.590247253293 1.5639572452258599
4693.722776129952 1.4627421415181205
4702.855305006612 1.601032398076562
4711.9878338832705 1.810798332596893
4721.12036275993 1.4838533342535907
4730.252891636589 1.4327440301701777
4739.385420513248 2.0430623877016165
4748.517949389908 3.836948921543633
4757.650478266567 4.675564130210136
4766.783007143226 2.115025686388813
4775.915536019885 2.4336735366674835
4785.048064896544 1.9555982932719576
4794.180593773204 2.3162386718697165
4803.3131226498635 2.2127859092188777
4812.445651526522 1.8135586171362306
4821.578180403181 1.9268623025981813
4830.710709279841 2.0513845449415142
4839.843238156501 1.564383030447305
4848.975767033159 1.0957917937039459
4858.1082959098185 1.0244548924867778
4867.240824786478 1.6830960065076934
4876.373353663136 1.3729263211681806
4885.505882539796 1.2123235529507528
4894.638411416456 1.0354491506466081
4903.770940293115 1.0765016993385224
4912.903469169773 1.1320093882425497
4922.035998046433 1.2235182707742298
4931.168526923093 1.663461983033319
4940.301055799752 1.967414973897156
4949.433584676411 2.2019527717298226
4958.56611355307 2.01902724637565
4967.698642429729 2.1036380922449243
4976.831171306389 2.1493748952093963
4985.963700183048 2.4937631596290597
4995.096229059707 2.801557087151648
5004.2287579363665 2.945493593135854
5013.361286813025 2.734870725076241
5022.493815689685 3.2027730210956067
5031.626344566344 3.3600398919289742
5040.758873443004 2.995563997038876
5049.891402319662 2.771961488221005
5059.023931196321 2.562905739081858
5068.156460072982 2.1900510155330464
5077.28898894964 2.1874925438952757
5086.421517826299 2.2546490795225522
5095.554046702959 2.076135328451361
5104.686575579618 1.4037914969276848
5113.819104456277 2.235588294456096
5122.951633332937 2.578107408831472
5132.084162209596 1.9696350252887347
5141.216691086255 2.23908392900144
5150.349219962914 2.3256770653677505
5159.481748839574 2.4708875311759853
5168.614277716233 2.1775125677005325
5177.746806592892 2.090287964602008
5186.879335469551 2.344391195616705
5196.01186434621 2.7619497103244472
5205.14439322287 2.2097635602935437
5214.276922099529 2.208442152313699
5223.409450976188 2.3554681319598
5232.541979852847 2.6397999556662
5241.674508729507 2.4507705172814327
5250.807037606166 2.426547961751218
5259.939566482825 2.2660715873205874
5269.072095359485 2.1874063579832295
5278.204624236144 2.6537104567077536
5287.337153112802 2.220235007869101
5296.4696819894625 2.625120197497435
5305.602210866122 2.862607314039964
5314.73473974278 2.5412091809602746
5323.8672686194395 2.552789033074613
5332.999797496099 2.5901998723539306
5342.132326372759 2.6284453929929366
5351.264855249417 2.5322967264867313
5360.397384126077 2.7773182806084433
5369.529913002736 2.634367504858459
5378.662441879395 2.484140712283601
5387.794970756055 2.779966362472001
5396.927499632714 2.9176126041402273
5406.060028509373 2.7604670701684966
5415.192557386032 2.9453517900498656
5424.325086262691 2.4932469930407515
5433.457615139351 2.670048092778152
5442.5901440160105 2.444792940992202
5451.722672892669 2.282264124668173
5460.855201769328 2.4781301113740724
5469.9877306459875 2.5419212236133797
5479.120259522648 2.712996257328694
5488.252788399306 2.546256426707579
5497.3853172759655 2.8192247040336476
5506.517846152625 3.1642952405499103
5515.650375029283 3.006046198304707
5524.782903905943 3.7521944024445197
5533.915432782603 3.4013576372894097
5543.047961659262 3.217808176794396
5552.18049053592 2.876382213006755
5561.31301941258 2.9507837451881325
5570.44554828924 3.0906333380794653
5579.578077165899 2.684023129529355
5588.710606042558 2.5139156582933477
5597.843134919217 2.2994412874654917
5606.975663795876 2.336923558802499
5616.108192672536 2.337938029939687
5625.240721549195 2.0724213724288916
5634.373250425854 1.8563390504232482
5643.5057793025135 2.0954964735162105
5652.638308179172 1.6244212944106187
5661.770837055832 1.6704192724198637
5670.903365932491 1.6178136426010266
5680.035894809151 1.3376993737743026
5689.168423685809 1.0750761003703544
5698.300952562468 0.9774453465513082
5707.433481439129 0.8022892878634206
5716.566010315787 0.8201196305216534
5725.698539192446 0.6882933292591924
5734.831068069106 0.649109959000277
5743.963596945765 0.8350830933262758
5753.096125822424 0.9309684182775697
5762.228654699084 1.2078064297775502
5771.361183575743 1.2892266908815033
5780.493712452402 1.3634677101176242
5789.626241329061 1.657782431229852
5798.758770205721 2.0562056103334148
5807.89129908238 2.5494022774200475
5817.0238279590385 2.188860190892157
5826.156356835698 2.776328676151332
5835.288885712357 3.061057371462288
5844.421414589017 2.826415519355352
5853.553943465676 3.1689239437049785
5862.686472342335 3.122674726772428
5871.819001218994 3.285413127876813
5880.951530095654 3.2593733187871727
5890.084058972313 3.2458558729990323
5899.216587848972 3.44468682059337
5908.349116725632 3.1470370587992798
5917.48164560229 3.528136883971135
5926.614174478949 3.210640780225916
5935.7467033556095 3.2003242200950868
5944.879232232269 2.841596604649656
5954.011761108927 3.1745089000969817
5963.1442899855865 2.7845536649793936
5972.276818862246 2.8011291083025434
5981.409347738906 2.52235327909581
5990.541876615564 2.7719552500124682
5999.674405492224 2.407356797033403
6008.806934368883 2.417174859044239
6017.939463245541 2.4251759683743934
6027.071992122202 2.4598390838683124
6036.204520998861 2.4617379512191273
6045.33704987552 2.1587937901959866
6054.469578752179 2.130878664738652
6063.602107628838 2.232401206757364
6072.734636505498 2.2493883360651954
6081.8671653821575 1.9991273500875237
6090.999694258816 2.292755134874806
6100.132223135475 1.9630221445048415
6109.2647520121345 2.162594695608471
6118.397280888794 2.2293306511498066
6127.529809765453 2.2466389422935347
6136.662338642112 2.2318089370598675
6145.794867518772 1.9994014126517772
6154.92739639543 2.133545652299909
6164.05992527209 2.1017414716395013
6173.19245414875 1.9639475984951964
6182.324983025409 2.28655686256685
6191.457511902067 2.1282153527894643
6200.590040778727 2.125230546418915
6209.722569655387 2.1265580630878143
6218.855098532045 2.1048411650242884
6227.987627408705 1.8334724150031783
6237.120156285364 1.993797296221929
6246.252685162023 1.903302519228297
6255.3852140386825 1.7680145208960145
6264.517742915342 1.256020183499643
6273.650271792001 1.1751398468557068
6282.7828006686605 0.9081420052811601
6291.915329545319 0.6619143996016139
6301.047858421979 0.7778878583935338
6310.180387298638 0.9125648715702508
6319.312916175297 0.6595761426647181
6328.445445051956 0.7822930707991771
6337.577973928615 1.039788138124889
6346.710502805276 1.4195182947492553
6355.843031681934 1.6648998514512598
6364.975560558593 1.6211365419938935
6374.108089435253 1.7027308236502308
6383.240618311912 1.6361340035926066
6392.373147188571 2.143984297970903
6401.505676065231 2.2998815712810483
6410.63820494189 2.3565682676398674
6419.770733818548 2.4206110321658114
6428.903262695208 2.6593326430442765
6438.035791571868 2.62880850636622
6447.168320448527 2.77927268732833
6456.3008493251855 2.6841097455566647
6465.433378201845 2.6750091768171615
6474.565907078504 2.740575182402814
6483.698435955164 2.6445683594395804
6492.830964831823 2.625696204041952
6501.963493708482 2.455300943635717
6511.096022585141 2.12031035033992
6520.228551461801 1.903908765840595
6529.36108033846 1.8466879901254947
6538.493609215119 1.6711469254615863
6547.626138091779 1.4726501459829584
6556.758666968437 1.6940721567221189
6565.891195845096 1.7349375121827078
6575.0237247217565 1.7990490422335605
6584.156253598416 2.1537143859120738
6593.288782475074 2.3364294157172503
6602.4213113517335 2.448723583243764
6611.553840228393 2.609478267511664
6620.686369105053 2.5770019545139964
6629.818897981711 2.864578751713878
6638.951426858371 2.711330654361727
6648.08395573503 2.9472725998403373
6657.216484611688 2.7099708636422966
6666.349013488349 2.5972290487696164
6675.481542365008 2.851540321068424
6684.614071241667 2.5413497971782717
6693.746600118326 2.441897993894185
6702.879128994985 2.4421598730282006
6712.011657871645 2.4471239692401556
6721.1441867483045 2.515181074118692
6730.276715624963 2.310258484789905
6739.409244501622 2.279632734264812
6748.5417733782815 2.214636766631002
6757.674302254941 2.345768337047844
6766.8068311316 2.2258475135853515
6775.939360008259 1.987667765443569
6785.071888884919 2.0127270119791736
6794.204417761577 1.8436100614871471
6803.336946638237 1.7786458492016952
6812.469475514897 1.9508449987657384
6821.602004391556 1.6369449120179558
6830.734533268214 1.3613739164655583
6839.867062144874 1.6772667280499975
6848.999591021534 1.7216746517556587
6858.132119898192 1.4378520473580194
6867.264648774852 1.4468731994697228
6876.397177651511 1.255924970953507
6885.52970652817 1.2492129842523585
6894.6622354048295 1.2725728723447673
6903.794764281489 1.3327620478619626
6912.927293158148 1.1218873365879343
6922.059822034807 0.9742736500795313
6931.192350911466 1.0201325254570117
6940.324879788126 1.3345327298555665
6949.457408664785 1.3853577909641432
6958.589937541444 1.8034148609386333
6967.722466418103 1.9314816607508598
6976.854995294762 2.349683579970731
6985.987524171423 2.3608856305139194
6995.120053048081 2.480685991792311
7004.25258192474 2.797753010101562
7013.3851108014 2.960468181386552
7022.517639678059 2.9095713070243105
7031.650168554718 3.0407739426134253
7040.7826974313775 2.9458022673717195
7049.915226308037 2.982475171928056
7059.047755184695 2.8185050512148866
7068.1802840613545 2.7388853685714163
7077.312812938015 2.8363111615900194
7086.445341814674 2.9049736177752297
7095.5778706913325 2.7803370079239493
7104.710399567992 2.723267456713763
7113.842928444651 2.8551309386441384
7122.975457321311 2.7484964270451053
7132.10798619797 2.4920323928946364
7141.240515074629 2.6326250348205
7150.373043951288 2.4219406459001624
7159.505572827947 2.145921613040129
7168.638101704607 2.151221537826197
7177.770630581266 2.2235007406955987
7186.9031594579255 2.435779264339753
7196.035688334584 2.1587725557584676
7205.168217211243 1.8567497026222957
7214.3007460879035 2.562521254936381
7223.433274964563 2.5240275534249235
7232.565803841221 2.3615638058475477
7241.6983327178805 2.5110685109766258
7250.83086159454 2.775949762919561
7259.963390471199 2.626222249010993
7269.095919347858 2.584848224409656
7278.228448224518 2.8187532693875106
7287.360977101177 2.8673245173416606
7296.493505977835 2.680019995598649
7305.626034854496 2.9857394221831
7314.758563731155 2.9836731599268793
7323.891092607814 3.3108083872480494
7333.023621484473 2.9811126552220752
7342.156150361132 2.8449214368435713
7351.288679237792 2.8950741698980424
7360.421208114451 2.958106828637182
7369.55373699111 2.554454986478344
7378.686265867769 2.4627363250321253
7387.8187947444285 2.4553104296348587
7396.951323621088 2.309700034882417
7406.083852497747 2.166913329288297
7415.216381374406 2.303285785272827
7424.348910251066 2.238556218236554
7433.481439127724 2.07561678331426
7442.613968004384 2.1079094763244535
7451.746496881044 2.1667418001604886
7460.879025757702 2.1181317099706356
7470.011554634361 1.9169442030700745
7479.144083511021 2.1218999564017307
7488.276612387681 2.0449046375383237
7497.409141264339 1.9268089736938436
7506.541670140999 2.0306811891117658
7515.674199017658 1.962047855739142
7524.806727894317 1.859619396547915
7533.9392567709765 1.9256621933337492
7543.071785647636 1.4831179136667605
7552.204314524295 1.4638047102503424
7561.3368434009535 1.2397237178492517
7570.469372277613 1.615855468509915
7579.601901154273 1.3055611938885912
7588.734430030932 1.0472009017861235
7597.866958907591 1.499485934427879
7606.99948778425 1.5796954819185118
7616.132016660909 1.568461468448232
7625.26454553757 1.0331067377442018
7634.397074414228 1.1265601101234486
7643.529603290887 1.3437892817294872
7652.662132167547 1.2024759552666835
7661.794661044205 1.3975010705114619
7670.927189920865 1.453991320525195
7680.0597187975245 1.803408701131261
7689.192247674184 2.1296145009001766
7698.324776550842 1.3330506946799432
7707.4573054275015 1.3142903228869347
7716.589834304162 1.1835489856192207
7725.722363180821 1.371609061900994
7734.854892057479 1.6081671847938415
7743.987420934139 1.6493112993447188
7753.119949810798 1.6734580626603233
7762.252478687457 1.7344002102522045
7771.385007564117 1.1169470593318385
7780.517536440776 1.3268293615644602
7789.650065317435 1.187717096766817
7798.782594194094 1.745439932146515
7807.915123070754 1.024138965346245
7817.047651947413 1.1603060928087408
7826.1801808240725 1.3824143559846223
7835.312709700731 1.3935818109504856
7844.44523857739 0.784048259556469
7853.57776745405 1.0615030532058425
7862.710296330709 0.7263958870304936
7871.842825207368 0.9834539687964297
7880.9753540840275 1.0583400838216661
7890.107882960687 0.5588552013464304
7899.240411837346 0.6928022241776752
7908.372940714005 1.4058793508870164
7917.505469590665 0.5662796867653124
7926.637998467324 0.758617005028963
7935.770527343982 0.9705379748296802
