3980.592137835429 0.8957084568672341
3989.7019506881866 0.7203439106362053
3998.811763540945 0.8067241159759027
4007.9215763937023 0.7405804259084918
4017.03138924646 0.39665739577534836
4026.1412020992175 0.9082078323257652
4035.2510149519753 0.8043101996055827
4044.360827804733 0.6645518685838834
4053.4706406574905 0.6572317047913969
4062.580453510249 0.40709071498593336
4071.6902663630062 0.5361394523052176
4080.8000792157636 0.6293799933048974
4089.909892068521 0.48514170086341
4099.019704921279 0.5770334917585183
4108.129517774037 0.525888949159999
4117.239330626795 0.42871645923761087
4126.349143479552 0.4510425417338046
4135.45895633231 0.46275079960729887
4144.568769185068 0.5811163539915069
4153.678582037825 0.4143455067129625
4162.788394890583 0.4028672230511469
4171.89820774334 0.41685157275762147
4181.0080205960985 0.4774966454925718
4190.117833448857 0.6021540230275587
4199.227646301614 0.46532854466603024
4208.337459154372 0.41340501630528725
4217.447272007129 0.5509884617292742
4226.557084859886 0.38117061387681583
4235.666897712645 0.4643209820542138
4244.776710565403 0.5116661016864127
4253.88652341816 0.6013570351243471
4262.996336270918 0.5693028808695543
4272.106149123675 0.45354093916048416
4281.215961976433 0.6012136574918051
4290.325774829191 0.5524620430975027
4299.435587681949 0.4412651259841362
4308.5454005347065 0.5337870800380087
4317.655213387464 0.5629912347068385
4326.765026240222 0.46353882827077925
4335.8748390929795 0.45865927847767246
4344.984651945737 0.49181772356369174
4354.094464798494 0.5540565372229495
4363.204277651253 0.4599677664471697
4372.314090504011 0.3232350941342431
4381.423903356768 0.39029478365236714
4390.533716209526 0.4291769775941808
4399.643529062283 0.4266048626500431
4408.75334191504 0.5486765378074283
4417.863154767799 0.4555615348775847
4426.972967620557 0.5565697071020789
4436.082780473314 0.5880210385528118
4445.192593326072 0.6888995452281065
4454.302406178829 0.665627057620995
4463.4122190315875 0.6915686103552078
4472.522031884345 0.8044034950519249
4481.631844737102 0.8210421979846628
4490.741657589861 0.8763277343356043
4499.851470442618 0.9664900215690313
4508.961283295376 0.9864402910600669
4518.071096148134 1.057970121315163
4527.180909000891 1.0587306948965836
4536.290721853648 1.158073442966467
4545.400534706406 1.1055035948912841
4554.510347559165 1.1691679604131182
4563.620160411922 1.1944567626252094
4572.72997326468 1.1773432392510492
4581.839786117437 1.130723107609808
4590.9495989701945 1.0446470207190919
4600.059411822953 1.0454970934774006
4609.16922467571 0.9367126752942155
4618.2790375284685 1.0164444820285938
4627.388850381226 0.945399680148055
4636.498663233983 0.8585685654000123
4645.608476086742 0.8722269895392607
4654.718288939499 0.7951091547190737
4663.828101792256 0.8502623538887812
4672.937914645014 0.8562492770426073
4682.047727497772 0.8216950988367124
4691.15754035053 0.7937959878605368
4700.267353203288 0.7410129404143174
4709.377166056045 0.7223097592628797
4718.4869789088025 0.6981497880560107
4727.59679176156 0.6869394845531708
4736.706604614318 0.6290108686732382
4745.8164174670765 0.6172208739782972
4754.926230319834 0.675002923386121
4764.036043172591 0.6582413462819896
4773.145856025349 0.7921899147160029
4782.255668878107 0.7874028169229661
4791.365481730864 0.8122237373805468
4800.475294583622 0.794980591112767
4809.58510743638 0.71446790806542
4818.694920289137 0.7069832343793433
4827.804733141896 0.6448318461056114
4836.914545994653 0.6312153488385475
4846.02435884741 0.6985541950063138
4855.134171700168 0.7209459640255005
4864.243984552925 0.803273076981382
4873.353797405684 0.9047106303124866
4882.463610258442 0.9363161703601979
4891.573423111199 0.950786802813101
4900.683235963957 0.9826323794799213
4909.793048816714 1.0113741077714358
4918.902861669472 1.020206416568945
4928.01267452223 0.9476160342307158
4937.122487374988 0.8742268248628734
4946.232300227745 0.7996464075806593
4955.342113080503 0.6994276621419874
4964.451925933261 0.6742678940589483
4973.561738786018 0.6585484291293373
4982.671551638776 0.6440197383240408
4991.781364491533 0.6093838419435257
5000.8911773442915 0.647316018659192
5010.00099019705 0.6799463258240275
5019.110803049807 0.6770435994116288
5028.2206159025645 0.7494730193525928
5037.330428755322 0.7232920234856055
5046.440241608079 0.7571585803676109
5055.550054460838 0.7674186829127507
5064.659867313596 0.8065744466078948
5073.769680166353 0.7726576908567886
5082.879493019111 0.8037445776709223
5091.989305871868 0.7900593991487599
5101.099118724626 0.8134813619969739
5110.208931577384 0.8194723388203743
5119.318744430141 0.7919069759167403
5128.428557282899 0.8248378044472794
5137.538370135657 0.8703425984916651
5146.648182988415 0.8861623443277032
5155.7579958411725 0.9134465043009695
5164.86780869393 0.8751224777854553
5173.977621546687 0.9816250527022583
5183.087434399445 0.966888299329856
5192.197247252204 0.9845068632703282
5201.307060104961 1.0811333781712167
5210.416872957719 1.0587310244254322
5219.526685810476 1.133796977400694
5228.636498663233 1.067807075703595
5237.746311515992 1.1042381199534999
5246.856124368749 1.1462496981774049
5255.965937221507 1.2030379092231283
5265.075750074265 1.1963337604344577
5274.185562927022 1.2592561178570605
5283.29537577978 1.2372961722792892
5292.405188632538 1.2031124860784363
5301.515001485295 1.2208187921007339
5310.624814338053 1.1771477955536973
5319.734627190811 1.1757953379432913
5328.844440043569 1.1523644935497313
5337.954252896327 1.1514031004343768
5347.064065749084 1.1646131560630604
5356.173878601841 1.2133335651574773
5365.283691454599 1.312315015042836
5374.393504307357 1.3310377707937655
5383.503317160115 1.338805219186709
5392.613130012873 1.3719780281051799
5401.72294286563 1.415615358922782
5410.8327557183875 1.4119903362662716
5419.942568571146 1.4190786554911727
5429.052381423903 1.404082143166196
5438.162194276661 1.319707590440742
5447.272007129419 1.2987043979696498
5456.381819982176 1.2409593240740804
5465.4916328349345 1.1884150582413147
5474.601445687692 1.1990142953111593
5483.711258540449 1.197121649553092
5492.821071393207 1.2244075685090736
5501.930884245964 1.2699038679283685
5511.040697098723 1.3167577832775281
5520.150509951481 1.3354320028337554
5529.260322804238 1.4045489379292047
5538.370135656995 1.3707259401934984
5547.479948509753 1.371019762275184
5556.589761362511 1.374495623322739
5565.6995742152685 1.340448424298923
5574.809387068027 1.3725701066001201
5583.919199920784 1.3413027827267536
5593.029012773542 1.286025155706849
5602.1388256263 1.251803693801302
5611.248638479057 1.2058971551333952
5620.358451331815 1.203998590152924
5629.468264184572 1.1212981112192988
5638.57807703733 1.0754821463059638
5647.687889890089 1.0712722771673664
5656.797702742846 1.0130734688654521
5665.907515595603 1.008464559031242
5675.017328448361 0.9658270543961381
5684.127141301118 0.956151636876035
5693.2369541538765 0.9925859423952684
5702.346767006635 0.9848094124447094
5711.456579859392 1.0221571622481682
5720.5663927121495 0.9879775038399535
5729.676205564907 1.0670652306832817
5738.786018417665 1.0895915920495365
5747.895831270423 1.1100576567959237
5757.00564412318 1.1748184697272965
5766.115456975938 1.2043093309918762
5775.225269828696 1.2030720453149122
5784.335082681454 1.194866669708971
5793.444895534211 1.1947584138441127
5802.554708386969 1.2211451661542279
5811.664521239726 1.2590796873260883
5820.7743340924835 1.2511932859736143
5829.884146945243 1.2406637825360087
5838.993959798 1.2665896454169385
5848.1037726507575 1.2039138582866886
5857.213585503515 1.2421868395049709
5866.323398356272 1.259421458237285
5875.433211209031 1.2262988591109338
5884.543024061788 1.2259084423714997
5893.652836914546 1.2241268295812207
5902.762649767304 1.170259803838949
5911.872462620061 1.1315384374832518
5920.982275472819 1.1758676904032517
5930.092088325577 1.1143097329650828
5939.201901178334 1.1050109558278942
5948.3117140310915 1.101859955121871
5957.42152688385 1.1259527710440613
5966.531339736608 1.113843434041788
5975.641152589365 1.1517947449231665
5984.750965442123 1.1464010369960016
5993.86077829488 1.1501868555271595
6002.970591147638 1.1031754023967524
6012.080404000396 1.0808510081675096
6021.190216853154 1.0200467219884803
6030.300029705912 1.0121670819800077
6039.409842558669 1.0458209161385301
6048.519655411426 1.0541891065770945
6057.629468264185 1.0754484180562371
6066.739281116942 1.0973945190744485
6075.849093969699 1.129811908873595
6084.958906822458 1.1321308170945776
6094.068719675215 1.1502245679177685
6103.178532527973 1.160716277881288
6112.288345380731 1.1498868483767448
6121.398158233488 1.091549159090827
6130.507971086246 1.0785085264129164
6139.617783939003 1.0322246465793778
6148.727596791762 1.0352325294905145
6157.8374096445195 1.0270078250453396
6166.947222497277 1.020644904953366
6176.057035350034 1.0491716135257703
6185.166848202792 1.0587151366833585
6194.27666105555 1.0484452457690403
6203.386473908307 1.0252362603953245
6212.496286761066 0.9920787872914173
6221.606099613823 0.9929328449261712
6230.71591246658 0.9664550545365392
6239.825725319339 0.9341304563583611
6248.935538172096 0.9585789625231138
6258.0453510248535 0.9792340966310606
6267.155163877611 1.0293236958685963
6276.264976730369 1.0083630504928136
6285.3747895831275 1.0029283079089581
6294.484602435885 1.023692197754602
6303.594415288642 1.066807301497767
6312.7042281414 1.073845626757878
6321.814040994157 1.107446253546218
6330.923853846915 1.1189987124967957
6340.033666699674 1.126413805339076
6349.143479552431 1.1631435917968829
6358.253292405188 1.1199751920896843
6367.363105257946 1.097429058303759
6376.472918110704 1.1140533335843648
6385.5827309634615 1.1570767991477913
6394.692543816219 1.140430872317731
6403.802356668977 1.181596186487831
6412.9121695217345 1.2143823917972076
6422.021982374493 1.2109565292803703
6431.13179522725 1.1954728727615815
6440.241608080008 1.1913678073902045
6449.351420932765 1.1443263811941309
6458.461233785522 1.1563182785613049
6467.571046638282 1.1877650670905435
6476.680859491039 1.197037618661906
6485.790672343796 1.1495674367825581
6494.900485196554 1.184123221902853
6504.010298049311 1.2569530360170444
6513.120110902069 1.3402141805655443
6522.229923754827 1.32353792286265
6531.339736607585 1.2159950416298075
6540.4495494603425 1.2080586398796125
6549.5593623131 1.1903553073332411
6558.669175165858 1.1697717542058017
6567.778988018616 1.1385345222918895
6576.888800871373 1.0882852811680688
6585.998613724131 1.0984755302805462
6595.108426576889 1.0968616235153783
6604.218239429647 1.0706944610098272
6613.328052282404 1.1242655302362012
6622.437865135162 1.0842776228795383
6631.547677987919 1.1254535801880206
6640.6574908406765 1.111959103631653
6649.767303693435 1.1039371197109977
6658.877116546193 1.0948367799137753
6667.98692939895 1.1404691631318649
6677.096742251708 1.1322368937510732
6686.206555104465 1.1021266895496606
6695.3163679572235 1.0799604368419713
6704.426180809981 1.0961800770864922
6713.535993662739 1.071985063992195
6722.645806515497 1.0459717120875334
6731.755619368254 1.0001166930462175
6740.865432221012 0.9819884139202768
6749.97524507377 0.9342543091532608
6759.085057926527 0.9178658733544955
6768.194870779284 0.9074575399616386
6777.304683632043 0.9172547146650758
6786.414496484801 0.9458738877785914
6795.524309337558 0.8896542568505538
6804.634122190316 0.9351593518385429
6813.743935043073 1.0102314037145226
6822.853747895831 0.9715924320620105
6831.963560748589 0.9888344707025624
6841.073373601347 0.9763854747803211
6850.1831864541045 0.9861713797558295
6859.292999306862 1.0114345800594788
6868.402812159619 0.9983117206480323
6877.512625012378 0.9864354827559333
6886.622437865135 1.0250405160524891
6895.732250717892 1.0195695436505512
6904.842063570651 0.9920222500018768
6913.951876423408 1.0050054963004051
6923.061689276166 1.0077141570411603
6932.171502128924 0.9965139512599437
6941.281314981681 0.9874194893180576
6950.3911278344385 0.9696615744024857
6959.500940687196 0.9357594883068097
6968.610753539955 0.9140061388401993
6977.7205663927125 0.931663786688124
6986.83037924547 0.9534745679119814
6995.940192098227 0.9739949637862942
7005.050004950985 0.950682226196045
7014.159817803743 1.012831350052832
7023.2696306565 0.9682843072445039
7032.379443509259 0.9898633333069464
7041.489256362016 0.9600783849417871
7050.599069214773 0.9277259856437302
7059.708882067532 0.9150118939915043
7068.818694920289 0.9212408752571138
7077.9285077730465 0.9229195844359855
7087.038320625804 0.9109689117445482
7096.148133478562 0.9522933552130272
7105.25794633132 0.9744050942439146
7114.367759184078 0.9840878747055657
7123.477572036835 0.9885383987894789
7132.587384889593 1.0616077353504212
7141.69719774235 1.101654934818057
7150.807010595108 1.0518204647992704
7159.916823447867 1.052889991466095
7169.026636300624 1.0134089458303193
7178.136449153381 1.0429788826283215
7187.246262006139 1.0057432688782544
7196.356074858897 0.9802421114064205
7205.465887711654 0.9880478007975236
7214.575700564412 0.9746355174915546
7223.68551341717 0.9984928137653144
7232.7953262699275 1.0072690749397057
7241.905139122686 1.0678763916123502
7251.014951975443 1.065648479506685
7260.124764828201 1.0075516448452475
7269.234577680958 1.0049144535552403
7278.344390533715 0.9880226697207131
7287.454203386475 0.9843447996898166
7296.564016239232 1.0126360573596258
7305.673829091989 1.0543934713906098
7314.783641944747 1.049060347820372
7323.893454797504 1.0476801557438185
7333.003267650262 1.0433514655717
7342.11308050302 1.0587870876851415
7351.222893355778 1.0917240781250135
7360.3327062085355 1.088129126575029
7369.442519061293 1.007189743063655
7378.552331914051 1.0385684087477356
7387.6621447668085 1.0304496642091925
7396.771957619566 0.9737048314953015
7405.881770472323 0.941208181913232
7414.991583325082 0.9282894075834666
7424.10139617784 0.8918574542798017
7433.211209030597 0.8010027049981968
7442.321021883355 0.757907593666049
7451.430834736112 0.6903504890671227
7460.540647588869 0.5692639426255165
7469.650460441628 0.5257445323828679
7478.760273294386 0.5263040809472026
7487.870086147143 0.5439573865951911
7496.979898999901 0.5787329748254217
7506.089711852658 0.6030224789326406
7515.1995247054165 0.526219239749785
7524.309337558174 0.37897218816098227
7533.419150410931 0.8231427330020599
7542.52896326369 0.8032964883990723
7551.638776116447 0.6712038873224522
7560.748588969205 0.792790340947033
7569.858401821963 0.872049794295202
7578.96821467472 0.825128989958833
7588.078027527477 0.8865228487736178
7597.187840380235 0.9371437090429624
7606.297653232994 0.8624968934911049
7615.407466085751 0.8897391187985405
7624.517278938509 0.9377519094249325
7633.627091791266 0.9065522274949007
7642.7369046440235 0.893425782528142
7651.846717496782 0.9044421251889806
7660.956530349539 0.9706045549750191
7670.0663432022975 1.0113139757320946
7679.176156055055 0.979161154522438
7688.285968907812 0.8062105024548327
7697.395781760571 0.8449887210684799
7706.505594613328 0.8567531694416748
7715.615407466085 0.9119896333253747
7724.725220318843 0.9176702146668512
7733.835033171601 0.9250356576175205
7742.944846024359 0.8622326860996538
7752.054658877117 0.8800695588496316
7761.164471729874 0.8891981854280794
7770.2742845826315 0.892384828261755
7779.384097435389 0.8830175546542086
7788.493910288147 0.9064095233149182
7797.6037231409055 0.9051209341661591
7806.713535993663 0.8369896033659071
7815.82334884642 0.8440569471665286
7824.933161699178 0.784580618537694
7834.042974551936 0.8022594818366187
7843.152787404693 0.9140704394552412
7852.262600257451 0.8175102413760443
7861.372413110209 0.772571329171216
7870.482225962966 0.8200958943866198
7879.592038815725 0.8298239478943018
7888.701851668482 0.6999838075918617
7897.811664521239 0.7554399882779517
7906.921477373997 0.7905951083304321
7916.031290226754 0.7788904499168944
