3463.90489634901 3.7953241610984833e-14
3466.7228672764154 3.635092619325984e-14
3469.5408382038117 3.708972777198824e-14
3472.3588091312076 3.50526853572803e-14
3475.176780058614 3.580874092396352e-14
3477.99475098601 3.56053240038062e-14
3480.812721913406 3.483861515701074e-14
3483.6306928408017 3.598643632690675e-14
3486.448663768208 3.5068061406559086e-14
3489.266634695604 3.5503063190014615e-14
3492.0846056230002 3.5186403243537426e-14
3494.9025765504057 3.4460712107887095e-14
3497.7205474778016 3.4429095264845676e-14
3500.538518405198 3.355324834117261e-14
3503.356489332604 3.2850889212600265e-14
3506.17446026 3.3916381789263196e-14
3508.992431187396 3.2564851350770075e-14
3511.810402114792 3.3267995633448334e-14
3514.628373042198 3.288285640093181e-14
3517.446343969594 3.290377003688136e-14
3520.26431489699 3.379776834321706e-14
3523.082285824396 3.319373490653026e-14
3525.900256751792 3.314769283880902e-14
3528.718227679188 3.2250719191073015e-14
3531.536198606594 3.3322451907092365e-14
3534.35416953399 3.322305725091338e-14
3537.1721404613863 3.2787859670678604e-14
3539.9901113887818 3.300284562830881e-14
3542.808082316188 3.355360222246424e-14
3545.626053243584 3.356716751309755e-14
3548.4440241709804 3.27488459140786e-14
3551.261995098386 3.265508793888254e-14
3554.079966025782 3.164769280427214e-14
3556.897936953178 3.268014590529217e-14
3559.7159078805744 3.2927953364776913e-14
3562.5338788079803 3.237181019704967e-14
3565.351849735376 3.103472256644257e-14
3568.169820662772 3.177899128769588e-14
3570.987791590178 3.114832045577899e-14
3573.8057625175743 3.103069160247108e-14
3576.62373344497 3.150914811701532e-14
3579.4417043723765 3.123976746074227e-14
3582.259675299772 2.9700066182247376e-14
3585.0776462271683 2.975985903585025e-14
3587.895617154564 2.981975433395029e-14
3590.7135880819706 2.9428870766693506e-14
3593.5315590093664 3.1149988266808744e-14
3596.3495299367623 3.018513709781058e-14
3599.1675008641682 3.165054144796401e-14
3601.985471791564 3.074542942094588e-14
3604.8034427189605 3.0976149573582724e-14
3607.6214136463664 3.051665672203591e-14
3610.4393845737623 3.0299610133072594e-14
3613.257355501158 3.066795164511489e-14
3616.0753264285545 3.0564358577223354e-14
3618.8932973559604 3.097745210014166e-14
3621.7112682833567 3.0604590143353865e-14
3624.5292392107526 3.127191602213769e-14
3627.3472101381585 3.083595864327914e-14
3630.1651810655544 3.085405322268569e-14
3632.9831519929503 3.0865376867534973e-14
3635.8011229203466 3.1126421678812104e-14
3638.619093847752 3.078994716192201e-14
3641.4370647751484 3.0240996633114976e-14
3644.2550357025443 3.081665702936288e-14
3647.0730066299507 3.087808054307811e-14
3649.8909775573466 3.082224943578012e-14
3652.708948484743 3.023342547983088e-14
3655.5269194121483 2.969760991223619e-14
3658.3448903395447 3.0228781560404477e-14
3661.1628612669406 3.081306760921752e-14
3663.980832194337 3.0904517144804684e-14
3666.7988031217424 3.1087513223282696e-14
3669.6167740491383 3.0831609089638574e-14
3672.4347449765346 3.1024329163917755e-14
3675.2527159039405 3.0268006963373414e-14
3678.070686831337 2.9976570744132764e-14
3680.8886577587327 2.94485197503294e-14
3683.7066286861386 2.954255179508748e-14
3686.5245996135345 2.964787476575385e-14
3689.342570540931 3.004483310950214e-14
3692.1605414683268 2.923782475910039e-14
3694.9785123957327 3.094633141582016e-14
3697.7964833231285 3.0564779285137645e-14
3700.6144542505244 3.102897824397904e-14
3703.432425177931 3.087891196438673e-14
3706.2503961053267 3.055688938843969e-14
3709.068367032723 3.020633249639267e-14
3711.8863379601285 2.9500865127434095e-14
3714.704308887525 2.9173588122560883e-14
3717.5222798149207 2.8387179044875485e-14
3720.340250742317 2.8581775905431593e-14
3723.1582216697225 2.895929605232534e-14
3725.976192597119 2.8703993487112926e-14
3728.7941635245147 2.8860556998391106e-14
3731.612134451921 2.8151699201638217e-14
3734.430105379317 2.871924289766593e-14
3737.248076306713 2.8392531901614392e-14
3740.0660472341187 2.9022826399122876e-14
3742.8840181615146 2.899294270180699e-14
3745.701989088911 2.868662340114143e-14
3748.519960016307 2.8624228393852986e-14
3751.3379309437128 2.897359700676981e-14
3754.1559018711087 2.8655885823676603e-14
3756.973872798505 2.921178456941988e-14
3759.791843725911 2.8241619007357154e-14
3762.6098146533072 2.8291138848111373e-14
3765.427785580703 2.82139014724467e-14
3768.2457565081086 2.8231513730824865e-14
3771.063727435505 2.8799071201070223e-14
3773.881698362901 2.8512373768484835e-14
3776.699669290297 2.848301399602164e-14
3779.5176402177026 2.8867005205310805e-14
3782.335611145099 2.846196934311956e-14
3785.153582072495 2.8124228254959425e-14
3787.971552999901 2.8144645118823714e-14
3790.789523927297 2.8283041220658666e-14
3793.6074948546934 2.907452877816109e-14
3796.425465782089 2.7708618228496157e-14
3799.2434367094947 2.803874166095445e-14
3802.061407636891 2.786172454731717e-14
3804.879378564287 2.836907740295101e-14
3807.697349491693 2.7970783429421265e-14
3810.5153204190888 2.8186606020508948e-14
3813.333291346485 2.7962474203296758e-14
3816.151262273891 2.8176700095314842e-14
3818.9692332012874 2.7994488169358527e-14
3821.7872041286832 2.7940184830220523e-14
3824.605175056079 2.8219352353703024e-14
3827.423145983485 2.7444717797663035e-14
3830.2411169108814 2.7827635777662242e-14
3833.0590878382773 2.7470855484122924e-14
3835.877058765683 2.7542912266714807e-14
3838.695029693079 2.7250700518703397e-14
3841.513000620475 2.7066754572165657e-14
3844.3309715478813 2.755674150719074e-14
3847.148942475277 2.69801582036241e-14
3849.9669134026735 2.6790631893034552e-14
3852.784884330069 2.7219452025046965e-14
3855.6028552574753 2.697788778036381e-14
3858.420826184871 2.662260800777214e-14
3861.2387971122675 2.6990286567458976e-14
3864.0567680396734 2.6846290200378747e-14
3866.874738967069 2.6663717382741124e-14
3869.692709894465 2.6229522867280463e-14
3872.510680821861 2.6084483066350023e-14
3875.3286517492675 2.6407927041337573e-14
3878.1466226766634 2.5777568590095445e-14
3880.9645936040592 2.6527164645079896e-14
3883.782564531465 2.63383697800948e-14
3886.6005354588615 2.6345629440231964e-14
3889.4185063862574 2.5998142925149507e-14
3892.2364773136637 2.5390945790466174e-14
3895.054448241059 2.577133298587879e-14
3897.8724191684555 2.538763629567705e-14
3900.6903900958514 2.4988091436340666e-14
3903.5083610232573 2.489474872905947e-14
3906.3263319506536 2.510092547641091e-14
3909.1443028780495 2.5090112115228214e-14
3911.9622738054554 2.5275811000594994e-14
3914.7802447328513 2.4995489854076783e-14
3917.5982156602477 2.5192631477079795e-14
3920.4161865876536 2.4977387073606795e-14
3923.2341575150494 2.4783220695298774e-14
3926.0521284424453 2.587905773190183e-14
3928.8700993698417 2.551750730249634e-14
3931.6880702972476 2.5787139956828082e-14
3934.5060412246435 2.5076378009379933e-14
3937.32401215204 2.5011206034576477e-14
3940.1419830794453 2.5549394532253576e-14
3942.9599540068416 2.565409121451373e-14
3945.7779249342375 2.607311932273383e-14
3948.595895861644 2.5885389059649336e-14
3951.4138667890393 2.6226245138123622e-14
3954.2318377164356 2.5746954121840924e-14
3957.0498086438315 2.6464624479020142e-14
3959.867779571238 2.6143173545573728e-14
3962.6857504986338 2.6231489492175395e-14
3965.50372142603 2.576803702338625e-14
3968.3216923534355 2.5866327726598572e-14
3971.1396632808314 2.5936238278889492e-14
3973.957634208228 2.6251962041430652e-14
3976.7756051356337 2.5863406549626487e-14
3979.5935760630296 2.592354735675609e-14
3982.4115469904254 2.5954175656834293e-14
3985.229517917822 2.671878009168277e-14
3988.0474888452277 2.577545168834967e-14
3990.865459772624 2.6239454356666404e-14
3993.68343070002 2.6325305299888805e-14
3996.501401627426 2.6772399069021542e-14
3999.3193725548217 2.6643865152806992e-14
4002.1373434822176 2.691676835045773e-14
4004.955314409624 2.699081204138886e-14
4007.7732853370194 2.6613421367281453e-14
4010.5912562644157 2.7115751843094493e-14
4013.4092271918116 2.731983028570274e-14
4016.227198119218 2.7271469398737293e-14
4019.045169046614 2.7366937067826223e-14
4021.86313997401 2.794130460145628e-14
4024.6811109014056 2.7763523809170457e-14
4027.499081828812 2.781472726016181e-14
4030.317052756208 2.819346098359893e-14
4033.1350236836042 2.7437309306967058e-14
4035.9529946110097 2.7370347112081025e-14
4038.7709655384056 2.6668195656041696e-14
4041.588936465802 2.72187511599538e-14
4044.406907393208 2.6781137672567846e-14
4047.224878320604 2.711738001603759e-14
4050.042849248 2.686690343527356e-14
4052.860820175406 2.633896594267543e-14
4055.678791102802 2.6565705417668046e-14
4058.496762030198 2.6485992980054833e-14
4061.3147329575945 2.664652946782897e-14
4064.1327038849995 2.6346387980132124e-14
4066.950674812396 2.6164681422594322e-14
4069.768645739792 2.5839099523398604e-14
4072.5866166671976 2.6399380275812554e-14
4075.404587594594 2.6096163857097213e-14
4078.2225585219903 2.6163621116435428e-14
4081.040529449396 2.541270369272899e-14
4083.8585003767917 2.553326715289213e-14
4086.676471304188 2.4459046527789098e-14
4089.4944422315843 2.4450990519079602e-14
4092.3124131589902 2.3803607345585085e-14
4095.1303840863857 2.351855246938187e-14
4097.948355013782 2.3357234639919805e-14
4100.766325941188 2.340964962056643e-14
4103.584296868584 2.2797385257480298e-14
4106.40226779598 2.3254352779040197e-14
4109.2202387233865 2.2501123511917923e-14
4112.038209650783 2.2806984913448677e-14
4114.856180578177 2.2550846631974557e-14
4117.674151505574 2.219480081428446e-14
4120.49212243298 2.2132829989505898e-14
4123.310093360376 2.1649239455773346e-14
4126.128064287772 2.1650097127915534e-14
4128.946035215178 2.1943033742457667e-14
4131.7640061425745 2.145508606887859e-14
4134.581977069971 2.1560837045517488e-14
4137.399947997366 2.1391364878405575e-14
4140.217918924773 2.1287846734831604e-14
4143.035889852168 2.1217834294747043e-14
4145.853860779564 2.1131043089893372e-14
4148.67183170697 2.0912521020484247e-14
4151.489802634366 2.1094317608593305e-14
4154.307773561763 2.0933260928517087e-14
4157.125744489158 2.1077453002382954e-14
4159.943715416564 2.1032005308692425e-14
4162.761686343961 2.1019816272954238e-14
4165.579657271357 2.0743594521607485e-14
4168.3976281987625 2.0806709954312702e-14
4171.215599126159 2.0642020309828418e-14
4174.033570053554 2.062002325263272e-14
4176.85154098096 2.096625734025959e-14
4179.669511908356 2.0509961247263052e-14
4182.487482835752 2.068775572319254e-14
4185.305453763149 2.0610682870346356e-14
4188.123424690554 2.051459831026186e-14
4190.941395617951 2.0369812754828545e-14
4193.759366545347 2.008548820650427e-14
4196.577337472753 2.0272989183666707e-14
4199.395308400149 2.0272176659260652e-14
4202.213279327544 2.0061939047982376e-14
4205.0312502549505 2.029832146882039e-14
4207.849221182346 2.024030887733187e-14
4210.667192109742 2.009799193905798e-14
4213.485163037149 2.025292145819202e-14
4216.303133964545 2.0130641447580817e-14
4219.12110489194 1.9973659117597843e-14
4221.939075819337 2.0001448039055937e-14
4224.757046746743 2.0194242628705184e-14
4227.575017674139 2.0128181855519082e-14
4230.392988601534 1.988346970443938e-14
4233.21095952894 2.018357749287454e-14
4236.028930456337 2.0121372015426566e-14
4238.846901383732 1.9826095603895223e-14
4241.664872311128 1.9828101750196157e-14
4244.482843238535 2.0120680623073302e-14
4247.300814165931 2.0036668868927948e-14
4250.118785093327 1.977922154889087e-14
4252.936756020733 2.0261815690800836e-14
4255.754726948129 1.9838481969777217e-14
4258.572697875525 1.998478744976087e-14
4261.39066880292 2.0033790681448604e-14
4264.2086397303265 2.015229317730787e-14
4267.026610657723 1.991848799094492e-14
4269.844581585118 1.9841610673290717e-14
4272.662552512525 2.024951290569947e-14
4275.480523439921 2.0188148582919665e-14
4278.298494367317 2.0154574596515716e-14
4281.116465294723 2.0430289763020504e-14
4283.934436222119 2.0622903550239237e-14
4286.7524071495145 2.0564208541846404e-14
4289.570378076911 2.061638175507323e-14
4292.388349004316 2.068598822169614e-14
4295.206319931713 2.096286994826008e-14
4298.024290859109 2.0988964224326922e-14
4300.842261786515 2.151776373950398e-14
4303.660232713911 2.1465657683097363e-14
4306.478203641307 2.160713568729389e-14
4309.2961745687135 2.152096391021083e-14
4312.114145496109 2.1762412978776402e-14
4314.932116423504 2.1572985426095808e-14
4317.750087350911 2.1077251079889692e-14
4320.568058278307 2.1216164171293187e-14
4323.3860292057025 2.0796381165535164e-14
4326.204000133099 2.075822096374554e-14
4329.021971060505 2.0406335631099294e-14
4331.8399419879015 2.0417440146887633e-14
4334.657912915297 2.0158226746408577e-14
4337.475883842703 2.0090711187875527e-14
4340.2938547701 1.9832184381899088e-14
4343.111825697494 1.9884817634729428e-14
4345.9297966248905 1.9609168734134904e-14
4348.747767552297 1.938195710691808e-14
4351.565738479693 1.9489120595137403e-14
4354.383709407089 1.9760742166351912e-14
4357.201680334495 1.9414849177054883e-14
4360.019651261891 1.9190281077768285e-14
4362.837622189288 1.919009779885282e-14
4365.655593116693 1.91053947778158e-14
4368.4735640440895 1.921089893110728e-14
4371.291534971485 1.884659201582156e-14
4374.10950589888 1.8655236121862298e-14
4376.927476826287 1.870746742106947e-14
4379.745447753683 1.856448461346918e-14
4382.563418681079 1.844149921195426e-14
4385.381389608485 1.8559456822958334e-14
4388.199360535881 1.841616327133334e-14
4391.0173314632775 1.8184683419247604e-14
4393.835302390684 1.8145437930238046e-14
4396.653273318079 1.813277348779823e-14
4399.471244245475 1.810160254118784e-14
4402.289215172871 1.8049531676912728e-14
4405.1071861002765 1.804255594181973e-14
4407.925157027673 1.7940790025350216e-14
4410.743127955069 1.793147615538693e-14
4413.561098882476 1.8238102048084418e-14
4416.379069809871 1.8203435679896767e-14
4419.197040737267 1.7899817873333052e-14
4422.015011664664 1.801687322434737e-14
4424.83298259207 1.8183661351343878e-14
4427.6509535194655 1.7980117814864547e-14
4430.468924446861 1.7852351344358476e-14
4433.286895374267 1.7926179741993167e-14
4436.104866301664 1.8036889533087827e-14
4438.922837229059 1.8013801648843396e-14
4441.740808156465 1.7895437500174467e-14
4444.558779083862 1.798030009298795e-14
4447.376750011257 1.791240206968067e-14
4450.1947209386635 1.7925237503855707e-14
4453.01269186606 1.7809560128971105e-14
4455.830662793456 1.7839994282463986e-14
4458.648633720851 1.796068359462452e-14
4461.466604648257 1.7950542107083263e-14
4464.284575575653 1.783917589649539e-14
4467.10254650305 1.7801262127916867e-14
4469.920517430445 1.7886204951243e-14
4472.738488357852 1.7853260335842016e-14
4475.556459285248 1.7662993177580603e-14
4478.374430212643 1.7728025665323968e-14
4481.19240114005 1.764494708743338e-14
4484.010372067446 1.770984168877853e-14
4486.8283429948415 1.7633847760206285e-14
4489.646313922247 1.7736306556005923e-14
4492.464284849643 1.7713684410609848e-14
4495.28225577704 1.7698102280735727e-14
4498.100226704436 1.7711689084531384e-14
4500.918197631841 1.769986401078874e-14
4503.736168559238 1.7974320223517998e-14
4506.554139486634 1.7626973077449012e-14
4509.3721104140395 1.8064879376504434e-14
4512.190081341436 1.7879685628892692e-14
4515.008052268831 1.7598809254851542e-14
4517.826023196238 1.7728389283527534e-14
4520.643994123633 1.768198105671505e-14
4523.461965051029 1.768295185023498e-14
4526.279935978426 1.737192233772041e-14
4529.097906905832 1.7482080329807822e-14
4531.915877833228 1.738329902002236e-14
4534.733848760624 1.7325271650134565e-14
4537.55181968803 1.723722580886906e-14
4540.369790615426 1.734477255247355e-14
4543.187761542821 1.7409547825736086e-14
4546.0057324702275 1.723649152850324e-14
4548.823703397624 1.747499561927483e-14
4551.641674325019 1.7451586460590067e-14
4554.459645252416 1.7311773431211897e-14
4557.277616179822 1.7247984376119523e-14
4560.095587107218 1.7611464576991908e-14
4562.913558034614 1.7444030275134085e-14
4565.73152896202 1.7484882503423713e-14
4568.549499889416 1.7462829863907194e-14
4571.367470816811 1.7563459886099446e-14
4574.185441744217 1.7848314796160518e-14
4577.003412671614 1.7718009169299725e-14
4579.82138359901 1.7901519358060234e-14
4582.639354526405 1.7979354372361964e-14
4585.457325453812 1.850686220853147e-14
4588.275296381208 1.8582869091850886e-14
4591.0932673086045 1.885385575907581e-14
4593.911238236 1.911744206256934e-14
4596.729209163406 1.9265457819544998e-14
4599.547180090802 1.9409159676304072e-14
4602.365151018208 1.947206487842011e-14
4605.1831219456035 1.9969908161773154e-14
4608.001092873 2.0020354347453034e-14
4610.819063800396 2.0306365091883797e-14
4613.637034727802 2.0022958902002056e-14
4616.455005655198 2.035226001319357e-14
4619.272976582594 2.0389516721863158e-14
4622.090947510001 2.0554824302456794e-14
4624.908918437396 2.098188150834484e-14
4627.7268893647915 2.0894374213679736e-14
4630.544860292188 2.1290005651845083e-14
4633.362831219594 2.1904831974283306e-14
4636.18080214699 2.2276298060836257e-14
4638.998773074386 2.3004320152765102e-14
4641.816744001792 2.3560927152400593e-14
4644.634714929188 2.382285471975626e-14
4647.452685856584 2.3930710222081296e-14
4650.2706567839905 2.3922786929934107e-14
4653.088627711387 2.3929203394101684e-14
4655.906598638781 2.333025796277543e-14
4658.724569566178 2.273689851513118e-14
4661.542540493584 2.2151878497117125e-14
4664.36051142098 2.1263109493844412e-14
4667.178482348376 2.0658896617360096e-14
4669.996453275782 1.978036558762626e-14
4672.8144242031785 1.9417862977220714e-14
4675.632395130574 1.9299459935172108e-14
4678.45036605798 1.912846308803504e-14
4681.268336985377 1.8819086261312683e-14
4684.086307912772 1.85549988898791e-14
4686.9042788401675 1.813836065615641e-14
4689.722249767574 1.8001559131870213e-14
4692.54022069497 1.7591884852354722e-14
4695.358191622367 1.7488595944424775e-14
4698.176162549772 1.7215688652963498e-14
4700.994133477168 1.7179780350426186e-14
4703.812104404565 1.729528759797058e-14
4706.63007533197 1.666799542875366e-14
4709.4480462593665 1.6576070656127906e-14
4712.266017186762 1.645306080997233e-14
4715.083988114158 1.593067830976864e-14
4717.901959041564 1.5752931671824648e-14
4720.71992996896 1.5844674581713314e-14
4723.537900896356 1.5611829553003587e-14
4726.355871823763 1.5432485424775765e-14
4729.173842751158 1.538007789392076e-14
4731.9918136785545 1.5464917822998643e-14
4734.809784605951 1.514146722622652e-14
4737.627755533357 1.5306723210059122e-14
4740.445726460753 1.5167571702901022e-14
4743.263697388148 1.5022148375762482e-14
4746.081668315554 1.508273070952104e-14
4748.89963924295 1.5304139744111784e-14
4751.717610170346 1.5117310876190304e-14
4754.535581097743 1.506880159363951e-14
4757.353552025149 1.5123571194324424e-14
4760.171522952544 1.5051153256043042e-14
4762.989493879941 1.4946220135757296e-14
4765.807464807347 1.5151162363030232e-14
4768.625435734743 1.5127521478040932e-14
4771.443406662138 1.5094448094853862e-14
4774.261377589544 1.5114230140311326e-14
4777.079348516941 1.5381035676835036e-14
4779.897319444336 1.5209403440435435e-14
4782.715290371742 1.5274948459880765e-14
4785.533261299139 1.522217327692825e-14
4788.351232226535 1.5505470928298615e-14
4791.1692031539305 1.526176858014551e-14
4793.987174081337 1.546663402985582e-14
4796.805145008733 1.54756133752041e-14
4799.623115936129 1.5531858187779798e-14
4802.441086863534 1.5654137208365474e-14
4805.2590577909305 1.5716259011647383e-14
4808.077028718327 1.5926091453874582e-14
4810.894999645732 1.6051225536631547e-14
4813.712970573129 1.626030187142893e-14
4816.530941500525 1.6446856582019004e-14
4819.348912427921 1.6708852453551738e-14
4822.166883355327 1.681685399800673e-14
4824.984854282723 1.692294994414126e-14
4827.8028252101185 1.6668675549421184e-14
4830.620796137525 1.6721999203565497e-14
4833.43876706492 1.6349431826596056e-14
4836.256737992317 1.6113556801101982e-14
4839.074708919723 1.5548368762127366e-14
4841.892679847118 1.5460919285477698e-14
4844.710650774515 1.533953769532284e-14
4847.528621701911 1.4937995283735283e-14
4850.3465926293175 1.470120327939763e-14
4853.164563556713 1.470904730724884e-14
4855.982534484108 1.4687773688613227e-14
4858.800505411515 1.4469994824245045e-14
4861.618476338911 1.439945866242164e-14
4864.4364472663065 1.4381956825702747e-14
4867.254418193713 1.439222747391964e-14
4870.072389121109 1.4442216635223155e-14
4872.8903600485055 1.435806235708397e-14
4875.708330975901 1.4054191976983458e-14
4878.526301903307 1.4123904113163629e-14
4881.344272830704 1.4175452043962973e-14
4884.162243758098 1.4157203993729528e-14
4886.9802146855045 1.3997950360932459e-14
4889.798185612901 1.3955797618274079e-14
4892.616156540297 1.3897051513879624e-14
4895.434127467693 1.394220632018466e-14
4898.252098395099 1.3818910936918951e-14
4901.070069322495 1.3755810184534943e-14
4903.888040249892 1.3681162462283955e-14
4906.706011177297 1.3628370747632446e-14
4909.5239821046935 1.352720524248258e-14
4912.341953032089 1.3577367749367033e-14
4915.159923959484 1.362571775485104e-14
4917.977894886891 1.347755507331416e-14
4920.795865814287 1.34506257706261e-14
4923.613836741683 1.3373637438189118e-14
4926.431807669089 1.3619276946229056e-14
4929.249778596485 1.317269410536452e-14
4932.0677495238815 1.341980318488876e-14
4934.885720451288 1.3237314816897634e-14
4937.703691378683 1.3315072441478572e-14
4940.521662306079 1.3319081597992013e-14
4943.339633233475 1.325686857821774e-14
4946.1576041608805 1.3077678751611992e-14
4948.975575088277 1.3145841365419686e-14
4951.793546015673 1.3100517429729355e-14
4954.61151694308 1.3029022554271462e-14
4957.429487870475 1.3119750294597257e-14
4960.247458797871 1.2934783406980422e-14
4963.065429725278 1.3067617115829297e-14
4965.883400652674 1.3058891233422914e-14
4968.701371580069 1.2972018233552509e-14
4971.519342507465 1.3011904332854418e-14
4974.337313434871 1.2847121166603357e-14
4977.155284362267 1.2912267003856745e-14
4979.973255289663 1.2821413668957282e-14
4982.791226217069 1.2878769269596263e-14
4985.609197144466 1.2895216724831605e-14
4988.427168071861 1.2725721347802063e-14
4991.2451389992675 1.2872576238827866e-14
4994.063109926664 1.2722959123156306e-14
4996.881080854059 1.2808630476725312e-14
4999.699051781455 1.2683263805620827e-14
5002.517022708861 1.2679489043203947e-14
5005.334993636257 1.2682477546268768e-14
5008.152964563653 1.2551735277763945e-14
5010.970935491059 1.2721265905956947e-14
5013.788906418456 1.2713738592885551e-14
5016.606877345852 1.2514739577252953e-14
5019.424848273257 1.2690808627198025e-14
5022.242819200654 1.26395800130842e-14
5025.06079012805 1.2612754036249085e-14
5027.8787610554555 1.2575494889793476e-14
5030.696731982851 1.2696968466544988e-14
5033.514702910247 1.2640265735488433e-14
5036.332673837644 1.2607579949064537e-14
5039.15064476505 1.2623241950534459e-14
5041.968615692445 1.2762041407508795e-14
5044.786586619842 1.2493693870755175e-14
5047.604557547248 1.262720965840071e-14
5050.4225284746435 1.2726779896028692e-14
5053.24049940204 1.2497821483852935e-14
5056.058470329435 1.2576727077910662e-14
5058.876441256842 1.2447826615944674e-14
5061.694412184237 1.2590870376253544e-14
5064.512383111633 1.2363566865615598e-14
5067.33035403904 1.2617125658908287e-14
5070.148324966436 1.2383119476667454e-14
5072.966295893832 1.2619576961182258e-14
5075.784266821228 1.2459745219711016e-14
5078.602237748634 1.2387538864614219e-14
5081.42020867603 1.2491421626124151e-14
5084.238179603425 1.2434325675592872e-14
5087.0561505308315 1.2367118498435522e-14
5089.874121458228 1.2521831801567003e-14
5092.692092385623 1.247685821438093e-14
5095.51006331303 1.234341761147935e-14
5098.328034240426 1.2426705375001937e-14
5101.146005167822 1.2367239656142048e-14
5103.963976095218 1.2293237400493563e-14
5106.781947022624 1.2362892528870094e-14
5109.59991795002 1.2509144526587581e-14
5112.417888877415 1.2372345983423567e-14
5115.235859804821 1.242479287729039e-14
5118.053830732218 1.2241423135817909e-14
5120.871801659614 1.2333522289745575e-14
5123.689772587019 1.2269852005072747e-14
5126.507743514416 1.2249293525893652e-14
5129.325714441812 1.2244189474732836e-14
5132.1436853692085 1.225534498769585e-14
5134.961656296614 1.2365366008090815e-14
5137.77962722401 1.2090132319216092e-14
5140.597598151406 1.2121416516982276e-14
5143.415569078811 1.217098808348317e-14
5146.2335400062075 1.2179582380007847e-14
5149.051510933604 1.2169509618908581e-14
5151.86948186101 1.2006306540156636e-14
5154.687452788406 1.2219620112056752e-14
5157.505423715802 1.2144682025446018e-14
5160.323394643198 1.2180605265623112e-14
5163.141365570605 1.222891299133733e-14
5165.959336498 1.2175564764077026e-14
5168.7773074253955 1.2082243031103608e-14
5171.595278352802 1.2002886012028895e-14
5174.413249280198 1.1990094616920546e-14
5177.231220207594 1.2062555010170636e-14
5180.049191135 1.1935452323715624e-14
5182.867162062396 1.1937488710073773e-14
5185.685132989792 1.2015146495464028e-14
5188.503103917188 1.1828484609623735e-14
5191.3210748445945 1.19849005705266e-14
5194.139045771991 1.1970680339757421e-14
5196.957016699385 1.1962637278467687e-14
5199.774987626792 1.1829047797692438e-14
5202.592958554188 1.1809001367164446e-14
5205.410929481584 1.1853742290798109e-14
5208.22890040899 1.1907641815576238e-14
5211.046871336386 1.1825664670688705e-14
5213.8648422637825 1.1703818602055568e-14
5216.682813191178 1.179807027865505e-14
5219.500784118584 1.1720383911383607e-14
5222.318755045981 1.1737213408960801e-14
5225.136725973376 1.160709383673252e-14
5227.9546969007815 1.1770546544474054e-14
5230.772667828178 1.1746116698890392e-14
5233.590638755574 1.1633583505016089e-14
5236.408609682971 1.1692727694471476e-14
5239.226580610376 1.176091254407879e-14
5242.044551537772 1.1541328752328408e-14
5244.862522465169 1.1439692074234574e-14
5247.680493392574 1.162259048122537e-14
5250.4984643199705 1.1627880811018569e-14
5253.316435247366 1.1624110047293904e-14
5256.134406174772 1.1538458586811237e-14
5258.952377102168 1.143896266900529e-14
5261.770348029564 1.1498511925141595e-14
5264.58831895697 1.1450907149261401e-14
5267.406289884367 1.1447885015285598e-14
5270.224260811762 1.1545908946873743e-14
5273.0422317391585 1.145934398456163e-14
5275.860202666565 1.1560200758083885e-14
5278.67817359396 1.155890395125262e-14
5281.496144521357 1.1358447703292015e-14
5284.314115448762 1.1404276856138102e-14
5287.132086376158 1.150832192300946e-14
5289.950057303554 1.1506636620696377e-14
5292.76802823095 1.148726820643913e-14
5295.585999158357 1.1385133516140708e-14
5298.403970085753 1.1386992246627457e-14
5301.221941013148 1.1392996877399564e-14
5304.039911940555 1.1262411477278197e-14
5306.857882867951 1.1412942902783672e-14
5309.6758537953465 1.135284110048491e-14
5312.493824722752 1.1381449398504013e-14
5315.311795650148 1.1406863427068573e-14
5318.129766577545 1.1405411885975156e-14
5320.94773750494 1.1408379769335316e-14
5323.765708432346 1.1346129604579086e-14
5326.583679359743 1.1254943665252612e-14
5329.401650287139 1.1447146077695908e-14
5332.2196212145445 1.1568460808026164e-14
5335.037592141941 1.1471941323483752e-14
5337.855563069337 1.1291189958137116e-14
5340.673533996743 1.1396155644083422e-14
5343.491504924138 1.1453833256373687e-14
5346.309475851534 1.141609617636253e-14
5349.127446778931 1.1553714209914038e-14
5351.945417706336 1.1476530937088329e-14
5354.763388633733 1.1551455871197835e-14
5357.581359561129 1.1566619944370563e-14
5360.399330488535 1.1567569290918779e-14
5363.217301415931 1.17560966888435e-14
5366.035272343327 1.1694622561912771e-14
5368.8532432707225 1.1768067948327237e-14
5371.671214198129 1.1693690976483911e-14
5374.489185125524 1.1550483868974598e-14
5377.307156052921 1.1559856585554441e-14
5380.125126980327 1.1516272080061435e-14
5382.943097907722 1.140246543131047e-14
5385.761068835119 1.1232151920229196e-14
5388.579039762525 1.1089987660829868e-14
5391.397010689921 1.1183467942087124e-14
5394.214981617317 1.1042099163809198e-14
5397.032952544712 1.0968115310366935e-14
5399.850923472119 1.0987979089340605e-14
5402.668894399515 1.0904750770920493e-14
5405.48686532691 1.0944206010090748e-14
5408.304836254317 1.0828459519779932e-14
5411.122807181713 1.100447644732498e-14
5413.940778109109 1.0817441920621302e-14
5416.758749036505 1.0806797473992468e-14
5419.576719963911 1.0755157496112777e-14
5422.394690891308 1.0798893887062284e-14
5425.212661818702 1.0704072206330246e-14
5428.0306327461085 1.0658398764257402e-14
5430.848603673505 1.0621712417264761e-14
5433.666574600901 1.0663342998059476e-14
5436.484545528307 1.0677866216277292e-14
5439.302516455703 1.0581898745360841e-14
5442.120487383099 1.045873349409519e-14
5444.938458310495 1.0570121817095011e-14
5447.756429237901 1.0579042871037472e-14
5450.574400165297 1.0304604914626448e-14
5453.392371092693 1.0585424849350986e-14
5456.210342020098 1.050659797112794e-14
5459.028312947495 1.0354916814008633e-14
5461.846283874891 1.0346733729365948e-14
5464.664254802297 1.0368900753199653e-14
5467.482225729693 1.044496520886036e-14
5470.300196657089 1.0355547463390251e-14
5473.1181675844855 1.0332522306895353e-14
5475.936138511892 1.0252366502102992e-14
5478.754109439287 1.035126011986302e-14
5481.572080366683 1.0273338640681074e-14
5484.390051294089 1.0213974693785607e-14
5487.2080222214845 1.0316580264025684e-14
5490.025993148881 1.0303528479982473e-14
5492.843964076287 1.0192331804396645e-14
5495.6619350036835 1.0228586324474305e-14
5498.479905931079 1.0205705548846666e-14
5501.297876858485 1.0085270657543456e-14
5504.115847785882 1.0048262748017167e-14
5506.933818713278 1.0160703839503506e-14
5509.7517896406725 1.017307139253399e-14
5512.569760568079 1.0129227570899897e-14
5515.387731495475 1.0103595229805873e-14
5518.205702422871 1.0083278977928271e-14
5521.023673350277 1.0173151744398193e-14
5523.841644277673 1.016739560468572e-14
5526.65961520507 1.0032772591971356e-14
5529.477586132465 1.0142304424309522e-14
5532.2955570598715 1.0108005392840533e-14
5535.113527987268 9.953619026709694e-15
5537.931498914663 9.952132960707722e-15
5540.749469842069 1.0000744006025235e-14
5543.567440769465 9.97351313538386e-15
5546.385411696861 9.813040948198495e-15
5549.203382624257 1.0021587163919281e-14
5552.021353551663 9.980240571127853e-15
5554.8393244790595 9.925276660643026e-15
5557.657295406456 9.88559171732463e-15
5560.475266333861 9.891028584992131e-15
5563.293237261258 9.782379195777459e-15
5566.111208188654 9.720605507420583e-15
5568.929179116049 9.751195264495419e-15
5571.747150043455 9.81161530614586e-15
5574.565120970851 9.806357638896779e-15
5577.383091898248 9.769191719398854e-15
5580.201062825653 9.708822308810987e-15
5583.019033753049 9.724761073455682e-15
5585.837004680446 9.661008860680203e-15
5588.654975607852 9.581746552929337e-15
5591.4729465352475 9.563527036474114e-15
5594.290917462644 9.63223988181247e-15
5597.108888390049 9.515909601626279e-15
5599.926859317446 9.754710866373752e-15
5602.744830244841 9.687838317516259e-15
5605.562801172237 9.661327234384323e-15
5608.380772099644 9.61235635387231e-15
5611.198743027039 9.639523422290828e-15
5614.0167139544355 9.564579368387436e-15
5616.834684881842 9.43390169868424e-15
5619.652655809238 9.487083212229763e-15
5622.470626736634 9.55468025423283e-15
5625.288597664029 9.535348147757632e-15
5628.1065685914355 9.525008915045632e-15
5630.924539518832 9.42870963025261e-15
5633.742510446227 9.433965259611604e-15
5636.560481373634 9.388012584693837e-15
5639.37845230103 9.440755503440562e-15
5642.196423228426 9.437102215818589e-15
5645.014394155832 9.409616475039454e-15
5647.832365083228 9.417946706298863e-15
5650.650336010624 9.412426652381657e-15
5653.468306938019 9.295461019126496e-15
5656.286277865425 9.351936309517354e-15
5659.104248792822 9.353691639717063e-15
5661.922219720218 9.360168225236088e-15
5664.740190647623 9.343862013206088e-15
5667.55816157502 9.358001644935272e-15
5670.376132502416 9.241690398182574e-15
5673.1941034298225 9.26246206665949e-15
5676.012074357218 9.322285298269667e-15
5678.830045284614 9.237458225168175e-15
5681.64801621201 9.31279236408206e-15
5684.465987139415 9.312789701416038e-15
5687.2839580668115 9.276747364644379e-15
5690.101928994208 9.227024023690664e-15
5692.919899921614 9.251302137883689e-15
5695.73787084901 9.342215253955109e-15
5698.555841776406 9.329481223399203e-15
5701.373812703812 9.353854798639756e-15
5704.191783631209 9.333593118580132e-15
5707.009754558604 9.26053465520541e-15
5709.8277254859995 9.375892883746568e-15
5712.645696413406 9.397706691661954e-15
5715.463667340801 9.452827313477224e-15
5718.281638268198 9.330859939341836e-15
5721.099609195604 9.269545445551728e-15
5723.917580123 9.404167552769607e-15
5726.735551050396 9.519305310246043e-15
5729.553521977802 9.498951618845354e-15
5732.3714929051985 9.551669800436518e-15
5735.189463832595 9.608018971856778e-15
5738.007434759989 9.81982164709922e-15
5740.825405687396 9.850099497472745e-15
5743.643376614792 9.786966942931961e-15
5746.4613475421875 9.845630434621218e-15
5749.279318469584 9.930845101260452e-15
5752.09728939699 1.00329032361022e-14
5754.9152603243865 1.0065796963392958e-14
5757.733231251792 1.006982689260741e-14
5760.551202179188 1.0018394692556365e-14
5763.369173106585 9.940564376259008e-15
5766.18714403398 1.0037007207480957e-14
5769.0051149613855 9.951118502867314e-15
5771.823085888782 9.771365822869905e-15
5774.641056816178 9.74452178280806e-15
5777.459027743575 9.625139516919476e-15
5780.27699867098 9.45058480219653e-15
5783.094969598376 9.450488585872191e-15
5785.912940525773 9.48420019122247e-15
5788.730911453178 9.401934390772688e-15
5791.5488823805745 9.369743765618926e-15
5794.36685330797 9.166248363010035e-15
5797.184824235376 9.160311985160437e-15
5800.002795162772 9.22970648254979e-15
5802.820766090168 9.142767130857422e-15
5805.638737017564 9.018289615447892e-15
5808.456707944971 8.97270848475398e-15
5811.274678872366 8.979183084142482e-15
5814.0926497997625 8.980305657915964e-15
5816.910620727169 8.836411513335259e-15
5819.728591654564 8.718658214082623e-15
5822.54656258196 8.632082811966801e-15
5825.364533509366 8.453819179991823e-15
5828.182504436762 8.343857530179348e-15
5831.000475364158 8.293145043331582e-15
5833.818446291564 8.257485957990188e-15
5836.636417218961 8.365016845700919e-15
5839.454388146357 8.333287698713272e-15
5842.272359073752 8.310736198590239e-15
5845.090330001159 8.185645151036593e-15
5847.908300928555 8.011916279563161e-15
5850.7262718559505 8.040417936137691e-15
5853.544242783356 7.906834583766247e-15
5856.362213710752 7.934129544438596e-15
5859.180184638149 8.021760079510471e-15
5861.998155565544 8.079859138293828e-15
5864.81612649295 8.236158841918016e-15
5867.634097420347 8.271988918504065e-15
5870.452068347743 8.355073008699243e-15
5873.2700392751485 8.32307473814547e-15
5876.088010202545 8.238966200548982e-15
5878.905981129941 8.32185006431852e-15
5881.723952057346 8.31149249653171e-15
5884.541922984742 8.302354608391496e-15
5887.359893912138 8.337892844806913e-15
5890.177864839535 8.255428941105835e-15
5892.99583576694 8.299906005900414e-15
5895.813806694337 8.256234405549411e-15
5898.631777621733 8.182159578341656e-15
5901.449748549139 8.159091592960454e-15
5904.267719476535 8.211567594948744e-15
5907.085690403931 8.177514454317823e-15
5909.9036613313365 8.253677478836968e-15
5912.721632258733 8.194588069145462e-15
5915.539603186128 8.04691622940744e-15
5918.357574113525 8.154672297501316e-15
5921.175545040931 8.164004516232181e-15
5923.993515968326 7.98685484844094e-15
5926.811486895723 8.075749569291285e-15
5929.629457823129 8.05997008718817e-15
5932.447428750525 8.02148905566485e-15
5935.265399677921 8.043838102804724e-15
5938.083370605326 8.121338886568993e-15
5940.901341532723 8.13588976490699e-15
5943.719312460119 7.985767048275406e-15
5946.537283387514 7.905499187675586e-15
5949.355254314921 7.994442205563607e-15
5952.173225242317 8.064362108690277e-15
5954.991196169713 8.004664539839091e-15
5957.809167097119 7.898065808005257e-15
5960.627138024515 7.884791326175814e-15
5963.445108951912 7.965350721747032e-15
5966.263079879316 7.977742422744334e-15
5969.0810508067125 7.880298011643816e-15
5971.899021734109 7.881928311023946e-15
5974.716992661505 7.919946069751202e-15
5977.534963588911 7.86178041354777e-15
5980.352934516307 7.898435684252472e-15
5983.170905443703 7.909403045954634e-15
5985.988876371109 7.851138596602808e-15
5988.806847298505 7.815518699914103e-15
5991.624818225901 7.819410823935192e-15
5994.442789153307 7.872261012899744e-15
5997.260760080702 7.76290433876802e-15
6000.078731008099 7.760563674911335e-15
6002.896701935495 7.78691126658915e-15
6005.714672862901 7.73592669795862e-15
6008.532643790297 7.770367321007323e-15
6011.350614717693 7.826801811403557e-15
6014.1685856450895 7.802230491470831e-15
6016.986556572495 7.711510704143112e-15
6019.804527499891 7.78237029386437e-15
6022.622498427287 7.849769299425042e-15
6025.440469354693 7.810599293517144e-15
6028.2584402820885 7.719310695888877e-15
6031.076411209485 7.671264068157847e-15
6033.894382136891 7.712012706030638e-15
6036.7123530642875 7.712826443321089e-15
6039.530323991683 7.642556476806808e-15
6042.348294919079 7.667640464256955e-15
6045.166265846486 7.656277001873062e-15
6047.984236773881 7.6674147443155e-15
6050.8022077012765 7.539344589616563e-15
6053.620178628683 7.617612897203279e-15
6056.438149556079 7.516461273998702e-15
6059.256120483475 7.590114664989751e-15
6062.074091410881 7.582966374185889e-15
6064.892062338277 7.548917546436763e-15
6067.710033265674 7.55065732936807e-15
6070.528004193079 7.63664332804141e-15
6073.3459751204755 7.665076655961094e-15
6076.163946047872 7.469712878711987e-15
6078.981916975267 7.420993359132445e-15
6081.799887902673 7.485595133864689e-15
6084.617858830069 7.551417160777495e-15
6087.435829757465 7.485048006069584e-15
6090.253800684871 7.626216709722934e-15
6093.071771612267 7.657765238381449e-15
6095.8897425396635 7.639114784834216e-15
6098.70771346706 7.388288492207876e-15
6101.525684394465 7.396699474735499e-15
6104.343655321862 7.506332052590623e-15
6107.161626249257 7.41454792653696e-15
6109.979597176663 7.373492181158977e-15
6112.797568104059 7.460398371482183e-15
6115.615539031455 7.49056081632549e-15
6118.433509958852 7.419439589052966e-15
6121.251480886257 7.380385475817225e-15
6124.069451813653 7.365807862653357e-15
6126.88742274105 7.345508070682496e-15
6129.705393668456 7.256186504103149e-15
6132.5233645958515 7.473194201573547e-15
6135.341335523248 7.404529751455521e-15
6138.159306450653 7.193907037665878e-15
6140.97727737805 7.266124661653866e-15
6143.795248305445 7.31705355960091e-15
6146.613219232851 7.411152773141816e-15
6149.431190160248 7.277921812805486e-15
6152.249161087643 7.322230697088092e-15
6155.0671320150395 7.33088295036235e-15
6157.885102942446 7.277186430187629e-15
6160.703073869842 7.236621868077104e-15
6163.521044797238 7.171546438956108e-15
6166.339015724643 7.20834753651102e-15
6169.156986652039 7.276587938283608e-15
6171.974957579436 7.238922584634442e-15
6174.792928506831 7.143269454422558e-15
6177.610899434238 7.349246959016697e-15
6180.428870361634 7.196960466635829e-15
6183.246841289029 7.140391489566635e-15
6186.064812216436 7.124074102936668e-15
6188.882783143832 7.207176123795725e-15
6191.700754071228 7.146331346398075e-15
6194.518724998633 7.178541242213089e-15
6197.336695926029 7.0644499164059535e-15
6200.154666853426 7.124040717852568e-15
6202.972637780822 7.14263058366263e-15
6205.790608708227 7.0366278314918414e-15
6208.608579635624 7.0057918376665986e-15
6211.42655056302 6.9382108093496736e-15
6214.244521490426 6.9284841560301476e-15
6217.062492417822 6.954140173472123e-15
6219.880463345218 6.919732741845791e-15
6222.698434272624 7.014544790211728e-15
6225.516405200019 6.890951662466559e-15
6228.334376127415 6.923650943020102e-15
6231.152347054812 6.785758194503743e-15
6233.970317982218 6.76513890370369e-15
6236.788288909614 6.75068096413169e-15
6239.60625983701 6.671562065729606e-15
6242.424230764416 6.848189689911424e-15
6245.242201691813 6.915031919747188e-15
6248.060172619208 6.769112327190441e-15
6250.8781435466035 6.774598915907883e-15
6253.69611447401 6.8062766744836326e-15
6256.514085401405 6.749580584472942e-15
6259.332056328802 6.7337500256721365e-15
6262.150027256208 6.736558469008728e-15
6264.967998183604 6.7822494955849895e-15
6267.785969111 6.685200756418564e-15
6270.603940038406 6.604673790296537e-15
6273.421910965802 6.703181228735848e-15
6276.239881893199 6.7167091230280674e-15
6279.057852820593 6.712084514638696e-15
6281.875823748 6.717212695102987e-15
6284.693794675396 6.6510247317888775e-15
6287.5117656027915 6.57587267104661e-15
6290.329736530198 6.527123767961449e-15
6293.147707457594 6.5929958227977035e-15
6295.9656783849905 6.625825939870704e-15
6298.783649312396 6.617975606060133e-15
6301.601620239792 6.624497310663762e-15
6304.419591167189 6.553689947675085e-15
6307.237562094594 6.5421920807589e-15
6310.0555330219895 6.5226251306310084e-15
6312.873503949386 6.497717532908543e-15
6315.691474876782 6.522615382801749e-15
6318.509445804188 6.475414039307672e-15
6321.327416731584 6.443977307431258e-15
6324.14538765898 6.418288063605864e-15
6326.963358586387 6.427114175564747e-15
6329.781329513782 6.403093205347766e-15
6332.5993004411785 6.3874312965149296e-15
6335.417271368574 6.442543220923279e-15
6338.23524229598 6.424716518948651e-15
6341.053213223376 6.400254123634599e-15
6343.871184150772 6.53011809794602e-15
6346.689155078178 6.476830756812908e-15
6349.507126005574 6.454042282286337e-15
6352.32509693297 6.3896862199219404e-15
6355.1430678603665 6.453298698301429e-15
6357.961038787773 6.4014162547780205e-15
6360.779009715168 6.441382745800097e-15
6363.596980642564 6.381788007981677e-15
6366.41495156997 6.324231886666266e-15
6369.232922497366 6.34656213651166e-15
6372.050893424762 6.27930066062774e-15
6374.868864352168 6.3399419077640265e-15
6377.686835279565 6.318806271163695e-15
6380.504806206961 6.300236151108278e-15
6383.322777134366 6.233722580437524e-15
6386.140748061763 6.2975744819013436e-15
6388.958718989159 6.286005521745333e-15
6391.7766899165545 6.254716903631202e-15
6394.59466084396 6.2759418196250304e-15
6397.412631771356 6.28775326389665e-15
6400.230602698753 6.224524274027366e-15
6403.048573626158 6.156909751299306e-15
6405.866544553554 6.193568986933757e-15
6408.684515480951 6.306693531280862e-15
6411.502486408347 6.3110921269662376e-15
6414.3204573357525 6.25732541760738e-15
6417.138428263149 6.263422310385903e-15
6419.956399190545 6.267208559486181e-15
6422.77437011795 6.1624143397659425e-15
6425.592341045346 6.148003909428071e-15
6428.410311972742 6.224897127723317e-15
6431.228282900149 6.171150575727768e-15
6434.046253827544 6.227004573124316e-15
6436.864224754941 6.3076018615081165e-15
6439.682195682337 6.352753709298951e-15
6442.500166609743 6.349040494542013e-15
6445.318137537139 6.387791709649632e-15
6448.136108464535 6.2551013946273105e-15
6450.9540793919405 6.267352762094012e-15
6453.772050319336 6.493557398885724e-15
6456.590021246732 6.429807458119769e-15
6459.407992174139 6.529595883444621e-15
6462.225963101535 6.599497000217447e-15
6465.04393402893 6.671492192540436e-15
6467.861904956327 6.69059960039034e-15
6470.679875883733 6.725134990913924e-15
6473.497846811129 6.725976889901711e-15
6476.315817738525 6.733786451703827e-15
6479.13378866593 6.703897403853265e-15
6481.951759593327 6.877551050263302e-15
6484.769730520722 6.9004427791340974e-15
6487.587701448118 7.095621859177902e-15
6490.405672375525 7.097561428939484e-15
6493.223643302921 7.21320602332638e-15
6496.041614230317 7.175492217475747e-15
6498.859585157723 7.434323709592142e-15
6501.677556085119 7.600276324817316e-15
6504.495527012516 7.733846659954338e-15
6507.31349793992 7.751793915744202e-15
6510.1314688673165 7.830082667179815e-15
6512.949439794713 7.759206324567046e-15
6515.767410722109 7.706891802634387e-15
6518.585381649515 7.661804817554292e-15
6521.403352576911 7.45941653737245e-15
6524.221323504307 7.251119217341975e-15
6527.039294431713 7.243807302354578e-15
6529.857265359109 7.141383921075891e-15
6532.675236286505 6.953527937352717e-15
6535.493207213911 6.838690284493424e-15
6538.311178141306 6.649042315089784e-15
6541.129149068703 6.581249091636778e-15
6543.947119996109 6.5675587000310575e-15
6546.765090923505 6.447930422747787e-15
6549.583061850901 6.452992855575339e-15
6552.401032778297 6.332429682301036e-15
6555.2190037057035 6.12920823285341e-15
6558.036974633099 6.154234635340659e-15
6560.854945560495 6.1514043698892776e-15
6563.672916487901 6.0673953370747215e-15
6566.490887415297 6.055728733704e-15
6569.3088583426925 5.993227963028241e-15
6572.126829270089 6.02418452221282e-15
6574.944800197495 5.961999036808849e-15
6577.7627711248915 5.836708881654539e-15
6580.580742052287 5.902607532565772e-15
6583.398712979683 5.950912424041988e-15
6586.21668390709 5.825980113626101e-15
6589.034654834485 5.841797761320861e-15
6591.8526257618805 5.826664131950025e-15
6594.670596689287 5.875263157242003e-15
6597.488567616683 5.82549428002674e-15
6600.306538544089 5.791493023292253e-15
6603.124509471485 5.783314980632862e-15
6605.942480398881 5.829737664411685e-15
6608.760451326278 5.737743533883697e-15
6611.578422253683 5.735448371154993e-15
6614.3963931810795 5.787875038347464e-15
6617.214364108476 5.747840764131227e-15
6620.03233503588 5.664267768501935e-15
6622.850305963277 5.691950739385773e-15
6625.668276890673 5.696805436413007e-15
6628.486247818069 5.770127564106429e-15
6631.304218745475 5.669215392410938e-15
6634.122189672871 5.641920802618577e-15
6636.9401606002675 5.649457778920148e-15
6639.758131527674 5.674625549917789e-15
6642.576102455069 5.722111906748644e-15
6645.394073382466 5.627671404530111e-15
6648.212044309871 5.514553588437636e-15
6651.030015237267 5.488706257038025e-15
6653.847986164663 5.552361456247495e-15
6656.665957092059 5.530225301873813e-15
6659.483928019466 5.438798904070075e-15
6662.301898946861 5.515510717398665e-15
6665.119869874257 5.590044117318254e-15
6667.937840801654 5.441128978159286e-15
6670.75581172906 5.446932379427872e-15
6673.5737826564555 5.4665152183305585e-15
6676.391753583851 5.432208342485318e-15
6679.209724511257 5.47785147555895e-15
6682.027695438654 5.445755256767592e-15
6684.845666366049 5.451637210820756e-15
6687.663637293455 5.372788329255696e-15
6690.481608220852 5.370874614823955e-15
6693.299579148247 5.410981005922389e-15
6696.1175500756435 5.3394939214039046e-15
6698.93552100305 5.258974648324537e-15
6701.753491930446 5.3362250380687096e-15
6704.571462857842 5.412571844302494e-15
6707.389433785247 5.318924747900548e-15
6710.207404712643 5.291205643734281e-15
6713.02537564004 5.318379022948176e-15
6715.843346567445 5.292554018163131e-15
6718.661317494842 5.284311859578406e-15
6721.479288422238 5.2664365621744275e-15
6724.297259349633 5.303849693176954e-15
6727.11523027704 5.2471381211426515e-15
6729.933201204436 5.276304360195655e-15
6732.751172131832 5.25877379267681e-15
6735.569143059237 5.250688964231053e-15
6738.387113986633 5.245685851087655e-15
6741.20508491403 5.25842372182291e-15
6744.023055841436 5.31343356804209e-15
6746.841026768831 5.2331898056340566e-15
6749.658997696228 5.194822565202992e-15
6752.476968623624 5.233243622471068e-15
6755.2949395510295 5.190591462377348e-15
6758.112910478426 5.235532965182954e-15
6760.930881405822 5.234371949115161e-15
6763.748852333228 5.204576891328464e-15
6766.566823260623 5.2428381184961804e-15
6769.384794188019 5.162162781329334e-15
6772.202765115426 5.197750231899426e-15
6775.020736042822 5.2041991399990634e-15
6777.838706970218 5.2161061162210196e-15
6780.656677897614 5.290494389091161e-15
6783.47464882502 5.242671849718422e-15
6786.292619752416 5.307281200428384e-15
6789.110590679812 5.2960792377217705e-15
6791.9285616072175 5.169103212651789e-15
6794.746532534614 5.1380731472812766e-15
6797.564503462009 5.023174459009812e-15
6800.382474389416 5.116706263470031e-15
6803.200445316812 5.117402307826223e-15
6806.018416244208 5.179465613645796e-15
6808.836387171604 5.2131761204697785e-15
6811.65435809901 5.221933699909007e-15
6814.472329026406 5.17264653257765e-15
6817.290299953803 5.101437976972369e-15
6820.108270881197 5.1047360729430335e-15
6822.926241808604 5.1100408754271314e-15
6825.744212736 5.132312550359118e-15
6828.562183663405 5.170087580827667e-15
6831.380154590802 5.172362554509761e-15
6834.198125518198 5.155860945766017e-15
6837.0160964455945 5.169824303579245e-15
6839.834067373 5.1478729534388885e-15
6842.652038300396 5.13955208626869e-15
6845.470009227793 5.121681452550099e-15
6848.287980155188 5.093940238551518e-15
6851.1059510825935 5.136147703060845e-15
6853.92392200999 5.075941552351442e-15
6856.741892937386 5.065061981118846e-15
6859.559863864792 5.034010417870084e-15
6862.377834792188 5.04216707409736e-15
6865.195805719584 5.007735131634247e-15
6868.013776646991 5.07629067452686e-15
6870.831747574386 4.964678153499005e-15
6873.649718501782 4.965781361673149e-15
6876.467689429188 4.990081752209149e-15
6879.285660356584 5.002866666537838e-15
6882.10363128398 5.087043765321485e-15
6884.921602211376 4.936328085605842e-15
6887.739573138782 4.934250840465104e-15
6890.557544066178 5.110813557807809e-15
6893.375514993574 5.002137952361824e-15
6896.1934859209805 4.978364949638223e-15
6899.011456848377 5.022341053231468e-15
6901.829427775772 4.998197427097836e-15
6904.647398703168 4.991372047366759e-15
6907.465369630574 4.9339913816426436e-15
6910.28334055797 4.938780622355992e-15
6913.101311485366 4.960152200551615e-15
6915.919282412772 4.992564961658236e-15
6918.7372533401685 4.876503416927444e-15
6921.555224267564 5.01971573592754e-15
6924.37319519497 4.92528554215472e-15
6927.191166122367 4.878808248007708e-15
6930.009137049763 4.988250488873426e-15
6932.8271079771675 4.988491808123959e-15
6935.645078904564 5.032083660747344e-15
6938.46304983196 4.947576972787672e-15
6941.281020759357 4.884249808199979e-15
6944.098991686762 4.985039796906155e-15
6946.916962614158 4.950998923518226e-15
6949.734933541555 5.014007883663226e-15
6952.552904468961 5.039365005385264e-15
6955.3708753963565 5.002952772671207e-15
6958.188846323753 5.0032037121029405e-15
6961.006817251148 4.910585740278069e-15
6963.824788178554 4.958389866058911e-15
6966.64275910595 5.078091274182997e-15
6969.460730033346 5.0844533159171725e-15
6972.278700960753 5.081166647892748e-15
6975.096671888148 5.0430236831997656e-15
6977.9146428155445 5.0164814715842594e-15
6980.732613742951 4.997267188792343e-15
6983.550584670347 5.017817912005806e-15
6986.368555597743 5.081901621112419e-15
6989.186526525139 5.05610113457553e-15
6992.0044974525445 5.042105499223919e-15
6994.82246837994 4.9601820796456576e-15
6997.640439307336 5.094328495385267e-15
7000.458410234743 5.095324284905857e-15
7003.276381162139 5.050757562470958e-15
7006.094352089534 5.1525191680307836e-15
7008.912323016941 5.0891868038844504e-15
7011.730293944337 5.027254023421249e-15
7014.548264871733 4.999126357785438e-15
7017.366235799129 4.994747685543836e-15
7020.184206726534 5.051458268879283e-15
7023.002177653931 5.114057994723337e-15
7025.820148581326 5.179596629128721e-15
7028.638119508722 5.150174275830432e-15
7031.456090436129 5.148766363554706e-15
7034.274061363525 5.176027884242709e-15
7037.092032290931 5.257096731406057e-15
7039.910003218327 5.271228288516318e-15
7042.727974145723 5.359082395186983e-15
7045.54594507312 5.3022571035018246e-15
7048.363916000524 5.348973176766862e-15
7051.1818869279205 5.429152715268037e-15
7053.999857855317 5.3381175625641006e-15
7056.817828782722 5.408152149039323e-15
7059.635799710119 5.31779837898645e-15
7062.453770637515 5.241677726448874e-15
7065.271741564911 5.274054214510316e-15
7068.089712492317 5.162671090489955e-15
7070.907683419713 5.159295809134215e-15
7073.725654347109 5.110307679460416e-15
7076.543625274515 5.140145638141704e-15
7079.36159620191 5.151728112155005e-15
7082.179567129307 5.078453725727307e-15
7084.997538056703 5.031504622250626e-15
7087.815508984108 5.021112992250849e-15
7090.633479911505 4.949873384006096e-15
7093.451450838911 4.934900044190356e-15
7096.2694217663075 4.789942515453991e-15
7099.087392693703 4.832039115512812e-15
7101.905363621099 4.9414652850535205e-15
7104.723334548505 4.930583851890531e-15
7107.541305475901 4.98331764885299e-15
7110.3592764032965 4.791070698976725e-15
7113.177247330703 4.824751120615816e-15
7115.995218258099 4.812389291744795e-15
7118.8131891854955 4.740641697788556e-15
7121.631160112891 4.7448529178489105e-15
7124.449131040297 4.668755307426096e-15
7127.267101967694 4.68070340751821e-15
7130.085072895089 4.742783371991788e-15
7132.9030438224945 4.689261308349043e-15
7135.721014749891 4.645579995250482e-15
7138.538985677287 4.664052086589736e-15
7141.356956604683 4.6562075311626654e-15
7144.174927532089 4.653753891497937e-15
7146.992898459485 4.6369566791952484e-15
7149.810869386882 4.672714414904979e-15
7152.628840314287 4.6835408112687615e-15
7155.4468112416835 4.617363031428451e-15
7158.26478216908 4.541623838024455e-15
7161.082753096484 4.5225520341367556e-15
7163.900724023881 4.5379251419832e-15
7166.718694951277 4.454561041437731e-15
7169.536665878673 4.5277774535799305e-15
7172.354636806079 4.425370117663829e-15
7175.172607733475 4.462693506150024e-15
7177.9905786608715 4.380723912868128e-15
7180.808549588278 4.4223774115952436e-15
7183.626520515673 4.330085216975482e-15
7186.44449144307 4.368398585982953e-15
7189.262462370465 4.341884547589459e-15
7192.0804332978705 4.371499536334666e-15
7194.898404225267 4.411481266523255e-15
7197.716375152663 4.368891244006773e-15
7200.53434608007 4.350486005628148e-15
7203.352317007465 4.417969695650752e-15
7206.170287934861 4.408134977371995e-15
7208.988258862268 4.388597128256927e-15
7211.806229789664 4.388953400333762e-15
7214.6242007170595 4.409782852606036e-15
7217.442171644455 4.318662164096508e-15
7220.260142571861 4.300451737781227e-15
7223.078113499257 4.334971290542354e-15
7225.896084426653 4.246177695489494e-15
7228.714055354059 4.193041417485071e-15
7231.532026281456 4.2893234759289e-15
7234.349997208851 4.195522672074305e-15
7237.1679681362575 4.2647174739208305e-15
7239.985939063654 4.1742101830222946e-15
7242.80390999105 4.25152760153228e-15
7245.621880918446 4.236837348285926e-15
7248.439851845851 4.164649489086592e-15
7251.257822773247 4.168884521130367e-15
7254.075793700644 4.2493282274034615e-15
7256.893764628049 4.251871376279121e-15
7259.711735555446 4.143436686219388e-15
7262.529706482842 4.15397057391993e-15
7265.347677410247 4.186861265230234e-15
7268.165648337644 4.242255725874382e-15
7270.98361926504 4.236689101499554e-15
7273.801590192436 4.146613470695912e-15
7276.619561119841 4.1410506915606126e-15
7279.437532047237 4.093876776960368e-15
7282.255502974634 4.206296313850774e-15
7285.07347390204 4.213682191266421e-15
7287.891444829435 4.238587122649504e-15
7290.709415756832 4.1872963479202454e-15
7293.527386684228 4.200541263505952e-15
7296.3453576116335 4.182991543815275e-15
7299.16332853903 4.1408798257057706e-15
7301.981299466426 4.140574612610866e-15
7304.799270393832 4.146131393133964e-15
7307.617241321227 4.176892410385456e-15
7310.435212248623 4.128563836647762e-15
7313.25318317603 4.071131970930559e-15
7316.071154103426 4.1036801211840664e-15
7318.889125030822 4.056204401223814e-15
7321.707095958228 4.080094058789182e-15
7324.525066885624 4.213917686801713e-15
7327.34303781302 4.0273762927801015e-15
7330.161008740416 4.089621262704722e-15
7332.9789796678215 4.0877678316463994e-15
7335.796950595218 4.099635259314082e-15
7338.614921522613 4.166600739407492e-15
7341.43289245002 4.019830110993145e-15
7344.250863377416 4.045402373837235e-15
7347.068834304812 4.053062431719108e-15
7349.886805232208 4.038708023846925e-15
7352.704776159614 4.0120452493070364e-15
7355.52274708701 4.026633416343528e-15
7358.340718014406 4.012852732888531e-15
7361.158688941811 3.990978410858739e-15
7363.976659869208 4.042995774663305e-15
7366.794630796604 4.024359675832914e-15
7369.612601724009 3.985404817394102e-15
7372.430572651406 4.0196097425401115e-15
7375.248543578802 3.9372587167545046e-15
7378.0665145061985 3.932164076503371e-15
7380.884485433604 4.0199985690298566e-15
7383.702456361 4.018701433929526e-15
7386.520427288397 4.013872542313455e-15
7389.338398215801 4.07037144221818e-15
7392.1563691431975 3.996561909171028e-15
7394.974340070594 3.915822483977651e-15
7397.79231099799 4.014720091992097e-15
7400.610281925396 3.972822545503974e-15
7403.428252852792 3.94933634885156e-15
7406.246223780198 3.997608116609758e-15
7409.064194707595 4.023917057096715e-15
7411.88216563499 4.002100965149919e-15
7414.700136562386 3.9891014928644516e-15
7417.518107489792 4.002961388588353e-15
7420.336078417188 3.980122013631728e-15
7423.154049344584 4.007884237468269e-15
7425.97202027199 3.882852452805701e-15
7428.789991199386 3.924255471334437e-15
7431.607962126782 3.972370074829979e-15
7434.425933054178 3.9103456605681725e-15
7437.2439039815845 3.9138637682856705e-15
7440.061874908981 3.8934369436359256e-15
7442.879845836376 3.8550804609933315e-15
7445.697816763782 3.876637750995561e-15
7448.515787691178 3.949042212954576e-15
7451.333758618574 3.8822787166977745e-15
7454.15172954597 3.8914630285976536e-15
7456.969700473376 3.890798070614937e-15
7459.7876714007725 3.9044086040641594e-15
7462.605642328168 3.904665083926257e-15
7465.423613255574 3.891888866231878e-15
7468.241584182971 3.819932220297587e-15
7471.059555110367 3.853045279128478e-15
7473.8775260377615 3.877711995287364e-15
7476.695496965168 3.854939317726693e-15
7479.513467892564 3.8508379473003504e-15
7482.331438819961 3.953064864777035e-15
7485.149409747366 3.853702365674534e-15
7487.967380674762 3.7782162334087366e-15
7490.785351602159 3.8837145522031624e-15
7493.603322529564 3.860542166369151e-15
7496.4212934569605 3.854742349895648e-15
7499.239264384357 3.9550055179444955e-15
7502.057235311762 3.977835121854155e-15
7504.875206239158 4.0853539008786066e-15
7507.693177166554 4.126846883865923e-15
7510.51114809396 4.050947562655198e-15
7513.329119021357 4.101296690300487e-15
7516.147089948752 3.955242890274165e-15
7518.9650608761485 3.854584241186654e-15
7521.783031803555 3.6079960355208345e-15
7524.60100273095 3.5035433038916732e-15
7527.418973658347 3.5443570461352458e-15
7530.236944585752 3.716658992959666e-15
7533.054915513148 4.0500616720167086e-15
7535.872886440544 4.110804301075153e-15
7538.69085736795 4.0461536118490275e-15
7541.508828295347 3.900075899970905e-15
7544.326799222743 3.757798319187211e-15
7547.144770150138 3.6484794712227926e-15
7549.962741077545 3.568383194265985e-15
7552.780712004941 3.5246804884021932e-15
7555.598682932337 3.5320223377670173e-15
7558.416653859733 3.617611730535215e-15
7561.234624787138 3.720605336125942e-15
7564.052595714535 3.641948023860455e-15
7566.87056664194 3.749633153910001e-15
7569.688537569336 3.7363804119037944e-15
7572.506508496733 3.746480755526403e-15
7575.324479424129 3.8273465750507474e-15
7578.1424503515345 3.784942129366652e-15
7580.960421278931 3.770453584556092e-15
7583.778392206327 3.736818644602834e-15
7586.596363133733 3.7676781277124525e-15
7589.414334061128 3.744365398982352e-15
7592.232304988524 3.6719482340136915e-15
7595.050275915921 3.8172368445557785e-15
7597.868246843326 3.755297989542986e-15
7600.686217770723 3.701560316633783e-15
7603.504188698119 3.656276077739247e-15
7606.322159625525 3.701099630267633e-15
7609.140130552921 3.6209413525899256e-15
7611.958101480317 3.606116907721389e-15
7614.776072407713 3.697087635333069e-15
7617.594043335119 3.639179717324148e-15
7620.412014262514 3.612887114068318e-15
7623.229985189911 3.654890789822528e-15
7626.047956117317 3.584093017649777e-15
7628.865927044712 3.620864646352266e-15
7631.683897972109 3.7089775010443645e-15
7634.501868899515 3.681873172858261e-15
7637.319839826911 3.584490397449314e-15
7640.137810754307 3.5622004764959076e-15
7642.955781681703 3.568715442190372e-15
7645.773752609109 3.6558204331187855e-15
7648.591723536505 3.554244253694847e-15
7651.4096944639 3.713882481126275e-15
7654.227665391307 3.6414281955982855e-15
7657.045636318703 3.5442868827558718e-15
7659.863607246099 3.582940317958014e-15
7662.681578173505 3.604643804442319e-15
7665.499549100901 3.575634359807918e-15
7668.317520028298 3.5599600783274196e-15
7671.135490955693 3.50106920520111e-15
7673.9534618830985 3.5085570230966176e-15
7676.771432810495 3.582664128762775e-15
7679.589403737891 3.571409541845951e-15
7682.407374665297 3.6336500944178035e-15
7685.225345592693 3.559975297732116e-15
7688.043316520089 3.453852759216187e-15
7690.861287447496 3.553526834522235e-15
7693.679258374891 3.5328408271934434e-15
7696.497229302287 3.591295047386566e-15
7699.315200229684 3.610701494909602e-15
7702.133171157088 3.55327071031024e-15
7704.951142084485 3.539343940738042e-15
7707.769113011881 3.544160072347191e-15
7710.587083939287 3.4925199042472427e-15
7713.405054866683 3.4651009110666323e-15
7716.223025794079 3.4924715345389075e-15
7719.0409967214855 3.4806955999332998e-15
7721.858967648882 3.5048562679296442e-15
7724.676938576277 3.4556256435360786e-15
7727.494909503674 3.5225146633039527e-15
7730.312880431079 3.4042615280602328e-15
7733.1308513584745 3.4752529602394127e-15
7735.948822285871 3.482552995762813e-15
7738.766793213277 3.4587589132044406e-15
7741.5847641406735 3.4526744358382157e-15
7744.402735068069 3.459610753415238e-15
7747.220705995475 3.453779678877916e-15
7750.038676922872 3.410379960878752e-15
7752.856647850268 3.427226400391511e-15
7755.674618777663 3.443183891503431e-15
7758.492589705069 3.4464138589239882e-15
7761.310560632465 3.389029067198709e-15
7764.128531559861 3.5195832190503993e-15
7766.946502487267 3.374417585027259e-15
7769.764473414663 3.409000269529425e-15
7772.58244434206 3.37997418378511e-15
7775.400415269455 3.3669011846086947e-15
7778.2183861968615 3.3966915435715008e-15
7781.036357124258 3.391467131666411e-15
7783.854328051654 3.4139369767773965e-15
7786.672298979059 3.4292573407633915e-15
7789.490269906455 3.389178149188459e-15
7792.308240833851 3.34860442646356e-15
7795.126211761257 3.3003179655292672e-15
7797.944182688653 3.3766849316155005e-15
7800.7621536160495 3.340505518256076e-15
7803.580124543446 3.358662257912122e-15
7806.398095470851 3.308244566824712e-15
7809.216066398248 3.3376077107521775e-15
7812.034037325644 3.393306848941066e-15
7814.8520082530495 3.370027240124806e-15
7817.669979180445 3.306148521266426e-15
7820.487950107841 3.2537550077587077e-15
7823.305921035248 3.3368918704409963e-15
7826.123891962643 3.452952543465792e-15
7828.941862890039 3.3105285018712992e-15
7831.759833817436 3.369923837539846e-15
7834.577804744842 3.379863272715323e-15
7837.3957756722375 3.281064107804909e-15
7840.213746599634 3.349759332104067e-15
7843.031717527039 3.2606336528366046e-15
7845.849688454436 3.361987379025384e-15
7848.667659381831 3.2749806376816535e-15
7851.485630309227 3.289160867142912e-15
7854.303601236634 3.311130708088095e-15
7857.12157216403 3.3064384546420828e-15
7859.939543091426 3.331351450754702e-15
7862.757514018832 3.339645819671037e-15
7865.575484946228 3.3033436755152077e-15
7868.393455873624 3.341998191172442e-15
7871.211426801029 3.361645231511941e-15
7874.0293977284255 3.3390536887599176e-15
7876.847368655822 3.261575794519728e-15
7879.665339583217 3.2418427322377268e-15
7882.483310510624 3.316890172623644e-15
7885.30128143802 3.3404465493091617e-15
7888.119252365416 3.2888859281200423e-15
7890.937223292822 3.2088853286413185e-15
7893.755194220218 3.237687369350164e-15
7896.573165147614 3.255404853444677e-15
7899.391136075019 3.2893981764776687e-15
7902.209107002415 3.249838967135866e-15
7905.027077929812 3.3793687633614027e-15
7907.845048857208 3.2798517250661408e-15
7910.663019784613 3.3127830312878446e-15
7913.48099071201 3.27382139141796e-15
7916.298961639406 3.2468547178270537e-15
7919.1169325668125 3.2536478652766523e-15
7921.934903494208 3.1728201139877484e-15
7924.752874421604 3.1749130910264145e-15
7927.57084534901 3.297356723653545e-15
7930.388816276405 3.2529074666766756e-15
7933.2067872038015 3.2243076383140604e-15
7936.024758131198 3.2787206087140526e-15
7938.842729058604 3.2141336739141773e-15
7941.660699986 3.1695393284457866e-15
7944.478670913396 3.252225593117694e-15
7947.296641840792 3.26469434252631e-15
7950.114612768199 3.135878588775744e-15
7952.932583695594 3.172807296558854e-15
7955.7505546229995 3.239781709799332e-15
7958.568525550396 3.1423154907873248e-15
7961.386496477791 3.1351848356587108e-15
7964.204467405188 3.1656016145821638e-15
7967.022438332594 3.2565718546938258e-15
7969.84040925999 3.213098939846517e-15
7972.658380187386 3.229798611716588e-15
7975.476351114792 3.2448649305753726e-15
7978.2943220421885 3.1492549502062496e-15
7981.112292969585 3.13596650486553e-15
7983.930263896989 3.1664585345455053e-15
7986.748234824386 3.16478524086914e-15
7989.566205751782 3.1654181787329245e-15
7992.384176679178 3.1894829111457023e-15
7995.202147606584 3.181969630380326e-15
7998.02011853398 3.202441019780632e-15
8000.8380894613765 3.2354411824571828e-15
8003.656060388772 3.140369631181555e-15
8006.474031316178 3.149588491614384e-15
8009.292002243575 3.0683855608752705e-15
8012.10997317098 3.1373358182155664e-15
8014.9279440983755 3.17674165478059e-15
8017.745915025772 3.1150718551690304e-15
8020.563885953168 3.1297452513870404e-15
8023.381856880575 3.1485175775300656e-15
8026.19982780797 3.1383672149837793e-15
8029.017798735366 3.21519923048477e-15
8031.835769662763 3.163872429531628e-15
8034.653740590168 3.0773850662217446e-15
8037.4717115175645 3.0519701003226376e-15
8040.289682444961 3.0951576841542425e-15
8043.107653372366 3.079380987533198e-15
8045.925624299762 3.113564688276501e-15
8048.743595227158 3.117939475486089e-15
8051.561566154554 3.0356970587612866e-15
8054.379537081961 3.1444374393103217e-15
8057.197508009356 3.181438073208742e-15
8060.0154789367525 3.0490002973754053e-15
8062.833449864159 3.0574682156869577e-15
8065.651420791554 3.057388933640956e-15
8068.469391718951 3.0002149890382316e-15
8071.287362646356 3.0560371375183867e-15
8074.105333573752 3.0587907836835935e-15
8076.923304501148 3.107146720210511e-15
8079.741275428554 3.113949952909402e-15
8082.559246355951 3.1387487443259426e-15
8085.377217283347 3.099311883782774e-15
8088.195188210742 3.0271871309704546e-15
8091.013159138149 3.077352542322155e-15
8093.831130065545 3.1328109611707484e-15
8096.6491009929405 3.0898261714689113e-15
8099.467071920346 3.1031880806153606e-15
8102.285042847742 3.0787399877425385e-15
8105.103013775139 3.1270142109025195e-15
8107.920984702534 3.158942607850418e-15
8110.73895562994 3.0483798865612568e-15
8113.556926557337 3.1339002990863912e-15
8116.374897484732 3.135210082053796e-15
8119.1928684121385 3.1079961351545204e-15
8122.010839339536 3.161343838426355e-15
8124.828810266931 3.0775199596812966e-15
8127.646781194337 3.0632774962609034e-15
8130.464752121732 3.2108870918638655e-15
8133.2827230491275 3.1442476301389387e-15
8136.100693976525 3.134485076536117e-15
8138.918664903931 3.0348958357146173e-15
8141.736635831327 2.9612496355940484e-15
8144.554606758722 3.0085528803128455e-15
8147.372577686128 3.112124625631203e-15
8150.190548613526 3.1476246994180893e-15
8153.008519540921 3.0978799148037533e-15
8155.8264904683165 3.1497409300960178e-15
8158.644461395722 3.187494521752952e-15
8161.462432323119 3.1638165706315636e-15
8164.280403250515 3.1891619091220085e-15
8167.098374177921 3.21700687050197e-15
8169.916345105316 3.2257237905837346e-15
8172.734316032714 3.117825923288313e-15
8175.552286960118 3.10371761277212e-15
8178.370257887515 3.1637190693323103e-15
8181.188228814911 3.125049934805689e-15
8184.006199742316 3.1090318744819286e-15
8186.824170669712 3.1258563166214217e-15
8189.642141597109 3.083134938980858e-15
8192.460112524504 3.0457995731048686e-15
8195.27808345191 3.0343223283709304e-15
8198.096054379306 2.9402051762175064e-15
8200.914025306703 2.9528302541769328e-15
8203.73199623411 2.9296141163784732e-15
8206.549967161505 2.9441536637338594e-15
8209.3679380889 2.988345763293327e-15
8212.185909016298 2.943564724995918e-15
8215.003879943704 2.9846989909026095e-15
8217.8218508711 2.9336096008314133e-15
8220.639821798495 2.817099423173188e-15
8223.457792725902 2.9245982491847775e-15
8226.275763653297 3.059550993738644e-15
8229.093734580692 2.9804877042040812e-15
8231.911705508099 2.9578324372945366e-15
8234.729676435494 2.900999917496632e-15
8237.54764736289 2.8360772564878858e-15
8240.365618290287 2.852031161366738e-15
8243.183589217693 2.9252595499461088e-15
8246.001560145089 2.8960929712558476e-15
8248.819531072484 2.871258185772497e-15
8251.63750199989 2.885526328937213e-15
8254.455472927288 2.7782035375132038e-15
8257.273443854683 2.7927097433871905e-15
8260.091414782079 2.7189176038511894e-15
8262.909385709485 2.7481136858359438e-15
8265.727356636882 2.7387194316956725e-15
8268.545327564278 2.7009898827326924e-15
8271.363298491684 2.765161563961543e-15
8274.18126941908 2.791064785197531e-15
8276.999240346477 2.681085327490691e-15
8279.817211273881 2.7105212530174216e-15
8282.635182201277 2.742481600558465e-15
8285.453153128672 2.800579719665702e-15
8288.271124056078 2.8320167814678146e-15
8291.089094983474 2.7869071680705092e-15
8293.907065910871 2.7590224268435675e-15
8296.725036838267 2.6766441950907676e-15
8299.543007765673 2.680985241346087e-15
8302.360978693068 2.697004556243029e-15
8305.178949620466 2.673519627335791e-15
8307.996920547872 2.6995205295119286e-15
8310.814891475267 2.7393812790947676e-15
8313.632862402663 2.747024245305773e-15
8316.45083333006 2.6567794685771164e-15
8319.268804257466 2.6490984582072744e-15
8322.086775184862 2.701621351996112e-15
8324.904746112257 2.7935628501291096e-15
8327.722717039664 2.687802141573612e-15
8330.540687967059 2.7243103820771092e-15
8333.358658894456 2.755751991343685e-15
8336.176629821863 2.671086085821111e-15
8338.994600749258 2.574018288542733e-15
8341.812571676652 2.54256739878308e-15
8344.630542604049 2.5061790965696157e-15
8347.448513531455 2.6190561908682675e-15
8350.26648445885 2.6325303963476767e-15
8353.084455386246 2.603333248427869e-15
8355.902426313653 2.6545276299052643e-15
8358.72039724105 2.6254713310799875e-15
8361.538368168445 2.5088398005563067e-15
8364.35633909584 2.5766180014410008e-15
8367.174310023247 2.5768970864989496e-15
8369.992280950644 2.6838547813664463e-15
8372.81025187804 2.6999977413496658e-15
8375.628222805446 2.69103774927656e-15
8378.446193732841 2.5517686075644936e-15
8381.264164660239 2.582736782537703e-15
8384.082135587634 2.5272607562198715e-15
8386.90010651504 2.549482456532309e-15
8389.718077442436 2.563059048539867e-15
8392.536048369833 2.626879315815688e-15
8395.354019297238 2.5884258286880467e-15
8398.171990224633 2.5927057796149576e-15
8400.989961152029 2.522842839675444e-15
8403.807932079435 2.5050863247180877e-15
8406.62590300683 2.5539487839934934e-15
8409.443873934228 2.6037332097522476e-15
8412.261844861634 2.5738119132132016e-15
8415.07981578903 2.4965226699749668e-15
8417.897786716425 2.4871508714889087e-15
8420.715757643822 2.5777997679220795e-15
8423.533728571228 2.5418526149740007e-15
8426.351699498624 2.4936449056697385e-15
8429.16967042602 2.516086634886069e-15
8431.987641353426 2.493453182117655e-15
8434.805612280821 2.602441890480873e-15
8437.623583208218 2.502395662938531e-15
8440.441554135614 2.552271298441188e-15
8443.25952506302 2.517374061447956e-15
8446.077495990416 2.54374769002017e-15
8448.895466917813 2.5201920917760407e-15
8451.71343784522 2.5498700164631908e-15
8454.531408772613 2.5397036288746114e-15
8457.349379700008 2.505167566896312e-15
8460.167350627415 2.53490991724771e-15
8462.985321554812 2.4814448282966476e-15
8465.803292482207 2.4888260404874377e-15
8468.621263409603 2.4598537631186216e-15
8471.43923433701 2.461923933614622e-15
8474.257205264406 2.5062604652633803e-15
8477.075176191802 2.489463424725149e-15
8479.893147119208 2.4596332041284435e-15
8482.711118046604 2.4533021898388766e-15
8485.529088974 2.4439770577122687e-15
8488.347059901405 2.4463034278292635e-15
8491.165030828803 2.4308264622794632e-15
8493.983001756198 2.4055793645067237e-15
8496.800972683595 2.448376358548525e-15
8499.618943611 2.46074637318375e-15
8502.436914538397 2.436982476122493e-15
8505.254885465793 2.4550113130396726e-15
8508.072856393199 2.4092261558932645e-15
8510.890827320593 2.3845591139466814e-15
8513.70879824799 2.3939031366081745e-15
8516.526769175396 2.3631977786566853e-15
8519.344740102792 2.421249637514118e-15
8522.162711030187 2.521203327133573e-15
8524.980681957584 2.4943033245423444e-15
8527.79865288499 2.374023368934125e-15
8530.616623812386 2.3279623821693024e-15
8533.434594739781 2.3439844131809695e-15
8536.252565667188 2.3426961819388622e-15
8539.070536594583 2.4457264963279647e-15
8541.88850752198 2.3290715356165085e-15
8544.706478449387 2.4544798211647764e-15
8547.524449376782 2.4530413508630535e-15
8550.342420304178 2.4433523275980386e-15
8553.160391231575 2.480228007484571e-15
8555.978362158981 2.4155066864061235e-15
8558.796333086377 2.3308131006181667e-15
8561.614304013772 2.334557116705619e-15
8564.432274941179 2.274875221630056e-15
8567.250245868574 2.3622914568834568e-15
8570.06821679597 2.356861214217326e-15
8572.886187723376 2.419028786488983e-15
8575.704158650771 2.5201271826460244e-15
8578.522129578168 2.409237020496565e-15
8581.340100505564 2.31386362746133e-15
8584.15807143297 2.372965442694353e-15
8586.976042360366 2.361984502191209e-15
8589.794013287763 2.370513839801009e-15
8592.611984215167 2.389185746705269e-15
8595.429955142565 2.4062050436905353e-15
8598.24792606996 2.4371005591629996e-15
8601.065896997356 2.433768631895738e-15
8603.883867924762 2.386764046569062e-15
8606.70183885216 2.3121372786843033e-15
8609.519809779555 2.3115873491117724e-15
8612.337780706961 2.3952200842071316e-15
8615.155751634356 2.3148114173858723e-15
8617.973722561754 2.3860126752971763e-15
8620.79169348916 2.3937412609560906e-15
8623.609664416555 2.3622965824762e-15
8626.427635343949 2.360964270908334e-15
8629.245606271355 2.270814144831629e-15
8632.06357719875 2.3318006859192786e-15
8634.881548126148 2.3247390540914533e-15
8637.699519053544 2.364474462258602e-15
8640.51748998095 2.4121626944374334e-15
8643.335460908345 2.4181047350463396e-15
8646.153431835743 2.4075716660945543e-15
8648.971402763149 2.3124978461919223e-15
8651.789373690544 2.243188648646183e-15
8654.60734461794 2.285905821216302e-15
8657.425315545346 2.313119577404171e-15
8660.243286472743 2.234977995617966e-15
8663.061257400139 2.3855213739449426e-15
8665.879228327534 2.3730473515170827e-15
8668.69719925494 2.289306629307213e-15
8671.515170182338 2.226587276157744e-15
8674.333141109733 2.1274087357665427e-15
8677.15111203714 2.1414590804583925e-15
8679.969082964535 2.22044636477119e-15
8682.78705389193 2.2722940953426103e-15
8685.605024819326 2.3489622252105176e-15
8688.422995746732 2.3958349226122853e-15
8691.240966674128 2.2604927190720216e-15
8694.058937601525 2.2144295453400843e-15
8696.87690852893 2.2183604490353327e-15
8699.694879456327 2.226220684659336e-15
8702.512850383722 2.2511561952518702e-15
8705.330821311118 2.2886890154467164e-15
8708.148792238524 2.270798596172571e-15
8710.966763165921 2.268125277961439e-15
8713.784734093317 2.20514490014172e-15
8716.602705020723 2.172331606525589e-15
8719.420675948119 2.1790119909122718e-15
8722.238646875516 2.1733360866424978e-15
8725.056617802922 2.1022019287335538e-15
8727.874588730318 2.2137671306894548e-15
8730.692559657713 2.2068281173842784e-15
8733.51053058512 2.2515255170335065e-15
8736.328501512515 2.2271584882663006e-15
8739.14647243991 2.175896258078318e-15
8741.964443367306 2.1013794848481844e-15
8744.782414294712 2.098434785352887e-15
8747.600385222107 2.0437764242187324e-15
8750.418356149505 2.139574884228395e-15
8753.236327076911 2.0802836965795426e-15
8756.054298004306 2.088411340465144e-15
8758.872268931702 2.191898042649952e-15
8761.690239859108 2.095129021869106e-15
8764.508210786506 2.1130516923098798e-15
8767.326181713901 2.1405491166680107e-15
8770.144152641296 2.1026314203813513e-15
8772.962123568703 2.1700934077970656e-15
8775.7800944961 2.14278348546325e-15
8778.598065423495 2.160430228072906e-15
8781.416036350902 2.1364562699212605e-15
8784.234007278297 2.0658192668930806e-15
8787.051978205694 2.1031143303400756e-15
8789.86994913309 2.041581428315081e-15
8792.687920060496 2.122536210017514e-15
8795.50589098789 2.164176030877608e-15
8798.323861915287 2.2137470994609523e-15
8801.141832842692 2.2453043836342483e-15
8803.959803770089 2.1004979215311566e-15
8806.777774697484 2.090236911614686e-15
8809.59574562488 2.1248830436588932e-15
8812.413716552286 2.1013824795918286e-15
8815.231687479683 2.1672147674356628e-15
8818.049658407079 2.0624245104755676e-15
8820.867629334485 2.0490012211358612e-15
8823.68560026188 2.10566390593415e-15
8826.503571189278 2.063724007836282e-15
8829.321542116673 2.0583987002171966e-15
8832.13951304408 2.0096675120559386e-15
8834.957483971475 2.069908321081884e-15
8837.775454898872 2.0196111655744093e-15
8840.593425826277 2.0257658521110957e-15
8843.411396753674 2.0221025692013996e-15
8846.22936768107 2.077633702644973e-15
8849.047338608476 2.0484193520549803e-15
8851.865309535871 2.1382552671811178e-15
8854.683280463267 2.1406717192583065e-15
8857.501251390673 2.1431376113947988e-15
8860.319222318069 2.03280052033707e-15
8863.137193245464 2.1862579621238176e-15
8865.955164172861 2.2136738964590302e-15
8868.773135100268 2.1513474114549587e-15
8871.591106027663 2.1459999142402845e-15
8874.409076955058 2.1443913980190033e-15
