3681.980934859779 3.565719487714696e-17
3684.867176304896 5.2517338033298e-18
3689.210729285623 2.0712374216824834e-17
3693.535723679112 1.3804114467074718e-17
3696.4284539161044 2.6609333629236408e-17
3699.32276615511 1.6259161549695642e-17
3703.678959852249 2.469776522203298e-17
3708.015085493677 2.1769551949153582e-17
3710.916013402488 1.9714529425604363e-17
3713.8182655420983 -1.3634893935873224e-17
3716.7221807414016 2.3191736833670427e-17
3721.093306914227 1.9011588623983612e-17
3725.44328578481 1.7521582402080324e-17
3728.353497535325 2.779595038796774e-17
3731.2652328383697 3.386530859994815e-17
3734.178612043947 4.3747015503216433e-17
3738.5645691984532 2.4873795905395742e-17
3742.9279916338855 7.910843090861605e-18
3745.847609356071 3.1456030992672917e-17
3748.768768798148 3.4819780766451827e-17
3751.691474209052 3.386801071495901e-17
3756.092152721273 4.7863394807452576e-17
3760.4689302893007 5.077981917742891e-17
3763.397588897577 3.8235860932118e-17
3766.328275557554 3.329973827609139e-17
3769.260274962128 3.572206820763515e-17
3773.6755213474935 3.9853431572881035e-17
3778.065484906697 4.7164369734090175e-17
3781.0035818402275 8.330890580025024e-18
3783.943250324615 1.7328802166736453e-17
3786.884205588032 2.1508139296167752e-17
3789.8271601421366 2.26783876430356e-17
3794.259339941389 2.354327990574273e-17
3798.664406114745 1.4344999937405886e-17
3801.6132017936834 9.465786624325527e-18
3804.563493595247 2.3503724921608394e-17
3807.515232781522 3.2237733855167616e-17
3811.962012436434 3.2265578643945046e-17
3816.379744831385 3.653609039742282e-17
3819.3375476700007 2.538136149337316e-17
3822.2970973935767 2.0314190698571064e-17
3825.257664253573 2.126511831416325e-17
3829.7189533956903 2.2059291818156846e-17
3834.1490495511484 3.670423130577275e-17
3837.1157646367706 2.9377094160842964e-17
3840.084042595134 3.398509313027964e-17
3843.053753258584 2.4291586828390813e-17
3846.0249493861415 1.9110006125125448e-17
3850.503226386248 2.011875274100113e-17
3854.947380646025 1.6780263064867494e-17
3857.924461945253 1.2305688058816544e-17
3860.903031000911 2.4259927358361096e-17
3863.8830448178433 2.085274498387958e-17
3866.8645242878565 2.4891083950953643e-17
3871.359613574515 1.888391844084101e-17
3875.817691852692 2.1848951707192008e-17
3878.804972839253 1.81047044696818e-17
3881.7937133587907 1.7977727630495e-17
3884.7838945112453 1.163722076524921e-17
3889.2928277609963 1.1691356702677564e-17
3893.7630330472603 9.760421349869119e-18
3896.759084633492 1.8018031751930985e-17
3899.75646527083 1.4501807356577654e-17
3902.755290469289 1.422332510614623e-17
3905.755538231687 2.0756631482914288e-17
3910.2799267667046 2.559467198435796e-17
3914.764837875303 2.2132233659702547e-17
3917.7707841237598 2.0437225874532e-17
3920.7781591656085 2.786220110215047e-17
3923.7869112397107 1.224112471263201e-17
3926.797100776435 1.3392150000084809e-17
3931.335962316978 1.881645767575143e-17
3935.836144709961 1.5495923634526784e-17
3938.851983032323 2.3154058299855143e-17
3941.8692270178617 3.678569642823983e-17
3944.8878492050726 3.267515799789595e-17
3947.907577317445 1.3890846594540117e-17
3950.9292789111173 2.987986283324506e-17
3955.483587044 3.9639758728068837e-17
3960.001895307094 4.402826163708546e-17
3963.0287872618997 3.6574224696067614e-17
3966.0572274995875 4.565958641177692e-17
3969.0869012340013 4.900973519623284e-17
3972.118073908762 3.997800615011874e-17
3976.6851633077804 5.3443285899188384e-17
3981.219498548454 5.4905843976067744e-17
3984.256261623166 5.291155946014761e-17
3987.294248824461 5.5016225176877215e-17
3990.333576009758 4.8813215062037493e-17
3993.37428487086 5.918844912143993e-17
3996.416347401946 5.377136960664094e-17
4000.9975993615317 4.6378808620035024e-17
4005.5506605198884 5.3683806774432397e-17
4008.5981284718496 5.37586483550315e-17
4011.64693116575 3.377246385624974e-17
4014.6971347266845 5.098040220723755e-17
4017.7491056497956 4.9558782925050164e-17
4022.342342233877 4.703365361244733e-17
4026.9112378045315 5.0212482756656675e-17
4029.9681059320474 4.89476342455427e-17
4033.0263003503533 4.298864713827898e-17
4036.0858213576403 4.157912187694468e-17
4039.1467071075303 5.332750690289061e-17
4042.2088859542737 4.776304228990417e-17
4046.816919167815 4.832845254687086e-17
4051.403372892115 4.472129309490406e-17
4054.4708493188127 4.4715828554116915e-17
4057.539605958024 3.047380340706537e-17
4060.609315084956 3.821869949081555e-17
4063.681132169479 3.969933347873943e-17
4066.7538201259526 2.727055941495853e-17
4071.376561663515 2.4858149107382555e-17
4075.979793856867 2.8163669790803705e-17
4079.0580539347006 3.4950604109812095e-17
4082.136956346502 3.6028137155538185e-17
4085.2174770486527 3.572955912345576e-17
4088.299145537951 3.6515480917137035e-17
4091.3823826555 3.4958165277450087e-17
4094.4667819010097 4.268318463409176e-17
4099.106472225011 4.3943883282176975e-17
4103.727290927489 4.8372910649394276e-17
4106.8171875433245 4.806131545944116e-17
4109.907960031003 4.036775765560016e-17
4113.000044355066 5.3111689974483135e-17
4116.093366294588 4.4118609971102934e-17
4119.187977170568 4.2115265354581726e-17
4123.842617989428 3.487646239722365e-17
4128.479420733397 4.520175515085143e-17
4131.579095502711 4.34400802065819e-17
4134.680019102637 4.4458426869840836e-17
4137.782218286395 5.006843137951726e-17
4140.885916568351 4.141958253979902e-17
4143.991187931164 5.363135673395294e-17
4147.097161430551 5.514961079261358e-17
4151.76883784997 4.6869902127548226e-17
4156.422441871312 5.339905293404167e-17
4159.532554268996 5.565373707137766e-17
4162.644662871722 5.792343929244752e-17
4165.758148641792 6.567861932550156e-17
4168.872787294543 6.126981504297686e-17
4171.988660184478 6.165503409238083e-17
4175.105782564946 6.831683380067526e-17
4179.793932711184 6.570393238355434e-17
4184.464453687316 6.117551540269382e-17
4187.5866875526535 4.987804647641589e-17
4190.70969311127 5.929546263619289e-17
4193.833870335325 5.249060499865242e-17
4196.959803062965 5.4797588798429565e-17
4200.086684531204 5.59282812337121e-17
4203.214770665348 5.165356559729062e-17
4207.9186116885585 5.348859692962554e-17
4212.606297403111 5.264824361288474e-17
4215.7388627916425 5.057844430259325e-17
4218.873343113051 5.744483948802273e-17
4222.00859438062 6.028909694136406e-17
4225.145155881007 6.566921287004253e-17
4228.282491496739 6.826040316303013e-17
4231.421815101771 7.441026455986221e-17
4234.561910868212 7.18557857802173e-17
4239.282813536356 8.636968542896849e-17
4243.989331050296 7.650955548240574e-17
4247.133991838464 7.320993339980368e-17
4250.28018290848 7.638259037626856e-17
4253.427379623921 7.159969974770229e-17
4256.575731510863 6.363493491714744e-17
4259.725282981926 6.389857739159478e-17
4262.875984422185 5.711085990142724e-17
4266.027862546085 5.476523820511091e-17
4270.76510316172 5.764210606041442e-17
4275.49054456521 5.811412315059109e-17
4278.647093364009 6.016637300831778e-17
4281.804797592556 5.81155649585846e-17
4284.963672772578 5.917783554980758e-17
4288.123667916683 5.1805112982498954e-17
4291.284840694161 5.2460655776477335e-17
4294.447148825802 4.4843147098526134e-17
4297.610610298882 4.127919750609284e-17
4302.363845033864 3.911721766942584e-17
4307.107886782569 3.03503489241349e-17
4310.275928604793 3.8518007055659436e-17
4313.445144364504 3.799939177909237e-17
4316.615470481359 4.088021379976693e-17
4319.786969303066 5.129632537746918e-17
4322.959090864864 4.117011281621905e-17
4326.133310619048 6.668188899668984e-17
4329.308159324163 6.84472763258083e-17
4332.48416226196 8.44808732320387e-17
4337.2547980685285 9.466133105381658e-17
4342.018850949947 9.742658053107625e-17
4345.199324883893 1.0577361231260003e-16
4348.380912493143 1.0953111168222537e-16
4351.563593930737 1.0370156746261265e-16
4354.747400086918 9.892921048281133e-17
4357.932278577122 7.927423526009683e-17
4361.118300661384 7.877837872976417e-17
4364.305427520239 7.076854804818443e-17
4367.493665229021 7.504208812541659e-17
4372.281578792616 7.279981690006139e-17
4377.064915081348 7.28250875379078e-17
4380.257611290837 7.414619211695916e-17
4383.451357068423 8.290416627911056e-17
4386.646178146713 8.55526456032546e-17
4389.842153741621 8.038103435538014e-17
4393.03909275964 9.361833384613294e-17
4396.236918638558 9.595088330983336e-17
4399.436350003005 9.681939033636325e-17
4402.636615735517 1.0055902811535173e-16
4407.441744877942 8.805730145884053e-17
4412.243832783816 8.952688510714461e-17
4415.44838381118 8.593697786009198e-17
4418.654002490816 7.485302213345595e-17
4421.86067567149 7.208363493543587e-17
4425.068487372291 7.467121782926888e-17
4428.27731972415 6.722502902649833e-17
4431.487225817025 6.58262620122795e-17
4434.698204443714 7.043207215901793e-17
4437.910249221046 7.654044931833612e-17
4441.1233363003375 7.648874303079028e-17
4445.947197745898 7.419572516044558e-17
4450.768939783621 8.080838264008943e-17
4453.986245443825 7.968134532205082e-17
4457.2046054103985 8.913214408290775e-17
4460.424386672566 8.382519716260741e-17
4463.644456327599 8.665878931625031e-17
4466.865939855911 8.774824867630695e-17
4470.088470569113 8.556195576527802e-17
4473.312036134432 8.034283372824171e-17
4476.53662678339 7.636481855339257e-17
4479.762276482267 8.04752553931234e-17
4484.6047574803815 7.218925866113417e-17
4489.445159474117 6.868738750674147e-17
4492.674929707299 7.205460519243272e-17
4495.905930825179 6.191465511863777e-17
4499.137782473914 7.305839585820628e-17
4502.370598898262 6.919340794746012e-17
4505.604437429989 6.198346371866865e-17
4508.839313360563 5.938558072094646e-17
4512.075203578394 5.603106247779975e-17
4515.312115647108 5.781399520441704e-17
4518.550022016379 5.4039677896578387e-17
4521.788967386392 5.814939086511334e-17
4525.02885800692 5.673139388725251e-17
4529.893101572948 5.849864055788707e-17
4534.754782573029 6.421424326789132e-17
4537.998733720664 6.310283952993164e-17
4541.2436898301 6.268587348034844e-17
4544.489276672236 6.588942687785763e-17
4547.7366166678175 7.410234207509247e-17
4550.984611569918 8.084961549373107e-17
4554.23349922154 8.560587835104589e-17
4557.483426075621 8.242554875918156e-17
4560.734339089831 8.872928369931889e-17
4563.986249304806 9.123351537063618e-17
4567.239138924521 9.804260117368531e-17
4572.122871725142 9.843313946286358e-17
4577.003668149594 9.731265171947567e-17
4580.260481218287 1.0362867919970522e-16
4583.518260962436 1.0004760202912305e-16
4586.777022595247 9.430561514698689e-17
4590.036703380896 9.258604057097691e-17
4593.297375947283 8.1480874871425e-17
4596.5590492151 8.698402494699613e-17
4599.82166600423 8.297462096699879e-17
4603.085247992374 7.938745008952317e-17
4606.34990683672 7.266252760775311e-17
4609.6153128975875 8.081227826280118e-17
4612.881779182706 7.823082673182562e-17
4616.149201150184 7.227695304072182e-17
4621.054334719764 7.520295046008495e-17
4625.957215227284 7.387907311400094e-17
4629.2284434734565 7.300515223544179e-17
4632.500622559591 6.900735989370821e-17
4635.773756514715 6.979235553550812e-17
4639.047818186067 7.029877319029398e-17
4642.3228586344485 6.504356699648411e-17
4645.5987761894285 6.948075306442345e-17
4648.8757062461345 6.637719328448736e-17
4652.153527258322 5.88829155740363e-17
4655.43230814017 6.301818320328811e-17
4658.712012702792 6.235543938603375e-17
4661.992634037513 5.568079364253618e-17
4665.274181901847 4.79294365303135e-17
4670.199709441689 4.859056656026537e-17
4675.1244061284215 4.204847886797135e-17
4678.409724613342 4.926791447657188e-17
4681.695900987233 4.1859817048251795e-17
4684.9830030072135 3.992325534143316e-17
4688.27104687253 4.4423494987673896e-17
4691.559976138003 4.0627391187323376e-17
4694.849843260743 4.273098201064804e-17
4698.140606842018 4.087184588826551e-17
4701.432367965911 5.1942259296997636e-17
4704.724925580012 5.645595277233e-17
4708.018400417841 5.2733430726604866e-17
4711.312795923722 5.1908237280986087e-17
4714.608121761893 6.234795276260225e-17
4717.9043328080525 6.643599982875035e-17
4721.201898665492 6.44410510566594e-17
4726.149742767063 6.760859949451288e-17
4731.098124725476 6.592780893256224e-17
4734.39879761451 6.048234779809425e-17
4737.70026741273 5.3825832943609085e-17
4741.002828514227 5.643629586216412e-17
4744.306162338146 5.229764114069367e-17
4747.610409614975 5.627825949264286e-17
4750.915530125265 5.2888267867546546e-17
4754.221518810422 5.894978352302083e-17
4757.528446802179 5.611772751483484e-17
4760.83618778804 5.4988739894559273e-17
4764.144842152106 6.170163751322926e-17
4767.45435523101 5.859141538879039e-17
4770.764737865107 5.5378765542614485e-17
4774.076004149397 5.692258981583931e-17
4777.3881334645375 5.603964803192128e-17
4780.701141465787 5.651129065054735e-17
4785.674322281185 5.33730913482621e-17
4790.645323500263 4.7713959352301136e-17
4793.961768571862 4.5496491589439615e-17
4797.2790834741745 4.191944848051369e-17
4800.5972554112595 3.857174794354559e-17
4803.916211566959 2.9509882479783196e-17
4807.236156048224 2.945852153894928e-17
4810.556882545096 2.116373531326341e-17
4813.878472879805 1.9530093317431274e-17
4817.200954409611 2.6927571310580133e-17
4820.52424860258 2.5825350432394862e-17
4823.848397639943 2.5999977807208184e-17
4827.173381609994 2.636610176498806e-17
4830.499217246967 2.294477042231814e-17
4833.825898092245 2.7325203695387418e-17
4837.153643186965 3.7136290128090883e-17
4840.481813081726 4.258642633404671e-17
4843.811008634458 4.0718677114066026e-17
4848.809829776332 5.068736093170815e-17
4853.803605931586 5.81726857162381e-17
4857.13614193844 6.493748875465831e-17
4860.4694857174445 6.98234972062718e-17
4863.803694140977 8.114779966194764e-17
4867.138587388936 7.680407346318332e-17
4870.474518091658 8.347247142335951e-17
4873.811150980775 8.15783334400012e-17
4877.148631237359 9.282618802895964e-17
4880.486900212363 8.97167943510262e-17
4883.826003575671 9.266588251330708e-17
4887.165912610206 9.046468836736424e-17
4890.506635021433 8.420751770178746e-17
4893.848151383768 7.7956387673182e-17
4897.190508664329 7.932651309396117e-17
4900.533656774565 7.841965997603915e-17
4903.877638819571 8.479194620455889e-17
4907.222416438939 8.965069612956396e-17
4910.568005483461 1.0019690617710426e-16
4913.914404085284 1.1208776873689845e-16
4917.261579828099 1.1103595054704527e-16
4922.288533077689 1.141941754088473e-16
4927.307888630503 1.0898045447984738e-16
4930.658268333021 1.163537369083066e-16
4934.0094096550465 1.155493512685889e-16
4937.361350364369 1.0327104445247567e-16
4940.7140792845585 9.887713223638605e-17
4944.067593379223 9.033205072713316e-17
4947.421885763097 8.554500099892171e-17
4950.776972626354 7.584855090948715e-17
4954.132817041838 6.45606373109001e-17
4957.489495656865 6.552823126915876e-17
4960.846915317429 5.600586596612843e-17
4964.205140075334 5.55141732284596e-17
4967.564123345364 5.0134590741116134e-17
4970.923905144482 5.093786570814434e-17
4974.284433028389 4.2886874224113133e-17
4977.645759752709 4.5079897336697254e-17
4981.007842568355 4.164262520992319e-17
4984.370726703402 5.0872769400925885e-17
4987.7343611025935 5.102165127249133e-17
4991.098767013895 5.800731964392485e-17
4994.463961178904 7.038207397931875e-17
4997.829880374328 7.185885659471541e-17
5002.884857741384 9.036725895989285e-17
5007.932265690835 1.0663902670215622e-16
5011.301218988124 1.1004295310745018e-16
5014.670956639744 1.1868065065503676e-16
5018.041409636874 1.0922256030909933e-16
5021.412637880811 1.0203381300360618e-16
5024.784572290518 1.0322021284887725e-16
5028.157280522947 1.0034321915041364e-16
5031.53077298028 9.707143455495664e-17
5034.904925522762 8.841456210148853e-17
5038.279866602133 9.180165699616289e-17
5041.655565280706 8.146459898153773e-17
5045.0320074579595 7.902896415536377e-17
5048.4091736293485 7.292384281615324e-17
5051.787052193397 6.219945514579231e-17
5055.165721361027 6.495185976589147e-17
5058.545085786182 5.499657490021894e-17
5061.925195310515 5.3610090335072176e-17
5065.306040048311 4.7065136284123757e-17
5068.687631354994 5.044370309430442e-17
5072.069937911656 4.7044086348445194e-17
5075.452985713258 4.863967803370323e-17
5078.836764219366 4.93403687849682e-17
5082.221221241815 4.108050449122046e-17
5085.606466792136 4.5194844822508426e-17
5088.99240353929 4.9183626453712426e-17
5092.379075233186 5.409546105205212e-17
5095.766469081462 6.095325931212347e-17
5100.850406814981 6.375860237998536e-17
5105.932907104852 6.675914637880182e-17
5109.323138751253 6.019257075917823e-17
5112.714066552104 5.749472643662468e-17
5116.105726134958 5.861251974967062e-17
5119.498110884461 5.861909772821028e-17
5122.891188028084 5.887191264757276e-17
5126.284953546752 5.654834646703463e-17
5129.679437658245 5.796201394509173e-17
5133.074639690579 6.375099032860703e-17
5136.470544752591 6.78526813973943e-17
5139.867147257084 7.229515531235523e-17
5143.2644364717735 8.589221271996962e-17
5146.66245478651 9.455373710673078e-17
5150.061129191199 9.462934315274303e-17
5153.460535742889 1.1640945618387857e-16
5156.860611110888 1.2214391725634614e-16
5160.261361946813 1.2461314221538778e-16
5163.662817698172 1.2871519033369024e-16
5167.064931791575 1.243138114541928e-16
5170.467758061052 1.273121355736382e-16
5173.871252836313 1.2502562887202081e-16
5177.275773958322 1.2373580158024038e-16
5180.680294012236 1.1632681786660932e-16
5184.085855618058 1.1418228905299508e-16
5187.492068464138 1.093393567079798e-16
5190.898982422597 1.0829186434734407e-16
5194.306556581939 1.083194375010096e-16
5197.714815337427 1.0425797590882542e-16
5201.123731777842 9.930423046092875e-17
5204.533344006356 9.639264864537735e-17
5207.943605141644 8.9805617741331e-17
5211.3545547604335 8.894229015552737e-17
5216.470521395217 8.860047657247702e-17
5221.591409682384 9.133837168551424e-17
5225.005027347163 9.522767992805041e-17
5228.419289061685 9.66018252945681e-17
5231.834252764625 1.0014788562433584e-16
5235.249848000382 1.0077123379333457e-16
5238.666110947613 1.0123667933221968e-16
5242.083024728781 1.0317225884316081e-16
5245.500587635577 1.003671587451313e-16
5248.9188187150685 1.105701445436408e-16
5252.33770537298 1.1035381419974058e-16
5255.757234495116 1.1862998276859182e-16
5259.1774309882085 1.205121007259568e-16
5262.598255552067 1.2280558837258456e-16
5266.019746708807 1.320985554786959e-16
5269.441854345776 1.2910140710914458e-16
5272.864625784603 1.2994945836109312e-16
5276.288022802501 1.2532351015937442e-16
5279.7119473602825 1.1054035799107674e-16
5283.136730777457 1.0616987799710269e-16
5286.562051255468 9.901324030306983e-17
5289.98800894431 9.367478534651029e-17
5293.414616480373 8.868282829773108e-17
5296.841211476655 8.083373821452577e-17
5300.269732175355 8.883284627355058e-17
5303.698219846244 8.656623541823105e-17
5307.127383090251 9.094070554693801e-17
5310.557148833344 9.371785594859957e-17
5313.98756818138 1.0199790737853788e-16
5317.418586297632 9.860058991418808e-17
5320.850254036062 1.0650882800540504e-16
5324.282526047898 1.070493048192987e-16
5327.715434825599 1.0600134421945505e-16
5331.14895136126 1.0382725831512127e-16
5334.583083220022 9.440826327944462e-17
5338.017833011439 9.24526099634667e-17
5341.453211493303 8.936528725536945e-17
5344.889174935405 7.74407603980763e-17
5348.325783952721 7.262610348580414e-17
5351.763008217733 7.716466458900293e-17
5355.200850802331 7.199538479988649e-17
5358.639291234275 7.206449148027509e-17
5362.078371657973 7.678366725518081e-17
5365.518035487662 7.632333221101569e-17
5368.958337260488 7.921873367097184e-17
5373.534126637096 7.022393298951316e-17
5378.1244824877185 6.798913371745052e-17
5382.725465504112 6.574199361500008e-17
5386.168742607349 6.368310801026586e-17
5389.612653707498 6.305787928940782e-17
5393.0571418770405 6.114023557530944e-17
5396.502235844264 6.262294290194885e-17
5399.94794101963 6.730554706277881e-17
5403.394230452311 6.660534777406107e-17
5406.841077825187 6.176813512311683e-17
5410.288563643269 6.277154612481878e-17
5413.7365910539 5.4739145888487095e-17
5417.18527731812 6.192518564981723e-17
5420.634522270679 5.982874557897665e-17
5424.084543421781 5.84487550748788e-17
5427.534722661685 5.448200059013613e-17
5430.9857110943 5.399699062409399e-17
5434.437285665356 5.337118102096928e-17
5437.889457399343 4.91232313616179e-17
5441.342205037145 5.37827989364882e-17
5444.795527262909 4.916890158077837e-17
5448.249394283796 4.510811042848293e-17
5451.703888327201 4.0458707750912545e-17
5455.158932834053 4.618357286075373e-17
5458.614579266305 4.416695463580908e-17
5462.070748484198 4.19446249425348e-17
5465.527556864479 4.267341164697083e-17
5468.984854872895 3.786095327497928e-17
5472.442273323206 4.4635598339858736e-17
5475.9012767897175 4.492910681216932e-17
5479.360384628348 4.958895866462835e-17
5482.819954442599 4.7531472074595e-17
5486.280186284877 4.869925966527847e-17
5489.740866419662 4.0816801186464976e-17
5493.202229799928 4.7537724481967944e-17
5496.66407050783 4.677508028963996e-17
5500.126557926933 5.415628087322958e-17
5503.589516591976 5.3320886168055684e-17
5507.053110509604 5.575834311500092e-17
5510.5170819638715 5.69260662241376e-17
5513.98189502949 6.28266374493387e-17
5517.447067708068 6.277823000549343e-17
5520.912890655328 6.727164343911124e-17
5524.379168747722 6.761861222081787e-17
5527.8460468708 6.670041774685981e-17
5531.3134413701455 6.208824684223778e-17
5534.7814327716815 5.620089217472705e-17
5538.249897507377 5.690841726542693e-17
5541.718841346878 6.535181595702362e-17
5545.188374514591 4.3725375848656197e-17
5548.658558070973 5.6827614705361e-17
5552.129192145619 3.84035043742086e-17
5555.600485767738 5.415817081000371e-17
5559.072357384372 4.5018078226155434e-17
5562.544728695549 4.16405584119035e-17
5566.017548057425 4.460607676755192e-17
5569.490946854981 4.045198430388321e-17
5572.964820750423 3.4218898826587965e-17
5576.439316402031 3.815656874563848e-17
5579.914266627292 3.2762069086314575e-17
5583.389743472702 3.6566561521246764e-17
5586.8658389101465 3.1377127214114303e-17
5590.342399958178 2.6391195708711715e-17
5593.819493000741 2.4562622986282256e-17
5597.297158147799 2.8890707774089076e-17
5600.775311396117 2.780019290809041e-17
5604.25398972805 2.4731881891926484e-17
5607.733178964364 2.2629479070063277e-17
5611.21224462055 1.8914322736450672e-17
5614.693177588801 2.350373342353099e-17
5618.173981533896 2.690448992453148e-17
5621.655255354685 2.3463125753614533e-17
5625.137068122777 2.2336571442249092e-17
5628.619394773302 2.1852143287018406e-17
5632.102252067016 2.3483273963907573e-17
5635.585655831704 2.4902012358493302e-17
5639.069511926922 2.743249566928141e-17
5642.553902004346 2.785792863045383e-17
5646.038820545725 3.1826624602493645e-17
5649.524216939266 2.9484740570825955e-17
5653.010154712256 3.403854380746276e-17
5656.496579227243 3.254294737113856e-17
5659.983512541424 3.0268674048991165e-17
5663.4709503554 3.0527030109989525e-17
5666.958907228586 3.2053455344480907e-17
5670.447361670989 3.249406729334355e-17
5673.936285307362 2.4866947403032036e-17
5677.425770855893 2.9066177887382906e-17
5680.915724078083 2.8156446420942544e-17
5684.406157422329 2.494056330906923e-17
5687.897144572186 3.008219126609353e-17
5691.388564496226 2.3764154369182454e-17
5694.88052557919 2.6666395618623258e-17
5698.372978355375 2.780291938782358e-17
5701.86591750708 2.7562853330544404e-17
5705.35933480416 2.2987151015328946e-17
5708.853255756157 2.359971784703274e-17
5712.347688228667 2.5171120542152752e-17
5715.842595656697 2.740153843729847e-17
5719.337971069968 2.1066594855254815e-17
5722.83384946461 2.3187580287887748e-17
5726.330256987778 2.6780315698636686e-17
5729.827095744591 2.6274425743599704e-17
5733.324249300852 2.515468844046779e-17
5736.82225787909 2.6372536372500133e-17
5740.320591743573 2.92048610767881e-17
5743.819349834348 2.456576382013188e-17
5747.318628724338 2.4074310588843e-17
5750.818376718495 2.6665688368981175e-17
5754.318604085111 2.401978856660041e-17
5757.819315464527 2.6190154936492062e-17
5761.320504954595 2.5464347315368204e-17
5764.822114515119 1.969285177788143e-17
5768.324282395518 2.2559294609781224e-17
5771.826812603413 1.6942306939888057e-17
5775.3299376730165 1.827803486045678e-17
5778.832835978862 1.454858074222593e-17
5782.337480927626 1.3372643544188472e-17
5785.841940830842 1.1802088976650406e-17
5789.346920953457 1.2079392005125006e-17
5792.852059350585 1.0906570784162904e-17
5796.3582061536745 7.441379356382914e-18
5799.8645199356515 4.516882285855747e-18
5803.37135147564 5.732895584603653e-18
5806.878639867445 6.522419826404059e-18
5810.386431000213 8.992430134935264e-18
5813.894607296429 8.996799468698438e-18
5817.4032637541 8.719621042911845e-18
5820.912401253848 7.460902637196647e-18
5824.422019534074 8.019878842640285e-18
5827.93178183417 1.0421006680479005e-17
5831.44260337382 1.1419065491136928e-17
5834.953488720383 8.603630487057468e-18
5838.464961822822 1.568889701598156e-17
5841.976785956021 1.2477265008420425e-17
5845.489147554699 1.5286081414291763e-17
5849.001907438564 1.7369227522985447e-17
5852.515096172081 1.777442946407018e-17
5856.028746598284 2.073673683099703e-17
5859.542878128536 2.8837909237403224e-17
5863.0574348635355 3.065023886753061e-17
5866.572479107667 3.986488350786251e-17
5870.087975934861 4.4096038243578e-17
5873.603817985488 5.664641098481772e-17
5877.1203841017095 6.361964721706484e-17
5880.637194573773 6.546441751713288e-17
5884.154449012404 7.489749915620656e-17
5887.672127872231 7.419601474264026e-17
5891.1902512105835 7.893477903956716e-17
5894.708827318822 8.119213653232743e-17
5898.227775261575 7.811120326495143e-17
5901.747245962491 8.152101711935612e-17
5905.267114041758 8.32605621484274e-17
5908.787421285934 8.252028329613436e-17
5912.308144636822 7.817276419497798e-17
5915.829315907884 7.356024686738827e-17
5919.350878103742 6.227569174121207e-17
5922.872900074711 5.691044384734112e-17
5926.395335647596 4.7128658302997455e-17
5929.918226874902 4.561450816224015e-17
5933.441536293374 3.645432754298946e-17
5936.965267973224 3.450309537160093e-17
5940.489427314788 3.502748950629994e-17
5944.0140391222885 3.200684419898316e-17
5947.5390594274795 2.8111497078804733e-17
5951.064500558115 2.5676318345189918e-17
5954.590368495548 2.208111671544581e-17
5958.116678996032 2.2926306780473152e-17
5961.643413278272 2.37691854358288e-17
5965.17055867783 2.506617229205002e-17
5968.698100111798 1.9631948757724047e-17
5972.226091735383 2.2358675727721423e-17
5975.754520813859 2.6465386380419083e-17
5979.283312386424 2.1898334890199205e-17
5982.812585990339 2.5591823849947094e-17
5986.342221451671 2.4080978095763568e-17
5989.872294037149 2.3490624179071038e-17
5993.402792328596 2.6457240653133455e-17
5996.933665236099 2.0802887248311852e-17
6000.464913920375 2.003382690582682e-17
6003.996656680652 1.615055416817217e-17
6007.5287697932135 1.5518457581068466e-17
6011.061368608662 2.2686331946230888e-17
6014.594035654595 1.7241024911152936e-17
6018.127642397392 1.811862364550179e-17
6021.661263601991 2.1068944564987392e-17
6025.195334428993 1.85133531168713e-17
6028.730119672233 1.4884341816258572e-17
6032.26511794027 1.8427075689231e-17
6035.800225330838 1.1377405033630015e-17
6039.336286964928 1.7627451608239535e-17
6042.872444768928 1.421024157565811e-17
6046.409063122879 1.8750479742928932e-17
6049.946043132785 1.635409136377527e-17
6053.483419430389 1.4505532209649465e-17
6057.021202570902 1.4531872014374926e-17
6060.55941071408 1.7805594517080355e-17
6064.097990362291 1.7487767656610802e-17
6067.63695292989 1.67643761318513e-17
6071.1763221289575 1.4205681983523273e-17
6074.71608356475 1.4782707873718647e-17
6078.256263985086 1.6511642738775515e-17
6081.796800441928 1.5357693648804332e-17
6085.337769847472 1.8268822046355455e-17
6088.879120115695 2.061376514295693e-17
6092.4208349499195 1.770627093983279e-17
6095.962970914 2.160213313485977e-17
6099.505463367735 1.7592355723679875e-17
6103.048315991208 1.8473454591753686e-17
6106.591634672431 1.8111588568561696e-17
6110.135302091803 2.0310684256434296e-17
6113.679380359068 2.1799763603458244e-17
6117.22380416093 2.1786386853620343e-17
6120.768862700153 2.772496400247349e-17
6124.313757252372 2.4335163257114505e-17
6127.8594892922765 3.0224870712203186e-17
6131.405415906357 3.577614593195343e-17
6134.95184289392 3.633505654416334e-17
6138.498568156757 3.6758322267784653e-17
6142.045673008191 3.3578095258452285e-17
6145.593046857984 3.2265720259418214e-17
6149.141042053871 3.3462205797632166e-17
6152.689257745488 3.005432831286376e-17
6156.237895782125 3.132787115387083e-17
6159.786921808763 2.931140555026129e-17
6163.336248669129 2.5766757596573017e-17
6166.885975004812 2.6172327797499352e-17
6170.436119354334 2.6036873061811325e-17
6173.986258807999 2.815391895284967e-17
6177.537498321076 3.0233168917700984e-17
6181.0885598059385 2.887520361485397e-17
6184.640348088404 3.108856362949401e-17
6188.192035844427 2.5520984642431943e-17
6191.744646898567 2.6717491215782232e-17
6195.297320318072 2.4489900757370066e-17
6198.850400660363 2.2048742677831626e-17
6202.40380420652 2.0945095377817854e-17
6205.957666279883 2.6297053730390284e-17
6209.511786339237 1.972731001769747e-17
6213.066385111488 2.3136859497495446e-17
6216.621302268827 2.686263505959458e-17
6220.176593975754 2.8359576995054796e-17
6223.732201763422 2.892826042602358e-17
6227.288204204943 3.2876158821667593e-17
6230.844575723835 3.5262418618078323e-17
6234.401341017448 4.059992888634621e-17
6237.958440325663 4.1064445421824636e-17
6241.515895028506 4.4990223605326646e-17
6245.073673493182 4.716977099935915e-17
6248.631865510486 5.1239041898132306e-17
6252.190324303776 4.864574989855584e-17
6255.7492341280185 5.384376777386639e-17
6259.3084161826055 5.3831334081334496e-17
6262.867925421208 6.251525886759587e-17
6266.427997327688 6.001638821057024e-17
6269.988148664167 6.770455382659418e-17
6273.548787812515 7.405111457671453e-17
6277.10985392655 8.28580327680205e-17
6280.671284495637 8.71325308977672e-17
6284.23300484142 9.230233602522482e-17
6287.7950621875 9.955074619999385e-17
6291.357450667613 1.0159594838825834e-16
6294.920167153224 9.930704489654545e-17
6298.483262460967 1.0028313876929074e-16
6302.0467190627 1.0621108947220261e-16
6305.610497620226 9.875470680721109e-17
6309.174620039501 9.696783352853976e-17
6312.739092630661 9.06857679373695e-17
6316.303891288196 8.617156917053384e-17
6319.869058175636 8.743536435606063e-17
6323.434491362803 7.354477191280247e-17
6327.000315458147 7.440297367637214e-17
6330.5664921234875 7.103028113608612e-17
6334.13301073446 6.382637172142293e-17
6337.699874047614 6.388045864532434e-17
6341.267121624705 6.078677688060277e-17
6344.83468904434 6.058830583757414e-17
6348.402583949554 6.367424747747962e-17
6351.97080985236 6.246300943023308e-17
6355.53936995895 6.376308566987768e-17
6359.108267472256 6.068722446261107e-17
6362.677492720956 5.510605161733956e-17
6366.2467984617415 5.5047253478865213e-17
6369.816994777749 5.745552836172734e-17
6373.38722317887 5.484509202954078e-17
6376.9578078521745 5.28211935455148e-17
6380.528673503872 4.4927276890822776e-17
6384.099906616774 4.511929465589454e-17
6387.671472881871 4.215609602467751e-17
6391.243361200816 3.895429946543733e-17
6394.815589803813 4.035299504495496e-17
6398.3880704108105 3.7993079281743664e-17
6401.961056576722 3.625563667500685e-17
6405.534278589522 3.69706066063456e-17
6409.107830231478 3.6145818881289233e-17
6412.681709083227 3.693068630506202e-17
6416.255937642369 4.210190283375165e-17
6419.830479456318 4.312560014430211e-17
6423.4053357371795 4.5471993383451005e-17
6426.980520868991 4.562065332204599e-17
6430.5560102585405 4.3497894008799244e-17
6434.1318325206375 4.1009991226448824e-17
6437.70797390389 3.892416119878694e-17
6441.284469070036 4.0608785835418963e-17
6444.861303868378 4.2654123595415825e-17
6448.437798939416 3.631791242622288e-17
6452.015858124685 3.509974311741974e-17
6455.593625439764 3.3056874426643805e-17
6459.171655952408 2.6216337881794864e-17
6462.7499914423 1.6596145455139513e-17
6466.328728888879 1.9271359039817357e-17
6469.907754435523 1.6239318072224447e-17
6473.487118903101 1.6664112336434355e-17
6477.066815079042 1.5610254742947443e-17
6480.6468128474025 1.6941199330025712e-17
6484.2271538331515 1.941050120849621e-17
6487.8077994005225 2.292190334651825e-17
6491.38877914718 2.8275780595153653e-17
6494.970046687185 3.246983970896909e-17
6498.551658890911 3.9573814012081384e-17
6502.133601513349 5.3315522833393124e-17
6505.715810764635 6.369234246820069e-17
6509.298393873073 7.226003183111623e-17
6512.881288136663 9.310617084070681e-17
6516.46444882551 1.0935000757000761e-16
6520.047950438066 1.297661016987888e-16
6523.631761691221 1.5616909020720652e-16
6527.215895757254 1.873434633930969e-16
6530.800348621218 2.282525441811898e-16
6534.385276000406 2.726249845333631e-16
6537.970161880607 3.000569171164904e-16
6541.555482894619 3.427263199216247e-16
6545.14091426793 3.745630109679074e-16
6548.727113596383 4.0873437670997507e-16
6552.313373989036 4.12018714407757e-16
6555.899942971557 4.3669434311604555e-16
6559.4868105915675 4.475379265912008e-16
6563.073975149372 4.2889601283905336e-16
6566.661406738998 4.1773760442134513e-16
6570.249169939012 3.9188406825737843e-16
6573.837268161954 3.6574213316602487e-16
6577.425650452688 3.431650323134335e-16
6581.014313664161 3.2139222049319774e-16
6584.603291962062 2.97679163714716e-16
6588.192563294503 2.824874388265098e-16
6591.782132703847 2.628270581551044e-16
6595.37201387758 2.466246299346816e-16
6598.962202799789 2.312292243206034e-16
6602.5526787361705 2.1098636367858081e-16
6606.143370144337 1.9299528919270558e-16
6609.734490772117 1.6614448596895978e-16
6613.325711697965 1.5897883062491937e-16
6616.91447237157 1.28612043421943e-16
6620.506506137795 1.1453104719288796e-16
6624.098836305885 9.665352148489799e-17
6627.69418797436 8.681256160213498e-17
6631.287031887826 7.59605709556504e-17
6634.880169032032 6.768183727833874e-17
6638.473620911357 6.751656711659277e-17
6642.067330900235 5.944013305253169e-17
6645.661392916312 6.417781354028949e-17
6649.25571911259 6.239476616155203e-17
6652.850339024071 6.157858045545639e-17
6656.445269250673 6.293102740985374e-17
6660.040479416871 6.465088313169808e-17
6663.635971179608 6.103005194634007e-17
6667.2317520505385 5.781227625658201e-17
6670.827819043395 5.2325197064117766e-17
6674.424145047505 4.426905965509789e-17
6678.020832801064 4.437589126862236e-17
6681.617513172379 3.8990011535040224e-17
6685.215001582381 3.9103301853145305e-17
6688.812514533422 3.5698832272788597e-17
6692.410343846076 3.4791728676479634e-17
6696.008439070118 3.3315833370748343e-17
6699.606827430139 2.995940221911682e-17
6703.20548940964 2.817794588537521e-17
6706.804481710514 3.025882519335163e-17
6710.403715859797 2.7877240459125293e-17
6714.003458078187 2.969994990496389e-17
6717.602603445821 2.6789918332805132e-17
6721.203176960986 2.3262930211105705e-17
6724.803763556882 2.234612839326941e-17
6728.40426531984 2.2770637842226948e-17
6732.005228727731 2.1026412371811038e-17
6735.606506299756 2.3446349560626276e-17
6739.2081807383 1.7382996395740944e-17
6742.809831421706 1.7529318389111122e-17
6746.411967932059 2.0224999379853354e-17
6750.01428272274 1.5218705849419026e-17
6753.617010218902 1.9230537392042252e-17
6757.219964090532 1.7660047847826603e-17
6760.823170313329 1.5518587798600594e-17
6764.426702534309 1.6582140210068707e-17
6768.030494472397 1.58908736102338e-17
6771.634583447732 1.5799756477945583e-17
6775.239634367355 1.5520550147780343e-17
6778.843513514759 1.5086575802007848e-17
6782.448463982507 1.4698566555440585e-17
6786.0536790305205 1.6620509387751943e-17
6789.659116892426 1.4607594995528977e-17
6793.264614987073 2.062930693208758e-17
6796.870920137993 1.2756270305148933e-17
6800.4771844637735 1.2591281470120541e-17
6804.083791401032 1.498461214272141e-17
6807.690668379494 1.3774985653341981e-17
6811.297833291584 1.5124664215301995e-17
6814.905449190802 1.466111889771635e-17
6818.512944327838 1.3155705825854117e-17
6822.120657660466 1.281314282028894e-17
6825.72913140626 1.5672405668564463e-17
6829.336257625264 1.424822274930827e-17
6829.338895334673 1.3243302060649682e-17
6832.946218178687 1.2563926620460079e-17
6836.555444066924 7.002082617621075e-18
6840.16483592247 8.243369999170686e-18
6843.774481393839 9.952578658801713e-18
6847.384346686968 9.053276587552493e-18
6850.994539411761 1.116310456016217e-17
6854.604960707085 9.451727779394372e-18
6858.215727421434 1.5558222370763867e-17
6861.826541044748 1.2074619161132407e-17
6865.437935877215 1.1393291635583949e-17
6869.049457975817 1.0855346319140007e-17
6872.661266086829 1.3183402455343219e-17
6876.27311598543 1.3025911687419564e-17
6879.885654256876 1.046455791069315e-17
6883.498321169729 1.1693548842769037e-17
6887.111177102007 1.4685240912720333e-17
6890.724321839873 1.2542260340143853e-17
6894.337737181125 1.2166970624463743e-17
6897.9514301563295 1.1434768025198193e-17
6901.565406990104 1.2599500244013509e-17
6905.1796525966 1.592693283284937e-17
6908.7941233515985 1.3395971508577802e-17
6912.408896153953 1.427989131252121e-17
6916.023938740153 1.3658291538929117e-17
6919.639197690879 8.775797378442719e-18
6923.254833646299 1.37217097741046e-17
6926.870673850063 1.3429873681967132e-17
6930.487637455058 1.507568278283658e-17
6934.10316186086 1.3857282568101015e-17
6937.719798873343 1.474706490360139e-17
6941.336667424712 1.0639513059263052e-17
6944.953875714668 1.3988684819703378e-17
6948.571314703961 1.1420575128702021e-17
6952.18903801905 1.424636553476303e-17
6955.807030753549 1.4385981872451416e-17
6959.42422488932 9.364032944487069e-18
6963.043701713469 8.716525199654138e-18
6966.662481535729 1.069153165286475e-17
6970.281526353282 1.1739807104553223e-17
6973.900846857444 1.4459704816898407e-17
6977.520426092564 1.571594988325976e-17
6981.140229955235 1.3090218545257222e-17
6984.760301547228 1.6512667138848436e-17
6988.380689804337 1.638820438768837e-17
6992.00133926582 1.791915605433277e-17
6995.622173282916 1.3393553677613698e-17
6999.243352702335 1.76608162624429e-17
7002.864671134918 1.6949033559387418e-17
7006.4863852323115 1.509132261204663e-17
7010.1083629176255 1.9606285127515165e-17
7013.73039023244 1.6642109744531402e-17
7017.353166842039 1.927453071191084e-17
7020.9756584052675 1.7611584846380123e-17
7024.598713935061 2.0573380458649264e-17
7028.221934850655 1.8036209860484157e-17
7031.8453844488495 2.5365998561928142e-17
7035.4692706282885 2.945403938424274e-17
7039.093303183371 3.1112093553963197e-17
7042.717640861795 4.0240657724707904e-17
7046.342184123559 4.069592584215274e-17
7049.967020684864 4.5883091202600433e-17
7053.592101479683 4.838811068452581e-17
7057.217428491857 4.825732412844499e-17
7060.842847418253 5.25079049551926e-17
7064.468877909347 4.881963853054523e-17
7068.094989162001 5.164034380639474e-17
7071.721293365449 5.118118378319303e-17
7075.347958881881 4.5334834483209073e-17
7078.9748469764045 4.4832496747705337e-17
7082.601950209841 3.9143405708068504e-17
7086.229368644055 4.035715460221548e-17
7089.857007834991 3.749529237214253e-17
7093.48487218869 3.5979321970149524e-17
7097.113089384941 3.678655106678892e-17
7100.742528045148 3.267266666239344e-17
7104.370193643534 3.4430273648304883e-17
7107.999147705909 3.209215224487249e-17
7111.628343200501 3.228899497705768e-17
7115.2578331679315 3.478872880573116e-17
7118.887582580349 3.924207431572185e-17
7122.517567938895 4.241822077685737e-17
7126.147841936627 5.039554872939231e-17
7129.7784020330755 6.19753089778246e-17
7133.409165898808 7.138290640628048e-17
7137.040233549304 8.29535431642403e-17
7140.671507702371 8.693999998872553e-17
7144.3030629345785 9.581545260206223e-17
7147.934854661907 9.646607378171468e-17
7151.566895359569 9.940809128090192e-17
7155.199093433864 9.595218876170761e-17
7158.831736652115 9.087048121202092e-17
7162.464531375386 8.989385030128987e-17
7166.097576705498 7.73730527178062e-17
7169.730832319874 6.884038393864468e-17
7173.3644582627485 6.828406602144198e-17
7176.998256344569 6.24154205054559e-17
7180.632321769601 5.518521215793899e-17
7184.266675931423 5.0995810026760904e-17
7187.901203022243 4.460498690078561e-17
7191.536045510479 4.476576041695036e-17
7195.171123060979 4.573111122398146e-17
7198.806404945157 4.4739721135962066e-17
7202.441960676276 3.662723384892364e-17
7206.077806815979 3.4627396267526735e-17
7209.713947482942 3.4973570953230986e-17
7213.350323729915 2.9273128949826e-17
7216.987016820564 3.0300356462795424e-17
7220.623944470933 3.084738444413746e-17
7224.26121725843 3.156043144657719e-17
7227.898498897788 2.6845168165820892e-17
7231.536120299031 2.6148197893482588e-17
7235.173944666263 2.1216732712835423e-17
7238.812148020711 2.5960902262477163e-17
7242.450520193624 2.0956816133815894e-17
7246.089172896484 2.799081259906537e-17
7249.72822731847 2.894479318006689e-17
7253.367433873312 3.142979527544661e-17
7257.006950881265 4.0657010568632215e-17
7260.646687912232 5.197855299812845e-17
7264.286704741015 7.050294379715602e-17
7267.926965021689 8.81125747055805e-17
7271.567457543554 1.220657504502543e-16
7275.208196515271 1.5105538654799968e-16
7278.849214819861 1.7482505287271856e-16
7282.490675075332 1.9613064823926007e-16
7286.131947468138 2.1229716674265592e-16
7289.773771601702 2.2524295444568376e-16
7293.415749992393 2.0705727075343262e-16
7297.0579008030245 2.0079663624747584e-16
7300.700370999249 1.9199526625695465e-16
7304.3431468211165 1.8999983237580044e-16
7307.986151213856 1.9682822466260807e-16
7311.62944796643 2.002641775030752e-16
7315.273018246379 2.0952493101472867e-16
7318.9167991880795 2.1059408827391067e-16
7322.560839185927 2.0489785059099223e-16
7326.204981650453 1.8108924230255407e-16
7329.8494756973 1.604186262212631e-16
7333.494267790673 1.4240417098430942e-16
7337.139264174106 1.270248465846431e-16
7340.78461884976 1.2491906078759438e-16
7344.430231388115 1.23236162663154e-16
7348.076017838129 1.260588960399204e-16
7351.722053331627 1.2837812864305898e-16
7355.36837261296 1.4174012955809394e-16
7359.014647457096 1.5038094321253074e-16
7362.661739135422 1.6027674062817752e-16
7366.308837788706 1.6706905276459294e-16
7369.956165456567 1.668392969641524e-16
7373.603802931487 1.6882808435659957e-16
7377.2516669346705 1.5891927412897212e-16
7380.899730384767 1.5105104752149924e-16
7384.548278315187 1.423083822195495e-16
7388.196622574232 1.329767765035023e-16
7391.845478082134 1.228807661248646e-16
7395.494504463327 1.161918021196588e-16
7399.143880902544 1.0583736172199207e-16
7402.793487086668 1.0314400815033735e-16
7406.4434224260995 1.1033291413478097e-16
7410.093517694 9.793542776563555e-17
7413.743934277761 9.76639117652201e-17
7417.394530183828 8.740412667915545e-17
7421.0454241138195 8.66391070912985e-17
7424.696535265248 8.228170719707234e-17
7428.347910900132 7.623680947777321e-17
7431.999538281254 7.388302019763472e-17
7435.651448790639 7.527809346016645e-17
7439.303590626884 7.216928145102228e-17
7442.956023444309 6.818387140881587e-17
7446.6086961400115 6.319545290031546e-17
7450.261640650717 5.880751605892115e-17
7453.914825465133 5.670644880136925e-17
7457.568300886458 5.0011790938573827e-17
7461.221970618708 4.363939968367556e-17
7464.8759451161795 4.8422324568572606e-17
7468.530146548236 4.019895869298807e-17
7472.184610091628 3.5926804423688114e-17
7475.839289050407 3.2166433113522704e-17
7479.494009241147 2.949227638775251e-17
7483.149440941182 2.8326424917441736e-17
7486.804609611634 2.6026666141142452e-17
7490.460663994953 2.274334788294748e-17
7494.11670040503 2.2006587197927262e-17
7497.773014762164 2.30581677948382e-17
7501.429556106894 2.3838689887177503e-17
7505.086325772533 2.0763973993976186e-17
7508.743387980879 2.1029858104460232e-17
7512.400792375818 1.847976474869309e-17
7516.058232770869 1.8809254169506932e-17
7519.71605885688 1.8852922313914795e-17
7523.3741476653895 2.1084145294086302e-17
7527.032473603071 2.2393457808776403e-17
7530.691028136151 1.8157126858844488e-17
7534.349862704957 1.5219426669373124e-17
7538.008989880061 1.6568223745713222e-17
7541.668381193872 1.7347319760037627e-17
7545.328027977483 1.6702446062090943e-17
7548.9879162348125 1.3620599468444839e-17
7552.648038372685 1.3361872205401468e-17
7556.308415393382 7.201896003416486e-18
7559.969169910431 7.153123490579256e-18
7563.6299935164 4.464493545775123e-18
7567.285944500877 3.665850899845442e-18
7570.946751838164 6.698227146165296e-18
7574.608419612554 2.8208838083401235e-18
7578.270554102759 3.690773375280868e-18
7581.937380681955 6.285785760537941e-18
7585.601050110389 6.597187828271443e-18
7589.2637566665935 3.577593153780157e-18
7592.92683182942 7.103867241236466e-18
7596.590067574476 5.866304913228668e-18
7600.253674884884 7.815031358727126e-18
7603.9174435327 5.981387397083846e-18
7607.581518280137 7.082480901295079e-18
7611.24584319471 7.867387004569938e-18
7614.910417796202 7.335659072207573e-18
7618.575142283045 6.510226326753409e-18
7622.240397984286 9.562281525805763e-18
7625.905374641794 7.360719942139787e-18
7629.571396611614 7.49754502273431e-18
7633.237290722639 8.519723104344785e-18
7636.903393819768 1.0225905457684013e-17
7640.569621480591 1.0307859210880652e-17
7644.236623595156 1.0409875399914369e-17
7647.903270823115 1.0822484760428199e-17
7651.570824112554 1.2745499474300304e-17
7655.237978273166 1.5489957958617826e-17
7658.906094219406 1.6390211728797846e-17
7662.574058774289 1.19954965316314e-17
7666.242321209403 1.5202985320537258e-17
7669.9096513164895 1.426051320705613e-17
7669.91196419831 1.319993141115267e-17
7673.579655237573 1.8150906401226762e-17
7677.248744746425 2.120271718902662e-17
7680.918095991856 2.1627248892459364e-17
7684.58771574491 1.6051542268179504e-17
7688.257346407978 2.096441014241729e-17
7691.927853237979 2.445558115871119e-17
7695.59825234708 2.2666705612854702e-17
7699.26877963316 2.33244432306074e-17
7702.93987597669 2.590859746112503e-17
7706.61106013058 2.893821043064559e-17
7710.2824596868895 2.5145523903378085e-17
7713.954249547848 2.1156019603435937e-17
7717.62627217414 2.038197144414274e-17
7721.298554056465 2.053724695995828e-17
7724.971189031155 2.0910873481478894e-17
7728.643720327667 2.4275927261735642e-17
7732.317151513895 2.041695972807451e-17
7735.990482631809 1.928563208977169e-17
7739.664156556483 2.1917652893533904e-17
7743.338032792546 1.831838545779307e-17
7747.01219884906 2.0947284763731425e-17
7750.6866419488815 2.1234744609836593e-17
7754.361252930267 1.7754182286300518e-17
7758.036356363585 1.8606020181443028e-17
7761.711621383672 1.560433173097168e-17
7765.38721263317 1.996624137672233e-17
7769.063048802313 2.070903331382215e-17
7772.739125185065 1.98953390118352e-17
7776.415449688878 2.5177130654223952e-17
7780.092074908505 2.08065040286927e-17
7783.76897329335 1.8522965317609954e-17
7787.446160768771 1.791583645520506e-17
7791.123662652601 1.6841427873200127e-17
7794.801408961901 2.0662289661643297e-17
7798.479414487866 1.9002864643722422e-17
7802.156952557691 1.459576387493505e-17
7805.836193496912 1.9525727712535117e-17
7809.514987520334 1.3241739972873153e-17
7813.19408731294 1.2215978553760372e-17
7816.873467300214 1.1256012180473516e-17
7820.553167083165 1.600281765226308e-17
7824.23309869933 9.545491080726611e-18
7827.913297209209 7.599527651621377e-18
7831.593805247817 7.47380512058627e-18
7835.27458856204 1.0327720458310277e-17
7838.9556809342685 1.3034632050960675e-17
7842.636991987961 1.1783029987391798e-17
7846.3186199468055 1.2273933274067405e-17
7850.000514056465 1.2701948875883082e-17
7853.68270614529 1.1982351267365857e-17
7857.365135008713 9.289585151646483e-18
7861.047904817784 8.398431418371133e-18
7864.730841981599 5.9544049446932134e-18
7868.414173583272 1.1704617060018919e-17
7872.0977356200465 1.121531493078622e-17
7875.781698618196 9.93959906323897e-18
7879.465698478083 1.074796931237735e-17
7883.150232264418 1.61158055566571e-17
7886.834763941469 7.78482122365663e-18
7890.519924845876 9.951413849768052e-18
7894.205198796848 1.0385895028454786e-17
7897.890771249354 8.353100958024305e-18
7901.576506272919 9.610335650117552e-18
7905.262794861262 1.2509895697183156e-17
7908.9492050607 1.1097971697146845e-17
7912.635924960578 1.2933058807472e-17
7916.324169219033 1.4834098347429255e-17
7920.010155707456 1.3006079083563182e-17
7923.697693316457 8.82971315634845e-18
7927.38553897877 1.0688238539530577e-17
7931.073698677162 1.0753546039009455e-17
7934.762160346043 1.1875973494968468e-17
7938.450882943504 1.0082143516810876e-17
7942.13987619264 9.700512676775958e-18
7945.829166198723 1.1276826005140342e-17
7949.518766328559 1.3416728054881277e-17
7953.20864689582 1.2524665980102392e-17
7956.898806227718 1.087912133697184e-17
7960.58915369021 1.1794985089437922e-17
7964.2801068282 1.300345121196819e-17
7967.9710110094275 1.2958197421908924e-17
7971.662503724915 1.7214621983191614e-17
7975.354063946211 1.7651010591077783e-17
7979.045960613616 1.6127646351787232e-17
7982.738215061332 1.5294968016949275e-17
7986.4307490426045 1.8020108001049226e-17
7990.123608025501 1.811021000455509e-17
7993.816708393422 1.8380830457591967e-17
7997.51015330163 1.8626208532600262e-17
8001.203847356284 1.9503536792558662e-17
8004.897650712217 1.8410846528252647e-17
8008.592112035975 1.831554922218722e-17
8012.286699307556 2.014269275772478e-17
8015.981522949101 1.6736270971929133e-17
8019.676692179173 1.438791853779502e-17
8023.37218128593 1.4289889362545715e-17
8027.067934795319 1.6625925777025137e-17
8030.764099681724 1.6385831972616987e-17
8034.460487178227 1.4719899607451715e-17
8038.156343336709 1.600105866867068e-17
8041.854054360831 1.2024466948479273e-17
8045.551394870434 1.2645666107046451e-17
8049.2489721027705 1.344228227772029e-17
8052.946894115031 1.6235498824525387e-17
8056.645055204685 1.5490303833578264e-17
8060.343549376995 1.584346818370412e-17
8064.04280096276 1.3319138842724217e-17
8067.741397064661 1.2801880813998909e-17
8071.440765811727 1.4465944689700232e-17
8075.1405324349425 9.754052054755486e-18
8078.840612462893 1.2790543641996819e-17
8082.540947191769 1.3844134008622495e-17
8086.241572024527 1.2973768648636904e-17
8089.942550638394 1.7977151829937137e-17
8093.643790784075 1.684086851792354e-17
8097.345305034444 1.4001346808508505e-17
8101.0466220568005 1.899999454820729e-17
8104.749832802908 1.495827594387993e-17
8108.451863215915 1.6636710975508475e-17
8112.154705609713 1.9319211548227145e-17
8115.857815495707 1.9347654031711652e-17
8119.561242744574 1.9230402440983225e-17
8123.264894831361 1.6846077985002743e-17
8126.968960925634 1.6461753098575692e-17
8130.673303435025 1.4079854719555893e-17
8134.377978467861 1.417963517051433e-17
8138.082948180286 1.3601597329445056e-17
8141.788191286861 1.4137584617089034e-17
8145.493852895507 1.3581083130234583e-17
8149.199742987138 1.2226534543641917e-17
8152.905985871011 9.839740841791943e-18
8156.612541387235 1.0064443179759184e-17
8160.319472173867 1.483118684143217e-17
8164.026640621979 1.2311210649431006e-17
8167.734176567758 1.2234633473552601e-17
8171.441891236507 1.4393437065796316e-17
8175.150146206584 1.0481297086525596e-17
8178.858193045205 1.0556404520068041e-17
8182.567453172784 1.2788217800901755e-17
8186.276541001287 1.1018363257801857e-17
8189.985943445347 1.2583678744384385e-17
8193.69576818814 1.3500649548948328e-17
8197.405759729058 1.1550411416935849e-17
8201.116263159498 1.529318917749134e-17
8204.827004361687 1.3488872870058508e-17
8208.537976702042 1.19753418428292e-17
8212.249451174535 1.540914177381933e-17
8215.961170309454 1.705899300766282e-17
8219.673216812467 1.6608372336417292e-17
8223.38554660917 1.5205339486741872e-17
8227.09821245155 1.4191955107342252e-17
8230.811178167376 1.567466825714898e-17
8234.524507515067 1.6738376539570357e-17
8238.23810871283 1.0061556022825458e-17
8241.952129507448 1.4341016703085337e-17
8245.666450433835 1.0346115514420408e-17
8249.381124613335 1.3210220203206784e-17
8253.09612597362 1.2035599904081158e-17
8256.811445060652 8.644891773594474e-18
8260.527150832531 1.405045634415797e-17
8264.243158730513 1.313641000155385e-17
8267.959472621746 1.2608987221566621e-17
8271.676280197955 1.692075760162879e-17
8275.393206879897 1.1984513093440774e-17
8279.110563811606 1.2745237311208394e-17
8282.82833076009 1.750234765684829e-17
8286.546287225616 1.404182390321409e-17
8290.26463902639 1.5228465576888793e-17
8293.983268203088 2.1272295748996505e-17
8297.70222468207 1.6406028673649045e-17
8301.421584800577 1.6219604655507708e-17
8305.141292682805 1.6064723616245468e-17
8308.861355230418 1.673909059733993e-17
8312.581799259446 1.790231234537272e-17
8316.302534502656 1.731307709368235e-17
8320.02367109334 1.8223449015698117e-17
8323.745100569444 1.816786437458146e-17
8327.466849524384 1.4245030249049574e-17
8331.188956193895 1.582000669607044e-17
8334.911423806327 1.7854572528748593e-17
8338.634198306823 1.6824015216545954e-17
8342.35690642267 1.6644048609299625e-17
8346.080809089332 1.3280631209319912e-17
8349.804646426603 1.5354819737409748e-17
8353.528794478076 1.214220697445032e-17
8357.253361721207 1.4633244776964424e-17
8360.978277513737 1.763268115349167e-17
8364.70352023973 1.3689457906359966e-17
8368.429197575908 2.1460018399598526e-17
8372.155154272103 2.0605693781257238e-17
8375.881420100413 1.8986714421967492e-17
8379.608068709467 2.445137679475979e-17
8383.335036454419 2.0734049346462483e-17
8387.062431114025 2.3121867835952798e-17
8390.790102114346 1.4579614977072497e-17
8394.518234187666 1.8986094709904382e-17
8398.246744673908 1.920679806486187e-17
8401.975555792465 1.8445533773645378e-17
8405.704647938623 1.768895397147148e-17
8409.434171148112 1.6161206516100205e-17
8413.164012076475 1.796830667700249e-17
8416.89424538587 2.428943201343419e-17
8420.624788672738 1.3402184060837273e-17
8424.355783525436 2.0048701546834443e-17
8428.08709055007 1.5846649829645383e-17
8431.81885141422 2.0499433165893413e-17
8435.550973673491 1.7600383100114915e-17
8439.282908056088 1.490383283031832e-17
8443.015106827477 2.1950568612528273e-17
8446.7492146062 1.5127065039445255e-17
8450.482686924652 1.1931997393208724e-17
8454.216535308073 1.282789989771216e-17
8457.949803036348 1.2306113188324287e-17
8457.951870842644 1.822337409270386e-17
8461.685416867424 1.4010713960386417e-17
8465.4204488478 1.758121623793038e-17
8469.15577621939 1.66316521104949e-17
8472.891601780906 1.6016821161884725e-17
8476.627758478919 1.9389588137220438e-17
8480.364239380495 1.9403140187033907e-17
8484.101103686842 2.2055751290055296e-17
8487.838346169849 2.4388918320333098e-17
8491.575908042087 2.4296401613109688e-17
8495.313897326381 2.462031057503081e-17
8499.052179170087 2.3513697055800965e-17
8502.790955496812 2.967219027121094e-17
8506.530083525347 3.21881478327413e-17
8510.269599329486 3.32328507971811e-17
8514.009713983334 3.926192627030168e-17
8517.74987160461 4.5828347784889565e-17
8521.490531437377 5.292279333751521e-17
8525.23156121432 5.85046544616597e-17
8528.972950512785 6.31260219362631e-17
8532.714764472557 7.329071187061763e-17
8536.456916791676 7.684871250269762e-17
8540.199486085383 8.156292594828578e-17
8543.942398000387 8.020478796803504e-17
8547.685665657142 7.654644444920794e-17
8551.42933304868 7.454957787524002e-17
8555.173400847902 6.31235762899296e-17
8558.917846214326 5.814392839292266e-17
8562.662719813128 5.505536608472012e-17
8566.407906258679 4.830638651158562e-17
8570.153550327745 5.0988696007020985e-17
8573.89947390809 4.1246584194083666e-17
8577.64587507276 3.7965325137701194e-17
8581.392666608288 3.5845392913573146e-17
8585.139886278825 3.1196781388186787e-17
8588.887501536832 2.937475852594616e-17
8592.635566541978 2.989448493914734e-17
8596.383908248008 2.1727630910704123e-17
8600.132832985397 2.6290495561548058e-17
8603.882038260637 2.5113863544755008e-17
8607.631619166676 1.8992303727987576e-17
8611.381629649022 1.794771825178047e-17
8615.13205857194 1.9405124667783088e-17
8618.882901604798 2.3127216548412462e-17
8622.634160063253 2.4610586217317607e-17
8626.38580532103 2.6417232989782013e-17
8630.137893223346 2.8583997237411835e-17
8633.890347332652 2.933753838158375e-17
8637.643303984798 3.905204887694571e-17
8641.396600338556 4.429388540635612e-17
8645.150325524248 4.6585381293190556e-17
8648.904425401626 5.113239094087391e-17
8652.658982350385 5.788183367732094e-17
8656.413848772427 5.561317526209727e-17
8660.16922620251 6.04503235539151e-17
8663.924897869872 5.4565471354964834e-17
8667.681059969056 5.4007420750078676e-17
8671.437594731284 5.4882984559498237e-17
8675.194576272344 5.1878891752639034e-17
8678.951894316418 4.605431602249303e-17
8682.709712461485 4.5809692443357395e-17
8686.467893016164 4.240623842737655e-17
8690.226557746926 4.185634927386398e-17
8693.98551569913 3.445870031923201e-17
8697.74506490799 4.2122796839958136e-17
8701.504931270878 4.1345245138841296e-17
8705.26520614728 3.973512718742393e-17
8709.025843928002 3.5872128997235895e-17
8712.786945730102 3.7928878783267194e-17
8716.548431738964 2.618405215906616e-17
8720.310437301763 2.3407936308656735e-17
8724.072911515468 3.001840134633608e-17
8727.835788058366 2.687268931439293e-17
8731.599073218531 1.95147234266666e-17
8735.362877934507 2.7590915454774898e-17
8739.12702351071 2.1474438965897655e-17
8742.89166588948 2.4130943742182364e-17
8746.656732977812 2.0834075313073043e-17
8750.422184932695 1.6630281615396258e-17
8754.187931325298 2.0111167704487705e-17
8757.95445186487 1.4341168782324193e-17
8761.72129271111 1.9729496008327467e-17
8765.488472713529 1.3805155996949732e-17
8769.25605722785 1.1933881404529562e-17
8773.024146481039 1.593124454546359e-17
8776.79255927123 1.3332086372067821e-17
8780.561511947297 9.931004053907523e-18
8784.330937643303 1.486017179646038e-17
8788.10080222773 1.5445789034465893e-17
8791.871101149183 1.0358395180085216e-17
8795.641890498375 1.357847605371591e-17
8799.413066661351 1.1417841464342068e-17
8803.184790138737 1.9374615104541646e-17
8806.956879633048 1.4155001031995675e-17
8810.729420661426 1.6868477845378536e-17
8814.502413199923 1.977032753582292e-17
8818.275806982556 1.7447011495244404e-17
8822.049665123497 1.8331779949955034e-17
8825.823997854563 1.6512774392489597e-17
8829.59878058129 1.7234225153878153e-17
8833.374012764785 1.5156634150388644e-17
8837.149670588147 1.7401953880905402e-17
8840.925838136476 1.8503116523766333e-17
8844.702414586582 1.2346077280376511e-17
8848.479524766875 1.6663737603758925e-17
8852.257061301581 1.5358020699963908e-17
8856.035104463243 1.9454972119771465e-17
8859.813511787444 1.582807538675176e-17
8863.592412616816 1.2130106907088497e-17
8867.371780332118 1.6965578869245397e-17
8871.151630358205 2.243554159343948e-17
8874.931915234016 2.1052704810384655e-17
8878.712667477193 1.3751183075442775e-17
8882.49390679992 1.2199225267268154e-17
8886.27567063576 1.4960677261264586e-17
8890.057909761415 1.8533677414951355e-17
8893.840537824364 1.788088113865888e-17
8897.623624019312 1.9522209309499678e-17
8901.407392442365 1.8487764198899814e-17
8905.191240239914 1.8670000939284092e-17
8908.975780508534 2.1248350732341664e-17
8912.760745126689 1.4549213586514315e-17
8916.546237701728 1.2337017156691754e-17
8920.332205307895 1.465436963280864e-17
8924.118710022996 1.510447506463938e-17
8927.90568403414 1.6153210739037596e-17
8931.69270805492 2.0455014299701453e-17
8935.480982946754 1.7857285871772082e-17
8939.26931947009 1.5109231879551225e-17
8943.058051076323 6.4483134203552835e-18
8946.84755559201 1.7766740081008624e-17
8950.637252316934 1.5333888621657338e-17
8954.427574790754 1.5434708742077268e-17
8958.218318340125 8.982151162355915e-18
8962.009679210478 1.667348877678399e-17
8965.801409543454 9.372655075510598e-18
8969.595628029727 1.571624893715957e-17
8973.386571060288 1.6091105378828215e-17
8977.179856097597 1.473263916063547e-17
8980.973548062928 1.3711840940044197e-17
8984.767320486873 1.6297369441591126e-17
8988.562484721042 1.505150136508535e-17
8992.357280513957 1.6563993243206175e-17
8996.153430146605 1.5376432356540663e-17
8999.949670791588 1.7856123561509422e-17
9003.746339023259 1.2647560455969886e-17
9007.54362325246 1.8136774360251357e-17
9011.34138962354 1.9859545839692192e-17
9015.139631779617 1.8817888537127987e-17
9018.93842689154 1.3642335122257754e-17
9022.737617577104 1.4838840612040054e-17
9026.537357625371 1.3078344900592981e-17
9030.337576373191 1.793719666944374e-17
9034.138467125169 1.7233511609835643e-17
9037.939723366613 1.570448676380588e-17
9041.741542702895 1.922794068333361e-17
9045.54378883307 1.4748972789113327e-17
9049.346635247282 1.6599252260777743e-17
9053.14994997164 1.6649552102990857e-17
9056.95378041505 1.5501860457943207e-17
9060.758157768549 1.7375657057719187e-17
9064.564463762528 1.5258247725080932e-17
9068.36849629758 1.95459329163405e-17
9072.174502242677 2.1449919841452703e-17
9075.980863443636 1.416627155541748e-17
9079.787840341733 1.9518975214817256e-17
9083.595366705305 1.759051644084525e-17
9087.403379477515 1.686747321678718e-17
9091.211913970883 1.6363943471899338e-17
9095.020491973639 2.320420333176395e-17
9098.83061690869 1.7424805164817827e-17
9102.640646521631 1.3137681761570375e-17
9106.45139699995 2.084172616608404e-17
9110.262456446397 9.764819368456271e-18
9114.074229429078 1.5086783173347688e-17
9117.886477639851 1.436461502887939e-17
9121.699293037314 1.4574119796474586e-17
9125.512691000346 2.073598135758276e-17
9129.326400436432 1.218525169327615e-17
9133.140922454695 1.318711276883223e-17
9136.955900644723 1.5678739152289934e-17
9140.771452610881 1.6713499798380982e-17
9144.587099126838 8.448629744740053e-18
9148.401466594307 1.215040156616414e-17
9152.22108123864 1.3403939905594876e-17
9156.038667694638 8.407589312438576e-18
9159.856494974167 1.7276274610997545e-17
9163.675463170632 1.5073268368819684e-17
9167.495003842385 1.2864687677879e-17
9171.314330714864 1.2904649038578137e-17
9175.13528569979 1.570271422845282e-17
9178.956263200604 1.5105764726733586e-17
9182.777715681856 1.1960023978082038e-17
9186.599826478287 1.6150901201196657e-17
9190.422431687135 2.2371229597046717e-17
9194.245642906335 1.4573403785405044e-17
9198.068437411142 1.9846849269392453e-17
9201.893671477326 1.554386861019925e-17
9205.718593912747 1.7995944059190722e-17
9209.544017858687 1.994634240864743e-17
9213.370016462653 1.9316983782231004e-17
9217.196968224582 1.1345144023464395e-17
9221.023715781075 2.437581968375027e-17
9224.851861007466 1.8905938385492018e-17
9228.679333503263 2.0514436395516246e-17
9232.50850766697 2.3099794870782093e-17
9236.337846229006 2.118345813833913e-17
9240.167858470706 2.9781191909680324e-17
9243.998085037283 2.3497224085124312e-17
9247.828939465813 2.7194759749549242e-17
9251.661117580628 2.1356204014924963e-17
9255.493323967561 1.636005335701443e-17
9259.326174603073 3.158726127337304e-17
9263.159520279254 1.843990528837196e-17
9266.993508379566 1.9514526821593593e-17
9270.828103818054 1.3288954704781465e-17
9274.663267407532 1.3642532734615675e-17
9278.49906776366 2.293135834693651e-17
9282.335413693098 2.1254530285333995e-17
9286.172339999759 1.1743562798585873e-17
9290.009848365675 1.1253887643060881e-17
9293.848041375404 2.039686148919077e-17
9297.686756453311 5.1916013747605646e-18
9301.526470788926 1.4728485594837724e-17
9305.365863144261 8.113476439503603e-18
9309.206412819412 1.3699775862744741e-17
9313.047023102168 1.7857404462857646e-17
9316.88922248931 2.004401744558546e-17
9320.731396581445 1.1573324015886117e-17
9324.574248299827 1.4156611443185095e-17
9328.41767465919 2.065426383626173e-17
9332.261761914955 2.898295582850365e-17
9336.106413268913 1.3970701535856117e-17
9339.951715931003 2.3557346756705982e-17
9343.79763782977 2.5605994397700396e-17
9347.644228754794 3.681112561450727e-17
9351.491348316264 2.798436383033303e-17
9355.338809669669 2.111848339355573e-17
9359.187363509676 2.709211035392706e-17
9363.036220900118 2.1869744304140795e-17
9366.885809769072 1.9011297326641863e-17
9370.735706242709 1.6215975968849796e-17
9374.586736240892 1.9960072490635e-17
9378.438103446124 1.596887563949025e-17
9382.290290375366 2.3985499864903822e-17
9386.142772250518 1.5024925178698482e-17
9389.996038033416 1.853712015874986e-17
9393.849934208554 2.9674895116290463e-17
9397.704366870468 1.0714501145531311e-17
9401.559521052815 1.5922566276163452e-17
9405.415290544652 1.5741811276719898e-17
9409.271685584388 1.2251002884512402e-17
9413.128711107247 1.1409005800549858e-17
9416.986361014198 1.2105277006627e-17
9420.844669027401 1.642406218710814e-17
9424.70357581712 1.3899696668803106e-17
9428.563125058226 1.5641484329796844e-17
9432.423609356802 4.241327628677342e-18
9436.284125077264 1.7570214338526507e-17
9440.145568922871 1.0200237721766846e-17
9444.00767658589 1.5527047569768622e-17
9447.870504119639 1.794464516625379e-17
9451.733910398629 1.566849908735825e-17
9455.59781873728 1.4039815319074335e-17
9459.462924200028 1.148248191992486e-17
9463.327386596206 1.1932103940809119e-17
9467.19386027663 1.0070347275464419e-17
9471.060515103954 1.5439767714902615e-17
9474.927724874262 3.8644741442522816e-18
9478.795700408824 1.1453755922353222e-17
9482.66426418516 5.792033951262464e-18
9486.533548767438 1.2992341691441517e-17
9490.40339377373 -2.6085502174565816e-19
9494.274066691909 2.0973104183002713e-17
9498.14523958887 9.175915355733213e-18
9502.017093549612 8.779963316421767e-18
9505.889659578059 1.3390957149730887e-17
9509.762865808076 1.5335923315661346e-17
9513.63669715547 1.2925715234746315e-17
9517.511300558033 9.501724947567746e-18
9521.386429947526 1.6621954497327165e-17
9525.262277449805 1.2752570559030809e-17
9529.138842589182 1.7014712752104957e-17
9533.016077582746 2.0587689393833036e-17
9536.893972864538 2.2146835012645674e-17
9540.772488839402 1.0873231820482024e-18
9544.651773229423 1.244556492803738e-17
9548.531778757413 1.8582217662130807e-17
9552.412361292832 1.9361416063090236e-17
9556.293627507705 1.2630146129321582e-17
9560.175528921749 1.2157226712056386e-17
9564.058152145522 1.1819717674943942e-17
9567.941500260582 1.729827101968402e-17
9571.825644684004 1.8490724836895114e-17
9575.709627124266 2.1080570545688197e-17
9579.595548686 8.703949628787167e-18
9583.48163646064 1.015879449410228e-17
9587.368499578 3.8112374181736735e-17
9591.255882830363 8.960921083112775e-18
9595.144036310323 6.046826301420782e-18
9599.032963299253 1.6206198729370717e-17
9602.922449588035 8.502970753475801e-18
9606.812701689913 1.4188818186247878e-17
9610.703687645651 1.252229215285953e-17
9614.59539240667 1.8496863914584974e-17
9618.487336189344 1.3789466388119031e-17
9622.38085410876 1.0684994128234102e-17
9626.274535934293 1.1479748254934777e-17
9630.169032248263 3.1133492164332905e-17
