3766.383874567559 1.626618383974923e-14
3791.9139476972573 1.6435551763603794e-14
3817.444020826955 1.6761269034938436e-14
3842.87436710849 1.6590899679486853e-14
3868.4044402381874 1.6134081136907896e-14
3893.9345133678853 1.5847328808753388e-14
3919.36485964942 1.5274513931227465e-14
3944.8949327791174 1.4741086159129317e-14
3970.425005908816 1.4143676409105059e-14
3995.8553521903505 1.401452822766819e-14
4021.3854253200484 1.435231295926896e-14
4046.915498449746 1.481905574376598e-14
4072.445571579444 1.462460806597597e-14
4097.875917860979 1.4598245315295205e-14
4123.405990990676 1.4210168957354804e-14
4148.936064120374 1.3487236670526699e-14
4174.366410401909 1.2894617345079781e-14
4199.8964835316065 1.2451177005999842e-14
4225.426556661305 1.2314860709567874e-14
4250.956629791002 1.239321438840993e-14
4276.386976072537 1.2224779411772067e-14
4301.917049202235 1.2309421966038331e-14
4327.447122331932 1.2063055834124441e-14
4352.8774686134675 1.2052866615505917e-14
4378.407541743165 1.1974781716897897e-14
4403.937614872863 1.1707577602842265e-14
4429.467688002561 1.1545662845371643e-14
4454.898034284096 1.1255166952828912e-14
4480.428107413793 1.1030155251578904e-14
4505.958180543491 1.0753308502724136e-14
4531.388526825026 1.0681844467266735e-14
4556.9185999547235 1.1490074758350472e-14
4582.448673084422 1.0550527000698287e-14
4607.879019365956 1.0350056318720708e-14
4633.4090924956545 1.0077858822397044e-14
4658.939165625352 9.698493368502692e-15
4684.469238755049 9.32992472309413e-15
4709.8995850365845 9.133941131116844e-15
4735.429658166282 9.234987483061391e-15
4760.95973129598 9.435463283706262e-15
4786.390077577515 9.57885553909961e-15
4811.920150707213 9.710636380793516e-15
4837.4502238369105 9.701781650302683e-15
4862.980296966608 9.57983353098828e-15
4888.410643248143 9.475717389799684e-15
4913.9407163778405 9.342907684576532e-15
4939.470789507539 9.155201679373488e-15
4964.901135789073 8.972886652269773e-15
4990.4312089187715 8.698307408687872e-15
5015.961282048469 8.49173370107085e-15
5041.491355178167 8.205629277551033e-15
5066.921701459702 8.036635646973729e-15
5092.451774589399 7.774422905624327e-15
5117.9818477190975 7.611075683323303e-15
5143.412194000632 7.403238849172953e-15
5168.94226713033 7.24424655535185e-15
5194.4723402600275 7.0755997223029004e-15
5219.902686541563 6.9122426021939705e-15
5245.43275967126 6.7541178625956985e-15
5270.962832800958 6.654540124429269e-15
5296.492905930656 6.526661475104929e-15
5321.92325221219 6.445211260462522e-15
5347.453325341889 6.354014684063079e-15
5372.983398471586 6.318603242316881e-15
5398.413744753121 6.2437679857744836e-15
5423.943817882819 6.3603719651928695e-15
5449.473891012516 6.221525517602672e-15
5475.0039641422145 6.110023052362021e-15
5500.434310423749 6.064006094555692e-15
5525.964383553447 6.056225763946916e-15
5551.494456683145 6.03864456914891e-15
5576.92480296468 6.0494041494311154e-15
5602.454876094377 6.01372628199882e-15
5627.984949224075 5.929048003655353e-15
5653.41529550561 5.8015615411307036e-15
5678.945368635307 5.6840458764496326e-15
5704.475441765006 5.6537075428061e-15
5730.005514894703 5.696916102412781e-15
5755.435861176238 5.763363188750006e-15
5780.965934305936 5.821171461113313e-15
5806.496007435633 5.8960459930258195e-15
5831.926353717168 5.877986928765529e-15
5857.456426846866 5.812316676169096e-15
5882.986499976564 5.672275409252406e-15
5908.516573106262 5.520288949025426e-15
5933.946919387797 5.427099578984189e-15
5959.476992517494 5.3303518904052954e-15
5985.007065647192 5.232497998136439e-15
6010.437411928727 5.123810588998759e-15
6035.967485058424 5.007934998992392e-15
6061.497558188123 4.895837638905637e-15
6087.02763131782 4.822759058823555e-15
6112.457977599355 4.763136759000021e-15
6137.988050729053 4.7047882369407524e-15
6163.51812385875 4.6307321286367054e-15
6188.948470140285 4.582239721313182e-15
6214.478543269984 4.530158334631522e-15
6240.008616399681 4.48540733407197e-15
6265.438962681216 4.400791154171255e-15
6290.969035810914 4.287226712992644e-15
6316.499108940611 4.272985400595801e-15
6342.029182070309 4.284157720742284e-15
6367.459528351844 4.361806241007556e-15
6392.989601481542 4.446624052742828e-15
6418.51967461124 4.5687941722554266e-15
6443.950020892775 4.676378288714938e-15
6469.480094022472 4.7416376286657584e-15
6495.01016715217 4.815279762120558e-15
6520.540240281867 4.8177599513102905e-15
6545.970586563402 4.8347076127120396e-15
6571.500659693101 4.7974624161681776e-15
6597.030732822798 4.690468786101845e-15
6622.461079104333 4.57878247942818e-15
6647.991152234031 4.48523357818786e-15
6673.521225363728 4.354535264289154e-15
6699.051298493426 4.2203641801373216e-15
6724.481644774961 4.093536195900879e-15
6750.011717904659 3.992023374212592e-15
6775.541791034357 3.897807496182787e-15
6800.972137315892 3.789306988261892e-15
6826.502210445589 3.74560926930201e-15
6852.032283575287 3.717527027379643e-15
6877.462629856822 3.614065003252544e-15
6902.992702986519 3.5442002860845365e-15
6928.522776116218 3.5246370727235377e-15
6954.052849245915 3.4883602671661834e-15
6979.48319552745 3.4401783399216086e-15
7005.013268657148 3.4051769518603218e-15
7030.543341786845 3.3821503830809218e-15
7055.97368806838 3.363928382524483e-15
7081.503761198078 3.3481069847813964e-15
7107.033834327776 3.3227676864126505e-15
7132.563907457474 3.2748152928013503e-15
7157.994253739009 3.2161947805618057e-15
7183.524326868706 3.1445274941654403e-15
7209.054399998404 3.0836387314359426e-15
7234.484746279939 3.0466049690364263e-15
7260.014819409636 3.011980531217568e-15
7285.544892539335 3.0142361710032656e-15
7311.074965669032 3.0058012199854824e-15
7336.505311950567 2.960568393711803e-15
7362.035385080265 2.9497975097250528e-15
7387.565458209962 2.9259878090180216e-15
7412.995804491497 2.8820446103994383e-15
7438.525877621195 2.8582915276848974e-15
7464.055950750893 2.8404873240858607e-15
7489.4862970324275 2.830998038308768e-15
7515.016370162126 2.8262516415526725e-15
7540.546443291823 2.8120445461838777e-15
7566.076516421521 2.8108660693147246e-15
7591.506862703056 2.7730380547957266e-15
7617.036935832753 2.6595920541676164e-15
7642.567008962452 2.5663679402693683e-15
7667.997355243986 2.5393666803157162e-15
7693.527428373684 2.5478048727596457e-15
7719.057501503382 2.5515187360144005e-15
7744.587574633079 2.531638641337146e-15
7770.0179209146145 2.5058847703997505e-15
7795.547994044312 2.4942954316579233e-15
7821.07806717401 2.4697564946332676e-15
7846.5084134555445 2.4393538595096474e-15
7872.038486585243 2.423102688868068e-15
7897.56855971494 2.411574604485104e-15
7922.9989059964755 2.3788846701497223e-15
7948.528979126173 2.337986493707039e-15
7974.0590522558705 2.3147561876756806e-15
7999.589125385569 2.2915461206977213e-15
8025.019471667103 2.253088343247233e-15
8050.5495447968015 2.222878566326019e-15
8076.079617926499 2.2126489013552902e-15
8101.509964208034 2.2094727714583323e-15
8127.0400373377315 2.1957416175174442e-15
8152.570110467429 2.1738155075730066e-15
8178.100183597127 2.1472197357588324e-15
8203.530529878662 2.117134120524893e-15
8229.06060300836 2.095321705744227e-15
8254.590676138057 2.0852763184428652e-15
8280.021022419593 2.0670489123606064e-15
8305.55109554929 2.0488327407688216e-15
8331.081168678988 2.034139505313974e-15
8356.611241808685 2.0112723148707945e-15
8382.04158809022 1.9907621341721998e-15
8407.57166121992 1.9737702679585144e-15
8433.101734349617 1.9521181715292816e-15
8458.532080631152 1.937491218677758e-15
8484.062153760848 1.9240404368529592e-15
8509.592226890545 1.9094327989295282e-15
8535.02257317208 1.8913380920036768e-15
8560.55264630178 1.8720876981218843e-15
8586.082719431477 1.865677535268974e-15
8611.612792561175 1.8581073807854666e-15
8637.04313884271 1.828404533169479e-15
8662.573211972407 1.8022142881240104e-15
8688.103285102105 1.788852504990297e-15
8713.53363138364 1.780159649296917e-15
8739.063704513337 1.765651982672107e-15
8764.593777643036 1.7115937024185038e-15
8790.123850772734 1.6843233529533652e-15
8815.554197054269 1.795452959312982e-15
8841.084270183965 1.8146771317894626e-15
8866.614343313664 1.6537562582003499e-15
8892.044689595197 1.6044689871846714e-15
8917.574762724897 1.6504561849415978e-15
8943.104835854594 1.6570234202491868e-15
8968.634908984292 1.6287615139188097e-15
8994.065255265827 1.5598938887548423e-15
9019.595328395524 1.50382304655855e-15
9045.125401525222 1.4999839032479203e-15
9070.555747806757 1.5007884561284712e-15
9096.085820936454 1.4981138872375522e-15
9121.615894066153 1.523263991596736e-15
9147.046240347687 1.5298611422504935e-15
9172.576313477386 1.4808367540299068e-15
9198.106386607082 1.4468962497700904e-15
