3776.197765697162 7.241007674232746e-16
3801.794361349941 1.003352379723971e-15
3827.390957002719 6.621293873014311e-16
3852.8875659537284 1.0367723744462933e-15
3878.4841616065064 8.455038980230725e-16
3904.080757259285 8.109460394211009e-16
3929.5773662102943 7.264551225485135e-16
3955.1739618630722 7.267745013263746e-16
3980.7705575158507 9.015040355035433e-16
4006.2671664668605 9.299626233657058e-16
4031.8637621196385 7.517962346258101e-16
4057.4603577724165 7.217587516311702e-16
4083.0569534251945 7.817405441678741e-16
4108.553562376204 7.7806162187917965e-16
4134.150158028982 8.610646276018492e-16
4159.74675368176 9.0415433864214e-16
4185.24336263277 7.199787682333519e-16
4210.839958285548 7.644269112314466e-16
4236.436553938326 7.235994001868445e-16
4262.033149591105 6.201899016342636e-16
4287.529758542115 6.17051332362088e-16
4313.126354194892 7.447750922005238e-16
4338.722949847671 8.02253033926368e-16
4364.21955879868 7.603885231193373e-16
4389.816154451458 7.147326594878259e-16
4415.412750104237 6.625150246087921e-16
4441.009345757015 5.892670266849305e-16
4466.505954708025 5.728198447163273e-16
4492.1025503608025 6.369402767723743e-16
4517.6991460135805 6.035152888586359e-16
4543.19575496459 5.604993096218627e-16
4568.792350617367 5.365757939170289e-16
4594.388946270146 5.009876182654294e-16
4619.885555221156 5.473029280478303e-16
4645.482150873934 5.1638345970434e-16
4671.078746526712 5.06314245612643e-16
4696.67534217949 4.766530320883403e-16
4722.1719511305 4.811968763350978e-16
4747.768546783278 4.388149014102172e-16
4773.365142436056 4.3670798264190175e-16
4798.861751387066 4.2479609577417826e-16
4824.458347039845 5.474807252479321e-16
4850.054942692622 6.302834941430189e-16
4875.651538345401 6.642687866176998e-16
4901.14814729641 6.34644061912849e-16
4926.744742949188 5.3859562826208e-16
4952.3413386019665 4.961674599500806e-16
4977.8379475529755 4.960573905263734e-16
5003.434543205754 4.693046559971177e-16
5029.031138858532 4.0784425223581113e-16
5054.62773451131 4.0773924909855063e-16
5080.12434346232 4.308551795712917e-16
5105.720939115097 4.058925838761397e-16
5131.317534767876 4.2948057055770225e-16
5156.814143718886 4.0913196216959803e-16
5182.410739371664 4.498307114151935e-16
5208.007335024442 4.2711992566844675e-16
5233.503943975451 4.4126089924314484e-16
5259.10053962823 3.9104975826228522e-16
5284.697135281008 4.030861790505119e-16
5310.293730933786 4.0398428596486127e-16
5335.790339884796 3.93833687155443e-16
5361.386935537575 3.7210406130668186e-16
5386.983531190352 3.903493289240493e-16
5412.4801401413615 3.7750205898990374e-16
5438.0767357941395 3.3577557422507424e-16
5463.6733314469175 3.652964252715779e-16
5489.269927099696 3.5371446658824745e-16
5514.766536050705 3.63771166410023e-16
5540.363131703484 3.7079721279395885e-16
5565.959727356262 3.425369751157429e-16
5591.456336307271 3.5610283229699033e-16
5617.05293196005 3.5767342494264974e-16
5642.649527612827 3.3255467372158365e-16
5668.146136563837 3.465141458879488e-16
5693.742732216616 3.7058009244424103e-16
5719.339327869394 3.5384012152263755e-16
5744.935923522172 3.4699136390919385e-16
5770.432532473181 3.176205572210599e-16
5796.02912812596 3.480940535803919e-16
5821.625723778738 3.477402771137959e-16
5847.122332729747 3.220782008070237e-16
5872.7189283825255 3.378802075524383e-16
5898.315524035304 3.21946608932294e-16
5923.9121196880815 3.1133305747615955e-16
5949.408728639091 3.246763659234471e-16
5975.005324291869 3.1383344860695337e-16
6000.601919944647 2.886313306698991e-16
6026.098528895657 2.7258537019987123e-16
6051.695124548435 2.8950492760670184e-16
6077.291720201214 2.915413417998669e-16
6102.888315853992 2.613389530396306e-16
6128.384924805001 2.6046025564030257e-16
6153.98152045778 2.5881667472353516e-16
6179.578116110557 2.759291186252208e-16
6205.074725061567 2.756784893968909e-16
6230.671320714346 2.621849739681375e-16
6256.267916367124 2.7797726663274514e-16
6281.764525318134 2.753163446593104e-16
6307.361120970911 2.625021185985418e-16
6332.9577166236895 2.5186797377254343e-16
6358.5543122764675 2.56085633530341e-16
6384.0509212274765 2.765105893626804e-16
6409.647516880255 2.726011899248152e-16
6435.244112533034 2.652850967694541e-16
6460.740721484043 2.702378848143255e-16
6486.337317136821 3.1683787286468036e-16
6511.933912789599 4.006911953339942e-16
6537.530508442377 4.541589524144829e-16
6563.027117393387 4.618337470858722e-16
6588.623713046165 4.3200593813109946e-16
6614.220308698944 3.828720799136567e-16
6639.716917649954 3.3633452139664555e-16
6665.313513302731 3.1057971274930486e-16
6690.91010895551 2.957775624654094e-16
6716.506704608287 2.597031747118817e-16
6742.003313559297 2.472227240678173e-16
6767.5999092120755 2.522727683842159e-16
6793.1965048648535 2.4306840991786017e-16
6818.693113815863 2.3912487725254147e-16
6844.2897094686405 2.4816337480102473e-16
6869.886305121419 2.404823943151552e-16
6895.382914072429 2.407873490659563e-16
6920.979509725206 2.489329632811801e-16
6946.576105377985 2.2684492354233513e-16
6972.172701030764 2.2007758850438338e-16
6997.669309981773 2.29960803305544e-16
7023.265905634551 2.2221012330228125e-16
7048.862501287329 2.2352216207632715e-16
7074.359110238339 2.275585425772827e-16
7099.955705891117 2.261421383695898e-16
7125.552301543895 2.1483417748896637e-16
7151.148897196674 2.0206167932295406e-16
7176.645506147684 2.1190860638859283e-16
7202.242101800461 2.281566673516472e-16
7227.83869745324 2.316803037046294e-16
7253.3353064042485 2.142547332917041e-16
7278.9319020570265 2.035035677622405e-16
7304.528497709805 1.9768990726774794e-16
7330.125093362583 1.8967282048859172e-16
7355.621702313593 1.9567164159079075e-16
7381.21829796637 1.9331493846946006e-16
7406.814893619149 1.9267921681201717e-16
7432.311502570159 1.967025088354651e-16
7457.908098222936 2.0243410815768053e-16
7483.504693875715 2.013046337690004e-16
7509.001302826725 1.9002827584094934e-16
7534.597898479503 1.8133441889254667e-16
7560.194494132281 1.6532752985846065e-16
7585.791089785059 1.669144013822361e-16
7611.287698736069 1.680120343707768e-16
7636.884294388847 1.594831255899631e-16
7662.480890041625 1.7057290552237536e-16
7687.9774989926345 1.8505470571566547e-16
7713.574094645413 1.812789546960956e-16
7739.1706902981905 1.6948987962303608e-16
7764.767285950969 1.685232530647504e-16
7790.263894901978 1.806624977161375e-16
7815.860490554756 1.8320635086376233e-16
7841.457086207535 1.9119950725763434e-16
7866.953695158544 2.1383376612198545e-16
7892.550290811323 1.756943554806256e-16
7918.1468864641 1.5368917858827268e-16
7943.64349541511 1.5648622921945676e-16
7969.240091067889 1.6084922760032458e-16
7994.836686720666 1.5917280306719567e-16
8020.433282373445 1.5134846380604365e-16
8045.929891324455 1.45704458983921e-16
8071.526486977233 1.492209711470863e-16
8097.123082630011 1.5225164070846154e-16
8122.61969158102 1.5876701603963563e-16
8148.2162872337985 1.5601835365897057e-16
8173.8128828865765 1.566369077719932e-16
8199.409478539355 1.676985408281506e-16
8224.906087490364 1.6627020357974451e-16
8250.502683143142 1.478264105801833e-16
8276.099278795922 1.4354887226889621e-16
8301.595887746931 1.476596594848161e-16
8327.192483399707 1.4278905972765876e-16
8352.789079052487 1.330196554920219e-16
8378.385674705265 1.2888048566618243e-16
8403.882283656274 1.3633682799075115e-16
8429.478879309052 1.3960502812385331e-16
8455.075474961832 1.2914381982650406e-16
8480.57208391284 1.245398733735061e-16
8506.168679565617 1.2709443630089053e-16
8531.765275218397 1.3274455870344895e-16
8557.261884169406 1.4184277144265871e-16
8582.858479822184 1.4878844945885124e-16
8608.455075474963 1.370491074709295e-16
8634.051671127741 1.3412141369473922e-16
8659.54828007875 1.3654506561639278e-16
8685.144875731528 1.3041427020994875e-16
8710.741471384306 1.248837847612821e-16
8736.238080335315 1.2802091731715194e-16
8761.834675988093 1.3293339751546813e-16
8787.431271640873 1.3262588806832084e-16
8813.027867293651 1.249744179532132e-16
8838.52447624466 1.1981776794524325e-16
8864.121071897438 1.1939983830947207e-16
8889.717667550216 1.1739764989401562e-16
8915.214276501225 1.1627270882233511e-16
8940.810872154005 1.2736623642204874e-16
8966.407467806783 1.312095802312172e-16
8992.00406345956 1.157249810125632e-16
9017.500672410571 1.0539860458684918e-16
9043.097268063348 1.0647498562228044e-16
9068.693863716126 1.074562923689844e-16
9094.190472667135 1.0300405394016216e-16
9119.787068319914 1.0580047060344034e-16
9145.383663972692 1.167787699309427e-16
9170.880272923701 1.1713113253824707e-16
9196.476868576481 1.2048349516722478e-16
9222.073464229257 1.2760860747963452e-16
