3766.383874567559 1.1882342516188112e-14
3791.9139476972573 1.3651066585930197e-14
3817.444020826955 1.4195881699707293e-14
3842.87436710849 1.3615196500186614e-14
3868.4044402381874 1.4264966285308958e-14
3893.9345133678853 1.4081483426765978e-14
3919.36485964942 1.283159464617173e-14
3944.8949327791174 1.220973468821733e-14
3970.425005908816 1.2847224142650347e-14
3995.8553521903505 1.2972899949115814e-14
4021.3854253200484 1.218424250443053e-14
4046.915498449746 1.1831933129026357e-14
4072.445571579444 1.185154439997792e-14
4097.875917860979 1.0917226559185632e-14
4123.405990990676 1.124527735502394e-14
4148.936064120374 1.0243803585123417e-14
4174.366410401909 1.0051283621520726e-14
4199.8964835316065 9.891741691959227e-15
4225.426556661305 1.0314807837159383e-14
4250.956629791002 1.007676757774599e-14
4276.386976072537 9.561605690476919e-15
4301.917049202235 9.71396471115188e-15
4327.447122331932 9.608461209300745e-15
4352.8774686134675 9.305640454535882e-15
4378.407541743165 8.824171882327713e-15
4403.937614872863 8.678218363592553e-15
4429.467688002561 8.69972519792543e-15
4454.898034284096 9.365858770804041e-15
4480.428107413793 9.289593148594403e-15
4505.958180543491 9.237981133071705e-15
4531.388526825026 9.603381860900485e-15
4556.9185999547235 9.556634889859681e-15
4582.448673084422 9.549868213464544e-15
4607.879019365956 9.025859395201203e-15
4633.4090924956545 8.873281449673636e-15
4658.939165625352 8.399805963629773e-15
4684.469238755049 8.000343349399958e-15
4709.8995850365845 7.606768769176636e-15
4735.429658166282 7.60584133388009e-15
4760.95973129598 7.346405406369858e-15
4786.390077577515 7.11816139108574e-15
4811.920150707213 7.122799476617241e-15
4837.4502238369105 7.014223735389037e-15
4862.980296966608 6.7821811869709444e-15
4888.410643248143 6.783668619306375e-15
4913.9407163778405 6.520444815640879e-15
4939.470789507539 6.517064365133571e-15
4964.901135789073 6.4718028525215744e-15
4990.4312089187715 6.279396789083862e-15
5015.961282048469 6.050579501326334e-15
5041.491355178167 5.643569090106791e-15
5066.921701459702 5.589536003094345e-15
5092.451774589399 5.5457126810553194e-15
5117.9818477190975 5.558844239776066e-15
5143.412194000632 5.323253109230251e-15
5168.94226713033 5.185191829733821e-15
5194.4723402600275 5.023423952613992e-15
5219.902686541563 4.908557352916955e-15
5245.43275967126 4.893307269738463e-15
5270.962832800958 4.685695951122949e-15
5296.492905930656 4.629224289114004e-15
5321.92325221219 4.54803437377026e-15
5347.453325341889 4.584932057012528e-15
5372.983398471586 4.52023717668172e-15
5398.413744753121 4.448152443729383e-15
5423.943817882819 4.6178412354421596e-15
5449.473891012516 4.4519826738485e-15
5475.0039641422145 4.33389316370968e-15
5500.434310423749 4.369695139019011e-15
5525.964383553447 4.2418783883024515e-15
5551.494456683145 4.278973865677808e-15
5576.92480296468 4.252451085351784e-15
5602.454876094377 4.1027636624622224e-15
5627.984949224075 4.033019468686091e-15
5653.41529550561 4.023134023992426e-15
5678.945368635307 3.958528027778305e-15
5704.475441765006 3.9163919703488526e-15
5730.005514894703 3.940174346968528e-15
5755.435861176238 3.9266944865467676e-15
5780.965934305936 3.8375244186671715e-15
5806.496007435633 3.840257283605165e-15
5831.926353717168 3.8244097866579405e-15
5857.456426846866 3.791234980572511e-15
5882.986499976564 3.649139664260405e-15
5908.516573106262 3.4788025970927095e-15
5933.946919387797 3.4027222375944797e-15
5959.476992517494 3.4144950618789565e-15
5985.007065647192 3.3805440871209913e-15
6010.437411928727 3.3207077540668863e-15
6035.967485058424 3.238715955239471e-15
6061.497558188123 3.105004005372608e-15
6087.02763131782 3.114461460425624e-15
6112.457977599355 3.046283991077955e-15
6137.988050729053 2.9399944166169442e-15
6163.51812385875 3.043094734870952e-15
6188.948470140285 3.0316723897210878e-15
6214.478543269984 2.9845975132904446e-15
6240.008616399681 2.948637845029452e-15
6265.438962681216 2.960660377050531e-15
6290.969035810914 2.9284781600160972e-15
6316.499108940611 2.9282413315455294e-15
6342.029182070309 2.941502286407135e-15
6367.459528351844 2.8738414721827133e-15
6392.989601481542 2.9104083135474544e-15
6418.51967461124 2.9310206418604897e-15
6443.950020892775 2.9442773792086142e-15
6469.480094022472 3.00157070475914e-15
6495.01016715217 2.9634157907216463e-15
6520.540240281867 2.9008536471785853e-15
6545.970586563402 2.8664644964699027e-15
6571.500659693101 2.854090110296212e-15
6597.030732822798 2.7965669286368816e-15
6622.461079104333 2.7012853606723957e-15
6647.991152234031 2.6646303487275295e-15
6673.521225363728 2.6109514863824575e-15
6699.051298493426 2.5134665627826485e-15
6724.481644774961 2.4270418637446972e-15
6750.011717904659 2.3759965236819185e-15
6775.541791034357 2.3748848212347164e-15
6800.972137315892 2.3421639419730092e-15
6826.502210445589 2.337429358656719e-15
6852.032283575287 2.350926786277709e-15
6877.462629856822 2.37292012074031e-15
6902.992702986519 2.3912508708033095e-15
6928.522776116218 2.2979467288525884e-15
6954.052849245915 2.2047311361044155e-15
6979.48319552745 2.1588820957797576e-15
7005.013268657148 2.0791482847730047e-15
7030.543341786845 2.0418772140527773e-15
7055.97368806838 2.0385410693941643e-15
7081.503761198078 2.0352071450082356e-15
7107.033834327776 1.9847111228320813e-15
7132.563907457474 1.9306373797600086e-15
7157.994253739009 1.9201191931419086e-15
7183.524326868706 1.8842447175001487e-15
7209.054399998404 1.8471970343282718e-15
7234.484746279939 1.8331164487272474e-15
7260.014819409636 1.8250787626441607e-15
7285.544892539335 1.8013758589732917e-15
7311.074965669032 1.781311543070463e-15
7336.505311950567 1.766088664781324e-15
7362.035385080265 1.7520823626456318e-15
7387.565458209962 1.7380903414919586e-15
7412.995804491497 1.7541941653323109e-15
7438.525877621195 1.751041340578975e-15
7464.055950750893 1.6974040385577479e-15
7489.4862970324275 1.6786640374853536e-15
7515.016370162126 1.674352501324045e-15
7540.546443291823 1.6220223039817378e-15
7566.076516421521 1.5709381124365839e-15
7591.506862703056 1.58587937333367e-15
7617.036935832753 1.615198182715262e-15
7642.567008962452 1.6301355615220374e-15
7667.997355243986 1.6199043118093755e-15
7693.527428373684 1.5989014712878308e-15
7719.057501503382 1.5743255286756032e-15
7744.587574633079 1.5366067437918476e-15
7770.0179209146145 1.4869590342474097e-15
7795.547994044312 1.4744193350649954e-15
7821.07806717401 1.4559144587534103e-15
7846.5084134555445 1.4278688661622657e-15
7872.038486585243 1.4297045931728282e-15
7897.56855971494 1.4148252653620696e-15
7922.9989059964755 1.3856392253670748e-15
7948.528979126173 1.3457377353080715e-15
7974.0590522558705 1.3309123194491883e-15
7999.589125385569 1.3578238355461011e-15
8025.019471667103 1.3656516959717787e-15
8050.5495447968015 1.3365453341598665e-15
8076.079617926499 1.3026993210506584e-15
8101.509964208034 1.2986400649647037e-15
8127.0400373377315 1.3017225370737186e-15
8152.570110467429 1.285773171440808e-15
8178.100183597127 1.2745929711059873e-15
8203.530529878662 1.2764982189337234e-15
8229.06060300836 1.2629883623043056e-15
8254.590676138057 1.2233835296734444e-15
8280.021022419593 1.1809573731977728e-15
8305.55109554929 1.1639597467950774e-15
8331.081168678988 1.171536981332822e-15
8356.611241808685 1.1945315151102664e-15
8382.04158809022 1.194152815810321e-15
8407.57166121992 1.1431542433284334e-15
8433.101734349617 1.0970480022473495e-15
8458.532080631152 1.1080771622742223e-15
8484.062153760848 1.110571736679109e-15
8509.592226890545 1.0725734725089981e-15
8535.02257317208 1.0508168017355155e-15
8560.55264630178 1.0528567045101701e-15
8586.082719431477 1.0453149638925558e-15
8611.612792561175 1.0318662619851797e-15
8637.04313884271 1.023984158805904e-15
8662.573211972407 1.0161065911325273e-15
8688.103285102105 1.0157959371573545e-15
8713.53363138364 1.0215110698086047e-15
8739.063704513337 1.025805565049393e-15
8764.593777643036 1.0385969377696913e-15
8790.123850772734 1.0513814861441799e-15
8815.554197054269 1.0352591141872093e-15
8841.084270183965 9.956781242849408e-16
8866.614343313664 9.50344869858401e-16
8892.044689595197 9.223658283692222e-16
8917.574762724897 9.255115093504514e-16
8943.104835854594 9.383625971890865e-16
8968.634908984292 9.334253874059424e-16
8994.065255265827 9.043556702663807e-16
9019.595328395524 8.598796438179288e-16
9045.125401525222 8.326073315760959e-16
9070.555747806757 8.289981396212201e-16
9096.085820936454 8.4021161182563e-16
9121.615894066153 8.660028144600932e-16
9147.046240347687 8.661527038684865e-16
9172.576313477386 8.40677743494854e-16
9198.106386607082 8.461223403294072e-16
