4153.351451980607 8.807841315873395 0.27237648832760447
4157.33357226055 8.470391822951564 0.26053848980168776
4161.315692540493 8.183289629480264 0.24773343818630378
4165.297812820436 8.407198274082994 0.23951307601194408
4169.279933100379 8.559905582704534 0.23174426147881513
4173.262053380322 8.242220135685317 0.22318966951845953
4177.244173660265 8.43789450044655 0.21670312580152462
4181.226293940208 8.570907118194313 0.2118766618975901
4185.208414220151 8.463206695753286 0.20617771814209027
4189.190534500094 8.679684993628747 0.20338412942254758
4193.172654780037 8.763824580625318 0.19995348119168815
4197.15477505998 8.586298463271804 0.19463564020584748
4201.136895339923 8.555249779836634 0.18967346530717064
4205.119015619866 8.861231967504859 0.1867187780082915
4209.101135899809 9.122057863825056 0.18429837393590587
4213.083256179752 9.066332428060752 0.180929141395744
4217.0653764596955 9.13929148121929 0.17901245174903938
4221.0474967396385 8.91258301284756 0.17626781052294566
4225.029617019582 8.68051296907557 0.17267286711551677
4229.011737299525 8.664238813386167 0.17051914229858464
4232.993857579468 8.675931757291986 0.16906988673208653
4236.975977859411 8.61394760607376 0.16705230230214158
4240.958098139354 8.593387466187519 0.16467450672254613
4244.940218419297 8.686857518600172 0.1627035127048413
4248.92233869924 8.84543693710295 0.1612729045753572
4252.904458979183 8.83613430503989 0.15909756175481235
4256.886579259126 8.582287484891795 0.15647271731303633
4260.868699539069 8.472651143209987 0.1546902401381296
4264.850819819012 8.609239442366409 0.15359936690807874
4268.832940098955 8.59882762504614 0.15144067433716996
4272.815060378898 8.561307123623669 0.14855112965005762
4276.797180658841 8.63869065693022 0.14585688698665222
4280.779300938784 8.327627434613815 0.14229736484847938
4284.761421218727 8.22863906927042 0.14045640679656307
4288.74354149867 8.291878798353968 0.14045609156807418
4292.725661778613 8.234894710265879 0.1412975835138232
4296.707782058556 8.069888316538343 0.14141752473923122
4300.689902338499 7.843825695664569 0.14076259096961283
4304.6720226184425 7.635122400044581 0.13954765816848727
4308.6541428983855 7.5606035377965295 0.138119753398035
4312.636263178329 7.558561260853168 0.1365266311803286
4316.618383458272 7.368561963979101 0.13427277019374767
4320.600503738215 7.3392333422857625 0.1333155346895063
4324.582624018158 7.372343628151099 0.13273967741148868
4328.564744298101 7.418851589094532 0.1328582114593927
4332.546864578044 7.467511708598242 0.13315171429832542
4336.528984857987 7.237554462075438 0.13236060780797898
4340.51110513793 7.121847533323402 0.1315709063715982
4344.493225417873 7.223617220125205 0.1311789131493555
4348.475345697816 6.997995441929961 0.12961137069579176
4352.457465977759 6.8522359433724915 0.12807877622251196
4356.439586257702 7.074476924441825 0.12658230417782418
4360.421706537645 7.0154302805896505 0.12519806015872786
4364.403826817588 6.874272716924905 0.12334684551027904
4368.385947097531 6.930120642236442 0.12260672609539414
4372.368067377474 6.961781208768007 0.12258606960900277
4376.350187657417 6.828429702831146 0.12215530251638827
4380.33230793736 6.758345518937506 0.12166046428247676
4384.314428217303 6.869941243938166 0.12179556870234821
4388.2965484972465 6.809006399319733 0.12080305503433848
4392.2786687771895 6.878231266114208 0.12091682231586294
4396.260789057133 7.0380393125479745 0.1214141927990071
4400.242909337076 6.84730826245781 0.12080334487578803
4404.22502961702 6.6283603461547305 0.11980080388307375
4408.207149896963 6.664607635841272 0.119127414248515
4412.189270176906 6.880602701446855 0.11908692070646731
4416.171390456849 7.001139999524962 0.11916392109602972
4420.153510736792 6.916905966242822 0.11840637176985959
4424.135631016735 7.063787602708656 0.11869722312968453
4428.117751296678 7.054094435914918 0.11804717640279537
4432.099871576621 7.18572507190132 0.11707311946072392
4436.081991856564 7.300983157197794 0.11655203389122566
4440.064112136507 7.32552475116165 0.11591190844807889
4444.04623241645 7.3599220524463345 0.11587284039503128
4448.028352696393 7.430310060262106 0.11665766037042888
4452.010472976336 7.477467302280672 0.11710204171616631
4455.992593256279 7.6114887203518355 0.11733472332607087
4459.974713536222 7.832844025455581 0.1173771303107517
4463.956833816165 7.998482797307874 0.11685982830160029
4467.938954096108 8.033471402753353 0.11670253062393361
4471.921074376051 8.181307249331168 0.11712536674575987
4475.903194655994 8.362845777136734 0.11753810203978421
4479.8853149359375 8.419685438182913 0.11751378428548498
4483.8674352158805 8.452521400135584 0.11732525173621346
4487.849555495824 8.641232554787905 0.11738176878082224
4491.831675775767 8.798379810092797 0.11732841773255547
4495.81379605571 8.79639555511347 0.11640333025696827
4499.795916335653 8.797580765423447 0.11517551039201476
4503.778036615596 9.04870333720203 0.11513806497746734
4507.760156895539 9.13713148582507 0.11484336069431635
4511.742277175482 9.152436503488119 0.11449704522617307
4515.724397455425 9.311972357266189 0.11477983426892402
4519.706517735368 9.513554358914073 0.11509773964896014
4523.688638015311 9.578313679152668 0.1146247599731549
4527.670758295254 9.521725055602541 0.11386365632725061
4531.652878575197 9.472998026714587 0.11353914287957348
4535.63499885514 9.760560606545507 0.11381122026043212
4539.617119135083 9.870498568689621 0.11370919814615016
4543.599239415026 9.88027961763356 0.11355627779940067
4547.581359694969 10.062111992029198 0.11366494832373546
4551.563479974912 10.29589536307805 0.11365489753319745
4555.545600254855 10.346326362393084 0.11317603735453957
4559.527720534798 10.429446348240685 0.11265197689783868
4563.509840814741 10.538937800403541 0.11245554830818699
4567.4919610946845 10.714234480134142 0.11236169493872714
4571.4740813746275 10.802900994901204 0.1122598227153815
4575.456201654571 10.918172207547395 0.11202607799707386
4579.438321934514 10.83573568303402 0.1113918543986376
4583.420442214457 10.773994493466985 0.1110941194840307
4587.4025624944 10.928776225095556 0.11126995271359506
4591.384682774343 11.003297530558932 0.11093373121659603
4595.366803054286 10.954222029501157 0.1104319890992017
4599.348923334229 10.994723283396434 0.11003997841337487
4603.331043614172 10.824084483448182 0.10939072994065556
4607.313163894115 10.996794015041273 0.10895030316569032
4611.295284174058 10.996611699615185 0.10820550289299401
4615.277404454001 10.920299252842659 0.10725410839398042
4619.259524733944 10.913153031943441 0.1065078829757679
4623.241645013887 10.905229429584377 0.10602041488947002
4627.22376529383 10.889383530561481 0.1055143613034756
4631.205885573773 10.647163954234628 0.10484967346044678
4635.188005853716 10.53910089002433 0.10400183401458894
4639.170126133659 10.417374790366262 0.10318001010182667
4643.152246413602 10.294556180948815 0.10210797383363221
4647.134366693545 10.190829215472155 0.10112365116342152
4651.1164869734885 10.05626322643985 0.10033378148043075
4655.0986072534315 9.897646046995565 0.09956707233727385
4659.080727533375 9.748824024754853 0.09879741476780209
4663.062847813318 9.58936353429941 0.09818772626666956
4667.044968093261 9.578679553949586 0.09759325759563739
4671.027088373204 9.292013330712965 0.09631578848211506
4675.009208653147 9.187447564693251 0.09526276151386645
4678.99132893309 9.050657838142742 0.09432505903909427
4682.973449213033 8.898196668926412 0.09358213731424282
4686.955569492976 8.737058861999493 0.09283286504243644
4690.937689772919 8.591517193011889 0.092215553688278
4694.919810052862 8.47694211642125 0.09190716227231997
4698.901930332805 8.235843114228777 0.0910384141787418
4702.884050612748 8.072613827917385 0.09009354113566824
4706.866170892691 7.903617333895869 0.08920939010128497
4710.848291172634 7.8134033877133735 0.08823788422421673
4714.830411452577 7.516665608844057 0.08730374976612582
4718.81253173252 7.34978758407512 0.08665969310509158
4722.794652012463 7.251686165773306 0.08602416190736259
4726.776772292406 6.966978804440281 0.08509433587816059
4730.758892572349 6.708445072259932 0.08412155385578045
4734.741012852292 6.565445581860456 0.08323346413942458
4738.7231331322355 6.448740152886443 0.08234952531350322
4742.7052534121785 6.343401723203626 0.08194843915336884
4746.687373692122 6.255340153340854 0.08172166035948605
4750.669493972065 6.145499756862898 0.0814653173436466
4754.651614252008 5.9715720017622065 0.08082766111393554
4758.633734531951 5.7766505881029735 0.08006598792617861
4762.615854811894 5.697413268985171 0.07965281315830543
4766.597975091837 5.767568574969121 0.07933129439688646
4770.58009537178 5.683630508169976 0.07883867471724451
4774.562215651723 5.5774662623347995 0.07837160219573758
4778.544335931666 5.492592539144772 0.07796562707244664
4782.526456211609 5.487982920841772 0.07772224272758796
4786.508576491552 5.496776170388096 0.0775632505482119
4790.490696771495 5.496773539539965 0.07739413461044448
4794.472817051438 5.43222789599628 0.0770582489114759
4798.454937331381 5.323649675318994 0.07658080729510969
4802.437057611324 5.381126007954902 0.07629658263880668
4806.419177891267 5.37555643866623 0.07580738556590401
4810.40129817121 5.401706874512469 0.07544265200326508
4814.383418451153 5.366571606004332 0.07516575964917764
4818.365538731096 5.360130881740319 0.07487354176445994
4822.34765901104 5.3767305083232735 0.07434986893682433
4826.329779290983 5.435295608675143 0.07367377905058946
4830.3118995709265 5.503342904084196 0.07294211692700699
4834.2940198508695 5.533355193324581 0.07220964745476792
4838.276140130813 5.648739711963435 0.07189750632393718
4842.258260410756 5.528842522059631 0.07148244888259794
4846.240380690699 5.658665896612525 0.07197426125781538
4850.222500970642 5.664851226579887 0.07242590605738744
4854.204621250585 5.663116586410214 0.07254377306975617
4858.186741530528 5.669182715741572 0.07249895469808863
4862.168861810471 5.591884988707926 0.07243759937465843
4866.150982090414 5.52581397570863 0.07240062625468696
4870.133102370357 5.6428301417161375 0.07245118552707734
4874.1152226503 5.671745008291653 0.07251897485677672
4878.097342930243 5.701931959176533 0.07254445625311812
4882.079463210186 5.836985176564778 0.07246230736128313
4886.061583490129 5.926831528775567 0.0722322875617011
4890.043703770072 5.926722898473841 0.07168097715079132
4894.025824050015 5.902492546085521 0.07125872933800881
4898.007944329958 5.90514731676594 0.07121154984364778
4901.990064609901 5.963082429206326 0.07124946463218303
4905.972184889844 6.082402739274614 0.07125769929144062
4909.954305169787 6.039293453756473 0.07130083877018108
4913.93642544973 6.101796933435995 0.07117506799749151
4917.9185457296735 6.1819002755175765 0.07124857265034892
4921.9006660096165 6.198102489340567 0.07123031003015046
4925.88278628956 6.173699945288033 0.07109474735865157
4929.864906569503 6.196350882703319 0.07092889513260375
4933.847026849446 6.281048644252623 0.07075891964678196
4937.829147129389 6.347834685596493 0.07057238885925143
4941.811267409332 6.348127626377467 0.07040858301666472
4945.793387689275 6.30234809342148 0.07039609124812364
4949.775507969218 6.2819051291987185 0.0699797541101053
4953.757628249161 6.299549168270481 0.06964810491207195
4957.739748529104 6.310999295623473 0.06922623620439473
4961.721868809047 6.250897756452908 0.06886325687032631
4965.70398908899 6.203584833567677 0.0686471228187502
4969.686109368933 6.273968763737749 0.06856383545192053
4973.668229648876 6.389097511657957 0.068544519947985
4977.650349928819 6.402244469075874 0.06814676855438351
4981.632470208762 6.302161238994025 0.06761146458607191
4985.614590488705 6.18166411646822 0.06702287690369081
4989.596710768648 6.213684606160675 0.06668427042500169
4993.578831048591 6.284976856641688 0.06656329125307167
4997.560951328534 6.277812859553839 0.06655596585213847
5001.5430716084775 6.253857458528965 0.06657635355444226
5005.5251918884205 6.3061753873069355 0.06641619371284345
5009.507312168364 6.306557139336008 0.0659958573994452
5013.489432448307 6.344694793697997 0.06593526116652543
5017.47155272825 6.382821102142105 0.0641335387755717
5021.453673008193 6.420936105514833 0.05993476689186106
5025.435793288136 6.459039844880594 0.06367656307345841
5029.417913568079 6.497132361517603 0.06620697945595888
5033.400033848022 6.496088374685838 0.06584780155428657
5037.382154127965 6.492904675831781 0.06574742176612176
5041.364274407908 6.472272784608125 0.06558725897576727
5045.346394687851 6.571987910960443 0.06537659799619806
5049.328514967794 6.517052740549564 0.0649886765045997
5053.310635247737 6.591956162964489 0.06499958002982772
5057.29275552768 6.646737881719913 0.06509525903498496
5061.274875807623 6.622912429777117 0.06506292153572427
5065.256996087566 6.672622155263492 0.06505846774988341
5069.239116367509 6.780435542849333 0.06514753915990067
5073.221236647452 6.846864755099702 0.06520966663939168
5077.203356927395 6.8906952635824625 0.06516097209741414
5081.185477207338 6.916039313593197 0.06505731134728439
5085.1675974872815 6.917730594485485 0.06515781284943581
5089.1497177672245 7.06551579413823 0.06532516876504427
5093.131838047168 7.2259239266858675 0.06543878707713655
5097.113958327111 7.190795388548057 0.0652559936048549
5101.096078607054 7.145220216202347 0.06494697612673395
5105.078198886997 7.178657790342422 0.06465526749873808
5109.06031916694 7.181653554407199 0.06443383137400018
5113.042439446883 7.194977221260802 0.06442629404832652
5117.024559726826 7.372401954321063 0.06453425925092592
5121.006680006769 7.408603928366934 0.06444529718096566
5124.988800286712 7.472361320296216 0.06447032794351973
5128.970920566655 7.464188776525804 0.0644416273807412
5132.953040846598 7.457254136218022 0.06406220985078324
5136.935161126541 7.528414919798981 0.06338342338498265
5140.917281406484 7.593296574536014 0.06276226266395427
5144.899401686427 7.580334470309053 0.06242020296569966
5148.88152196637 7.598143984723868 0.062224948431298166
5152.863642246313 7.583276159582385 0.06211156780449547
5156.845762526256 7.582168676684741 0.062260069271308796
5160.827882806199 7.633986182064343 0.062413953111911134
5164.810003086142 7.685064138690716 0.06273581909649877
5168.792123366085 7.724349532868226 0.0631067663254204
5172.7742436460285 7.749004299384225 0.06327776365881063
5176.7563639259715 7.758286987562136 0.06328849881244393
5180.738484205915 7.776165761056212 0.06330833815070178
5184.720604485858 7.831829874327856 0.06319804348493864
5188.702724765801 7.8754561153599045 0.06319916850650147
5192.684845045744 7.898928549920386 0.0631614273425629
5196.666965325687 7.938049755090445 0.06309794968701278
5200.64908560563 8.020320696519457 0.06305727726945114
5204.631205885573 8.09216299093837 0.06304572391213993
5208.613326165516 8.182771146441405 0.06313627965530615
5212.595446445459 8.270503536970065 0.06331820851215887
5216.577566725402 8.273277775471731 0.06344941487726978
5220.559687005345 8.371271023754531 0.06354440086494434
5224.541807285288 8.479692873439278 0.06355136442268525
5228.523927565231 8.486691888598608 0.0634026808507527
5232.506047845174 8.531940362839448 0.06313310807195895
5236.488168125117 8.685270438653166 0.06289016158323511
5240.47028840506 8.761702674534176 0.06259103799147127
5244.452408685004 8.76120235402723 0.06239787621386539
5248.434528964947 8.800756496801855 0.06252173697890782
5252.41664924489 8.819239677213945 0.06277068652234692
5256.398769524833 8.951505533092005 0.06312963630984882
5260.380889804776 8.918618042666811 0.0632033588714676
5264.3630100847195 8.910466457201181 0.06322499126347059
5268.3451303646625 8.956509167955131 0.06314236297189471
5272.327250644606 8.970036678576779 0.06300380583999138
5276.309370924549 9.037862621982793 0.06304317172830587
5280.291491204492 9.131710981376129 0.06322449444349924
5284.273611484435 9.112002503459843 0.06325215941023825
5288.255731764378 9.086467785924986 0.06307545321185429
5292.237852044321 9.070570408276424 0.06273755803578461
5296.219972324264 9.135286279753098 0.062417311254073515
5300.202092604207 9.104920507713949 0.0621993785563937
5304.18421288415 9.071392728842406 0.062065156810758616
5308.166333164093 9.106833739021507 0.062069935684503974
5312.148453444036 9.123873918779937 0.06212775870977209
5316.130573723979 9.109936150501925 0.06214229778554494
5320.112694003922 9.133296715900476 0.062098457839321664
5324.094814283865 9.050953305940885 0.061932726886164316
5328.076934563808 9.064580125316223 0.06206970585500265
5332.059054843751 9.103533302997315 0.06197639455217344
5336.041175123694 9.147604866818604 0.061745466025151484
5340.023295403637 9.110522723554299 0.06143990712465533
5344.00541568358 9.025966115196166 0.06119840233412854
5347.987535963523 8.967755749107425 0.061053753003986355
5351.9696562434665 8.922476566446726 0.06097092178131986
5355.9517765234095 8.852512532580315 0.060908944596218415
5359.933896803353 8.869649606046856 0.06064611355816974
5363.916017083296 8.91892035946398 0.06030483546150154
5367.898137363239 8.813810934383966 0.05992172025944828
5371.880257643182 8.74367153481136 0.05956661591446689
5375.862377923125 8.753854453064589 0.05934909934369986
5379.844498203068 8.725315189958197 0.05914308687402181
5383.826618483011 8.620540869675697 0.0589114447584129
5387.808738762954 8.52466186569774 0.05865829550521513
5391.790859042897 8.474838949370378 0.05870835156016552
5395.77297932284 8.478202010185042 0.060919804768775974
5399.755099602783 8.501034700315419 0.05985448955551392
5403.737219882726 8.41215309784714 0.058360904010334246
5407.719340162669 8.294372495031618 0.05796848835752418
5411.701460442612 8.26416755412104 0.0579214544273698
5415.683580722555 8.242692105341641 0.05778201503290286
5419.665701002498 8.15062874611585 0.05773003550873425
5423.647821282441 8.068358591440198 0.05769919509554301
5427.629941562384 8.063534928503145 0.05763039506541729
5431.612061842327 8.104703715782453 0.057776404960030586
5435.5941821222705 8.104409352326247 0.05778383196901406
5439.5763024022135 8.106557946090303 0.057626732457508094
5443.558422682157 8.05265945046059 0.057314634442141
5447.5405429621 8.019616746067483 0.05707491249697416
5451.522663242043 8.038368255378053 0.056939453416928604
5455.504783521986 8.034392048039924 0.056829805289061314
5459.486903801929 7.99218779365127 0.05681467223257844
5463.469024081872 8.030096576931026 0.05688467419523227
5467.451144361815 7.993229225905896 0.05675280130750105
5471.433264641758 7.972469419433031 0.05660560249435547
5475.415384921701 8.018847464660531 0.056564723796455836
5479.397505201644 8.031279575216605 0.05650929637832116
5483.379625481587 7.990706193162905 0.056345727516322136
5487.36174576153 7.918517586028168 0.056096942628804033
5491.343866041473 7.845666749378261 0.05587123324039613
5495.325986321416 7.821496052770995 0.05575520937478462
5499.308106601359 7.809511310266247 0.055674739717229096
5503.290226881302 7.825024538697384 0.05562070702049104
5507.272347161245 7.758500972307556 0.05536872751324262
5511.254467441188 7.7308586566561415 0.055443561657837766
5515.236587721131 7.747144805793271 0.0555734484327354
5519.218708001074 7.7636679217902325 0.05553749007652116
5523.2008282810175 7.7279562675401445 0.05540671163533143
5527.1829485609605 7.6535720415998405 0.05525824274757981
5531.165068840904 7.629199860265112 0.05504672570768982
5535.147189120847 7.548620920743869 0.05481754214393589
5539.12930940079 7.435646382857134 0.05700929342477809
5543.111429680733 7.332725886548184 0.06348816115085128
5547.093549960676 7.252196718107701 0.06723767725814384
5551.075670240619 7.2180820525905105 0.06807069092383167
5555.057790520562 7.192078066905264 0.06702531233327166
5559.039910800505 7.134627469337629 0.06306225595334422
5563.022031080448 7.066788582692137 0.056379200323512804
5567.004151360391 7.001648258332546 0.05284863893604274
5570.986271640334 6.908750013104861 0.052674497803751524
5574.968391920277 6.849166314545101 0.05263961360223689
5578.95051220022 6.812236115671054 0.052478508419493766
5582.932632480163 6.7331688704173995 0.052228687346881346
5586.914752760106 6.6413762760109005 0.05206031878800492
5590.896873040049 6.590882381502418 0.05160193204506486
5594.878993319992 6.460040749135759 0.05183551139924972
5598.861113599935 6.150760640334446 0.05383345146504866
5602.843233879878 6.107506615304047 0.053292352666817325
5606.8253541598215 6.353334828909218 0.05086672018090068
5610.8074744397645 6.292750831087418 0.050754396898270535
5614.789594719708 6.114955714323776 0.05057191409045303
5618.771714999651 6.012292170809532 0.05026067296452593
5622.753835279594 5.9755497752300455 0.05001278189814582
5626.735955559537 5.943964156088989 0.04977232922026945
5630.71807583948 5.898377028850328 0.04952695670831657
5634.700196119423 5.810039366331069 0.04927201896663021
5638.682316399366 5.7079433770043515 0.04919087898667408
5642.664436679309 5.611900718853855 0.04900552173380535
5646.646556959252 5.499170181077869 0.04884015876152507
5650.628677239195 5.52696354992967 0.04875221851169721
5654.610797519138 5.523126016862907 0.04853155396558085
5658.592917799081 5.368656092591316 0.04817277479726722
5662.575038079025 5.195752721575126 0.04797637001043714
5666.557158358968 5.200552602873858 0.04805053340303795
5670.539278638911 5.356885587811152 0.04800037409645835
5674.521398918854 5.36326406461136 0.0477898221476213
5678.503519198797 5.449104003927025 0.04780311176036481
5682.48563947874 5.43294958199737 0.047755176933051535
5686.467759758683 5.463821042121806 0.047781160733055376
5690.449880038626 5.443336903806051 0.04782423403885037
5694.432000318569 5.400241455726871 0.047858368330232985
5698.414120598512 5.479120996905655 0.0479501994553967
5702.3962408784555 5.6186136935684825 0.04808986655183813
5706.378361158399 5.619931627612974 0.04817329847408517
5710.360481438342 5.580843153279365 0.0480710260772981
5714.342601718285 5.632690075166823 0.04797681400851601
5718.324721998228 5.7335284592553775 0.04798653817361773
5722.306842278171 5.80444285318948 0.04806342138431654
5726.288962558114 5.882045476746037 0.048178615882135886
5730.271082838057 5.959337766503917 0.04827649971656347
5734.253203118 6.012338356888589 0.048397311564621875
5738.235323397943 6.097928849793278 0.04863426949335809
5742.217443677886 6.150452090383517 0.04867605160063786
5746.199563957829 6.180866549134387 0.048672529173030075
5750.181684237772 6.248643414625956 0.04872978966072109
5754.163804517715 6.263997145327541 0.04870910944955515
5758.145924797658 6.326974384804904 0.04875451036115619
5762.128045077601 6.415245200223584 0.048950777230392734
5766.110165357544 6.519327804355988 0.049277083818607716
5770.092285637487 6.660239015027474 0.04961766407766289
5774.07440591743 6.715528492800753 0.04978060400891465
5778.056526197373 6.742712092356437 0.04986314825166819
5782.038646477316 6.908091362032647 0.05012502099372998
5786.0207667572595 6.997103137475398 0.05037070588676742
5790.0028870372025 7.043477412253079 0.05049075536704075
5793.985007317146 7.135525649551295 0.050627258403073604
5797.967127597089 7.244758750968467 0.05082939616552507
5801.949247877032 7.296079494805732 0.051011192736345023
5805.931368156975 7.329467927605201 0.051130359059421274
5809.913488436918 7.457119816491421 0.05121928245494327
5813.895608716861 7.520615983422482 0.05129601503313577
5817.877728996804 7.6244644680229925 0.05132504393858685
5821.859849276747 7.670456033022327 0.05129387060770462
5825.84196955669 7.707758634512192 0.05131253637440529
5829.824089836633 7.796497293599858 0.051516057518402984
5833.806210116576 7.892408180065336 0.05178772650559818
5837.788330396519 7.886618590809481 0.051837568284979006
5841.770450676462 7.786598289304992 0.05161675233992288
5845.752570956405 7.792033676439267 0.051481166333052004
5849.734691236348 7.737773441661937 0.05121921808360897
5853.716811516291 7.728943113675623 0.05121528282148152
5857.698931796234 7.6158203395485815 0.05110818569728075
5861.681052076177 7.523027783931553 0.0510380564268777
5865.66317235612 7.523144516696097 0.05107571202167077
5869.6452926360635 7.568749964299392 0.051012143885247635
5873.6274129160065 7.597729488013108 0.05075900785763564
5877.60953319595 7.61571690291985 0.05059103445666055
5881.591653475893 7.691826093286786 0.05053442218500869
5885.573773755836 7.558472557531177 0.05032420296455702
5889.555894035779 7.435703930368714 0.05009028956710273
5893.538014315722 7.395091804101175 0.04993530916353455
5897.520134595665 7.376856046764953 0.04991830405251278
5901.502254875608 7.39328551881933 0.05001380570751746
5905.484375155551 7.451354554041574 0.05008342070435911
5909.466495435494 7.475332472462799 0.04999623757446765
5913.448615715437 7.428207595397963 0.0497854823224539
5917.43073599538 7.334966389143818 0.04949718613475431
5921.412856275323 7.329796043073754 0.0494784704400955
5925.394976555266 7.293148120748506 0.04944503579994993
5929.377096835209 7.320888485985117 0.04953684297664722
5933.359217115152 7.3223439608450756 0.04952792279730696
5937.341337395095 7.305581263148374 0.049424713268745174
5941.323457675038 7.300330411415611 0.049347264973128045
5945.305577954981 7.232919715911476 0.04920466450702117
5949.287698234924 7.18397261667057 0.04907209816982259
5953.269818514867 7.151539740503621 0.048883055155832696
5957.2519387948105 7.132931148124763 0.048910744757637174
5961.2340590747535 7.088066583410105 0.048809152217713925
5965.216179354697 6.99991703235984 0.04860471049585859
5969.19829963464 6.969843997838236 0.04852328081593373
5973.180419914583 6.970465387733029 0.04849992376148898
5977.162540194526 6.903936432266452 0.04833960197789937
5981.144660474469 6.849052236357644 0.04815832469737836
5985.126780754412 6.914085712953269 0.048121106232366775
5989.108901034355 6.830334056958249 0.04795583540541744
5993.091021314298 6.785823672086867 0.04792796873031817
5997.073141594241 6.764843421709012 0.04791178232983842
6001.055261874184 6.704260193930428 0.047835013399937766
6005.037382154127 6.666846522462883 0.047789005093417956
6009.01950243407 6.668479970698589 0.04775680860783692
6013.001622714013 6.623619638218535 0.047631410509888485
6016.983742993956 6.535790432868359 0.04750503297172336
6020.965863273899 6.482588088269251 0.04746380424465808
6024.947983553842 6.45748689115402 0.04738648087630917
6028.930103833785 6.44389520866454 0.04729796524066165
6032.912224113728 6.414566463086708 0.04724086303301277
6036.894344393671 6.4050747342590375 0.04722099374898729
6040.8764646736145 6.426320097353793 0.04723946680881344
6044.8585849535575 6.432240774894135 0.047225550009855
6048.840705233501 6.386274580894849 0.047088480438503534
6052.822825513444 6.328463052067588 0.04691670632247808
6056.804945793387 6.3342143187065245 0.0468762850502694
6060.78706607333 6.290850602373645 0.04683688439730435
6064.769186353273 6.245703967704686 0.046664304668394045
6068.751306633216 6.180741643724858 0.04643576013111772
6072.733426913159 6.111582008714811 0.046274688199752924
6076.715547193102 6.029625853117457 0.04616359853285954
6080.697667473046 5.955704212940023 0.046044137435823085
6084.679787752989 5.944889021578951 0.04595694985263691
6088.661908032932 5.905506587279219 0.04590023472290707
6092.644028312875 5.82838651260695 0.045758348843654026
6096.626148592818 5.754920238406723 0.045525273906339626
6100.608268872761 5.670355940091368 0.045386036780322984
6104.590389152704 5.61057401626721 0.04528454409196467
6108.572509432647 5.532397974896375 0.04513529684399328
6112.55462971259 5.422765377958824 0.044985859900118184
6116.536749992533 5.341649178678184 0.044898993559264716
6120.518870272476 5.3191760722557095 0.04481226052440067
6124.500990552419 5.336313919663218 0.044723647441650985
6128.483110832362 5.288023311196862 0.04452925694844434
6132.465231112305 5.180519161423753 0.044397756296938866
6136.4473513922485 5.1141070425743855 0.04430452701452923
6140.4294716721915 5.0802886031295165 0.044250004798927725
6144.411591952135 5.065202816404091 0.044287168211732834
6148.393712232078 5.0268138448811435 0.04430577223536691
6152.375832512021 4.946507555518869 0.044162531584677145
6156.357952791964 4.931496852391158 0.04404916339914043
6160.340073071907 4.940303304660339 0.044127359618560284
6164.32219335185 4.940672228380074 0.044123752020193634
6168.304313631793 4.693924082454488 0.0444282917063281
6172.286433911736 4.496793651204692 0.04450632702169044
6176.268554191679 4.619256298714234 0.04413205859837452
6180.250674471622 4.786294335380757 0.04383091592888202
6184.232794751565 4.749378550600646 0.043837522234865374
6188.214915031508 4.712101977991007 0.04370778023982708
6192.197035311451 4.690834140189239 0.043610114349325844
6196.179155591394 4.669894704596553 0.04369323210653866
6200.161275871337 4.5928168425112625 0.043759033414502685
6204.14339615128 4.5311368435217325 0.04375650966903382
6208.125516431223 4.538481855099926 0.04380444097948524
6212.107636711166 4.569318785596139 0.0437442210579812
6216.089756991109 4.578835509869663 0.04354206863289841
6220.0718772710525 4.594097331511068 0.04345344029951806
6224.0539975509955 4.633210806672451 0.04362334708661562
6228.036117830939 4.6025351704521675 0.04382691614880352
6232.018238110882 4.627340175045873 0.04407161156305036
6236.000358390825 4.7024229452148525 0.04410734881569487
6239.982478670768 4.724459416104496 0.04407951149571216
6243.964598950711 4.775832442272349 0.04431787743128509
6247.946719230654 4.816881459891494 0.044612400576895826
6251.928839510597 4.816089448190553 0.044694581138814984
6255.91095979054 4.857417290510239 0.04502469375331951
6259.893080070483 4.965432909558941 0.04638655697575915
6263.875200350426 5.050120892102954 0.04820995532208571
6267.857320630369 5.103808924710332 0.04927055325959028
6271.839440910312 5.125235589627235 0.04951541478081399
6275.821561190255 5.230722580376875 0.0491255189021942
6279.803681470198 5.296958370706068 0.04779586793899612
6283.785801750141 5.261932351275949 0.046027188014467126
6287.767922030084 5.25071960508716 0.04505112564152788
6291.750042310027 5.342421447553908 0.045243610748604134
6295.73216258997 5.389655193818942 0.04549242010490736
6299.714282869913 5.423026262094039 0.045481700118731545
6303.696403149856 5.43102439408059 0.04541129919995199
6307.6785234297995 5.4909754489394675 0.045416408365192534
6311.6606437097425 5.576333325607344 0.0454666113919703
6315.642763989686 5.582902132540421 0.04545446717891296
6319.624884269629 5.550020550799243 0.0456029553067615
6323.607004549572 5.5849182964022415 0.04612639978702233
6327.589124829515 5.64667592234902 0.04671763699912914
6331.571245109458 5.627375590392323 0.04692462016602204
6335.553365389401 5.7244470919487815 0.046979126295286514
6339.535485669344 5.778275802355816 0.04691246324521302
6343.517605949287 5.792300581867976 0.04647768998454784
6347.49972622923 5.790883150105369 0.04608972416793015
6351.481846509173 5.795016845312386 0.045999930259758966
6355.463966789116 5.805756666804072 0.04600702894487633
6359.446087069059 5.82316746554235 0.04592838899813728
6363.428207349002 5.859456848212881 0.0459134842919245
6367.410327628945 5.89490600129638 0.04589158176365097
6371.392447908888 5.911226621279463 0.04589870460924398
6375.374568188831 5.858210384516959 0.045817786686369676
6379.356688468774 5.843597828356494 0.04579735682509254
6383.338808748717 5.8314670876295125 0.0458034986524424
6387.32092902866 5.815438323025532 0.045851096736482126
6391.3030493086035 5.821671300234188 0.04589235594083688
6395.2851695885465 5.846515218704022 0.04584916496521635
6399.26728986849 5.874065937597955 0.045852538604215856
6403.249410148433 5.835933766730004 0.04584347332404253
6407.231530428376 5.815793550828863 0.04583263655735192
6411.213650708319 5.799534048091002 0.045759383270089146
6415.195770988262 5.791929835477065 0.04574601022261883
6419.177891268205 5.757042161136725 0.04569022205240252
6423.160011548148 5.752187086755264 0.045624454672423743
6427.142131828091 5.748143961540976 0.04560167265954916
6431.124252108034 5.638221626192125 0.045515284113938716
6435.106372387977 5.602530679489207 0.045397721774515024
6439.08849266792 5.536876810448091 0.04522379724407091
6443.070612947863 5.4827452495030355 0.04498087328924494
6447.052733227806 5.414718447935848 0.044645219355341374
6451.034853507749 5.422130594898302 0.044423929935291755
6455.016973787692 5.459023709428248 0.044393424146218455
6458.999094067635 5.462847735100347 0.04438445208104561
6462.981214347578 5.4509737216016925 0.04459248179994159
6466.963334627521 5.429307396764163 0.046400842950328446
6470.945454907464 5.334528182723678 0.050877349060591284
6474.9275751874075 5.423042568143057 0.046433471785093494
6478.9096954673505 5.4134297625023216 0.04472648873540313
6482.891815747294 5.447941475338234 0.04452312877762417
6486.873936027237 5.416685804176977 0.04445696575454794
6490.85605630718 5.365413652312035 0.04451022320210059
6494.838176587123 5.3918402460344295 0.04487055007123397
6498.820296867066 5.458832633597639 0.045261076588704034
6502.80241714701 5.487929135018028 0.04543052655456632
6506.784537426953 5.439785380860569 0.045327979899881424
6510.766657706896 5.474176364017366 0.045201408661265104
6514.748777986839 5.46074835567555 0.045083618236426745
6518.730898266782 5.434969409883834 0.04491078713219762
6522.713018546725 5.460899900508535 0.044688358831124965
6526.695138826668 5.4965191711163115 0.044466971808113584
6530.677259106611 5.506290570769443 0.044289381755363386
6534.659379386554 5.507321978918283 0.044215385495369415
6538.641499666497 5.442647533879581 0.04435093978297422
6542.62361994644 5.37953555222084 0.04470750461906617
6546.605740226383 5.448798480134167 0.044887731885234504
6550.587860506326 5.475556235811393 0.044975592749579206
6554.569980786269 5.375328615646228 0.045127430583514525
6558.552101066212 5.292620689231925 0.04532983383808435
6562.534221346155 5.292201911810649 0.0454454260615838
6566.516341626098 5.311672407060444 0.0455071017898383
6570.4984619060415 5.355497807198008 0.04562299763209741
6574.4805821859845 5.484168098758901 0.04547551179305933
6578.462702465928 5.583737696960305 0.04520833551943548
6582.444822745871 5.605611200724775 0.04515109095776442
6586.426943025814 5.6326587028761175 0.04523280942704976
6590.409063305757 5.678363185801526 0.04532679603083489
6594.3911835857 5.737344120098815 0.045308170683384816
6598.373303865643 5.750018546746216 0.04513006959137207
6602.355424145586 5.716177613021899 0.04494337819383216
6606.337544425529 5.751930524342686 0.044959304538324835
6610.319664705472 5.771567694823549 0.04493918653233911
6614.301784985415 5.758597938218735 0.04487230946498263
6618.283905265358 5.819798757062269 0.04496231819036737
6622.266025545301 5.8512098486168815 0.04501760552526632
6626.248145825244 5.843543506242575 0.04500115304611829
6630.230266105187 5.849019919029384 0.04495928776950215
6634.21238638513 5.878089940646808 0.04491212934579239
6638.194506665073 5.873585156907283 0.044832164388164834
6642.176626945016 5.806024250238691 0.04471100416205186
6646.158747224959 5.805228749669233 0.04468543583065881
6650.140867504902 5.850379234333429 0.044737206394739285
6654.1229877848455 5.87381648541261 0.044726450171444686
6658.1051080647885 5.831497633028255 0.04466489153300451
6662.087228344732 5.766567923541567 0.04452868803840682
6666.069348624675 5.7861648183470615 0.044475999979789974
6670.051468904618 5.840067531776793 0.04450790977161194
6674.033589184561 5.779958593806777 0.04439175234850363
6678.015709464504 5.733219580770248 0.04427727510721357
6681.997829744447 5.697440385113458 0.04415608754431745
6685.97995002439 5.66412949282871 0.04410689632444255
6689.962070304333 5.682061445193399 0.044058821290151706
6693.944190584276 5.734712118211721 0.04410357674004122
6697.926310864219 5.68582574471409 0.04401402387017521
6701.908431144162 5.572406044708585 0.04381844638225451
6705.890551424105 5.546482355358698 0.04378002779976923
6709.872671704048 5.578861210972004 0.04383771584892574
6713.854791983991 5.531275747988202 0.043767648401333
6717.836912263934 5.4635012597899735 0.04371535669652781
6721.819032543877 5.41557084122732 0.04363406888936485
6725.80115282382 5.380520035144632 0.04354066688656599
6729.783273103763 5.352765292918053 0.04343217617909509
6733.765393383706 5.374880689871667 0.04340200084951776
6737.747513663649 5.382140436347712 0.04337337817352496
6741.7296339435925 5.322751465114692 0.04323814952642548
6745.7117542235355 5.327920730962811 0.043173393411317394
6749.693874503479 5.245144690649234 0.0430658812227381
6753.675994783422 5.245404576687859 0.042961918295655654
6757.658115063365 5.2405288354530475 0.04287120266465854
6761.640235343308 5.21373436748537 0.04274303607760339
6765.622355623251 5.157423153823658 0.042657210558655484
6769.604475903194 5.1236222210505815 0.042605561451303404
6773.586596183137 5.111157960306961 0.042533321480642546
6777.56871646308 5.070526051105664 0.04246440250617221
6781.550836743023 5.062618860240655 0.04245289206420994
6785.532957022966 5.024466146870727 0.04258689595072399
6789.515077302909 5.03277782247555 0.042984448743575515
6793.497197582852 4.97059312547183 0.043366299749799296
6797.479317862795 4.968447154096715 0.043675960110303495
6801.461438142738 4.988247579484204 0.043671308685595774
6805.443558422681 4.932216366855792 0.043192112788350216
6809.425678702624 4.848462033629801 0.04273557031610871
6813.407798982567 4.854816331901354 0.04279331859989655
6817.38991926251 4.877989697874647 0.04233579238785687
6821.372039542453 4.85606499797764 0.042139866379580886
6825.3541598223965 4.806222590280902 0.04288607545917289
6829.3362801023395 4.802642538115482 0.04411538978926542
6833.318400382283 4.856548382975969 0.045665710342679716
6837.300520662226 4.827867549411072 0.046487153219784735
6841.282640942169 4.690633449774761 0.04607380006338123
6845.264761222112 4.630893377615932 0.04513190871695608
6849.246881502055 4.7535384396447 0.04451391750202915
6853.229001781998 4.793689812320188 0.04424207479374679
6857.211122061941 4.774101918594162 0.04385556605363311
6861.193242341884 4.73689946385176 0.04372415989597082
6865.175362621827 4.752201913628 0.04398624200190487
6869.15748290177 4.803205689006532 0.04401341405201215
6873.139603181713 4.78614295341687 0.04386257771266948
6877.121723461656 4.754736240391317 0.04477873922382385
6881.103843741599 4.816402804913432 0.04653968526777538
6885.085964021542 4.810105806302482 0.04609343972342289
6889.068084301485 4.720518048743298 0.04344702922152978
6893.050204581428 4.742135414954201 0.043139376627993324
6897.032324861371 4.76450793837992 0.04336850629137492
6901.014445141314 4.717967536721811 0.043372774998237315
6904.996565421257 4.706420064482449 0.04337462943765307
6908.9786857012 4.72401197691202 0.04348393860609329
6912.9608059811435 4.713378534212778 0.04352193494066325
6916.9429262610865 4.7121394460756445 0.04339976669927816
6920.9250465410305 4.711834617108422 0.043085289200686334
6924.9071668209735 4.708872287648334 0.04305225792658786
6928.889287100917 4.74703989675348 0.042691740765570224
6932.87140738086 4.760372563549569 0.04250556198090645
6936.853527660803 4.748656693174144 0.04218962595199249
6940.835647940746 4.742828254804764 0.04185321234590101
6944.817768220689 4.750549062538352 0.04187915857528175
6948.799888500632 4.786142097904308 0.04224048116577549
6952.782008780575 4.857098001695963 0.04247057311700909
6956.764129060518 4.839816175794253 0.04238770008268467
6960.746249340461 4.838210301099663 0.042176213084690564
6964.728369620404 4.905338080585145 0.04220181166716696
6968.710489900347 4.9209455876974815 0.0426081927586362
6972.69261018029 4.888271148652081 0.042799008775241516
6976.674730460233 4.887958243987588 0.04260655219658246
6980.656850740176 4.9325060166096835 0.04240272011200347
6984.638971020119 4.964804510946334 0.04242008081571373
6988.621091300062 4.9667026227558475 0.042402779663190684
6992.603211580005 4.928818702919623 0.042179938251354625
6996.585331859948 4.947292046452884 0.042037198251448187
7000.567452139891 5.050128912339479 0.04229015924132056
7004.5495724198345 5.070750819774367 0.04253409187089865
7008.5316926997775 5.032576297123669 0.042595314903489515
7012.513812979721 5.033834764291295 0.042620569946081745
7016.495933259664 5.0713156524445635 0.042644509020157394
7020.478053539607 5.05178725316988 0.04252199197066791
7024.46017381955 4.966548703996858 0.042360584773954046
7028.442294099493 5.007370273306801 0.04236076498637871
7032.424414379436 5.0281405846794955 0.042336837414025094
7036.406534659379 4.992842689620467 0.042091767968751644
7040.388654939322 4.947272164579554 0.04188246342613137
7044.370775219265 4.950545044784029 0.04200168944374909
7048.352895499208 4.970591860877235 0.042162205443496234
7052.335015779151 4.973567443287006 0.04205056766501443
7056.317136059094 4.99354444066759 0.04196863764047202
7060.299256339037 4.99478791965132 0.04215848513956372
7064.28137661898 4.982614384497319 0.041825746295953654
7068.263496898923 4.976269618460409 0.041909895627727706
7072.245617178866 5.043167523790229 0.042039701675356686
7076.227737458809 5.0521612489518555 0.04185116591512723
7080.209857738752 4.984365498665887 0.041613609286557766
7084.191978018695 4.950269506229573 0.04160459024803836
7088.1740982986385 4.974344640840821 0.04168994574894329
7092.1562185785815 4.926878378784591 0.04167151477711359
7096.138338858525 4.802479896718224 0.04155545113348026
7100.120459138468 4.864793760109945 0.04167024371154703
7104.102579418411 4.902593956162889 0.04170775469782016
7108.084699698354 4.8391062024884794 0.04164447328260295
7112.066819978297 4.804626771278998 0.04173648207708437
7116.04894025824 4.785351281154983 0.041742039426640724
7120.031060538183 4.733857786961623 0.041595956618680076
7124.013180818126 4.716451277081077 0.041682597616698194
7127.995301098069 4.749697071844902 0.04205201139120509
7131.977421378012 4.709289059026663 0.04276046672996487
7135.959541657955 4.6773533680914525 0.043871543680956554
7139.941661937898 4.64648379748767 0.04440564483338313
7143.923782217841 4.562295192712269 0.044761301708431005
7147.905902497784 4.515310378480712 0.0452473652562056
7151.888022777727 4.56012715260781 0.0456254364987004
7155.87014305767 4.602936671736696 0.04565533000517263
7159.852263337613 4.541409120973671 0.04547170665636482
7163.834383617556 4.467166512399838 0.04518754132609546
7167.816503897499 4.567646799144319 0.0449710859177083
7171.798624177442 4.573106589727077 0.0444218407548976
7175.7807444573855 4.519197290584573 0.043245332899881805
7179.7628647373285 4.538441616093857 0.04223074889189375
7183.744985017272 4.642537657650623 0.04193176275146583
7187.727105297215 4.629241007998429 0.041842731868624715
7191.709225577158 4.5239922893524565 0.04199398366530968
7195.691345857101 4.6581773278543706 0.04412696140656641
7199.673466137044 4.783701386618638 0.048677218013934175
7203.655586416987 4.647901360283597 0.049119598521379745
7207.63770669693 4.5270426292717545 0.04916093803390541
7211.619826976873 4.562114789923154 0.04897935596502486
7215.601947256816 4.562496192527363 0.04782515792862138
7219.584067536759 4.520004246315647 0.04624698536304915
7223.566187816702 4.510146838538511 0.045134991657958624
7227.548308096645 4.505368509387395 0.04464335571753429
7231.530428376588 4.496442405457837 0.04500187284487823
7235.512548656531 4.571984415812507 0.0468543603214521
7239.494668936474 4.5262125825390935 0.048037511503979384
7243.476789216417 4.472348500182974 0.04801955806890528
7247.45890949636 4.446871176453591 0.047700035474123596
7251.441029776303 4.440224589903462 0.04700195757128501
7255.423150056246 4.4541834289025575 0.04592093338790518
7259.4052703361895 4.466765612306538 0.04509411203914517
7263.3873906161325 4.4431962339858995 0.04489625015851347
7267.369510896076 4.410738378970511 0.04472635248085055
7271.351631176019 4.323462960982393 0.04491465802715408
7275.333751455962 4.325121433119356 0.04626945888911563
7279.315871735905 4.434096744141475 0.04676197542792042
7283.297992015848 4.423312935642818 0.04631909761940598
7287.280112295791 4.355117659670036 0.04568880018109299
7291.262232575734 4.3110894625290195 0.044700881173923755
7295.244352855677 4.283938375655124 0.0438078757077111
7299.22647313562 4.297781291789696 0.0445149001142948
7303.208593415563 4.344126261441796 0.045365862403096216
7307.190713695506 4.368353896654371 0.04510723188432759
7311.172833975449 4.344609341906155 0.04466854047977962
7315.154954255392 4.320290796892321 0.04379419252277975
7319.137074535335 4.288792690899442 0.04284999324889953
7323.119194815278 4.272820627411799 0.04268591547244979
7327.101315095221 4.2710197801024385 0.04323138349722548
7331.083435375164 4.245908444391747 0.0435548906402306
7335.065555655107 4.210524861608841 0.043359859291346836
7339.047675935051 4.258548940155488 0.04330727735751345
7343.029796214994 4.286125988172128 0.04304343726086901
7347.011916494937 4.2841957714994265 0.04223347217782673
7350.99403677488 4.200820999562322 0.04163148796905984
7354.9761570548235 4.197699544380038 0.041788647884690985
7358.9582773347665 4.2315049861478276 0.042442276150662366
7362.94039761471 4.20559662113308 0.042954764604522334
7366.922517894653 4.187348724843724 0.0430362221794451
7370.904638174596 4.23128756916865 0.042830275552732076
7374.886758454539 4.222406120389019 0.04230017924648878
7378.868878734482 4.182231877471315 0.04134832973677288
7382.850999014425 4.202742583635018 0.041110545775189335
7386.833119294368 4.242662675231846 0.041314276594043214
7390.815239574311 4.253042432543564 0.0416353380412798
7394.797359854254 4.244469031425716 0.04197127077811387
7398.779480134197 4.226851781271857 0.04221300460564379
7402.76160041414 4.193716506139173 0.04222537803889148
7406.743720694083 4.200931021186111 0.04210225453462502
7410.725840974026 4.209875186464059 0.04188828150300495
7414.707961253969 4.202506479538921 0.0416677038054488
7418.690081533912 4.177424668780998 0.04159089983845801
7422.672201813855 4.165261677387229 0.04175837384109954
7426.654322093798 4.21566926335381 0.04218802586917741
7430.636442373741 4.2594340362760255 0.04264362148824189
7434.618562653684 4.2069981940089844 0.04293979293916405
7438.6006829336275 4.124048232161361 0.043179799409438356
7442.5828032135705 4.117235192876723 0.04330361407680944
7446.564923493514 4.147683923656329 0.04320978997284793
7450.547043773457 4.114835951690613 0.04291446754376463
7454.5291640534 4.108906733863699 0.04263267351262423
7458.511284333343 4.146287967169007 0.042348747096825616
7462.493404613286 4.1262016495605005 0.0420250688220103
7466.475524893229 4.061499583535214 0.041740142973662624
7470.457645173172 4.04544490252374 0.04161528500561879
7474.439765453115 4.0250554002442005 0.04176047156329975
7478.421885733058 3.9912230863081986 0.04244902197351026
7482.404006013001 4.033468144299029 0.04346963865595662
7486.386126292944 4.0634699996929 0.044204499522714144
7490.368246572887 4.049280595134352 0.044455874296546447
7494.35036685283 4.001482425415587 0.044106827138533825
7498.332487132773 3.9357077830496636 0.04325016893576672
7502.314607412716 3.8981487969699073 0.04235766706963067
7506.296727692659 3.923066528089174 0.04193605232271945
7510.278847972602 3.938920716821597 0.041899729736010236
7514.260968252545 3.907040622128628 0.041981062516066224
7518.243088532488 3.9107393613574555 0.0420560872033167
7522.225208812431 3.8724686237089303 0.04208613776309971
7526.2073290923745 3.8800036827152384 0.04251489006451801
7530.1894493723175 3.8877877922225488 0.04297790536790865
7534.171569652261 3.841078663481815 0.04306447426154201
7538.153689932204 3.789424596996724 0.042983702606399915
7542.135810212147 3.796519211719441 0.04305430465282364
7546.11793049209 3.810735472781578 0.0429037392372441
7550.100050772033 3.8149730064379344 0.04274527211925449
7554.082171051976 3.8179184201346477 0.04417361226539654
7558.064291331919 3.826779698069325 0.048086365219107675
7562.046411611862 3.819977350206311 0.05423794080348509
7566.028531891805 3.937123691002333 0.06340695646869794
7570.010652171748 4.130734410740751 0.07031063156911883
7573.992772451691 4.104868503058153 0.06847712778921437
7577.974892731634 3.8005277843291108 0.05875070022404891
7581.957013011577 3.7236466018421015 0.053809624696952274
7585.93913329152 3.8664976022243067 0.054233845330305445
7589.921253571463 3.9993919699872347 0.054871850943846175
7593.903373851406 4.018783081443665 0.05489748794701188
7597.885494131349 3.995399236257174 0.054988645973806004
7601.867614411292 3.980750650380585 0.05418350603233634
7605.849734691235 3.9579261855907473 0.0523191180918867
7609.8318549711785 3.928912206790245 0.05089433606604696
7613.8139752511215 3.94296734185511 0.04982133722927445
7617.796095531065 3.9603066841792853 0.0485101295117244
7621.778215811008 3.9401474167523545 0.047429846985884254
7625.760336090951 3.837131013864671 0.04601586310712604
7629.742456370894 3.7762822006635046 0.04484536368059933
7633.724576650837 3.7541342558656887 0.04402584596040559
7637.70669693078 3.7367485130162064 0.04347105784638926
7641.688817210723 3.758464736858361 0.043286635742349165
7645.670937490666 3.8476955050477164 0.04356680733907939
7649.653057770609 3.906610552189375 0.04398025829173801
7653.635178050552 3.8092271223741956 0.043550482137771615
7657.617298330495 3.7789921142637053 0.04300849369304036
7661.599418610438 3.794078836408685 0.04293243272983888
7665.581538890381 3.7728970518641725 0.04349882856084565
7669.563659170324 3.744913975086269 0.04494321498654022
7673.545779450267 3.759762431734436 0.04685263749984839
7677.52789973021 3.8003712994050756 0.048345266933067205
7681.510020010153 3.8301207009269014 0.04884412156568999
7685.492140290096 3.8639177234757187 0.04812972001018612
7689.474260570039 3.8993461855252876 0.04649582887174183
7693.456380849982 3.868183220910565 0.04449899924802785
7697.4385011299255 3.7764415587765017 0.04300006926103019
7701.4206214098685 3.7127707221772033 0.04310233930079429
7705.402741689812 3.7003059834244527 0.04477008997837256
7709.384861969755 3.7072034053152723 0.046702046444785414
7713.366982249698 3.74277064883216 0.047942873603568616
7717.349102529641 3.8456961460390895 0.04866105726430266
7721.331222809584 3.9173437453678637 0.04848028457475382
7725.313343089527 3.8647100138634642 0.046667975806389414
7729.29546336947 3.73936476618301 0.044883071732397764
7733.277583649413 3.708570356094888 0.044218006742921215
7737.259703929356 3.7491581479617273 0.04413271232695146
7741.241824209299 3.7179130328867975 0.04414364268275295
7745.223944489242 3.651101335869748 0.044745221470613994
7749.206064769185 3.6984489281639403 0.046191520808851805
7753.188185049128 3.7586885505596013 0.0472947444146582
7757.170305329072 3.7815498661848768 0.04716504527113876
7761.152425609015 3.839440213032499 0.04688606479230018
7765.134545888958 3.822742578030552 0.04595705517348369
7769.116666168901 3.7241368244338493 0.044819603957088824
7773.098786448844 3.6886169547053265 0.04493402765063593
7777.080906728787 3.7247482421314135 0.046474445968783834
7781.06302700873 3.781284089815803 0.04800310068696564
7785.045147288673 3.878941853320977 0.04833350008348527
7789.0272675686165 3.8925941495553045 0.04748814762147999
7793.0093878485595 3.813660120895692 0.046088065854222225
7796.991508128503 3.726053598503834 0.04445612064827205
7800.973628408446 3.6625044481103055 0.043716057724993415
7804.955748688389 3.67333535030263 0.0446955406449362
7808.937868968332 3.7620674615029674 0.04670603407526909
7812.919989248275 3.8647121326272544 0.04849283518959267
7816.902109528218 3.8975587305009167 0.04946903544367915
7820.884229808161 3.8500493766465307 0.049680615702096906
7824.866350088104 3.833176249488296 0.04896732723889471
7828.848470368047 3.7656620564748793 0.04774812886145343
7832.83059064799 3.7558427746397225 0.046602787027160614
7836.812710927933 3.7454306369298425 0.04633633840006683
7840.794831207876 3.7734223673878904 0.046749800482722
7844.776951487819 3.8646292605435386 0.04753986685319483
7848.759071767762 3.9088707679097374 0.04798400136407299
7852.741192047705 3.860208837240217 0.04744973045693437
7856.723312327648 3.883402007933874 0.04651647652235777
7860.705432607591 3.730864891833287 0.045228277460674
7864.687552887534 3.594354448139224 0.04467224968467438
7868.669673167477 3.654574524071219 0.046808804562220835
7872.6517934474205 3.7493476378790205 0.04970078031672849
7876.6339137273635 3.7632651170845834 0.05168460773826374
7880.616034007307 3.741005389243697 0.05220529123836226
7884.59815428725 3.7445992271908497 0.051297437409699186
7888.580274567193 3.7397924916990957 0.04922616859663528
7892.562394847136 3.686163665549491 0.046607652394797375
7896.544515127079 3.6092004614100373 0.04474108290060862
7900.526635407022 3.6116581395744007 0.04386695272038711
7904.508755686965 3.62618433303074 0.043657890590893284
7908.490875966908 3.6053474361456423 0.04392466206215929
7912.472996246851 3.5997644916212637 0.044692869013774325
7916.455116526794 3.5891314252667823 0.04598422190009986
7920.437236806737 3.5659593865647032 0.04734244094479119
7924.41935708668 3.600417091418588 0.04800984185412034
7928.401477366623 3.5392745939842585 0.047890727069495403
7932.383597646566 3.4530092961721968 0.0471768731727496
7936.365717926509 3.4153292488386797 0.045950388255415406
7940.347838206452 3.4396686605666957 0.04514644010951351
7944.329958486395 3.5581114493968498 0.04581572977539708
7948.312078766338 3.6285784887470363 0.047412785520720015
7952.294199046281 3.61061648094037 0.04833708499068671
7956.276319326224 3.570339948047794 0.04792420350740999
7960.2584396061675 3.4526919654559465 0.04696475607964174
7964.2405598861105 3.3993263301384316 0.045376227116369315
7968.222680166054 3.342451575853952 0.043829949907353276
7972.204800445997 3.265526038042115 0.04303020364996481
7976.18692072594 3.2747885213104877 0.043625459065764004
7980.169041005883 3.3370783212139457 0.04526492907140872
7984.151161285826 3.33840045914458 0.04649967294139354
7988.133281565769 3.2729223853491334 0.04654575459765287
7992.115401845712 3.2347055303880867 0.045827061286874575
7996.097522125655 3.212523149269217 0.04463521769951555
8000.079642405598 3.112560315184372 0.04281961322107537
8004.061762685541 3.0732393645285456 0.04167681337275393
8008.043882965484 3.0982356322911704 0.041821584215176635
8012.026003245427 3.0669389323896037 0.04251534018180206
8016.00812352537 3.0505934552392895 0.04322087169970552
8019.990243805313 3.068701314029249 0.04386867093436417
8023.972364085256 3.0603750066976474 0.044068568229769185
8027.954484365199 3.0276448545924186 0.0433561389479224
8031.936604645142 2.9695454621598474 0.04257279387756856
8035.918724925085 2.844053525418393 0.04157557986921685
8039.900845205028 2.835398349739929 0.041026963165340914
8043.8829654849715 2.843064441365531 0.04083368445374065
8047.8650857649145 2.8161095867778263 0.040906599575986
8051.847206044858 2.831014435226621 0.04152129372500142
8055.829326324801 2.871766800817401 0.042317831874733244
8059.811446604744 2.8375889825281746 0.04265645518627367
8063.793566884687 2.7556862410647165 0.04249868975574479
8067.77568716463 2.7300697238394216 0.04150681182049534
8071.757807444573 2.654073118167757 0.04074785443103901
8075.739927724516 2.575113689227735 0.04040998987266045
8079.722048004459 2.568935701606783 0.04038709304130016
8083.704168284402 2.5598732810554474 0.04055433048246439
8087.686288564345 2.505823195339821 0.04107519673873336
8091.668408844288 2.46688256809984 0.04197546644768259
8095.650529124231 2.4843618849525133 0.04276540966544571
8099.632649404174 2.479741664948423 0.04287791101947435
8103.614769684117 2.3967137389848765 0.042600997167589694
8107.59688996406 2.33570453524433 0.04238341844161295
8111.579010244003 2.343620772591967 0.04247828120353019
8115.561130523946 2.363093724268617 0.04248123564110752
8119.543250803889 2.304765960186213 0.042755250226420315
8123.525371083832 2.2608955634591745 0.04338151600445357
8127.507491363775 2.311722958111721 0.043869994086348806
8131.4896116437185 2.343544862733326 0.043920540515829644
8135.4717319236615 2.285834529497994 0.043749144716073475
8139.453852203605 2.3020347315521756 0.04304258683510722
8143.435972483548 2.277776677279297 0.04256039237495795
8147.418092763491 2.153821783735913 0.041846242768212145
8151.400213043434 2.122444145062201 0.041430215547183416
8155.382333323377 2.1146129670765 0.041598774354971974
8159.36445360332 2.091920178004244 0.04182313226424561
8163.346573883263 2.1113635756497113 0.041546231585289195
8167.328694163206 2.1243529828588152 0.04096913468914031
8171.310814443149 2.1047498745769464 0.04052586782050593
8175.292934723092 2.104427462896732 0.04012211316073049
8179.275055003036 2.0631960933747693 0.03973335075830919
8183.257175282979 2.0413316821988463 0.040531846414739614
8187.239295562922 2.048839417168273 0.042171889127298155
8191.221415842865 2.023248394322037 0.043241914361263345
8195.203536122808 1.96340326221729 0.043259494811786474
8199.185656402751 1.9404212241781331 0.042610889525452965
8203.167776682694 1.9779412988790483 0.041480104812716266
8207.149896962637 2.0635296104592746 0.041040279408793096
8211.13201724258 1.9892526047344468 0.04051485487898712
8215.114137522523 2.021939116021628 0.04018141511204426
8219.096257802466 1.9979937337055163 0.03980600017620153
8223.07837808241 1.943245695252591 0.039335752406638565
8227.060498362353 1.9079938785729278 0.03926470748498436
8231.042618642296 1.8854558047678445 0.04030413586847649
8235.024738922239 1.8964279115288925 0.042754122109556286
8239.006859202182 1.9902340321257295 0.04604400868728727
8242.988979482125 2.023295420787609 0.048301564538697675
8246.971099762068 1.9683285209947383 0.04968969082804114
8250.95322004201 2.029141663401663 0.05005837630914347
8254.935340321954 2.0082375774241825 0.04922853664536209
8258.917460601897 1.8893271206106745 0.04789800748839661
8262.89958088184 1.8480507393326782 0.04669348707740091
8266.881701161783 1.9209060345877793 0.04566725021646823
8270.863821441726 1.9414499025388114 0.044638658514304125
8274.845941721669 1.9109471590375995 0.043470705925117606
8278.828062001612 1.976422157789171 0.04250365729367207
8282.810182281555 2.048653829383328 0.04185783016342332
8286.792302561498 2.0227346130264117 0.04093928887565326
8290.774422841441 1.96167249228674 0.040931270898602934
8294.756543121384 1.9552866488956182 0.043421223669610085
8298.738663401327 1.936718900124593 0.047491549499303155
8302.72078368127 1.8467675013573348 0.050739283186342354
8306.702903961213 1.82347481770327 0.052219239296957154
8310.685024241156 1.9056367068991173 0.05290605644594508
8314.6671445211 1.9913419296067423 0.0514320449260194
8318.649264801043 2.061725226276173 0.04807870000868715
8322.631385080986 2.0253570656124724 0.04436507670596668
8326.613505360929 1.9484456919168973 0.041772671341324286
8330.595625640872 1.9262500961695048 0.04078046208300573
8334.577745920815 1.9224670518525158 0.04093480610489712
8338.559866200758 1.879667162459874 0.041576289876482424
8342.5419864807 1.9063421153472275 0.042418523032664496
8346.524106760644 2.0300485300144957 0.04414659118412299
8350.506227040587 2.0003896707743896 0.045720449637378514
8354.48834732053 2.011180361404743 0.047023106940713454
8358.470467600473 1.995715128529601 0.047551387849629846
8362.452587880416 1.881404231632422 0.04704127236019218
8366.43470816036 1.8601139640852147 0.04606279389175167
8370.416828440302 2.0020244377741725 0.04485547880920314
8374.398948720245 2.0671021185926213 0.04341614645480512
8378.381069000188 2.0311270576478786 0.04358390450261215
8382.363189280131 2.110059624732812 0.045949903126511184
8386.345309560074 2.091926188622239 0.047990055926561255
8390.327429840017 2.1056668310765416 0.048642978214444306
8394.30955011996 2.121185658453185 0.047935046047849345
8398.291670399904 2.1322865960024235 0.0462690937667335
8402.273790679847 2.1028158020999017 0.044104680298197904
8406.25591095979 2.0379029846395107 0.04232410261560085
8410.238031239733 2.0451914138779004 0.04213003855331877
8414.220151519676 2.12207619899608 0.04352609688272554
8418.202271799619 2.1110129462084295 0.045237507332710224
8422.184392079562 2.218416393867948 0.046731206718662814
8426.166512359505 2.301977611827561 0.04694629318983872
8430.148632639448 2.283556674971956 0.04604358296463255
8434.130752919391 2.28063070812556 0.0445667884786274
8438.112873199334 2.325445747368591 0.042827662718432004
8442.094993479277 2.3159938245878964 0.041283272087330576
8446.07711375922 2.2777152453241243 0.04087844268213248
8450.059234039163 2.342598345659721 0.041628851102194116
8454.041354319106 2.4133019484331046 0.04257627679054014
8458.02347459905 2.422110229761739 0.0434524859317292
8462.005594878992 2.4461587044367197 0.04395898958889038
8465.987715158935 2.485466436764286 0.04379714614933399
8469.969835438878 2.485488393837036 0.04308657519312984
8473.951955718821 2.465634973585722 0.042180858556387146
8477.934075998764 2.484076405679545 0.04127855698242823
8481.916196278708 2.479387471198369 0.04047850178413756
8485.89831655865 2.3981966210415693 0.04024708023820393
8489.880436838594 2.4448509684724047 0.040606260464493886
8493.862557118537 2.5768707040889565 0.04110158716733729
8497.84467739848 2.6062755736730328 0.04135352954279037
8501.826797678423 2.631149393158384 0.04163403076778923
8505.808917958366 2.6971899828056007 0.04198825912352513
8509.791038238309 2.7188457769298644 0.042120990817981666
8513.773158518252 2.6839110671861492 0.0419776727551968
8517.755278798195 2.6555515632261706 0.04181628392580469
8521.737399078138 2.7003234513233374 0.0417609729659859
8525.719519358081 2.7253891377850548 0.04182167629749638
8529.701639638024 2.7768628778153293 0.0421795467704905
8533.683759917967 2.8561103492654394 0.04260907749418545
8537.66588019791 2.9053469807110384 0.04287260913663429
8541.648000477853 2.924641522372643 0.042968347958833863
8545.630120757796 2.9529642307534982 0.04299303823185342
8549.61224103774 2.964937017085122 0.04298039081724365
8553.594361317682 2.9316030951992107 0.04306777257169316
8557.576481597625 2.899834501619054 0.04310401447852404
8561.558601877568 2.8772899337404163 0.043134799754668676
8565.540722157511 2.9109461759880833 0.04369344703652642
8569.522842437455 2.999671735233388 0.04473099744469417
8573.504962717398 3.1196079854828724 0.046119250356347875
8577.48708299734 3.1689687820100763 0.047631532684728854
8581.469203277284 3.1118429818744744 0.0489478565514318
8585.451323557227 3.123953652703732 0.04991672263195823
8589.43344383717 3.167041217053643 0.05037457846370634
8593.415564117113 3.2157061965250726 0.0502580933870323
8597.397684397056 3.07210218861422 0.04955527095266496
8601.379804676999 3.0536460700306858 0.049036521892256824
8605.361924956942 3.1198752370494116 0.04914934337262707
8609.344045236885 3.171612453980802 0.049785133494726505
8613.326165516828 3.22824071837404 0.050564643039300805
8617.308285796771 3.303056929340717 0.05110132210408655
8621.290406076714 3.339182908084271 0.05106748582625578
8625.272526356657 3.2826695978849343 0.05044344508060532
8629.2546466366 3.1814334876841857 0.04939387936824909
8633.236766916543 3.144096164350657 0.048311181971568175
8637.218887196486 3.1197043590844116 0.04742854299394414
8641.20100747643 3.112071154386389 0.04675437499213585
8645.183127756372 3.1686600866520425 0.04634731185988955
8649.165248036315 3.2428421882513323 0.04615794867296049
8653.147368316259 3.251103406173973 0.045937620896322494
8657.129488596202 3.319515827476421 0.04578558889455136
8661.111608876145 3.242025944766527 0.04535953876066541
8665.093729156088 3.3142570552603803 0.04521257569768599
8669.07584943603 3.2422448131595933 0.04485016125135049
8673.057969715974 3.1804304483163395 0.04448233655055301
8677.040089995917 3.179154689429692 0.04437753009158251
8681.02221027586 3.150279392729022 0.04449789268658026
8685.004330555803 3.124696663555892 0.04475602488332142
8688.986450835746 3.239654914840505 0.04519494719678382
8692.968571115689 3.3943299821668385 0.045495743581686614
8696.950691395632 3.416389334566843 0.045489919672335184
8700.932811675575 3.3437180150509547 0.04542760962602623
8704.914931955518 3.309270281571295 0.04571703995382815
8708.897052235461 3.221033062839243 0.046676241065613716
8712.879172515404 3.071828519635373 0.048585279330414524
8716.861292795347 2.988650764924929 0.05140344792755728
8720.84341307529 3.0428694316838256 0.054562231105181574
8724.825533355233 3.164551600891323 0.05720818894925849
8728.807653635176 3.2689503346060746 0.058593192368472484
8732.78977391512 3.2571272867417687 0.0585159966718422
8736.771894195062 3.320161405407191 0.057356480745886604
8740.754014475006 3.313385891397838 0.055071785460019264
8744.736134754949 3.2165856470092677 0.05257758878162216
8748.718255034892 3.1043945685371317 0.05042706810400547
8752.700375314835 3.0146038301622995 0.048365437212018296
8756.682495594778 2.974603555827822 0.04666725666691618
8760.66461587472 3.0701161377471546 0.046647548047039175
8764.646736154664 3.0636861927063332 0.04670264273121032
8768.628856434607 3.099744258640318 0.0480106922130564
8772.61097671455 3.124137514080863 0.05091720526082374
8776.593096994493 3.1728001966003903 0.054601950725246776
8780.575217274436 3.2342711111469775 0.05894106672200247
8784.557337554379 3.1831162786287193 0.0623103932502706
8788.539457834322 3.0154473323349094 0.06308788893339792
8792.521578114265 2.933299463930988 0.06201014245683523
8796.503698394208 2.8839903651900483 0.05986778858816956
8800.485818674151 2.9245988639408433 0.056146564244748697
8804.467938954094 3.073286049116352 0.05281657466836834
8808.45005923404 3.2118812497359177 0.05145551800307259
8812.432179513982 3.23210036409793 0.05077262861943197
8816.414299793925 3.1175376582920373 0.05037559602678268
8820.396420073868 2.991778615644075 0.05064399478910686
8824.378540353811 2.956505573048819 0.051075832450985625
8828.360660633754 2.9328152587397303 0.0512031161884015
8832.342780913697 2.9484375174867283 0.05254061685897578
8836.32490119364 2.9565742099637604 0.05494509102818772
8840.307021473584 2.9551794920108994 0.05739710611810433
8844.289141753527 2.9467811925073857 0.058745442909005366
8848.27126203347 2.926242220910139 0.0586532959090846
8852.253382313413 2.933174523347418 0.05748253737401533
8856.235502593356 2.9417264875878333 0.05557077679692024
8860.217622873299 2.8640939704841175 0.053391029541883794
8864.199743153242 2.7522781486357863 0.05242957821608558
8868.181863433185 2.6607538093818035 0.05302516089062177
8872.163983713128 2.600132453940409 0.05490325383448374
8876.146103993071 2.6490544100826967 0.057300679351340054
8880.128224273014 2.7088304474866476 0.05883646054640148
8884.110344552957 2.7761239229326504 0.05865422882689196
8888.0924648329 2.8522124150649644 0.0571595352709468
8892.074585112843 2.870322964670205 0.055130018296256966
8896.056705392786 2.8151749838903855 0.0530646783396756
8900.03882567273 2.822035724124905 0.0525097737916218
8904.020945952672 2.8061197621635774 0.053997964117002
8908.003066232615 2.6265180510762036 0.055385781417168885
8911.985186512558 2.482020716875286 0.05685230108024951
8915.967306792501 2.4891408375007407 0.05850221787022307
8919.949427072444 2.5399300306851673 0.05944848184297599
8923.931547352387 2.6256382076473717 0.059359421133217245
8927.91366763233 2.7657823930161167 0.05825445273655694
8931.895787912274 2.7276278021171474 0.05548120807415819
8935.877908192217 2.4910076393859475 0.05227639078880639
8939.86002847216 2.511469016809113 0.052195879733393756
8943.842148752103 2.5397551390075663 0.05506824287793903
8947.824269032046 2.552493109935218 0.057687360081410996
8951.806389311989 2.5125579257265223 0.058683279105930256
8955.788509591932 2.4444762672897085 0.058301840158694454
8959.770629871875 2.4228614314688945 0.05779385323630035
8963.752750151818 2.492664660183089 0.057927540610681665
8967.734870431761 2.6055436650182253 0.05751542989623922
8971.716990711704 2.541132355860013 0.05569014006302149
8975.699110991647 2.594135072558997 0.05449846602489376
8979.68123127159 2.674701076683894 0.05367528828472022
8983.663351551533 2.582345849242384 0.05227935341007698
8987.645471831476 2.4258002294181034 0.050746249924853895
8991.62759211142 2.330942182403567 0.049819697314065464
8995.609712391362 2.3120877401849387 0.04980770309574269
8999.591832671305 2.3819861061509076 0.05078538210317427
9003.573952951248 2.5245999700052923 0.05232855385902122
9007.556073231191 2.530660279081792 0.05266472706054282
9011.538193511135 2.365072420360289 0.051464640666928414
9015.520313791078 2.27506264720131 0.050279770793086674
9019.50243407102 2.2251283782971236 0.04977900602160523
9023.484554350964 2.217466557030319 0.05005023901104023
9027.466674630907 2.3281250724374907 0.05115092157181985
9031.44879491085 2.5049734639094305 0.052801168852368165
9035.430915190793 2.5400950075923454 0.053977909793902636
9039.413035470736 2.4164147386981285 0.05372483947811232
9043.395155750679 2.407023671398905 0.0533531971292723
9047.377276030622 2.370437256523099 0.05309667138329851
9051.359396310565 2.2919181736533245 0.05276561532018022
9055.341516590508 2.2584456214916533 0.05312055363137424
9059.323636870451 2.2620164821151056 0.05364636203546564
9063.305757150394 2.2804005292146625 0.05367040753837101
9067.287877430337 2.3275685221252504 0.05336300100918251
9071.26999771028 2.351924236286826 0.05282637094048629
9075.252117990223 2.30193354184436 0.05237027995999213
9079.234238270166 2.291648370296742 0.05250453744246609
9083.21635855011 2.3765300128416804 0.05323129961837318
9087.198478830052 2.5257776142908477 0.05541705584589495
9091.180599109995 2.609961706038125 0.05751906718927626
9095.162719389939 2.5272186972917945 0.05667444701854061
9099.144839669882 2.3508110459632228 0.053285071635236984
9103.126959949825 2.242224732381005 0.05149552875793535
9107.109080229768 2.228448989844888 0.05265349150268117
9111.09120050971 2.4457949417525002 0.055695076585757605
9115.073320789654 2.564960225226425 0.057236869281818356
9119.055441069597 2.4937191080910726 0.056505892501260535
9123.03756134954 2.376053479266378 0.05462276802668975
9127.019681629483 2.3202462880992614 0.05450205800290175
9131.001801909426 2.3687846070097636 0.05605363782114295
9134.983922189369 2.4836354697220466 0.05660709893800522
9138.966042469312 2.5331298646668294 0.055203404788545796
9142.948162749255 2.4185906616122472 0.05298191599578302
9146.930283029198 2.320975641509808 0.05138948799915908
9150.912403309141 2.305727404226501 0.05113817741677209
9154.894523589084 2.315616239581136 0.05137483703727275
9158.876643869027 2.3117153646022697 0.051406237797018146
9162.85876414897 2.3342444631600667 0.05219971827875865
9166.840884428913 2.454221275316963 0.05418899926037451
9170.823004708856 2.6094209763685283 0.055923932948015356
9174.8051249888 2.6039793468523524 0.055936984002646
9178.787245268742 2.477894148937126 0.05491565557050738
9182.769365548686 2.4494439483784984 0.054291943383194645
9186.751485828629 2.3473668965475616 0.05421840858073311
9190.733606108572 2.315845056051581 0.0546834065734261
9194.715726388515 2.3631419562730205 0.055231623020985755
9198.697846668458 2.4521987416162303 0.05549850427026689
9202.6799669484 2.5000808500514276 0.05532013819319227
9206.662087228344 2.4409730017080915 0.05496585069368353
9210.644207508287 2.3755846417994624 0.05511040393060691
9214.62632778823 2.389914480571542 0.054848952454954025
9218.608448068173 2.3701427553494967 0.054261065081181184
9222.590568348116 2.2974194295712667 0.05367758155052878
9226.572688628059 2.1818466173672117 0.053132153029989596
9230.554808908002 2.1166316933302767 0.053722924361654656
9234.536929187945 2.1448752291825346 0.05582169832446293
9238.519049467888 2.2229511044492716 0.058701733094596746
9242.501169747831 2.2935378006659817 0.06129824646228699
9246.483290027774 2.31788629741496 0.06275030521638568
9250.465410307717 2.1894469664314857 0.06641210319942932
9254.44753058766 2.1417274646763933 0.07304599299917466
9258.429650867603 2.191495742358651 0.0805801057401957
9262.411771147546 2.1279474974103176 0.08884348202445938
9266.39389142749 2.0271905810882593 0.09848459844231998
9270.376011707433 2.0217385566902335 0.10732826333917328
9274.358131987376 2.0391314174735484 0.11234369395627002
9278.340252267319 1.9823905950336322 0.11316457099089447
9282.322372547262 2.0249498110752238 0.11120460780040321
9286.304492827205 2.0821569219435885 0.103013933938708
9290.286613107148 2.121292777288187 0.09766240692184162
9294.26873338709 2.1361112899394543 0.09994336452814476
9298.250853667034 2.2189464421172373 0.09978199443123631
9302.232973946977 2.22186902701633 0.09485184896416084
9306.21509422692 2.056256467921278 0.08907248444412369
9310.197214506863 1.9009351912534482 0.08645478111679654
9314.179334786806 1.875923310378219 0.09135165621791773
9318.16145506675 1.7796323608996905 0.09922230729246229
9322.143575346692 1.8321523785040086 0.10976603302165075
9326.125695626635 2.1618799244281597 0.140121277432106
9330.107815906578 2.1939775241657653 0.1337519078398293
9334.089936186521 2.17833328751519 0.12668743151647915
9338.072056466464 2.2964018814892038 0.1266473569139058
9342.054176746407 2.229647650217187 0.11246052602231564
9346.03629702635 1.8314884796789936 0.09290655440526571
9350.018417306293 1.6521297919783373 0.07707599447682853
9354.000537586237 1.8199132431669578 0.07030857954187011
9357.98265786618 1.990683599378524 0.07300342895108174
9361.964778146123 2.11927999079044 0.07699860520783292
9365.946898426066 2.104609148661498 0.0789738321649715
9369.929018706009 1.9905518929375177 0.07933194766979855
9373.911138985952 1.9179384057471314 0.07926350218385039
9377.893259265895 1.914120738290221 0.0804815122304205
9381.875379545838 1.9060002783559304 0.0844203940248605
9385.85749982578 2.001746234715017 0.08886610759531287
9389.839620105724 2.0042106398832313 0.08951628615635834
9393.821740385667 1.920176489760565 0.09295965357365252
9397.80386066561 1.939716314603099 0.09829150712446025
9401.785980945553 1.9770468207831033 0.09943665226823385
9405.768101225496 1.8980148581328107 0.09595339420917245
9409.75022150544 1.7391692777408452 0.09277049393891225
9413.732341785382 1.6958284782308846 0.093253295447219
9417.714462065325 1.8420181123809947 0.09446342358641725
9421.696582345268 1.832845014103212 0.09302942604373415
9425.678702625211 1.837540744177547 0.09283042468945354
9429.660822905154 1.8651085383112198 0.09258122748028473
9433.642943185097 1.982422757337435 0.09382849761361417
9437.62506346504 2.058351136067246 0.09276149912134331
9441.607183744984 1.9607225982755052 0.08873572396628769
9445.589304024927 1.8459951739195462 0.08593081742332317
9449.57142430487 1.9940404442613833 0.08814743161682087
9453.553544584813 2.315944063865351 0.09371057377485413
9457.535664864756 2.4020761391840892 0.09663187487897687
9461.517785144699 2.1383179738121614 0.09120772458019066
9465.499905424642 1.8709055085756523 0.08276323500528728
9469.482025704585 1.84161580673216 0.07916054824233967
9473.464145984528 1.973944365817468 0.08281412830879321
9477.446266264471 2.091205200724405 0.08723449872705073
9481.428386544414 2.082960803153527 0.08674935553102121
9485.410506824357 1.9602691802317977 0.08234291024638866
9489.3926271043 1.8878791349115611 0.07863210830126494
9493.374747384243 1.9469478269033273 0.0783620746490276
9497.356867664186 2.0045298872471786 0.08125312811382504
9501.33898794413 2.042204839239856 0.08534850472361917
9505.321108224072 2.139371311081499 0.09020429397231888
9509.303228504015 2.0066497837951265 0.09128853372009027
9513.285348783958 1.8397477389548729 0.08932199100256014
9517.267469063901 1.942468162014308 0.08895848337572207
9521.249589343844 1.932211802450991 0.08943849087663998
9525.231709623788 1.8320227026079308 0.08768097424050669
9529.21382990373 1.858772295592023 0.08240682418247279
9533.195950183674 1.819310463664953 0.07860384711666024
9537.178070463617 1.8313060214665178 0.07841714548188454
9541.16019074356 1.981667618835119 0.08033839984658867
9545.142311023503 2.1477218231780384 0.08276438646074022
9549.124431303446 2.139630243172396 0.08390387516043855
9553.106551583389 1.9734751203949592 0.08238873730957154
9557.088671863332 1.871749462766582 0.07966907565326754
9561.070792143275 1.829991553689628 0.078547180222206
9565.052912423218 1.6911956699127901 0.07739892208334033
9569.035032703161 1.6718875098984267 0.07652667356985444
9573.017152983104 1.7917312075810794 0.07743436544508359
9576.999273263047 1.9550243681108093 0.07987044110501909
9580.98139354299 2.025372643762319 0.0806296343011779
9584.963513822933 1.961616244097965 0.07845809129718359
9588.945634102876 1.86551785204404 0.07622546858292173
9592.92775438282 1.857166097255331 0.0760912509779215
9596.909874662762 1.9344463282632145 0.07669257013505489
9600.891994942705 1.856646868050392 0.07677284456492589
9604.874115222648 1.7091772751904049 0.07597296478367142
9608.856235502592 1.7179868337872888 0.07536858845057375
9612.838355782535 1.7804977558525032 0.07719586485495955
9616.820476062478 1.868045758968857 0.08052815146479878
9620.80259634242 1.9528273669861553 0.0827387547730221
9624.784716622364 1.855324060504586 0.08270925683633572
9628.766836902307 1.7657795742675375 0.07954134085598119
9632.74895718225 1.6561733551350697 0.07670355398744912
9636.731077462193 1.6989648991137871 0.07751971420996873
9640.713197742136 1.7557621520352207 0.07930839786937555
9644.69531802208 1.813147339304757 0.08061538522316654
9648.677438302024 1.8765860745126808 0.08126513036765609
9652.659558581967 1.9036647963404407 0.08204464912516704
9656.64167886191 1.8730972721485875 0.08344876155121121
9660.623799141853 1.8289698094493312 0.08453776638752017
9664.605919421796 1.7435155876354882 0.084174963103681
9668.588039701739 1.7358203282601452 0.08432906082326683
9672.570159981682 1.731867329380615 0.08479918091870936
9676.552280261625 1.675829715935663 0.08488307179724881
9680.534400541568 1.7316987660551488 0.08466384654379593
9684.516520821511 1.820695813353687 0.08441092730822512
9688.498641101454 1.8347062379685521 0.08458614092847015
9692.480761381397 1.8242621677769437 0.08426593356047989
9696.46288166134 1.7627367474305125 0.0809261555401315
9700.445001941283 1.7936127109717304 0.07951983470441348
9704.427122221226 1.8014409629617194 0.07939258844549585
9708.40924250117 1.809881553530656 0.08005570037971937
9712.391362781113 1.8887105646208968 0.08003167741415787
9716.373483061056 1.8948125925725086 0.07936560242312257
9720.355603340999 1.8036530651624674 0.07742512522522954
9724.337723620942 1.7494340080681863 0.07544887116924721
9728.319843900885 1.7435079599211816 0.0761310363803222
9732.301964180828 1.6339405857907876 0.07661413277716105
9736.28408446077 1.7274425218722138 0.07986894355988482
9740.266204740714 1.7898823609738563 0.08261818619948733
9744.248325020657 1.7186256677145029 0.08528357845634747
9748.2304453006 1.6939223055247592 0.08730004525230027
9752.212565580543 1.7598211612143122 0.08879936391699689
9756.194685860486 1.833541503013382 0.08975265133070959
9760.17680614043 1.8576296045784542 0.08893307209229512
9764.158926420372 1.8290809420435292 0.0856124360147781
9768.141046700315 1.7459368914165758 0.08325399024402988
9772.123166980258 1.6859992862022681 0.08329443466529647
9776.105287260201 1.6788116673895588 0.08284300888221532
9780.087407540144 1.7407459222091473 0.08239277978762811
9784.069527820087 1.797512531017144 0.08220708728315523
9788.05164810003 1.7751809321807375 0.0813563266214011
9792.033768379973 1.78030229496011 0.08092996317218559
9796.015888659917 1.8627594373347651 0.08314583437236434
9799.99800893986 1.8055251645816475 0.08671470124259771
9803.980129219803 1.8746632629706668 0.08942513473378544
9807.962249499746 1.7400098244952915 0.08870233854044415
9811.944369779689 1.7047433000451824 0.09019252198973332
9815.926490059632 1.6043489859532964 0.09286170594038903
9819.908610339575 1.64832014919808 0.09623381459704729
9823.890730619518 1.771674174749247 0.10010463627307228
9827.87285089946 1.7516529640371417 0.10277309771174586
9831.854971179404 1.6606437080722618 0.10283378372588088
9835.837091459347 1.6703588681195751 0.10224359655802126
9839.81921173929 1.6380378053181417 0.1019572969873222
9843.801332019233 1.729172585894253 0.09855545002453436
9847.783452299176 1.7053364798884139 0.09493803424974065
9851.76557257912 1.738001003920145 0.09589660981350157
9855.747692859062 1.7665479314613337 0.09858253185080793
9859.729813139005 1.7534023006640893 0.10088344260295326
9863.711933418948 1.7433914579841194 0.10368085938730537
9867.694053698891 1.6622030356899749 0.10619246559666459
9871.676173978834 1.461141795187049 0.10698749354848659
9875.658294258777 1.5953037931967706 0.10663880038448192
9879.64041453872 1.6694054307846593 0.10620467940342229
9883.622534818664 1.6032116410338644 0.10609130420241795
9887.604655098607 1.7087240533064139 0.10687780217107647
9891.58677537855 1.7305861725963725 0.10951665610930536
9895.568895658493 1.5600606154789942 0.11476401337532605
9899.551015938436 1.4991962500944727 0.121180819691792
9903.533136218379 1.5998564826366712 0.1255635507166982
9907.515256498322 1.7669806286994256 0.1275253203479505
9911.497376778265 1.8502536898264674 0.12784054201571401
9915.479497058208 1.7416740508533013 0.1255633327335716
9919.461617338151 1.564243893841647 0.12113585542159651
9923.443737618094 1.4261945705534385 0.11626785632296975
9927.425857898037 1.561437663998159 0.11212785072881427
9931.40797817798 1.709452648220029 0.10776984086604528
9935.390098457923 1.511116051703628 0.10268262451612419
9939.372218737866 1.5253528567646688 0.1000747086032435
9943.35433901781 1.5248266840734634 0.10012878477728478
9947.336459297752 1.54778203908321 0.10204566534133926
9951.318579577695 1.5132520767831616 0.1063946223365677
9955.300699857638 1.5159000533924993 0.11190199407901454
9959.282820137581 1.6855686709243174 0.11753024155901165
9963.264940417524 1.683666930869067 0.12280810099001632
9967.247060697468 1.4517345970924964 0.12717687180379383
9971.22918097741 1.5125965677973903 0.12918608843941806
9975.211301257354 1.7121910594848437 0.1271071846343912
9979.193421537297 1.6105486854164308 0.12460256298528974
9983.17554181724 1.4539429974137763 0.12115155134719235
9987.157662097183 1.4752808640331385 0.11510677513984945
9991.139782377126 1.4512844781159115 0.110003636469456
9995.121902657069 1.390674738027024 0.10790361081785779
9999.104022937012 1.4895719911193346 0.10745946496563272
10003.086143216955 1.6402514631899057 0.1070775327761942
10007.068263496898 1.5122362956863258 0.1072194018473463
10011.050383776841 1.4216934355253417 0.108492027239012
10015.032504056784 1.509617202480652 0.11089635007717107
10019.014624336727 1.466858128054463 0.11327311936400802
10022.99674461667 1.5030577296029375 0.11615552411444077
10026.978864896613 1.601001362486705 0.11882173503280086
10030.960985176556 1.53267140216467 0.12073651581254567
10034.9431054565 1.383143304978357 0.12228767438507562
10038.925225736442 1.4123347286977341 0.12381450228449951
10042.907346016385 1.4617419637174225 0.12449206985578151
10046.889466296328 1.3904970454556025 0.1233227790424302
10050.871586576272 1.487034716785272 0.12216410433133579
10054.853706856215 1.5049998422992261 0.12072739943385033
10058.835827136158 1.424121934352338 0.11996181828828094
10062.8179474161 1.3893347661280888 0.12144631167419016
10066.800067696044 1.3680432844315935 0.12391980362320243
10070.782187975987 1.3063587570827566 0.12577484424344879
10074.76430825593 1.2611831565313376 0.12766768588610514
10078.746428535873 1.2026870332172186 0.13005964523450442
10082.728548815816 1.4166070479888766 0.1313213606975176
10086.710669095759 1.4660600781150208 0.13086632513900057
10090.692789375702 1.285641169416236 0.12937187497707847
10094.674909655645 1.264410907925167 0.12758897559628002
10098.657029935588 1.459051121367488 0.12658020370654582
10102.639150215531 1.556009573882558 0.12735113413052904
10106.621270495474 1.3512343507169247 0.12992475987220253
10110.603390775417 1.1013421900805052 0.13341114737288945
10114.58551105536 1.2552877724205844 0.13734481121520328
10118.567631335303 1.4561722968050685 0.14052224284437426
10122.549751615246 1.3912897936196962 0.14321199686547503
10126.53187189519 1.1992819488273472 0.1459563296724017
10130.513992175132 1.136170164721905 0.14743081510870318
10134.496112455075 1.2993017134064568 0.14757872659477864
10138.478232735019 1.4151446582905953 0.14762872956922274
10142.460353014962 1.3223566066977335 0.14823034787694866
10146.442473294905 1.33270402774134 0.14885509123389448
10150.424593574848 1.3512402938218748 0.1496787467125775
10154.40671385479 1.504002526884747 0.15225492774349864
10158.388834134734 1.664017731714098 0.15456886110759258
10162.370954414677 1.5533122374810482 0.15556488525598927
10166.35307469462 1.4840821886994855 0.15645244405769243
10170.335194974563 1.45780758496916 0.15628748931166914
10174.317315254506 1.3334693865150131 0.15443971665735265
10178.299435534449 1.2076552586001588 0.15201114438662408
10182.281555814392 1.141991646541151 0.14870927096466915
10186.263676094335 1.159171546475522 0.145569670545065
10190.245796374278 1.0346893506421133 0.14280910020995527
10194.227916654221 1.152163778815079 0.14263727392342998
10198.210036934164 1.2868337070978648 0.14186569284830455
10202.192157214107 1.4733368496125547 0.14165288106833762
10206.17427749405 1.5329374904569526 0.142239730846771
10210.156397773993 1.4098111362857704 0.1433473523562306
10214.138518053936 1.3722595608688857 0.1461550963166608
10218.12063833388 1.241392393670993 0.14964230134799575
10222.102758613823 1.2864329187420915 0.1569166006394251
10226.084878893766 1.4084347689110688 0.1661040314623656
10230.066999173709 1.540159687881738 0.17570115798957955
10234.049119453652 1.578159856071186 0.18455607795261406
10238.031239733595 1.5683489186949615 0.19240273158983442
10242.013360013538 1.4403510341449872 0.19733523384485135
10245.99548029348 1.2909458696460439 0.1979096917658581
10249.977600573424 1.4517048353438944 0.19562848345175898
10253.959720853367 1.4883558220161874 0.19105457100209344
10257.94184113331 1.5480165296356367 0.18260741095204563
10261.923961413253 1.697657194936145 0.17336674677366734
10265.906081693196 1.5504129091718415 0.16624156867567674
10269.888201973139 1.3645301543099495 0.16211084739237863
10273.870322253082 1.3813451381386117 0.16077975743019912
10277.852442533025 1.536346154846066 0.16099982319750314
10281.834562812968 1.5877715512902644 0.16157950698451076
10285.816683092911 1.4505430042401906 0.16324326365488465
10289.798803372854 1.6589530887802135 0.16723068126051205
10293.780923652797 1.7420395380516336 0.16925376510208512
10297.76304393274 1.5898364865386103 0.17180348615162258
10301.745164212683 1.494333106600746 0.17528562771842623
10305.727284492626 1.741332320867844 0.17929323367516525
10309.70940477257 1.9304942361728592 0.18302830958764993
10313.691525052513 1.833160132828699 0.18607352244616815
10317.673645332456 1.8109542632246813 0.18872013173393326
10321.655765612399 1.7985681702682903 0.19136448284791394
10325.637885892342 1.678299845559255 0.19372065410967443
10329.620006172285 1.436294455551152 0.19748838533375243
10333.602126452228 1.7802613561275358 0.19884882789517203
10337.58424673217 1.7820781405098653 0.19808599566147725
10341.566367012114 1.7226182863006005 0.1963036914687484
10345.548487292057 1.8421620711837656 0.19442585855326908
10349.530607572 1.8223265362455965 0.19410046178489399
10353.512727851943 1.715651375115111 0.1968628135650719
10357.494848131886 1.932374582138232 0.20093656367723803
10361.47696841183 1.931822259693996 0.20429546370305207
10365.459088691772 1.8761416297569091 0.20678299981167964
10369.441208971715 1.9974353340288704 0.2093943907256711
10373.423329251658 2.1303751850392807 0.21242174846652362
10377.405449531601 2.177522195220801 0.21265177956106954
10381.387569811544 2.184916985240343 0.209505779413433
10385.369690091487 2.1429701823210157 0.20555408234570838
10389.35181037143 1.991020204298162 0.2019493519480026
10393.333930651374 1.9144000931018583 0.20056275424926967
10397.316050931317 1.2166412668850577 0.18459478931827192
10401.29817121126 1.422939096989806 0.19006700211233338
10405.280291491203 1.9853611329510712 0.20492345802365017
10409.262411771146 2.0024253569898236 0.2101468267314408
10413.244532051089 1.7315815250695867 0.21013741240497827
10417.226652331032 1.6694585187351765 0.2130073056151844
10421.208772610975 1.681121110112043 0.21546211681000746
10425.190892890918 1.7054087933416124 0.21621515089340548
10429.173013170861 1.8739203735486571 0.21593879163709978
10433.155133450804 2.1110296664958574 0.21652897890765105
10437.137253730747 2.1819359516255505 0.21653202001455002
10441.11937401069 2.081476171669364 0.21540602815788268
10445.101494290633 2.1361635895285933 0.2160476604945454
10449.083614570576 2.192150100285091 0.21862479355481754
10453.06573485052 1.9504504058548062 0.2206094818751889
10457.047855130462 1.7459191586943366 0.22201963050304607
10461.029975410405 2.0925735820383244 0.22562759249301423
10465.012095690348 1.8547311535126147 0.2271131302761536
10468.994215970291 1.8440921710345113 0.22856498606021108
10472.976336250234 2.105798068758944 0.22960200495996252
10476.958456530178 2.102859403950032 0.23203965836690005
10480.94057681012 2.033794463901298 0.23329072076397217
10484.922697090065 2.1325229063619746 0.23230641655978465
10488.904817370008 2.231287640836406 0.23043816187189187
10492.886937649952 2.130256700606484 0.2274697610417107
10496.869057929895 1.687404489081683 0.22456977966463865
10500.851178209838 1.94570246754098 0.22621459008123787
10504.83329848978 2.059021793029337 0.22718325537056466
10508.815418769724 2.0011629552582155 0.2291039911747912
10512.797539049667 1.929335818624482 0.22996021047805537
10516.77965932961 2.120627065105483 0.2313265342045544
10520.761779609553 2.381341976701901 0.23379282427160364
10524.743899889496 2.343707037803587 0.23546126386467867
10528.726020169439 2.158071039185687 0.2369438358805946
10532.708140449382 1.5559263098031324 0.23739145919092197
10536.690260729325 1.8122720795343088 0.2384603878422184
10540.672381009268 2.020168539432217 0.2402628650784555
10544.654501289211 2.004368324653741 0.24179763002486926
10548.636621569154 2.067508201698349 0.2427162907451377
10552.618741849097 2.230706057902058 0.2435100257800247
10556.60086212904 2.2386698739998083 0.24548008094661242
10560.582982408983 2.0838681559147654 0.24905449124961795
10564.565102688926 2.037911142512531 0.2519372004621476
10568.54722296887 1.7140305850682322 0.25213041436153144
10572.529343248812 1.8206812027253299 0.2563370557792782
10576.511463528755 2.251119121844442 0.26027276256926496
10580.493583808699 2.2655864487216775 0.26121907274990847
10584.475704088642 2.145884731471759 0.26217373014777806
10588.457824368585 2.219536545901271 0.2642897428484944
10592.439944648528 2.198291904280958 0.26619791857545316
10596.42206492847 1.9418544015087646 0.26854031457623306
10600.404185208414 2.1422841224752096 0.2724079104862802
10604.386305488357 2.420214974552627 0.2762238931062347
10608.3684257683 2.158516723950861 0.2781189583050823
10612.350546048243 1.8631405668571526 0.2803013410055725
10616.332666328186 1.798935087433177 0.2825612299156633
10620.314786608129 1.8965794869015131 0.28435318751296385
10624.296906888072 1.97247522945751 0.28592793500395364
10628.279027168015 1.9945818825585289 0.28817805967646337
10632.261147447958 2.0835180047012813 0.2913877342797696
10636.243267727901 2.1859051434956864 0.2936816450670572
10640.225388007844 1.8960823111306486 0.2946246344819765
10644.207508287787 1.7761384661966237 0.29884276126852777
10648.18962856773 1.7793397397288 0.30289916075527845
10652.171748847673 1.7985436001207975 0.3057346894862705
10656.153869127616 2.0173343548221436 0.308729462130844
10660.13598940756 2.3513030004699385 0.3128114873434364
10664.118109687503 2.420863396325946 0.31664373126813145
10668.100229967446 2.293050717495696 0.3181228163002164
10672.082350247389 2.099188166231448 0.31814857312480127
10676.064470527332 2.3549732454327605 0.3245261232089074
10680.046590807275 2.228850798383541 0.32573543777939884
10684.028711087218 1.8980070535527178 0.3265368525100797
10688.01083136716 1.9316293831736318 0.32900415298292857
10691.992951647104 2.170585477869816 0.3313528594712618
10695.975071927047 2.0902428451439645 0.3312241937354779
10699.95719220699 1.7874718716650249 0.3297903844014524
10703.939312486933 1.830182448077108 0.33260853798999546
10707.921432766876 2.0905836341302613 0.3326088130807646
10711.903553046819 2.0161224185558284 0.33175059330680395
10715.885673326762 1.9043597029901291 0.3297603676626667
10719.867793606705 1.8974209034419047 0.32655856781612186
10723.849913886648 2.0675567439056937 0.32605279081733757
10727.832034166591 2.4498856472982884 0.3294125165049057
10731.814154446534 2.6146414167356733 0.332381129563984
10735.796274726477 2.120146487842365 0.3323406023445385
10739.77839500642 2.1009934204670992 0.33419178777445313
10743.760515286363 1.3533310921414756 0.3330015703577443
10747.742635566306 1.4572220656178514 0.33432133137132747
10751.72475584625 1.9993488644683934 0.3399659119704466
