4704.872120087208 0.0
4708.36933705192 -3.1536876502731806e-19
4711.866554016633 1.1554857123545307e-18
4715.363770981346 -3.0807413509235847e-18
4718.860987946057 -9.692230248847664e-17
4722.35820491077 -2.615848135042627e-16
4725.855421875482 -6.97621618783689e-17
4729.352638840194 5.566679041718664e-16
4732.849855804907 6.244217803853193e-16
4736.347072769619 4.995216695963627e-16
4739.844289734331 3.755978166442963e-16
4743.341506699044 3.622018355532741e-16
4746.838723663755 3.8073190637916693e-16
4750.335940628468 3.6237483860971827e-16
4753.833157593182 3.665297445797323e-16
4757.330374557893 3.341028212632928e-16
4760.827591522606 3.2126370766087935e-16
4764.324808487318 3.7270168318757024e-16
4767.82202545203 3.6741541911371374e-16
4771.319242416743 3.5189776225620305e-16
4774.816459381455 3.5331186447380737e-16
4778.313676346167 3.278409423173132e-16
4781.81089331088 3.210237900665506e-16
4785.308110275591 3.278914590856157e-16
4788.805327240304 3.5417807719886445e-16
4792.302544205017 3.262781440031032e-16
4795.799761169729 2.8661689716255787e-16
4799.296978134442 2.9232059143420383e-16
4802.7941950991535 2.866041313893665e-16
4806.291412063866 3.043392109711546e-16
4809.788629028578 2.8955247967876054e-16
4813.285845993291 2.8492868159324853e-16
4816.783062958003 2.6573530682142743e-16
4820.280279922716 2.3344556024275443e-16
4823.777496887427 2.4634069462362425e-16
4827.27471385214 2.3453151666554866e-16
4830.771930816852 2.5158191648203233e-16
4834.269147781565 2.3911096310242273e-16
4837.766364746277 2.1542005044643707e-16
4841.2635817109895 2.3933568131143974e-16
4844.760798675702 2.2457139953819635e-16
4848.258015640414 2.123595108392226e-16
4851.755232605126 2.2395518450207344e-16
4855.252449569839 1.882212348325357e-16
4858.749666534552 1.979941094044298e-16
4862.246883499263 2.0810811113918594e-16
4865.744100463976 2.1196199217698217e-16
4869.241317428688 1.9471457295845194e-16
4872.7385343934 1.7889239569376022e-16
4876.235751358113 1.6915290677313406e-16
4879.732968322825 1.75863687544833e-16
4883.230185287537 1.8242244037256445e-16
4886.72740225225 1.673884752274709e-16
4890.224619216962 1.5169766244107486e-16
4893.721836181674 1.6657068310995025e-16
4897.2190531463875 1.709973625521105e-16
4900.716270111099 2.0234916653087886e-16
4904.213487075812 1.7861263085472394e-16
4907.7107040405235 1.9591218316343028e-16
4911.207921005236 2.0995380681832566e-16
4914.705137969948 2.1455105253013196e-16
4918.202354934661 2.1940314016996945e-16
4921.699571899373 2.319342622959518e-16
4925.196788864086 2.293464096605441e-16
4928.694005828797 2.285289833465992e-16
4932.19122279351 2.7138934596737237e-16
4935.688439758223 2.7660754915238357e-16
4939.185656722935 2.7815608980520035e-16
4942.682873687648 2.7711648072985416e-16
4946.1800906523595 2.7630138706551096e-16
4949.677307617072 3.0393995100610124e-16
4953.174524581784 3.169935155805506e-16
4956.671741546497 3.5836303178994627e-16
4960.168958511209 3.45194641768153e-16
4963.666175475922 3.5711908159465583e-16
4967.163392440633 3.59024059350859e-16
4970.660609405346 3.758207933873661e-16
4974.157826370058 3.9544587590010637e-16
4977.655043334771 4.0610326804442603e-16
4981.152260299483 4.3705818665668386e-16
4984.649477264195 4.568063487568126e-16
4988.146694228908 4.561254362105891e-16
4991.64391119362 4.433769808158377e-16
4995.141128158332 4.637218530252411e-16
4998.638345123045 4.436473481226077e-16
5002.1355620877575 4.546331528157741e-16
5005.632779052469 4.741642988999599e-16
5009.129996017182 4.529227253846507e-16
5012.6272129818935 4.967810035253059e-16
5016.124429946606 4.876433012077953e-16
5019.621646911319 4.625077008542972e-16
5023.118863876031 4.676155335737955e-16
5026.616080840744 4.688791055122452e-16
5030.113297805456 4.627655087291647e-16
5033.610514770168 4.638012280150468e-16
5037.10773173488 4.191949132825142e-16
5040.6049486995935 4.1245278285835473e-16
5044.102165664305 4.2559151581308633e-16
5047.599382629018 3.857301828495944e-16
5051.0965995937295 3.7371203399331955e-16
5054.593816558442 3.6826115514551997e-16
5058.091033523154 3.4785491873718636e-16
5061.588250487867 3.1778419485649377e-16
5065.085467452579 3.1375729091192867e-16
5068.582684417292 3.2267521551664973e-16
5072.079901382003 2.887330139944278e-16
5075.577118346716 2.787799551748246e-16
5079.0743353114285 2.7714613601786124e-16
5082.571552276141 2.835073640009848e-16
5086.068769240854 2.917628398150295e-16
5089.565986205565 2.815196172903014e-16
5093.063203170278 2.9697264660482814e-16
5096.56042013499 3.026933877810295e-16
5100.057637099702 2.975637882892333e-16
5103.554854064415 2.925180263081438e-16
5107.052071029128 3.0636652876857193e-16
5110.549287993839 2.931537194989516e-16
5114.046504958552 3.2227633403519915e-16
5117.5437219232645 3.173811909464553e-16
5121.040938887977 2.8938086327187305e-16
5124.53815585269 3.16615993313473e-16
5128.035372817401 3.366807911462659e-16
5131.532589782114 3.3239190287067496e-16
5135.029806746826 3.4759076931906774e-16
5138.527023711538 3.3561525428688264e-16
5142.024240676251 3.401305902777954e-16
5145.5214576409635 3.535677716427625e-16
5149.018674605675 3.593513499797461e-16
5152.515891570388 3.4493188252259364e-16
5156.0131085350995 3.435387328774888e-16
5159.510325499812 3.5683310568819846e-16
5163.007542464525 3.5092780643888694e-16
5166.504759429237 3.593113915068144e-16
5170.00197639395 3.4925731469207857e-16
5173.499193358662 3.4656177833929395e-16
5176.996410323374 3.4492733309349137e-16
5180.493627288086 3.503787284863287e-16
5183.990844252799 3.569258875711943e-16
5187.488061217511 3.5455474588374475e-16
5190.985278182224 3.535985885237307e-16
5194.482495146935 3.400377589816816e-16
5197.979712111648 3.6148283965688957e-16
5201.47692907636 3.5784894367036595e-16
5204.974146041073 3.402576061178327e-16
5208.471363005786 3.3149485975190265e-16
5211.968579970498 3.299689661052544e-16
5215.465796935209 3.385158322585695e-16
5218.963013899922 3.4327040284449214e-16
5222.4602308646345 3.390538710144769e-16
5225.957447829347 3.344399108686025e-16
5229.45466479406 3.2957006995146557e-16
5232.951881758771 3.2794624699709187e-16
5236.449098723484 3.234196780691161e-16
5239.946315688196 3.42563742894365e-16
5243.443532652908 3.4664520928135866e-16
5246.940749617621 3.642546221207514e-16
5250.4379665823335 3.8460815967008376e-16
5253.935183547045 3.60099791134899e-16
5257.432400511758 3.6311518514958524e-16
5260.92961747647 3.7136266700964504e-16
5264.426834441182 3.567769751908867e-16
5267.924051405896 3.7755385021273847e-16
5271.421268370607 3.7077646711938194e-16
5274.91848533532 3.7205099502854184e-16
5278.415702300032 3.8920838235385416e-16
5281.912919264744 3.7228538620183114e-16
5285.410136229456 3.7870657779488066e-16
5288.907353194169 3.8954855166181463e-16
5292.404570158881 4.1275048635419207e-16
5295.901787123594 3.9724047048448764e-16
5299.399004088306 3.9675060823162355e-16
5302.896221053018 4.1051308313705555e-16
5306.393438017731 4.1585128161915733e-16
5309.890654982443 3.9454847863494276e-16
5313.387871947156 3.764186075497448e-16
5316.885088911868 4.0224213171606244e-16
5320.38230587658 4.06273939760879e-16
5323.879522841292 4.0258768561294046e-16
5327.376739806005 4.0305813778983354e-16
5330.873956770717 4.272781805155774e-16
5334.37117373543 4.191610518126399e-16
5337.868390700141 4.2004203403721345e-16
5341.365607664854 4.095026701749774e-16
5344.862824629566 4.149086541693579e-16
5348.360041594279 4.326910745354203e-16
5351.857258558992 4.160962056805999e-16
5355.3544755237035 4.1569121429697365e-16
5358.851692488416 4.2879422518917633e-16
5362.348909453128 4.227861266120774e-16
5365.84612641784 4.392727416798326e-16
5369.343343382553 4.506575591077666e-16
5372.840560347266 4.3547865642902057e-16
5376.337777311977 4.174206810289367e-16
5379.83499427669 4.1802049228482887e-16
5383.332211241402 4.2655544140014223e-16
5386.829428206114 4.231073103811701e-16
5390.326645170828 4.4012407040075406e-16
5393.8238621355395 4.301088746304956e-16
5397.321079100251 4.379119175244149e-16
5400.818296064964 4.4032844587627683e-16
5404.315513029676 4.30882475689851e-16
5407.812729994388 4.2363554817725713e-16
5411.309946959102 4.3033835372314876e-16
5414.807163923813 4.362311709611828e-16
5418.304380888526 4.357780717830407e-16
5421.801597853238 4.109482729232721e-16
5425.29881481795 3.9553834978868415e-16
5428.796031782662 4.1859465869699458e-16
5432.293248747375 4.4001035458592697e-16
5435.790465712087 4.3076625486666617e-16
5439.2876826768 4.265434609179945e-16
5442.784899641512 4.1601027259674233e-16
5446.282116606224 4.013488767478548e-16
5449.779333570937 3.9997903897446797e-16
5453.276550535649 4.150460344337175e-16
5456.773767500362 4.0441372157916436e-16
5460.2709844650735 3.9126486954890486e-16
5463.768201429786 4.25175518527105e-16
5467.265418394498 4.430418410029158e-16
5470.762635359211 4.2563845992207226e-16
5474.259852323923 4.145467754575945e-16
5477.757069288636 4.222913178904119e-16
5481.254286253348 4.503336171682752e-16
5484.75150321806 4.51641723296666e-16
5488.248720182772 4.453875088816341e-16
5491.745937147485 4.448048443188256e-16
5495.243154112198 4.588432249120068e-16
5498.7403710769095 4.750438448536157e-16
5502.237588041622 4.590253918652648e-16
5505.734805006334 4.634592955134397e-16
5509.232021971046 4.601585739643501e-16
5512.729238935759 4.806422926085296e-16
5516.226455900472 4.915421779251211e-16
5519.723672865183 4.670445555518367e-16
5523.220889829896 4.804067343720463e-16
5526.718106794608 4.919722296036676e-16
5530.21532375932 4.921666201693902e-16
5533.712540724034 4.848585898138821e-16
5537.209757688745 4.882002348756051e-16
5540.706974653458 4.809623924458882e-16
5544.20419161817 4.727657157088815e-16
5547.701408582882 4.881301550402346e-16
5551.198625547594 5.145198739137589e-16
5554.6958425123075 5.078929890683747e-16
5558.193059477019 4.655413937305903e-16
5561.690276441732 4.585556328698519e-16
5565.1874934064435 4.80393426356271e-16
5568.684710371156 4.523052307213965e-16
5572.181927335869 4.2432720362611496e-16
5575.679144300581 4.1622304026261227e-16
5579.176361265293 4.142411650194342e-16
5582.673578230006 3.947620585466102e-16
5586.170795194718 3.7332393398591443e-16
5589.66801215943 3.5618992867639044e-16
5593.165229124143 3.643980807907123e-16
5596.662446088855 3.6798594265097233e-16
5600.159663053568 3.59329082145235e-16
5603.6568800182795 3.4394081497585077e-16
5607.154096982992 3.365684998134632e-16
5610.651313947704 3.2612943690332724e-16
5614.148530912416 3.296687368583244e-16
5617.645747877129 3.06970460464699e-16
5621.142964841842 3.039325825239096e-16
5624.640181806554 3.1470636857526435e-16
5628.137398771266 2.9853512341136066e-16
5631.6346157359785 2.7869927317780206e-16
5635.13183270069 2.8179193162208305e-16
5638.629049665404 2.7628945885197077e-16
5642.126266630115 2.6522265596067507e-16
5645.623483594828 2.593463030817251e-16
5649.12070055954 2.653821898846229e-16
5652.617917524252 2.4582187117971217e-16
5656.115134488965 2.2069459579868856e-16
5659.612351453678 2.223198173722435e-16
5663.109568418389 2.1361933723238562e-16
5666.606785383102 2.1105373446110426e-16
5670.104002347814 1.9305943541595605e-16
5673.601219312526 1.7319872034841843e-16
5677.09843627724 1.8146373441135893e-16
5680.595653241951 1.6199717684806406e-16
5684.092870206664 1.5860635466764942e-16
5687.590087171376 1.5444779300272715e-16
5691.087304136088 1.4873148838426987e-16
5694.5845211008 1.4571618588538635e-16
5698.0817380655135 1.30427126466669e-16
5701.578955030225 1.2674376031949133e-16
5705.076171994938 1.2646489548598591e-16
5708.5733889596495 1.2712310874987456e-16
5712.070605924362 1.3595613423828476e-16
5715.567822889075 1.1049799683927202e-16
5719.065039853787 1.1640550464383312e-16
5722.5622568185 1.1897808093835575e-16
5726.059473783212 1.1932278517159874e-16
5729.556690747924 1.307137716168063e-16
5733.053907712636 1.2890740480161458e-16
5736.5511246773485 1.3579882368462586e-16
5740.048341642061 1.3989582569168606e-16
5743.545558606774 1.4371695835706977e-16
5747.042775571485 1.6375264587655987e-16
5750.539992536198 1.6857643851668297e-16
5754.037209500911 1.6841696466524612e-16
5757.534426465622 1.7664302583303817e-16
5761.031643430335 1.8099998347220301e-16
5764.528860395048 2.1280569169299045e-16
5768.02607735976 2.1242689061385672e-16
5771.523294324472 2.1917167545407868e-16
5775.0205112891845 2.5090613829968523e-16
5778.517728253896 2.651992734015797e-16
5782.01494521861 2.781934405135693e-16
5785.512162183321 2.8808877354474504e-16
5789.009379148034 3.1938762067038675e-16
5792.506596112746 3.555602848306644e-16
5796.003813077458 3.746677006878122e-16
5799.50103004217 3.955807660268471e-16
5802.9982470068835 4.199570916608261e-16
5806.495463971596 4.3487572942641007e-16
5809.992680936308 4.5733868722127e-16
5813.4898979010195 4.995353022868109e-16
5816.987114865732 5.024775069153833e-16
5820.484331830445 5.174857165382463e-16
5823.981548795157 5.330824862983342e-16
5827.47876575987 5.476559593355018e-16
5830.975982724582 5.587536799428221e-16
5834.473199689294 5.640407066758907e-16
5837.970416654006 5.867068982844598e-16
5841.467633618719 5.875381966942831e-16
5844.964850583432 5.97281447562361e-16
5848.462067548144 5.873383327859877e-16
5851.959284512855 6.08561581310799e-16
5855.456501477568 6.189753162423134e-16
5858.953718442281 6.170688151983756e-16
5862.450935406993 6.285270313764016e-16
5865.948152371706 6.211916096496113e-16
5869.445369336418 6.286631494122804e-16
5872.94258630113 6.674241531632241e-16
5876.439803265842 6.734663207204555e-16
5879.9370202305545 6.85170026925618e-16
5883.434237195267 6.678508820033981e-16
5886.93145415998 6.755021459974281e-16
5890.428671124691 6.809632503410158e-16
5893.925888089404 6.691061842619667e-16
5897.423105054117 6.399434784998951e-16
5900.920322018828 6.425289954690369e-16
5904.417538983541 6.565799524537205e-16
5907.9147559482535 6.637760718192443e-16
5911.411972912966 6.479148858854629e-16
5914.909189877678 6.240667973045985e-16
5918.40640684239 6.29744605791831e-16
5921.903623807102 6.534707407823863e-16
5925.400840771816 6.403432390696566e-16
5928.898057736527 6.388313156232667e-16
5932.39527470124 6.337555453676436e-16
5935.892491665953 6.444821121591324e-16
5939.389708630664 6.266593441797427e-16
5942.886925595376 6.2421608269070735e-16
5946.3841425600895 6.133452880883689e-16
5949.881359524802 6.110995388569664e-16
5953.378576489514 5.945367320734298e-16
5956.875793454226 5.893574175435939e-16
5960.373010418938 5.893052430303212e-16
5963.870227383651 5.7255784442167e-16
5967.367444348363 5.667031439211408e-16
5970.864661313076 5.683721438155347e-16
5974.361878277788 5.622306824408331e-16
5977.8590952425 5.55524430849277e-16
5981.356312207212 5.432817556184843e-16
5984.8535291719245 5.585868887097247e-16
5988.350746136638 5.471843562704973e-16
5991.84796310135 5.278483177664655e-16
5995.345180066061 5.190775591842519e-16
5998.842397030774 5.101294477244071e-16
6002.339613995487 5.045552082346692e-16
6005.836830960199 5.012213594615846e-16
6009.334047924912 4.901079572182553e-16
6012.8312648896235 4.79411445418942e-16
6016.328481854336 4.865322636232327e-16
6019.825698819048 4.754764468174641e-16
6023.32291578376 4.629089801445465e-16
6026.820132748474 4.821899890575269e-16
6030.317349713186 4.785723655029406e-16
6033.814566677897 4.638705751263779e-16
6037.31178364261 4.660018799067462e-16
6040.809000607323 4.738576616742656e-16
6044.306217572034 4.598071893966621e-16
6047.803434536747 4.670427887662626e-16
6051.3006515014595 4.502132629363509e-16
6054.797868466172 4.3991186417097236e-16
6058.295085430884 4.371572152204883e-16
6061.792302395596 4.451727351102433e-16
6065.289519360308 4.538425796797858e-16
6068.786736325022 4.375735346454482e-16
6072.283953289733 4.2102202939230314e-16
6075.781170254446 4.27019926735861e-16
6079.2783872191585 4.287301384443656e-16
6082.77560418387 4.24745310734079e-16
6086.272821148582 4.282773816414978e-16
6089.770038113295 4.178178497831593e-16
6093.267255078008 4.0471720091578025e-16
6096.76447204272 4.106108863025458e-16
6100.261689007432 4.243940430187027e-16
6103.758905972144 4.2140751977624466e-16
6107.256122936857 4.0502147324384496e-16
6110.753339901569 4.0817983228551226e-16
6114.250556866282 4.074032298619969e-16
6117.747773830994 3.9355522213540486e-16
6121.244990795706 4.026386175159575e-16
6124.742207760418 4.13867891629708e-16
6128.23942472513 4.075134758456597e-16
6131.736641689844 3.934091659403182e-16
6135.233858654556 4.012691108250133e-16
6138.731075619267 4.0737012698762545e-16
6142.22829258398 3.8784165635380473e-16
6145.725509548693 4.014914156319477e-16
6149.222726513404 3.9887362336420644e-16
6152.719943478118 3.6983081146777007e-16
6156.2171604428295 3.859376788043441e-16
6159.714377407542 3.9483785269577093e-16
6163.211594372254 3.754369958615366e-16
6166.708811336966 3.8716407567253993e-16
6170.206028301679 3.847098270956194e-16
6173.703245266392 4.001624223381199e-16
6177.200462231103 3.945305168742823e-16
6180.697679195816 3.909642713075764e-16
6184.1948961605285 3.926840901040202e-16
6187.69211312524 4.113296031191488e-16
6191.189330089954 3.9900959902107684e-16
6194.686547054665 3.839353926102713e-16
6198.183764019378 3.9480749483400247e-16
6201.68098098409 3.8902923006703254e-16
6205.178197948802 3.8125847026784893e-16
6208.675414913515 3.751835303183443e-16
6212.172631878228 3.879611283476941e-16
6215.669848842939 4.0865315453939247e-16
6219.167065807652 3.8893417034215795e-16
6222.6642827723645 3.8796708782860327e-16
6226.161499737076 3.986641098600627e-16
6229.658716701788 3.9954811384767054e-16
6233.155933666501 3.9306337698790197e-16
6236.653150631214 4.1134218407697737e-16
6240.150367595926 4.071917403694772e-16
6243.647584560638 4.0661558697047386e-16
6247.14480152535 4.174504799260149e-16
6250.642018490063 4.048946344649113e-16
6254.139235454775 4.0266406494664966e-16
6257.636452419488 4.199200700131686e-16
6261.1336693842 4.1313740722627184e-16
6264.630886348912 4.197794757677884e-16
6268.128103313624 4.3104375534535247e-16
6271.625320278336 4.360835731837216e-16
6275.12253724305 4.468926121298227e-16
6278.619754207762 4.291935955994346e-16
6282.116971172474 4.165888245513768e-16
6285.614188137186 4.1773069616824113e-16
6289.1114051018985 4.2724801926158227e-16
6292.60862206661 4.2942385059693423e-16
6296.105839031324 4.1927185940897695e-16
6299.603055996035 4.184845882676755e-16
6303.100272960748 4.2664222344152463e-16
6306.59748992546 4.2839194830125913e-16
6310.094706890172 4.3183173379901606e-16
6313.591923854885 4.1602483457149576e-16
6317.089140819598 4.02436636828024e-16
6320.586357784309 4.0953313903365747e-16
6324.083574749022 4.088814014115455e-16
6327.5807917137345 4.104026028679248e-16
6331.078008678446 4.199718464290238e-16
6334.575225643159 4.0045670953660427e-16
6338.072442607871 3.955887805919672e-16
6341.569659572584 4.094043576453279e-16
6345.066876537296 4.0603591314478703e-16
6348.564093502008 3.960386474648536e-16
6352.061310466721 3.9288638718494894e-16
6355.5585274314335 3.9395941847111095e-16
6359.055744396145 4.0350297686417713e-16
6362.552961360858 4.1162777214785077e-16
6366.05017832557 4.0198899184910676e-16
6369.547395290282 4.0216601263734696e-16
6373.044612254995 3.898064904389176e-16
6376.541829219707 3.977044175637575e-16
6380.03904618442 3.9693799826316806e-16
6383.536263149132 3.909892960753049e-16
6387.033480113844 3.7709545268021304e-16
6390.530697078556 3.8426073353789066e-16
6394.0279140432685 3.994367625222024e-16
6397.525131007981 3.9965800973883506e-16
6401.022347972694 3.8907602569400164e-16
6404.519564937406 3.9195070073570796e-16
6408.016781902118 3.8237204275977403e-16
6411.51399886683 3.795063609447009e-16
6415.011215831542 3.8160767387007634e-16
6418.508432796256 3.933902278084775e-16
6422.005649760968 3.962053401258853e-16
6425.50286672568 3.872387777293475e-16
6429.000083690392 3.7687652237516607e-16
6432.4973006551045 4.060465075368364e-16
6435.994517619816 4.0245262556469433e-16
6439.49173458453 3.922781682544415e-16
6442.988951549242 4.010560634335692e-16
6446.486168513954 4.118864151700492e-16
6449.983385478666 4.147002648842219e-16
6453.480602443378 4.213342682086718e-16
6456.977819408091 4.175274059839297e-16
6460.4750363728035 4.170177447053561e-16
6463.972253337516 4.169903022245567e-16
6467.469470302228 4.0606267919237475e-16
6470.96668726694 4.1182265139381947e-16
6474.463904231652 3.9618832856003464e-16
6477.961121196365 3.7932413665125875e-16
6481.458338161077 3.573992211600223e-16
6484.95555512579 3.7440343649111677e-16
6488.452772090502 3.760797933382163e-16
6491.949989055214 3.699741121392055e-16
6495.447206019927 3.5498196215649204e-16
6498.944422984639 3.503146532823285e-16
6502.441639949351 3.3957505098925854e-16
6505.938856914064 3.278583256235711e-16
6509.436073878776 3.0993804750105034e-16
6512.933290843488 3.0493757986601555e-16
6516.430507808201 2.858527309719867e-16
6519.927724772912 2.8143689510975467e-16
6523.424941737626 2.7915016010766387e-16
6526.922158702338 2.632107474909179e-16
6530.41937566705 2.4591698700683405e-16
6533.916592631763 2.502390165514108e-16
6537.4138095964745 2.3648954149133755e-16
6540.911026561187 2.360398529129077e-16
6544.4082435259 2.4772531506579696e-16
6547.905460490612 2.4250243491003387e-16
6551.402677455324 2.494356548425929e-16
6554.899894420037 2.5091323488834377e-16
6558.397111384748 2.67731056320665e-16
6561.894328349462 2.970927084003664e-16
6565.3915453141735 3.193292062394665e-16
6568.888762278886 3.2202491363005026e-16
6572.385979243598 3.3769686798764765e-16
6575.88319620831 3.5230694289452187e-16
6579.380413173022 3.570607621430995e-16
6582.877630137736 3.557797984645306e-16
6586.374847102448 3.6669822212197435e-16
6589.87206406716 3.7858266453242005e-16
6593.369281031872 3.971476466183412e-16
6596.866497996584 4.150811140452666e-16
6600.363714961297 4.0742271435979754e-16
6603.8609319260095 4.036188797494635e-16
6607.358148890722 4.1053720062076897e-16
6610.855365855434 4.2746182352462714e-16
6614.352582820146 4.314544553062758e-16
6617.849799784858 4.349368615650979e-16
6621.347016749571 4.401475136835342e-16
6624.844233714284 4.301149631960982e-16
6628.341450678996 4.474101767333107e-16
6631.838667643708 4.626782917911306e-16
6635.33588460842 4.522943206258054e-16
6638.833101573133 4.668342760732522e-16
6642.3303185378445 4.685606707368601e-16
6645.827535502558 4.629605341069701e-16
6649.32475246727 4.688829348337549e-16
6652.821969431982 4.657256754468015e-16
6656.319186396694 4.551844418154433e-16
6659.816403361407 4.595376864530109e-16
6663.313620326118 4.584774049273856e-16
6666.810837290832 4.638542255361446e-16
6670.3080542555435 4.797834339297377e-16
6673.805271220256 4.782562198492832e-16
6677.302488184969 4.586929089431028e-16
6680.79970514968 4.671108943626241e-16
6684.296922114392 4.578202533293742e-16
6687.794139079106 4.489649095616012e-16
6691.291356043818 4.217902751610827e-16
6694.78857300853 4.371884320511226e-16
6698.285789973243 4.324827404787985e-16
6701.783006937954 4.258130012242255e-16
6705.280223902668 4.380690181435055e-16
6708.7774408673795 4.2420419156773834e-16
6712.274657832092 4.310656494346413e-16
6715.771874796805 4.280771159781661e-16
6719.269091761516 4.306600613209804e-16
6722.766308726228 4.442144142141948e-16
6726.263525690942 4.3647209187676275e-16
6729.760742655654 4.3411344393627263e-16
6733.257959620366 4.29544723672885e-16
6736.7551765850785 4.277971881802937e-16
6740.25239354979 4.184213081759406e-16
6743.749610514503 4.102679713503247e-16
6747.246827479215 4.093290745037174e-16
6750.744044443928 4.0114349456673576e-16
6754.241261408641 3.934284875721906e-16
6757.738478373352 3.976815890124239e-16
6761.235695338064 3.872025472546417e-16
6764.732912302777 3.8278489246640743e-16
6768.23012926749 3.9325657865289667e-16
6771.727346232202 3.916100998645435e-16
6775.224563196914 3.7560631204548697e-16
6778.721780161626 3.7037862941702254e-16
6782.218997126339 3.6683865888629796e-16
6785.7162140910505 3.658940153589994e-16
6789.213431055763 3.7395894376490327e-16
6792.710648020476 3.8204943932013785e-16
6796.207864985188 3.633369744066724e-16
6799.7050819499 3.545623370744368e-16
6803.202298914613 3.7047656811206967e-16
6806.699515879325 3.515249662386676e-16
6810.196732844038 3.505744427127709e-16
6813.6939498087495 3.579795699883722e-16
6817.191166773462 3.3892205737279486e-16
6820.688383738175 3.3336072031568855e-16
6824.185600702886 3.382812144903789e-16
6827.682817667598 3.529943090073199e-16
6831.180034632312 3.4527051793817165e-16
6834.677251597024 3.2074441188874186e-16
6838.174468561736 2.9729536865294833e-16
6841.6716855264485 2.832090466757678e-16
6845.168902491161 2.9627433024220844e-16
6848.666119455873 3.046486821152793e-16
6852.163336420585 3.143043372090839e-16
6855.660553385298 2.975088243724492e-16
6859.157770350011 2.9870691892791854e-16
6862.654987314722 2.9386505342295886e-16
6866.152204279434 2.7500497754724816e-16
6869.649421244147 2.734338659824559e-16
6873.14663820886 2.723771673983088e-16
6876.643855173572 2.6427026107173835e-16
6880.141072138284 2.5734116238543673e-16
6883.638289102996 2.6043758269478493e-16
6887.135506067709 2.450218684985614e-16
6890.632723032421 2.3758920493562513e-16
6894.129939997134 2.3648446992846164e-16
6897.627156961847 2.366898300224674e-16
6901.124373926558 2.308264336493178e-16
6904.62159089127 2.0816278615306576e-16
6908.118807855983 2.0013200432979945e-16
6911.616024820696 2.1347506634738623e-16
6915.113241785408 2.1357346365896336e-16
6918.6104587501195 2.114414679077049e-16
6922.107675714832 2.300180575497077e-16
6925.604892679545 2.2922158140277984e-16
6929.102109644256 2.4104243736756783e-16
6932.59932660897 2.5089261210691573e-16
6936.0965435736825 2.7179891971164644e-16
6939.593760538394 2.9201768632313513e-16
6943.090977503106 2.952990448068907e-16
6946.5881944678185 3.320668625829569e-16
6950.085411432531 3.4710383326927197e-16
6953.582628397244 3.656255575980266e-16
6957.079845361955 3.953300405044858e-16
6960.577062326668 3.9771110256673655e-16
6964.074279291381 4.211259677877264e-16
6967.571496256092 4.3481910116140397e-16
6971.068713220804 4.542079813807651e-16
6974.565930185518 4.4053421626134403e-16
6978.06314715023 4.498709120194235e-16
6981.560364114942 4.724864847108787e-16
6985.0575810796545 4.85049608681246e-16
6988.554798044367 4.990779600241563e-16
6992.052015009079 5.099444655390752e-16
6995.549231973791 5.000411234113646e-16
6999.046448938504 5.136734699092923e-16
7002.543665903217 5.3583156543933e-16
7006.040882867928 5.255033713243986e-16
7009.53809983264 5.22166933887841e-16
7013.035316797353 5.320699827832092e-16
7016.532533762066 5.299615957283802e-16
7020.029750726778 5.359254086954971e-16
7023.52696769149 5.288218107858916e-16
7027.024184656203 5.35102873712597e-16
7030.521401620915 5.531901170145274e-16
7034.018618585626 5.365075041278393e-16
7037.51583555034 5.298011559083229e-16
7041.013052515053 5.403929875610701e-16
7044.510269479764 5.472080574271858e-16
7048.007486444476 5.345699225252723e-16
7051.504703409189 5.280763363670522e-16
7055.001920373902 5.37751469017843e-16
7058.499137338614 5.205138066911284e-16
7061.9963543033255 5.090491740478972e-16
7065.493571268038 4.994208224531036e-16
7068.990788232751 5.089695310674499e-16
7072.488005197462 5.049670857876507e-16
7075.985222162176 4.947942397185135e-16
7079.4824391268885 4.988212382600406e-16
7082.9796560916 4.915152414263761e-16
7086.476873056312 4.9414036002061e-16
7089.9740900210245 4.692245621810292e-16
7093.471306985737 4.57905912509443e-16
7096.96852395045 4.579360239717625e-16
7100.465740915161 4.541589749112822e-16
7103.962957879874 4.591990547955712e-16
7107.460174844587 4.601845727794971e-16
7110.957391809298 4.4324002566268125e-16
7114.45460877401 4.374483808719245e-16
7117.951825738724 4.2567425922015306e-16
7121.449042703436 4.038037799341082e-16
7124.946259668148 4.126023240870399e-16
7128.44347663286 4.2286873990652347e-16
7131.940693597573 4.156479233482867e-16
7135.437910562285 4.0594232705167375e-16
7138.935127526997 3.9906645941544336e-16
7142.43234449171 3.895372396269414e-16
7145.929561456423 3.7832533356194407e-16
7149.426778421134 3.768268370773984e-16
7152.923995385846 3.9525161479307337e-16
7156.421212350559 3.9806073733524307e-16
7159.918429315272 3.9738634145934406e-16
7163.415646279984 3.981567547838253e-16
7166.912863244696 4.0493236445265214e-16
7170.410080209409 4.1291768303004707e-16
7173.907297174121 4.2449479275371655e-16
7177.404514138832 4.3192888540079365e-16
7180.901731103546 4.3530805661050245e-16
7184.3989480682585 4.3467409683557443e-16
7187.89616503297 4.355074421490249e-16
7191.393381997682 4.394032249656571e-16
7194.8905989623945 4.47143664500302e-16
7198.387815927107 4.492801492490926e-16
7201.88503289182 4.718176223571647e-16
7205.382249856531 4.589752118446872e-16
7208.879466821245 4.700814735396749e-16
7212.376683785957 4.685327815970145e-16
7215.873900750668 4.885037395458455e-16
7219.371117715381 4.954908844313392e-16
7222.868334680094 4.983290199811217e-16
7226.365551644806 4.956936619392124e-16
7229.862768609518 5.022180420507321e-16
7233.35998557423 4.850558906946854e-16
7236.857202538943 4.840351696847475e-16
7240.354419503656 4.758573457905093e-16
7243.851636468367 4.67826377534634e-16
7247.34885343308 4.806581700435186e-16
7250.846070397793 4.971936864458714e-16
7254.343287362504 5.068720554740962e-16
7257.840504327217 5.024048178216858e-16
7261.33772129193 5.247576116829414e-16
7264.834938256642 5.360866105538344e-16
7268.332155221354 5.412541186940702e-16
7271.829372186066 5.503782954298654e-16
7275.326589150779 5.397345858714067e-16
7278.823806115491 5.386720351128214e-16
7282.321023080203 5.490629249741709e-16
7285.818240044916 5.349781961472898e-16
7289.3154570096285 5.32163097217708e-16
7292.81267397434 5.439794114212908e-16
7296.309890939052 5.379744899800026e-16
7299.807107903765 5.219445878775378e-16
7303.304324868478 5.053558058053457e-16
7306.80154183319 5.215288869022912e-16
7310.298758797902 5.286616336330495e-16
7313.795975762615 5.2649964384275825e-16
7317.293192727327 5.300646707181507e-16
7320.790409692038 5.351979860458808e-16
7324.287626656752 5.199039744705711e-16
7327.7848436214645 5.204637725163204e-16
7331.282060586176 5.020107713332381e-16
7334.779277550888 5.104929194654362e-16
7338.2764945156005 5.057251830424595e-16
7341.773711480313 4.951480667940415e-16
7345.270928445026 4.689163540762438e-16
7348.768145409738 4.738321844521516e-16
7352.265362374451 4.849628442888479e-16
7355.762579339163 4.709083863605563e-16
7359.259796303874 4.53105593262585e-16
7362.757013268587 4.349163039879458e-16
7366.2542302333 4.3006774397015113e-16
7369.751447198012 4.531092300558897e-16
7373.248664162724 4.481366185729154e-16
7376.745881127436 4.483798588352043e-16
7380.243098092149 4.3634370420624345e-16
7383.740315056861 4.348881924958997e-16
7387.237532021573 4.2939766223995714e-16
7390.734748986286 4.1248482358949744e-16
7394.2319659509985 4.0305553980519253e-16
7397.72918291571 3.9376897700747166e-16
7401.226399880423 4.0034488305555704e-16
7404.723616845135 4.046667187559777e-16
7408.220833809848 3.917874654580453e-16
7411.71805077456 4.0253290972653237e-16
7415.215267739272 3.8828902755155287e-16
7418.712484703985 3.836746198390924e-16
7422.209701668697 3.7946199091135014e-16
7425.706918633409 3.8733022294467047e-16
7429.204135598122 3.8483378750935495e-16
7432.7013525628345 3.709610373851002e-16
7436.198569527546 3.6186516543829944e-16
7439.695786492259 3.584774449883314e-16
7443.193003456971 3.605308395481731e-16
7446.690220421684 3.7150107281040284e-16
7450.187437386396 3.417907464437847e-16
7453.684654351108 3.309227320370082e-16
7457.181871315821 3.3920705558968386e-16
7460.679088280533 3.46603304891482e-16
7464.176305245244 3.508450516691965e-16
7467.673522209958 3.6100484594396443e-16
7471.17073917467 3.5949249402647124e-16
7474.667956139382 3.3927902916212583e-16
7478.165173104094 3.5968856056662744e-16
7481.662390068806 3.545551996651474e-16
7485.159607033519 3.38627441158066e-16
7488.656823998232 3.318782419513886e-16
7492.154040962944 3.4887520545841943e-16
7495.651257927657 3.460404707134019e-16
7499.1484748923685 3.1919668604132297e-16
7502.64569185708 3.098683339659721e-16
7506.142908821793 3.199841282212494e-16
7509.640125786506 3.2393712995116997e-16
7513.137342751218 3.225695867110888e-16
7516.63455971593 3.2876382658074546e-16
7520.131776680642 3.196515839217769e-16
7523.628993645355 3.219478345104543e-16
7527.126210610067 3.036968271672464e-16
7530.62342757478 3.050804055408805e-16
7534.120644539493 3.026309716859158e-16
7537.6178615042045 2.98551175110096e-16
7541.115078468916 3.0234194061200435e-16
7544.612295433629 2.9522330597119406e-16
7548.109512398341 3.122259684566217e-16
7551.606729363054 3.1458306612878187e-16
7555.103946327766 2.9050934664698753e-16
7558.601163292478 2.6390780041478744e-16
7562.098380257191 2.507735622082881e-16
7565.595597221903 2.5215252003994955e-16
7569.092814186614 2.1018410450204447e-16
7572.590031151328 2.1666658138158457e-16
7576.08724811604 2.4958099490668606e-16
7579.584465080752 2.6945222217225483e-16
7583.081682045465 2.848064136694022e-16
7586.578899010177 2.8595603784667236e-16
7590.07611597489 2.7037866341954963e-16
7593.573332939602 2.64171892831716e-16
7597.070549904314 2.443628542905658e-16
7600.567766869027 2.5826968802989455e-16
7604.064983833739 2.4405915382238555e-16
7607.56220079845 2.4854836657969634e-16
7611.059417763164 2.790192353091912e-16
7614.556634727876 2.747499696546594e-16
7618.053851692588 2.6680668711706477e-16
7621.551068657301 2.6555298793595693e-16
7625.048285622013 2.764655398284648e-16
7628.545502586725 2.7688960937922767e-16
7632.042719551438 2.8828548970229703e-16
7635.53993651615 2.8598344555143028e-16
7639.037153480863 2.873089395832363e-16
7642.5343704455745 2.8921827521257786e-16
7646.031587410286 2.979224892986026e-16
7649.528804374999 2.9788423538644456e-16
7653.026021339712 2.968517782536424e-16
7656.523238304424 2.920597389992988e-16
7660.020455269136 2.826988930596847e-16
7663.517672233848 2.7672087306875193e-16
7667.014889198561 2.7397710283410556e-16
7670.512106163273 2.6789940296873694e-16
7674.009323127986 2.9418653442332965e-16
7677.506540092699 2.803214805440836e-16
7681.00375705741 2.854099800139156e-16
7684.500974022122 2.796182557540319e-16
7687.998190986835 2.793203703713903e-16
7691.495407951547 2.9399212734321363e-16
7694.99262491626 3.125609251982979e-16
7698.489841880972 3.3796465454430446e-16
7701.987058845684 3.336916474531638e-16
7705.484275810397 3.459718122670211e-16
7708.981492775109 3.3940475664680476e-16
7712.478709739821 3.4227400967653587e-16
7715.975926704535 3.6282851796386263e-16
7719.473143669246 3.5048337239443356e-16
7722.970360633958 3.1938772631678813e-16
7726.467577598671 3.470095716792542e-16
7729.964794563383 3.552829451381507e-16
7733.462011528095 3.5440711194114313e-16
7736.959228492808 3.4352326891801945e-16
7740.45644545752 3.524824271326249e-16
7743.953662422233 3.6298790615323604e-16
7747.4508793869445 3.5498129577600037e-16
7750.948096351656 3.6319719652162485e-16
7754.445313316369 3.647442898042837e-16
7757.942530281082 3.865015931092628e-16
7761.439747245794 3.8501928994055807e-16
7764.936964210507 3.6020893900878196e-16
7768.434181175219 3.935269324589375e-16
7771.931398139931 3.9563315157200534e-16
7775.4286151046435 3.895387090801287e-16
7778.925832069356 3.993343486118481e-16
7782.423049034069 4.101006955295402e-16
7785.92026599878 3.8043179142796783e-16
7789.417482963492 3.511028107815563e-16
7792.914699928205 3.621812602208678e-16
7796.411916892918 3.5657104756535866e-16
7799.90913385763 3.523667658134326e-16
7803.406350822342 3.5558506915517097e-16
7806.903567787055 3.382795649509166e-16
7810.400784751767 3.4098511241349685e-16
7813.898001716479 3.408123960453205e-16
7817.395218681192 3.6358291180453273e-16
7820.892435645905 3.3370312880797803e-16
7824.389652610616 3.2927614705328986e-16
7827.886869575328 3.484491866985821e-16
7831.384086540041 3.5857588833331475e-16
7834.881303504753 3.3158765522555985e-16
7838.378520469466 3.161637806166673e-16
7841.875737434178 3.2194226809753147e-16
7845.37295439889 3.0219228383669036e-16
7848.870171363603 3.1549052681054763e-16
7852.3673883283145 3.093078595610426e-16
7855.864605293027 3.1035879174455174e-16
7859.361822257741 3.163238838480393e-16
7862.859039222452 3.0145288199755794e-16
7866.356256187164 3.008536281324999e-16
7869.853473151877 3.0887496163288456e-16
7873.350690116589 2.8168467335059846e-16
7876.847907081301 2.891825168472013e-16
7880.345124046014 2.8644016222357066e-16
7883.842341010726 2.654682525795548e-16
7887.339557975439 2.742723571552628e-16
7890.8367749401505 2.933461007778662e-16
7894.333991904862 3.061511185362533e-16
7897.831208869576 3.09086154628728e-16
7901.328425834288 3.14338892739159e-16
7904.825642799 3.005877326070507e-16
7908.322859763713 2.7521014960571737e-16
7911.820076728425 2.975144149133375e-16
7915.317293693137 3.179504608573093e-16
7918.814510657849 2.998169579644859e-16
7922.311727622562 2.86054939260167e-16
7925.808944587275 2.882755541313208e-16
7929.306161551986 2.964951633945013e-16
7932.803378516698 2.8900189943304455e-16
7936.300595481411 2.786355875312286e-16
7939.797812446124 2.890710536640434e-16
7943.295029410836 2.947506187805458e-16
7946.7922463755485 2.784181271921277e-16
7950.289463340261 2.8584697283470057e-16
7953.786680304973 2.7815852148425283e-16
7957.2838972696845 2.7326606788730144e-16
7960.781114234398 2.7452242236753924e-16
7964.278331199111 2.8937349731509886e-16
7967.775548163822 2.8809191304628683e-16
7971.272765128534 2.870568475279399e-16
7974.769982093247 2.8018883110478174e-16
7978.267199057959 2.5398848786093215e-16
7981.764416022672 2.8606091579171894e-16
7985.261632987384 2.737140492591553e-16
7988.758849952097 2.8772355027924835e-16
7992.256066916809 2.8576689446419904e-16
7995.7532838815205 2.6617046475682935e-16
7999.250500846233 2.856142690918357e-16
8002.747717810947 2.768155306662508e-16
8006.244934775658 2.6751185427360958e-16
8009.74215174037 2.725787277002599e-16
8013.239368705083 2.587925354720701e-16
8016.736585669795 2.6379010273023406e-16
8020.233802634507 2.5429234633451073e-16
8023.7310195992195 2.474334326839544e-16
8027.228236563932 2.5872385602104243e-16
8030.725453528645 2.518380384564183e-16
8034.222670493356 2.465546915394432e-16
8037.719887458069 2.3984900255802385e-16
8041.217104422782 2.5911730233926673e-16
8044.714321387494 2.6239155521086195e-16
8048.211538352206 2.5515553778195294e-16
8051.7087553169185 2.2676163364307066e-16
8055.205972281631 2.3314565352968717e-16
8058.703189246343 2.4903018678256625e-16
8062.2004062110545 2.690436739360296e-16
8065.697623175768 2.4462713608679446e-16
8069.194840140481 2.308380045167274e-16
8072.692057105192 2.324105709873968e-16
8076.189274069904 2.390681534878332e-16
8079.686491034618 2.2515478829873813e-16
8083.183707999329 2.2098676940392206e-16
8086.680924964042 2.288020022889922e-16
8090.1781419287545 2.297037596986145e-16
8093.675358893467 2.2201174640773448e-16
8097.172575858179 2.1318647986932328e-16
8100.6697928228905 2.2913219086765725e-16
8104.167009787603 2.4381574688746007e-16
8107.664226752317 2.345722643188753e-16
8111.161443717028 2.2636511415109994e-16
8114.65866068174 2.4073520532565817e-16
8118.155877646453 2.2174777526837636e-16
8121.653094611165 2.2599297059356434e-16
8125.150311575878 2.410105979146585e-16
8128.64752854059 2.535645109442413e-16
8132.144745505303 2.6973844303128826e-16
8135.641962470015 2.6778000240921994e-16
8139.139179434726 2.562458530181204e-16
8142.636396399439 2.50831308270125e-16
8146.133613364153 2.512976265181919e-16
8149.630830328864 2.4688406522028565e-16
8153.128047293576 2.6083542264578046e-16
8156.625264258288 2.5202943179416836e-16
8160.122481223001 2.401149927325948e-16
8163.619698187713 2.4874515989768216e-16
8167.1169151524255 2.444623304095798e-16
8170.614132117139 2.4466028830976593e-16
8174.111349081851 2.1974265917423831e-16
8177.608566046562 2.2556445232141974e-16
8181.105783011276 2.2526275526153424e-16
8184.602999975988 2.340440536793194e-16
8188.1002169407 2.242173310538639e-16
8191.597433905412 2.1122295113734514e-16
8195.094650870124 2.1913142574581746e-16
8198.591867834837 2.3101258015592803e-16
8202.089084799549 2.29833767102455e-16
8205.58630176426 2.1867356727260876e-16
8209.083518728974 2.227291347333694e-16
8212.580735693686 2.335401483284095e-16
8216.077952658397 2.3996392559203695e-16
8219.575169623113 2.4437819412485775e-16
8223.072386587824 2.4418452049625206e-16
8226.569603552536 2.4668032984100167e-16
8230.066820517248 2.4276969340222397e-16
8233.56403748196 2.355700745034931e-16
8237.061254446673 2.268662978032007e-16
8240.558471411385 2.1403025680501584e-16
8244.055688376096 2.0661489512873931e-16
8247.55290534081 1.985334931624174e-16
8251.050122305522 2.288278673349907e-16
8254.547339270233 2.0394703840206605e-16
8258.044556234945 2.2130988350793306e-16
8261.541773199659 2.0780378408373454e-16
8265.038990164372 2.0309115666330472e-16
8268.536207129084 1.9757584240209857e-16
8272.033424093795 1.968601011865269e-16
8275.530641058509 2.0595676752184123e-16
8279.02785802322 1.8624102473703231e-16
8282.525074987932 1.9038748956773786e-16
8286.022291952646 1.9028441762906332e-16
8289.519508917358 1.7208063029192223e-16
8293.01672588207 1.6087970887954214e-16
8296.513942846781 1.440500089986988e-16
8300.011159811495 1.3334372615126877e-16
8303.508376776208 1.2490418804123387e-16
8307.00559374092 1.0639817329986252e-16
8310.502810705631 1.373210191740262e-16
8314.000027670345 1.1049414409375126e-16
8317.497244635057 1.0831373437385709e-16
8320.994461599768 1.4444293931724636e-16
8324.491678564482 1.2819226313510909e-16
8327.988895529194 1.1647566798003482e-16
8331.486112493905 1.1210793071083821e-16
8334.983329458617 1.0008492628369817e-16
8338.480546423329 9.48555942048152e-17
8341.977763388044 9.852081067446243e-17
8345.474980352756 8.432600422453424e-17
8348.972197317467 1.0202078860862704e-16
8352.46941428218 1.1520888068868164e-16
8355.966631246893 9.56512577437794e-17
8359.463848211604 9.961860658556391e-17
8362.961065176318 1.2100258027716534e-16
8366.45828214103 1.3278518653141741e-16
8369.955499105741 1.4763472110175924e-16
8373.452716070453 1.3347689086060543e-16
8376.949933035165 1.2230707285327843e-16
8380.447149999878 1.3084513217129794e-16
8383.944366964592 1.2583327932999836e-16
8387.441583929303 1.1390349429089877e-16
8390.938800894017 1.4248492106176978e-16
8394.436017858729 1.5927744176132565e-16
8397.93323482344 1.4801088574148744e-16
8401.430451788154 1.5694540863873334e-16
8404.927668752865 1.7519807448971935e-16
8408.424885717577 2.017344418218268e-16
8411.922102682289 2.0456121223899747e-16
8415.419319647 2.1901035406459573e-16
8418.916536611714 2.1399533481677145e-16
8422.413753576426 2.3921643626392504e-16
8425.91097054114 2.5854868936608436e-16
8429.408187505853 2.602100962388937e-16
8432.905404470564 2.511664570421576e-16
8436.402621435276 2.542594740103846e-16
8439.899838399988 2.713363715602319e-16
8443.3970553647 2.7243790528467597e-16
8446.894272329413 2.7693550564701365e-16
8450.391489294125 2.9731794068186552e-16
8453.888706258836 2.798625907397016e-16
8457.38592322355 2.491794778498363e-16
8460.883140188262 2.667075562376337e-16
8464.380357152975 2.7054626690842577e-16
8467.877574117689 2.6425607139014597e-16
8471.3747910824 2.730406742399508e-16
8474.872008047112 2.6710054447491174e-16
8478.369225011824 2.608544187548323e-16
8481.866441976535 2.772895088471028e-16
8485.363658941249 2.686432462909685e-16
8488.86087590596 2.7529480926754556e-16
8492.358092870672 2.9524949114425636e-16
8495.855309835386 3.142969683120884e-16
8499.352526800098 3.2832001787752612e-16
8502.84974376481 3.2856523476570624e-16
8506.346960729525 3.2505591542754777e-16
8509.844177694236 3.423228821742585e-16
8513.341394658948 3.642768341244785e-16
8516.83861162366 3.429054837155334e-16
8520.335828588371 3.500887379325704e-16
8523.833045553085 3.7806812463514975e-16
8527.330262517797 3.671939117322811e-16
8530.827479482508 3.871520097887771e-16
8534.324696447222 3.9642086806390123e-16
8537.821913411934 4.095126396752366e-16
8541.319130376645 4.0562008923865304e-16
8544.816347341359 4.270315931358327e-16
8548.313564306072 4.579866897556739e-16
8551.810781270784 4.527031560729514e-16
8555.307998235496 4.471539327161326e-16
8558.805215200207 4.632189829358544e-16
8562.30243216492 4.983766915313833e-16
8565.799649129633 5.240339711717796e-16
8569.296866094344 5.138254184032684e-16
8572.794083059058 5.555891675670825e-16
8576.29130002377 5.673134137626964e-16
8579.788516988481 5.77345150832599e-16
8583.285733953193 6.193122067682773e-16
8586.782950917906 6.2816418872478275e-16
8590.28016788262 6.487894265914326e-16
8593.777384847332 6.427392945619494e-16
8597.274601812043 6.634920003357256e-16
8600.771818776757 6.797031437603866e-16
8604.269035741469 6.781376777516666e-16
8607.76625270618 6.76880880772504e-16
8611.263469670894 6.785314839050058e-16
8614.760686635605 6.800145196755146e-16
8618.257903600317 7.192224398779376e-16
8621.755120565029 7.231913387899353e-16
8625.25233752974 6.800058204493171e-16
8628.749554494454 6.980642301582295e-16
8632.246771459168 7.037259458639274e-16
8635.74398842388 7.172805636158814e-16
8639.241205388593 7.029768287041888e-16
8642.738422353304 7.200116096610227e-16
8646.235639318016 7.192017241170475e-16
8649.73285628273 7.593504632230115e-16
8653.230073247441 7.43129069922748e-16
8656.727290212153 7.686210788690804e-16
8660.224507176865 7.990756599982535e-16
8663.721724141576 8.130062605991708e-16
8667.21894110629 8.108404605867074e-16
8670.716158071004 8.107377299148667e-16
8674.213375035715 8.147212089760963e-16
8677.710592000429 8.183781045988646e-16
8681.20780896514 7.825236506441415e-16
8684.705025929852 7.833542639829388e-16
8688.202242894566 7.838134273055643e-16
8691.699459859277 7.627468805280308e-16
8695.196676823989 7.479845907988788e-16
8698.6938937887 7.397727475036515e-16
8702.191110753412 6.998998556140784e-16
8705.688327718126 6.856153820378712e-16
8709.185544682838 6.895228573094108e-16
8712.682761647551 6.744961223872591e-16
8716.179978612265 6.785489384838739e-16
8719.677195576976 6.796893772473532e-16
8723.174412541688 6.506872748083868e-16
8726.671629506402 6.408232793769476e-16
8730.168846471113 6.28952115201337e-16
8733.666063435825 5.838189573353652e-16
8737.163280400537 6.323673328724162e-16
8740.660497365248 6.177967851217379e-16
8744.157714329962 6.062549712949543e-16
8747.654931294674 6.3606800360104715e-16
8751.152148259385 6.103914909535932e-16
8754.6493652241 6.079530108836379e-16
8758.146582188812 5.832028883048769e-16
8761.643799153524 5.739135206369211e-16
8765.141016118236 5.524219186661139e-16
8768.63823308295 5.379065092126715e-16
8772.135450047661 5.233501314280978e-16
8775.632667012373 4.906776012575024e-16
8779.129883977084 4.591905673506595e-16
8782.627100941798 4.987236623361316e-16
8786.12431790651 4.838503949487328e-16
8789.621534871221 4.1866448566663037e-16
8793.118751835935 4.3878288545744755e-16
8796.615968800648 4.500482582464344e-16
8800.11318576536 4.1269960223787725e-16
8803.610402730073 4.411425088495677e-16
8807.107619694783 4.438796950740016e-16
8810.604836659497 4.2382649421363023e-16
8814.102053624209 4.402610589336638e-16
8817.59927058892 4.1386382294472604e-16
8821.096487553634 3.895953162736877e-16
8824.593704518345 4.114432274854825e-16
8828.090921483057 4.0965238439315477e-16
8831.58813844777 4.306012886662065e-16
8835.085355412482 4.379340712465123e-16
8838.582572377196 4.1980226874516864e-16
8842.07978934191 4.1890145310051435e-16
8845.57700630662 4.2720234327538553e-16
8849.074223271333 4.295064109467085e-16
8852.571440236045 4.079648960450383e-16
8856.068657200756 3.7274703692607404e-16
8859.56587416547 3.648956878787036e-16
8863.063091130181 3.8434244793149365e-16
8866.560308094893 3.782711220665411e-16
8870.057525059607 3.6983277337033454e-16
8873.554742024317 3.5892286501696795e-16
8877.051958989032 3.4882389908010925e-16
8880.549175953744 3.192605451130946e-16
8884.046392918455 3.0384827287820207e-16
8887.543609883169 3.2778695937639525e-16
8891.04082684788 2.9295678406253926e-16
8894.538043812592 3.208077535586009e-16
8898.035260777306 3.2075120034491944e-16
8901.532477742017 3.3088300214290813e-16
8905.029694706729 3.215063065097049e-16
8908.526911671443 3.4102442346707707e-16
8912.024128636152 3.430908897798485e-16
8915.521345600866 3.477954955623856e-16
8919.01856256558 3.6088078952040463e-16
8922.515779530291 3.7501903387283294e-16
8926.012996495005 3.6934354958787826e-16
8929.510213459716 3.401046566181212e-16
8933.007430424428 3.2574277997078625e-16
8936.504647389142 3.289913755480707e-16
8940.001864353853 3.11760770599518e-16
8943.499081318565 2.9046850104993707e-16
8946.996298283279 3.1353658038571925e-16
8950.493515247988 3.0079080051379103e-16
8953.990732212702 3.193029336900499e-16
8957.487949177414 2.737438809205842e-16
8960.985166142127 2.930793248833598e-16
8964.48238310684 2.8414965148979193e-16
8967.979600071552 2.683821627523315e-16
8971.476817036264 2.744881159392894e-16
8974.974034000978 2.8456529456626003e-16
8978.47125096569 2.9785733458944386e-16
8981.968467930401 2.776618523191587e-16
8985.465684895114 2.848590622988024e-16
8988.962901859824 2.940283989419009e-16
8992.460118824538 2.9583434938601775e-16
8995.95733578925 2.8742017183324156e-16
8999.454552753963 3.125114621450392e-16
9002.951769718677 3.1428404236550396e-16
9006.448986683388 3.184445485858432e-16
9009.9462036481 2.911262398736475e-16
9013.443420612813 2.986520143903359e-16
9016.940637577523 2.967046090323479e-16
9020.437854542237 2.8406873593318565e-16
9023.93507150695 2.781258036546237e-16
9027.43228847166 2.93187696943017e-16
9030.929505436374 3.0201049144155624e-16
9034.426722401085 3.1917460848094126e-16
9037.923939365797 3.103453301275249e-16
9041.421156330513 3.0698387428452106e-16
9044.918373295224 2.933892830129145e-16
9048.415590259936 2.581025578722833e-16
9051.91280722465 2.8665622259734085e-16
9055.41002418936 2.5300392451444354e-16
9058.907241154073 2.5427705783396944e-16
9062.404458118785 2.7510208591763337e-16
9065.901675083496 2.865237328877776e-16
9069.39889204821 2.840988776195056e-16
9072.896109012921 2.7531044417214614e-16
9076.393325977633 2.9996765377496434e-16
9079.890542942347 2.8264698188879956e-16
9083.38775990706 2.810510787209683e-16
9086.884976871772 2.808610155165741e-16
9090.382193836485 2.7521480271597997e-16
9093.879410801195 2.8099013924719845e-16
9097.376627765909 2.791297740662734e-16
9100.87384473062 2.978284090231102e-16
9104.371061695332 3.181042942873047e-16
9107.868278660046 2.645377698106886e-16
9111.365495624757 2.3999827664330723e-16
9114.862712589469 2.286746836708359e-16
9118.359929554183 2.5951469447484035e-16
9121.857146518894 2.761727774335059e-16
9125.354363483608 2.5063042811332896e-16
9128.851580448321 2.627766198845297e-16
9132.348797413031 2.482734048027508e-16
9135.846014377745 2.525086393052027e-16
9139.343231342456 2.5798046365238933e-16
9142.840448307168 2.3171011058509587e-16
9146.337665271882 2.718275437414179e-16
9149.834882236593 2.597773373273656e-16
9153.332099201305 2.5118376147910373e-16
9156.829316166019 2.6794658084157133e-16
9160.32653313073 2.568856834166345e-16
9163.823750095442 2.6806262780632453e-16
9167.320967060157 2.8084364502280067e-16
9170.818184024867 2.9037540569042387e-16
9174.31540098958 2.94559351111428e-16
9177.812617954292 2.8668500724753453e-16
9181.309834919004 2.776212648906216e-16
9184.807051883718 2.899640571295245e-16
9188.30426884843 3.022314580912946e-16
9191.801485813141 2.8368922838909877e-16
9195.298702777854 2.7866652910785673e-16
9198.795919742564 3.079608893563488e-16
9202.293136707278 3.0333014260692577e-16
9205.790353671993 2.7441768543527886e-16
9209.287570636703 2.856953110892116e-16
9212.784787601417 3.194978182468382e-16
9216.282004566128 3.065200678915781e-16
9219.77922153084 3.026978826508665e-16
9223.276438495554 2.846041025315233e-16
9226.773655460265 3.220605157871964e-16
9230.270872424977 3.0364550059601235e-16
9233.76808938969 3.063370064027492e-16
9237.2653063544 3.1586011487385453e-16
9240.762523319114 3.0681327509252717e-16
9244.259740283826 2.850134535325036e-16
9247.756957248539 3.195704540013657e-16
9251.254174213253 3.4255585838679103e-16
9254.751391177964 3.6170761796313605e-16
9258.248608142676 3.757468874157759e-16
9261.74582510739 4.465186633673748e-16
9265.243042072101 4.308565678370014e-16
9268.740259036813 4.0601926471401965e-16
9272.237476001526 4.623452194677395e-16
9275.734692966236 5.42582590207117e-16
9279.23190993095 5.001793012297534e-16
9282.729126895661 4.1794189122305285e-16
9286.226343860373 5.087547800716704e-16
9289.723560825088 4.819695371241363e-16
9293.2207777898 4.571093847922457e-16
9296.717994754512 4.297717900277553e-16
9300.215211719225 3.9547555426863155e-16
9303.712428683937 3.7326732676152323e-16
9307.209645648649 4.165356881105677e-16
9310.706862613362 4.3685674908322383e-16
9314.204079578072 4.602344018414965e-16
9317.701296542786 4.864995749622846e-16
9321.198513507497 4.3333307860597887e-16
9324.69573047221 4.55281441093048e-16
9328.192947436923 4.15579496299076e-16
9331.690164401636 4.227660678218885e-16
9335.187381366348 3.3259770982093354e-16
9338.684598331061 2.9089625448638695e-16
9342.181815295773 3.400996082969938e-16
9345.679032260485 3.423693657873502e-16
9349.176249225198 3.4126013616876875e-16
9352.673466189908 3.6091614023567004e-16
9356.170683154622 3.346975747265943e-16
9359.667900119333 3.524925706991945e-16
9363.165117084045 3.179958300032139e-16
9366.662334048759 3.1536118443431065e-16
9370.159551013472 3.28745716306001e-16
9373.656767978184 3.725696729935314e-16
9377.153984942897 3.9648815360048887e-16
9380.651201907607 3.841613020602425e-16
9384.14841887232 3.5061725090682827e-16
9387.645635837032 3.8432684750996534e-16
9391.142852801744 3.9326075431578935e-16
9394.640069766458 2.970801475600086e-16
9398.13728673117 3.068928983069821e-16
9401.634503695881 3.839017174592523e-16
9405.131720660595 2.727599073637634e-16
9408.628937625306 2.579865864392895e-16
9412.12615459002 2.5142202412906244e-16
9415.623371554733 3.019365113156497e-16
9419.120588519443 3.510798913923459e-16
9422.617805484157 3.4312987264078257e-16
9426.115022448868 3.5820333507807393e-16
9429.61223941358 3.735966861550369e-16
9433.109456378294 3.4326875034948755e-16
9436.606673343005 3.8680241897107536e-16
9440.103890307717 4.578495153561283e-16
9443.60110727243 3.7244240306215634e-16
9447.098324237142 3.1082222586860206e-16
9450.595541201854 3.0415029347288176e-16
9454.09275816657 3.3828152967937766e-16
9457.589975131279 3.624289999797739e-16
9461.087192095993 3.516542377319138e-16
9464.584409060704 3.8103238658326145e-16
9468.081626025416 3.5426641795743e-16
9471.57884299013 3.300907551342973e-16
9475.076059954841 3.9891738307575586e-16
9478.573276919553 3.5089114960272897e-16
9482.070493884266 2.6120069016781966e-16
9485.567710848978 2.2808516837958864e-16
9489.06492781369 2.6433120598660637e-16
9492.562144778403 3.098835021375535e-16
9496.059361743115 2.9030838681330706e-16
9499.556578707829 2.805029734362305e-16
9503.05379567254 2.863794748609718e-16
9506.551012637252 2.495818304172164e-16
9510.048229601965 2.693018791997771e-16
9513.545446566677 3.048934726115442e-16
9517.042663531389 3.417940272392952e-16
9520.539880496102 2.530153163416107e-16
9524.037097460812 2.4705276516981295e-16
9527.534314425526 2.581636095815679e-16
9531.03153139024 2.361082675899198e-16
9534.528748354951 2.396860474309269e-16
9538.025965319664 2.6414862829524103e-16
9541.523182284376 2.5558170963693115e-16
9545.020399249088 2.4990773139107605e-16
9548.517616213801 2.4054014619356443e-16
9552.014833178513 2.433135904308708e-16
9555.512050143225 2.4637968170909006e-16
9559.009267107938 2.893150566278045e-16
9562.506484072648 2.7397961756285716e-16
9566.003701037362 2.8945440970236603e-16
9569.500918002073 2.912031866213169e-16
9572.998134966785 2.5235406935959947e-16
9576.4953519315 2.529049917929813e-16
9579.992568896212 3.011239541765622e-16
9583.489785860924 3.1542327147271886e-16
9586.987002825637 2.6647788263501096e-16
9590.484219790349 2.55916329568299e-16
9593.98143675506 2.855566506673526e-16
9597.478653719774 2.2628745792727757e-16
9600.975870684484 2.4849884458744266e-16
9604.473087649198 2.1623333046343412e-16
9607.97030461391 2.2394578393962633e-16
9611.467521578621 2.599644672122022e-16
9614.964738543335 2.591229705390703e-16
9618.461955508048 2.5688596843470586e-16
9621.95917247276 2.5397228132129093e-16
9625.456389437473 2.846066222918934e-16
9628.953606402185 3.192911007275223e-16
9632.450823366897 2.6866923244034784e-16
9635.94804033161 2.4000440013876576e-16
9639.44525729632 2.754030261422003e-16
9642.942474261034 2.806875791473557e-16
9646.439691225745 2.698139960167707e-16
9649.936908190457 2.48545622659597e-16
9653.43412515517 2.6086548741511187e-16
9656.931342119882 2.779850364280156e-16
9660.428559084596 2.6014928769020036e-16
9663.92577604931 2.904830688537673e-16
9667.42299301402 2.7591913415163996e-16
9670.920209978733 3.066453570129377e-16
9674.417426943446 2.6089515363817773e-16
9677.914643908156 2.638180468347346e-16
9681.41186087287 1.9354746196744296e-16
9684.909077837581 2.1158644642172585e-16
9688.406294802293 2.6160629557324964e-16
9691.903511767006 2.313745132951443e-16
9695.400728731718 2.1234485777390264e-16
9698.897945696432 2.319765136460885e-16
9702.395162661145 2.3889962289505727e-16
9705.892379625855 2.4592420391978524e-16
9709.389596590569 2.438222060366861e-16
9712.886813555282 2.3606709598295263e-16
9716.384030519992 2.4136767054987263e-16
9719.881247484705 2.6408271644117437e-16
9723.378464449417 2.386821524231324e-16
9726.875681414129 2.2459409249447573e-16
9730.372898378842 2.5542830606608433e-16
9733.870115343554 2.409074640642263e-16
9737.367332308266 2.6899374594735955e-16
9740.864549272981 2.4052263488002617e-16
9744.361766237691 2.8372234618656146e-16
9747.858983202404 3.0196321038407956e-16
9751.356200167116 2.745457543986531e-16
9754.853417131828 2.7699668471239494e-16
9758.350634096541 2.8837014808287494e-16
9761.847851061253 2.665078007561902e-16
9765.345068025965 2.7526591608709557e-16
9768.842284990678 3.1134408234122917e-16
9772.33950195539 2.5288302360969663e-16
9775.836718920102 3.0390411804336346e-16
9779.333935884815 2.0641160247890474e-16
9782.831152849527 1.7258793901700298e-16
9786.32836981424 1.5233879158647005e-16
9789.825586778952 1.8663566605289522e-16
9793.322803743664 2.2614637573193473e-16
9796.820020708377 2.085375949929062e-16
9800.317237673089 2.237663974594197e-16
9803.8144546378 2.5519824602099743e-16
9807.311671602514 2.635208348317219e-16
9810.808888567226 3.1488405871679173e-16
9814.306105531938 3.2186488966897234e-16
9817.803322496651 2.649213375444772e-16
9821.300539461361 2.6740597263179743e-16
9824.797756426076 3.052767639932971e-16
9828.294973390788 3.48156739458372e-16
9831.7921903555 3.529201881996998e-16
9835.289407320213 2.3691476971738537e-16
9838.786624284925 2.2261574953223687e-16
9842.283841249637 3.013803729909479e-16
9845.78105821435 2.768755521381662e-16
9849.278275179062 3.5482625266298707e-16
9852.775492143774 3.2918918647693515e-16
9856.272709108487 2.5394095621815345e-16
9859.769926073197 3.104273840666501e-16
9863.26714303791 3.0097625755216766e-16
9866.764360002624 1.9926459243149297e-16
9870.261576967336 1.9472916989585472e-16
9873.75879393205 2.578128674762688e-16
9877.256010896761 2.8335572387440816e-16
9880.753227861473 2.646918895806852e-16
9884.250444826186 2.330727152792479e-16
9887.747661790896 2.2188064904434654e-16
9891.24487875561 2.985242979867752e-16
9894.742095720323 3.135046513141434e-16
9898.239312685033 3.490533840794639e-16
9901.736529649746 3.260191422631151e-16
9905.23374661446 1.1559933723582137e-16
9908.730963579172 1.3967117851594915e-16
9912.228180543885 2.340788041069551e-16
9915.725397508597 2.252722423776705e-16
9919.222614473309 2.453001923310535e-16
9922.719831438022 2.7655989466430643e-16
9926.217048402732 2.5308580757734175e-16
9929.714265367445 2.4726231230811696e-16
9933.211482332157 2.6579256487765547e-16
9936.708699296869 2.5337462795124344e-16
9940.205916261582 2.572244340193803e-16
9943.703133226294 3.1948253825935214e-16
9947.200350191008 3.290242753296371e-16
9950.697567155721 3.192577016146352e-16
9954.194784120433 3.576651705429113e-16
9957.692001085145 2.7703841570551943e-16
9961.189218049858 2.1905298435211986e-16
9964.686435014568 3.492623746681891e-16
9968.183651979281 3.856387290910428e-16
9971.680868943993 2.2510028426435254e-16
9975.178085908705 2.67813181526557e-16
9978.675302873418 3.435507141929153e-16
9982.17251983813 2.6814960794560637e-16
9985.669736802842 1.9062645686638887e-16
9989.166953767557 2.4167789885239902e-16
9992.664170732269 1.5886380216025367e-16
9996.16138769698 1.4511754644601724e-16
9999.658604661694 2.237789076353795e-16
10003.155821626404 2.0139839356911673e-16
10006.653038591117 1.9008891779685205e-16
10010.150255555829 2.227453554283136e-16
10013.64747252054 1.5245366758494794e-16
10017.144689485254 1.9247801739387734e-16
10020.641906449966 2.294397749730872e-16
10024.139123414678 1.9184682102087107e-16
10027.636340379391 2.0732785008773144e-16
10031.133557344105 1.6414258800034703e-16
10034.630774308816 1.0101420261488032e-16
10038.12799127353 1.0432022249402513e-16
10041.62520823824 1.1233650255059232e-16
10045.122425202953 1.3968406635783464e-16
10048.619642167665 1.3155130014122309e-16
10052.116859132377 2.409390119591446e-16
10055.61407609709 1.7930598353178723e-16
10059.111293061802 1.6421296202825415e-16
10062.608510026514 1.3638752489399959e-16
10066.105726991227 1.3337241678953786e-16
10069.602943955939 6.233920424183937e-17
10073.100160920652 8.817529084519036e-17
10076.597377885364 1.8628894556883264e-16
10080.094594850076 2.090209337105356e-16
10083.59181181479 1.4882606337676305e-16
10087.089028779501 1.6788283746262777e-16
10090.586245744213 1.3585753963379275e-16
10094.083462708926 1.9586619138613625e-16
10097.580679673638 2.223067716890796e-16
10101.07789663835 3.762876189262844e-17
10104.575113603063 1.2499915976186043e-16
10108.072330567773 2.7763912360587617e-16
10111.569547532488 1.8644378033561768e-16
10115.0667644972 1.6366412259225181e-16
10118.563981461912 2.221931550944709e-16
10122.061198426625 1.9220243276851154e-16
10125.558415391337 1.6742656016714384e-16
10129.055632356049 2.078044585802637e-16
10132.552849320762 9.115037631920823e-17
10136.050066285474 8.276089149669087e-17
10139.547283250186 1.1108528639844793e-16
10143.044500214899 1.7855363187087953e-16
10146.541717179609 1.680523300550066e-16
10150.038934144322 1.9716476296591598e-16
10153.536151109036 -5.700783572603217e-17
10157.033368073748 1.4209209366959156e-16
10160.530585038461 1.959778679873352e-16
10164.027802003173 4.479286396482493e-17
10167.525018967885 -1.1471883592454545e-17
10171.022235932598 1.4998830234493103e-16
10174.51945289731 9.898217458143087e-17
10178.016669862021 8.669592272150634e-17
10181.513886826735 -4.652751735273108e-17
10185.011103791445 -7.140088052723985e-17
10188.508320756158 7.026641761911006e-17
10192.00553772087 1.7422756686562492e-16
10195.502754685584 1.3674233083028404e-16
10198.999971650297 -4.576942558201156e-17
10202.497188615009 -7.834381377404146e-17
10205.99440557972 1.0423766784825386e-16
10209.491622544434 1.151215268692629e-16
10212.988839509144 -4.3527457847967714e-17
10216.486056473857 1.0003717804609484e-16
10219.98327343857 1.377335439585393e-16
10223.48049040328 9.046690521055201e-17
10226.977707367994 1.3240077041063462e-16
10230.474924332706 -1.7443051700977268e-17
10233.97214129742 -2.9795216798618515e-18
10237.469358262133 9.901294050474627e-17
10240.966575226845 -4.520696156908035e-18
10244.463792191556 -1.0318529165040982e-16
10247.96100915627 -1.0384352030584463e-17
10251.45822612098 5.738146286408972e-17
10254.955443085693 1.836347379880751e-16
10258.452660050405 1.0897403110617542e-16
10261.949877015117 3.8262676319696154e-18
10265.44709397983 -9.728579410633023e-18
10268.944310944542 -5.731334231116006e-17
10272.441527909254 -1.5198486979829063e-16
10275.938744873969 2.947445039301375e-17
10279.43596183868 1.2564042225669753e-16
10282.933178803392 1.3015023436350387e-16
10286.430395768106 2.341466802418914e-17
10289.927612732816 -1.0158361583287612e-16
10293.42482969753 -3.278335524978812e-17
10296.922046662241 3.798095689031863e-17
10300.419263626953 1.6651996399335116e-16
10303.916480591666 2.726659273624645e-17
10307.413697556378 -2.1653150382023092e-17
10310.91091452109 1.25282852977923e-16
10314.408131485803 -4.2344113390133846e-17
10317.905348450517 -1.1038776720665368e-16
10321.402565415228 1.6883479406246297e-16
10324.899782379942 4.8546346356293965e-17
10328.396999344652 1.6344289675510379e-16
10331.894216309365 1.7332177213277975e-16
10335.391433274077 6.763311269943055e-17
10338.888650238789 5.096424115453824e-17
10342.385867203502 7.261184317098992e-17
10345.883084168214 5.859130706527395e-17
10349.380301132926 -2.865373835306153e-17
10352.877518097639 5.732776998703787e-18
10356.37473506235 4.22232249207567e-17
10359.871952027064 1.3000904308584584e-16
10363.369168991778 2.230784951351314e-16
10366.866385956488 3.2206339108484436e-16
10370.363602921201 8.085572403642376e-17
10373.860819885913 -2.8157266078427496e-17
10377.358036850625 1.758358867673703e-16
10380.855253815338 -7.06842619083104e-17
10384.35247078005 -9.720100151191558e-17
10387.849687744761 4.499523910528779e-17
10391.346904709475 -8.372084053595033e-17
10394.844121674185 -1.180284998337917e-16
10398.3413386389 7.178872644013198e-17
10401.838555603614 2.1061501760297395e-16
10405.335772568324 1.4250022078169574e-16
10408.832989533037 -1.0299696750240065e-16
10412.330206497749 2.0410749075022584e-17
10415.82742346246 5.1608714429244084e-17
10419.324640427174 -9.402733682556847e-18
10422.821857391886 6.704127780426726e-17
10426.319074356597 8.781292422801201e-17
10429.816291321311 1.9532164960872653e-16
10433.31350828602 1.5451465640422565e-16
10436.810725250734 -1.1383584132337533e-16
10440.307942215448 2.5325015375716167e-16
10443.80515918016 1.3395296990134968e-16
10447.302376144873 8.25432446443689e-18
10450.799593109585 1.4483994126661424e-16
10454.296810074296 1.4137754917510969e-16
10457.79402703901 5.726285517651532e-18
10461.291244003722 1.4690077634457963e-16
10464.788460968433 -1.9978867310161875e-17
10468.285677933147 2.753793361310759e-16
10471.782894897857 9.594819488219488e-17
10475.28011186257 2.1021764066841538e-16
10478.777328827282 1.0939239266989008e-16
10482.274545791995 -1.6113225367782793e-16
10485.771762756709 -8.415303337590881e-17
10489.26897972142 9.155115883181051e-17
10492.766196686132 1.5630819218600139e-16
10496.263413650846 1.5665847510436849e-16
10499.760630615558 9.414872884240912e-17
10503.25784758027 -3.838204017451853e-17
10506.755064544983 1.4712677856339594e-16
10510.252281509693 1.1861291781803927e-16
10513.749498474406 1.6215521090746272e-16
10517.246715439118 -2.6701326306181425e-17
10520.74393240383 -6.902642958902515e-17
10524.241149368545 -1.0076919545821808e-17
10527.738366333257 1.215032191808014e-16
10531.235583297968 3.679498603062143e-16
10534.732800262682 7.248757039701767e-17
10538.230017227394 -1.6739722500223213e-16
10541.727234192105 2.8679230230915914e-17
10545.224451156819 4.2174719976616916e-16
10548.721668121529 3.4792823665416237e-16
10552.218885086242 1.7768265419504145e-16
10555.716102050954 -7.117097611554661e-17
10559.213319015666 2.9599774145333066e-16
10562.710535980379 4.149135921325026e-16
10566.207752945093 8.568441022292434e-17
10569.704969909804 2.357587058959855e-16
10573.202186874518 2.838998502182267e-16
10576.699403839228 1.9032967717010482e-16
10580.196620803941 2.5327829845309993e-16
10583.693837768655 -9.904799014812082e-17
10587.191054733365 1.1838836462455043e-18
10590.688271698078 4.0253729396427624e-16
10594.18548866279 1.0417071356701599e-16
10597.682705627501 2.540622696110262e-16
10601.179922592215 2.812407881265424e-16
10604.677139556929 4.790584617226194e-16
10608.17435652164 5.492229023832152e-16
10611.671573486354 1.37203388409629e-16
10615.168790451064 2.026252659884696e-16
10618.666007415777 2.2147194980546076e-16
10622.163224380489 -2.1261308797269396e-16
10625.6604413452 5.187059671906942e-17
10629.157658309914 9.277112244270063e-17
10632.654875274626 -1.6050378319396987e-16
10636.152092239337 2.389683380390185e-16
10639.649309204051 9.215328622203193e-16
10643.146526168763 3.914284720918991e-16
10646.643743133476 5.086617736522373e-17
10650.14096009819 1.0236792656355755e-16
10653.6381770629 1.0492163032965843e-16
10657.135394027613 -1.139242647005924e-16
10660.632610992325 1.9583481062937975e-16
10664.129827957036 5.97467030677962e-16
10667.62704492175 7.948180096729859e-16
10671.124261886462 4.0359197239135236e-16
10674.621478851173 1.0455206076695688e-15
10678.118695815887 3.911992579042867e-16
10681.615912780599 4.499680589352256e-16
10685.11312974531 5.954532009140805e-16
10688.610346710026 7.605929338658831e-16
10692.107563674736 4.459690837921706e-16
10695.604780639449 7.032618130621947e-16
10699.10199760416 2.925900738526428e-16
10702.599214568872 6.782020724304936e-16
10706.096431533586 1.116047281903088e-16
10709.593648498298 9.126498732560434e-17
10713.09086546301 3.4511154778235947e-16
10716.588082427723 7.546508139151683e-16
10720.085299392435 1.4735307128176534e-15
10723.582516357146 9.642387521943447e-16
10727.07973332186 1.3298094058597167e-15
10730.576950286571 1.355761511999522e-15
10734.074167251285 8.359194207954532e-17
10737.571384215997 9.276354755408437e-16
10741.068601180708 3.031304240955152e-16
10744.565818145422 5.767622027424554e-16
10748.063035110134 7.772770934157148e-17
10751.560252074845 3.3769649407203224e-16
10755.057469039559 1.5247955119205531e-15
10758.554686004269 1.2043152206953082e-15
10762.051902968982 4.737125577013145e-16
10765.549119933696 1.058410161280327e-15
10769.046336898407 1.0898139442809808e-15
10772.54355386312 2.436445489246825e-16
10776.040770827833 1.839390529842008e-17
10779.537987792544 -9.442053419401425e-16
10783.035204757258 4.902981155148418e-16
10786.53242172197 1.202053762838094e-15
10790.029638686681 1.1006546234795418e-15
10793.526855651395 5.715501538712701e-16
10797.024072616105 1.2353439722944577e-15
10800.521289580818 1.1931259743838196e-15
10804.01850654553 1.0660450295463732e-15
10807.515723510242 8.025300799511931e-16
10811.012940474957 2.0264729895805767e-16
10814.510157439669 -1.4601693667478517e-16
10818.00737440438 1.896745185042285e-15
10821.504591369094 6.881418844426548e-16
10825.001808333805 8.146594449032356e-16
10828.499025298517 -2.6436174480605188e-17
10831.99624226323 1.9926563281106265e-16
10835.49345922794 -6.269103551493709e-17
10838.990676192654 3.211635801170519e-17
10842.487893157366 -1.2335122435186683e-16
10845.985110122077 8.23610941361223e-16
10849.482327086791 9.000546416086357e-16
10852.979544051504 5.052851573888343e-16
10856.476761016216 -1.5699894569401488e-16
10859.97397798093 8.739328152707827e-16
10863.471194945641 1.132733282535422e-15
10866.968411910353 4.328328395683199e-16
10870.465628875067 4.1410221243745507e-16
10873.962845839776 5.419486960592713e-16
10877.46006280449 1.891683771251574e-16
10880.957279769202 -1.9660031875962175e-17
10884.454496733913 -7.168856892515434e-16
10887.951713698627 -3.081831472963398e-16
10891.448930663339 -3.281879486593331e-16
10894.946147628052 -1.2670812489058342e-16
10898.443364592766 3.410624774774984e-16
10901.940581557476 2.9999773655760305e-16
10905.437798522189 -3.368582882540404e-17
10908.935015486903 7.836953606891807e-17
10912.432232451612 -1.7878036159440363e-16
10915.929449416326 4.96216607120602e-16
10919.426666381038 -2.2263046219375073e-16
10922.92388334575 -5.285456409846542e-16
10926.421100310463 3.203936239029435e-16
10929.918317275175 9.508653341509729e-17
10933.415534239888 -1.6030324406737682e-17
10936.912751204602 -1.1212140297679323e-16
10940.409968169311 -6.350524007026676e-17
10943.907185134025 1.0658589694517334e-16
10947.404402098737 -1.9707424909802274e-16
10950.901619063448 2.637394145005338e-16
10954.398836028162 -3.0425288485290026e-16
10957.896052992874 -1.3564484713797898e-15
10961.393269957585 -6.759307682819145e-16
10964.890486922299 1.448530678993498e-15
10968.38770388701 7.108618033217726e-16
10971.884920851722 3.945992269024572e-16
10975.382137816438 -1.3863482111283873e-15
10978.879354781147 -3.1315739196714527e-15
10982.376571745861 -1.6665633425673878e-15
10985.873788710573 -9.522416776376114e-17
10989.371005675284 2.771872822379375e-17
10992.868222639998 -5.990207305710407e-18
10996.36543960471 0.0
