3850.1386998978214 1.127522870331198e-15
3852.834403521065 1.5692255484919021e-15
3855.5301071443087 1.8564384460734675e-15
3858.2258107675525 2.185806069654125e-15
3860.921514390796 2.3505639822417752e-15
3863.627128689125 2.5255233758167174e-15
3866.322832312369 1.2248894947568251e-15
3869.0185359356124 1.5982291066838044e-15
3871.714239558856 2.450790028650215e-15
3874.4099431821 2.6657488367782153e-15
3877.105646805344 1.6766968258982576e-15
3879.811261103673 7.30150688239245e-16
3882.5069647269165 2.75448904765344e-15
3885.20266835016 4.0635269659520665e-15
3887.898371973404 3.010716536919495e-15
3890.5940755966476 1.702414120476482e-15
3893.299689894977 1.6631886696688332e-15
3895.9953935182207 1.7688172578745542e-15
3898.691097141464 2.178782312536006e-15
3901.386800764708 3.313888698317005e-15
3904.0825043879518 2.1194884584904736e-15
3906.778208011195 2.4211954053553897e-15
3909.4838223095244 2.8503146442427506e-15
3912.1795259327682 2.2459174776358506e-15
3914.8752295560116 1.5892856272539243e-15
3917.570933179256 2.3667448563482502e-15
3920.2666368024993 3.3338808164130427e-15
3922.9722511008285 3.703225738146896e-15
3925.6679547240724 2.8425024203328976e-15
3928.363658347316 1.6364496610221756e-15
3931.059361970559 1.9978236973736193e-15
3933.7550655938035 2.067173721764061e-15
3936.450769217047 2.36660861404041e-15
3939.156383515376 2.3002286502829184e-15
3941.85208713862 3.4108179801896962e-15
3944.5477907618633 3.983683098452333e-15
3947.2434943851076 2.978614537851989e-15
3949.939198008351 3.3949019184332604e-15
3952.6448123066803 2.382511787882821e-15
3955.3405159299236 4.157520460998313e-16
3958.0362195531675 1.0260626842668704e-15
3960.731923176411 2.3864531210611337e-15
3963.427626799655 2.9269064584886852e-15
3966.1233304228986 3.207695713216797e-15
3968.828944721228 2.9146049635679658e-15
3971.5246483444716 2.4922760974549918e-15
3974.220351967715 2.9998088818687913e-15
3976.9160555909593 3.0191998635292543e-15
3979.6117592142027 1.6680446351064542e-15
3982.317373512532 1.8740735289004974e-15
3985.0130771357753 3.588925063098119e-15
3987.708780759019 3.2393465481651134e-15
3990.4044843822626 2.1468743056190394e-15
3993.100188005507 1.2589209189641499e-15
3995.7958916287503 1.255939623520064e-15
3998.5015059270795 2.314048258414958e-15
4001.1972095503234 2.3972779958484425e-15
4003.8929131735667 2.1281944720461943e-15
4006.5886167968106 3.201333020606535e-15
4009.2843204200544 4.024749532905057e-15
4011.9899347183837 2.957980793158358e-15
4014.685638341627 2.7909365408593142e-15
4017.381341964871 3.683194901946272e-15
4020.0770455881147 3.3125476985428636e-15
4022.7727492113586 3.3340123936641274e-15
4025.468452834602 3.5204371468831776e-15
4028.174067132931 2.5098987930351706e-15
4030.8697707561746 2.931211475117748e-15
4033.5654743794184 2.685656512552702e-15
4036.2611780026623 2.5611399446795123e-15
4038.956881625906 3.266039363132003e-15
4041.6624959242354 2.4633953919987994e-15
4044.3581995474788 1.7952008321425418e-15
4047.0539031707226 1.8979165511940152e-15
4049.7496067939664 2.630888165131864e-15
4052.44531041721 2.8038588084336145e-15
4055.1410140404537 1.6547018848842845e-15
4057.846628338783 1.4307241917040428e-15
4060.5423319620268 1.8776305719028414e-15
4063.2380355852697 2.5860023536144185e-15
4065.933739208514 3.117567778290032e-15
4068.629442831758 1.870383330694338e-15
4071.3350571300866 1.4051554472230098e-15
4074.0307607533305 3.0988589190294414e-15
4076.7264643765743 3.0030858410579607e-15
4079.4221679998177 1.8748480790947052e-15
4082.1178716230615 3.074289651574953e-15
4084.8135752463054 2.7174350482626403e-15
4087.519189544634 1.5368729679523752e-15
4090.214893167878 1.809265486027416e-15
4092.910596791122 2.580917432253538e-15
4095.606300414366 2.8443464141472923e-15
4098.302004037609 4.1332460456199884e-15
4101.007618335939 5.129578983637338e-15
4103.703321959182 3.1622483628544853e-15
4106.399025582426 2.078352275021084e-15
4109.09472920567 3.145245222466482e-15
4111.790432828913 3.3689410304195913e-15
4114.486136452157 3.1712065980439112e-15
4117.191750750486 3.009812463407951e-15
4119.88745437373 3.0162672275018867e-15
4122.583157996974 3.719013136408525e-15
4125.278861620217 2.637967125159907e-15
4127.974565243461 2.188708034801963e-15
4130.68017954179 2.739901688588107e-15
4133.375883165034 1.90687276277646e-15
4136.071586788278 1.7604106140271689e-15
4138.767290411521 2.763318849411073e-15
4141.462994034765 2.626160420599864e-15
4144.158697658009 2.3258223574560793e-15
4146.864311956338 2.492014148208921e-15
4149.560015579582 3.1131726270041753e-15
4152.255719202825 3.7246172767535674e-15
4154.951422826069 3.24984242624141e-15
4157.647126449312 2.608163627477335e-15
4160.352740747642 2.745021336093243e-15
4163.048444370886 2.552810320304898e-15
4165.744147994129 1.9880355330343415e-15
4168.439851617373 1.7976668295507734e-15
4171.135555240616 2.1149883004893217e-15
4173.83125886386 2.9295444663246756e-15
4176.536873162189 2.7645296464472368e-15
4179.232576785433 2.7787550829497153e-15
4181.928280408677 3.3896928301018368e-15
4184.62398403192 3.2594543349515854e-15
4187.319687655165 2.869398948871581e-15
4190.025301953493 2.825278543095556e-15
4192.721005576737 3.7673595669772466e-15
4195.416709199981 3.2839677470132117e-15
4198.112412823224 2.783984553778843e-15
4200.808116446468 3.495007340934929e-15
4203.513730744797 3.416323051388654e-15
4206.209434368041 2.9921615426083755e-15
4208.905137991285 3.178390768697005e-15
4211.600841614529 3.045651248045213e-15
4214.296545237772 2.747131290900754e-15
4216.992248861016 2.7652446931570544e-15
4219.697863159345 3.350143698184932e-15
4222.393566782589 3.1541858835750222e-15
4225.089270405832 2.678306007560832e-15
4227.784974029077 3.0796129823754986e-15
4230.480677652319 3.2142427362164202e-15
4233.1763812755635 2.9350954432581552e-15
4235.881995573894 2.666934886323157e-15
4238.577699197136 2.929164056609731e-15
4241.27340282038 3.119378656376096e-15
4243.969106443624 3.2210612676169598e-15
4246.664810066867 3.934449659252059e-15
4249.370424365196 4.755026374642485e-15
4252.066127988441 3.938549190430297e-15
4254.761831611684 2.4604030633784315e-15
4257.4575352349275 2.5598063055052224e-15
4260.153238858172 3.129493437809979e-15
4262.848942481416 3.314432094122827e-15
4265.554556779744 3.35277636410239e-15
4268.250260402989 3.094522374624328e-15
4270.945964026231 3.702985931930944e-15
4273.6416676494755 4.168090091016764e-15
4276.33737127272 3.829016886273477e-15
4279.042985571048 3.673223338206842e-15
4281.738689194292 3.3396001159974074e-15
4284.434392817536 2.689833192170368e-15
4287.13009644078 3.1975101308484264e-15
4289.825800064023 3.88909513736968e-15
4292.521503687267 3.870506029781487e-15
4295.227117985596 3.65312140169947e-15
4297.9228216088395 3.735477018029292e-15
4300.618525232084 3.894956042140147e-15
4303.314228855327 3.604129172086198e-15
4306.009932478571 3.006276645238386e-15
4308.7155467769 2.4729759172367655e-15
4311.411250400144 2.609085744460705e-15
4314.1069540233875 3.51131757979373e-15
4316.802657646631 3.703227075888832e-15
4319.498361269875 3.2169317078384254e-15
4322.194064893119 2.9848764046132944e-15
4324.899679191448 3.4970278215523697e-15
4327.595382814692 2.9770487065802047e-15
4330.291086437935 2.725969332662771e-15
4332.986790061179 3.83387551969004e-15
4335.682493684423 4.3822610367804024e-15
4338.3881079827515 3.77083582785252e-15
4341.083811605996 3.5104571203090836e-15
4343.779515229239 4.089479461748489e-15
4346.475218852483 3.6798163958308044e-15
4349.170922475726 2.687942798169302e-15
4351.876536774056 3.36314656639408e-15
4354.5722403972995 4.731753479694125e-15
4357.267944020543 5.188777362425023e-15
4359.963647643787 3.8085020420060984e-15
4362.65935126703 2.8413401547293636e-15
4365.355054890274 3.193188758013322e-15
4368.060669188603 3.597904853582561e-15
4370.756372811847 3.395094748114079e-15
4373.452076435091 1.908067693729111e-15
4376.147780058334 1.3338155748035557e-15
4378.843483681579 1.5483829447863394e-15
4381.549097979907 2.6300300140902437e-15
4384.244801603151 3.048007564107473e-15
4386.940505226395 2.396024494508724e-15
4389.636208849638 2.374587734527768e-15
4392.331912472882 2.860121425002881e-15
4395.027616096127 2.987608532215573e-15
4397.733230394455 2.823661390945955e-15
4400.428934017699 2.4359174477944893e-15
4403.124637640943 2.230591393651735e-15
4405.820341264186 2.358929241644498e-15
4408.516044887429 3.090811653979625e-15
4411.221659185759 3.0166925570459794e-15
4413.917362809003 2.1338074510208983e-15
4416.613066432246 1.817271070749739e-15
4419.308770055491 2.9634256619490746e-15
4422.004473678733 3.877770909862278e-15
4424.700177301977 3.914772509845021e-15
4427.405791600307 3.900399323230041e-15
4430.10149522355 3.4125030845401785e-15
4432.797198846794 2.908579410710649e-15
4435.492902470038 3.3558472843653712e-15
4438.188606093281 4.134455864455618e-15
4440.89422039161 3.849227740869562e-15
4443.589924014855 2.6980273137059627e-15
4446.285627638098 2.1170535107547294e-15
4448.981331261341 2.3967315622374512e-15
4451.677034884586 2.573171406479176e-15
4454.37273850783 2.176012152313206e-15
4457.078352806158 3.2942633974698338e-15
4459.774056429403 3.807474975582011e-15
4462.469760052645 3.068819559775103e-15
4465.165463675889 2.8164946753856852e-15
4467.861167299134 3.68312378164273e-15
4470.556870922377 3.666245797587108e-15
4473.262485220706 3.898647607047779e-15
4475.95818884395 4.875532004578083e-15
4478.653892467194 5.255126231658269e-15
4481.3495960904365 5.239282132241717e-15
4484.045299713681 5.25954644932931e-15
4486.75091401201 5.891916529185527e-15
4489.4466176352535 6.92588309121403e-15
4492.142321258498 6.748659933921032e-15
4494.838024881741 5.947520754283388e-15
4497.5337285049845 5.6960404663371856e-15
4500.229432128229 5.6172411970290184e-15
4502.935046426558 6.0068128845789705e-15
4505.6307500498015 7.204125039487145e-15
4508.326453673045 7.26281950783994e-15
4511.022157296289 6.857577106616931e-15
4513.7178609195325 6.5198437151566875e-15
4516.423475217862 7.0083825152666666e-15
4519.119178841106 6.7792675671595034e-15
4521.814882464349 5.763957388032837e-15
4524.510586087593 5.839869402975583e-15
4527.206289710837 6.208260591082348e-15
4529.9119040091655 6.21383655869271e-15
4532.60760763241 6.4838625901748936e-15
4535.303311255653 6.235670263282427e-15
4537.999014878897 5.0718743561534276e-15
4540.69471850214 4.4265774524273e-15
4543.390422125384 4.942591028748411e-15
4546.0960364237135 5.4858452416490205e-15
4548.791740046957 5.491916056389158e-15
4551.487443670201 5.27974282785999e-15
4554.183147293444 4.3546767668872004e-15
4556.878850916688 3.595130976719742e-15
4559.584465215017 3.6752950981881684e-15
4562.280168838261 4.433587585179035e-15
4564.975872461505 4.268199993647521e-15
4567.671576084748 3.736452558990887e-15
4570.367279707993 3.6885165972354615e-15
4573.062983331236 4.1637521571207305e-15
4575.768597629565 3.2556460255851568e-15
4578.464301252809 2.7482008390094465e-15
4581.160004876052 3.6856809266482485e-15
4583.855708499296 3.810214332601794e-15
4586.551412122541 3.5003004346020138e-15
4589.257026420869 2.5549727131182647e-15
4591.952730044113 1.7411941877075669e-15
4594.648433667357 2.0031157767611427e-15
4597.3441372906 2.3269924886065556e-15
4600.039840913843 2.899696170172119e-15
4602.735544537088 1.4828341807101747e-15
4605.441158835417 1.5443283796020381e-15
4608.13686245866 2.9980454165246468e-15
4610.832566081905 3.586171288248418e-15
4613.528269705147 3.0209970397772526e-15
4616.223973328391 3.184389896450672e-15
4618.929587626721 3.263224056486597e-15
4621.625291249964 2.4984247283791914e-15
4624.320994873208 2.2756272287381755e-15
4627.016698496452 2.5271921217748743e-15
4629.712402119695 2.377561502902763e-15
4632.408105742939 2.298886926266482e-15
4635.113720041269 2.4999261440647276e-15
4637.809423664512 2.674445774895924e-15
4640.505127287755 2.709084913434094e-15
4643.200830911 2.637470895533631e-15
4645.896534534244 2.2678367888126795e-15
4648.602148832572 1.4154574292624833e-15
4651.297852455817 8.861071493596225e-17
4653.993556079059 9.840269293445766e-16
4656.689259702303 1.9476957800668864e-15
4659.384963325548 2.2030155645760362e-15
4662.080666948791 2.1484802539930562e-15
4664.78628124712 2.1968705984098308e-15
4667.481984870364 2.6529099391560624e-15
4670.177688493608 3.3237340598613488e-15
4672.8733921168505 3.4697598951825166e-15
4675.569095740095 2.735814876442885e-15
4678.274710038424 2.434484851489083e-15
4680.970413661667 2.501247000636147e-15
4683.666117284912 1.7129352418126222e-15
4686.361820908155 2.0344307438505185e-15
4689.0575245313985 2.240639503878802e-15
4691.753228154643 1.7293253113924498e-15
4694.458842452972 1.930214325445558e-15
4697.154546076215 2.364859306327103e-15
4699.850249699459 1.3665057078143218e-15
4702.545953322703 1.4317963456194232e-15
4705.2416569459465 2.2547466892022897e-15
4707.947271244276 2.186940305547999e-15
4710.64297486752 2.1876888185323267e-15
4713.3386784907625 2.1364597499222748e-15
4716.034382114007 2.3658395757455843e-15
4718.730085737251 2.8002617409584766e-15
4721.425789360494 2.1533549461112187e-15
4724.131403658824 1.4900183712396543e-15
4726.827107282067 1.999267116879164e-15
4729.5228109053105 2.4872464554880412e-15
4732.218514528554 2.4456166196129773e-15
4734.914218151798 1.927107458356688e-15
4737.619832450127 1.7035838829084277e-15
4740.315536073371 1.880621622235397e-15
4743.011239696615 2.244418280173948e-15
4745.706943319858 1.945758529078585e-15
4748.402646943102 1.957448496172522e-15
4751.098350566346 2.2764168353153095e-15
4753.8039648646745 2.3575808125468924e-15
4756.499668487919 1.5561708114673419e-15
4759.195372111162 1.9848762617693826e-15
4761.8910757344065 2.141641422134411e-15
4764.58677935765 1.2278212323363834e-15
4767.292393655979 1.4845558537869802e-15
4769.9880972792225 1.806228834531022e-15
4772.683800902466 1.3083731069240543e-15
4775.37950452571 1.514984466507233e-15
4778.0752081489545 1.8666601548486427e-15
4780.770911772197 1.8448387291220562e-15
4783.476526070527 9.38670655675678e-16
4786.1722296937705 1.2296605843767532e-15
4788.867933317014 2.3798204470001024e-15
4791.563636940257 2.5488095666792263e-15
4794.259340563502 2.1877290666489914e-15
4796.964954861831 2.2556176079061153e-15
4799.660658485074 2.5498441366966675e-15
4802.3563621083185 3.0835158427742365e-15
4805.052065731561 2.6187781563305112e-15
4807.747769354805 2.3072016771873182e-15
4810.44347297805 2.6929683424040267e-15
4813.149087276378 2.424878031947126e-15
4815.844790899622 2.209145920521947e-15
4818.540494522866 2.6118777560427248e-15
4821.236198146109 2.4507236789784948e-15
4823.931901769353 2.2704100384249088e-15
4826.637516067683 2.7348789857061206e-15
4829.333219690926 2.5374367841974313e-15
4832.028923314169 2.030407356702e-15
4834.724626937414 2.4717455708839415e-15
4837.420330560658 2.750602021090746e-15
4840.1160341839 3.946552207290923e-15
4842.821648482231 3.7555357314284964e-15
4845.517352105473 2.298883582132063e-15
4848.213055728717 3.1607627570918998e-15
4850.908759351962 3.4702339447489226e-15
4853.604462975205 3.80170701488758e-15
4856.310077273534 4.068564882529496e-15
4859.005780896778 3.046583049408269e-15
4861.701484520022 2.657276889164081e-15
4864.397188143264 3.069401019407001e-15
4867.092891766509 2.7724194922078965e-15
4869.788595389753 2.425378857560856e-15
4872.494209688081 2.8676905080701604e-15
4875.189913311326 2.534321218688165e-15
4877.885616934569 2.0791745255768366e-15
4880.581320557812 2.3313948233802553e-15
4883.277024181057 3.0120820714025093e-15
4885.982638479386 1.9674967442831774e-15
4888.678342102629 1.8917545159245284e-15
4891.374045725873 1.8115575862190073e-15
4894.069749349117 1.483434459414477e-15
4896.76545297236 1.8154546767699805e-15
4899.461156595604 1.932330513218832e-15
4902.166770893934 1.5706950283909322e-15
4904.862474517176 1.1025562819602203e-15
4907.558178140421 1.4350859012716822e-15
4910.253881763665 2.138686061721908e-15
4912.9495853869075 2.0177212958413814e-15
4915.655199685238 2.219685694927924e-15
4918.350903308481 2.3531315016354674e-15
4921.046606931724 1.7826949015492523e-15
4923.742310554968 1.8539698762431786e-15
4926.438014178212 1.1754945972014781e-15
4929.133717801456 1.8548813743330734e-15
4931.839332099785 2.2132435044577916e-15
4934.535035723029 2.4652173840365767e-15
4937.230739346272 1.878086453864635e-15
4939.926442969516 2.0167361873568285e-15
4942.62214659276 2.6040054695775846e-15
4945.3277608910885 1.998164076133664e-15
4948.023464514333 1.734072656184687e-15
4950.719168137576 2.311093573785511e-15
4953.4148717608205 2.6649595828012907e-15
4956.110575384064 2.610999168244824e-15
4958.806279007307 2.5793092314504993e-15
4961.5118933056365 2.570051159378495e-15
4964.20759692888 2.376770195327278e-15
4966.903300552124 3.0573219828727342e-15
4969.5990041753685 3.213569145465952e-15
4972.294707798611 2.6369217472792175e-15
4975.000322096941 2.283115788938637e-15
4977.6960257201845 2.6338380134620894e-15
4980.391729343428 2.422577531260303e-15
4983.087432966671 1.9885743479826463e-15
4985.783136589916 2.4132697588415963e-15
4988.478840213159 2.788935425257796e-15
4991.184454511488 2.5885709977438617e-15
4993.8801581347325 2.4831498734603898e-15
4996.575861757975 2.417859990020152e-15
4999.271565381219 2.058873226678694e-15
5001.967269004464 2.4208926980958445e-15
5004.672883302792 2.968355744017385e-15
5007.368586926036 2.2946871819943862e-15
5010.06429054928 1.954154401952874e-15
5012.759994172523 2.3613710621513335e-15
5015.455697795767 2.418213070774648e-15
5018.151401419011 2.2570718387029583e-15
5020.85701571734 1.986749072619049e-15
5023.552719340583 2.0935484023358773e-15
5026.248422963828 1.95498036321387e-15
5028.944126587072 2.196733268733354e-15
5031.639830210314 2.513253197639917e-15
5034.3454445086445 2.2671530747021995e-15
5037.041148131887 2.042479160479068e-15
5039.736851755131 2.0554352362291906e-15
5042.432555378376 1.916739334049169e-15
5045.128259001619 2.1078545457026125e-15
5047.833873299948 1.905763860553739e-15
5050.529576923192 1.8006827144358298e-15
5053.225280546436 2.6460009850821423e-15
5055.920984169678 2.52740006079815e-15
5058.616687792923 2.213509008803073e-15
5061.312391416167 2.4675854578598578e-15
5064.018005714495 2.6871248690990077e-15
5066.71370933774 2.9842146686637974e-15
5069.409412960983 2.5716003493239937e-15
5072.105116584226 2.6286146192636337e-15
5074.800820207471 3.2699435724884536e-15
5077.5064345058 2.733682012109675e-15
5080.202138129043 3.660915374939192e-15
5082.897841752287 3.735555362760775e-15
5085.593545375531 3.690308820675542e-15
5088.289248998774 3.780934207347838e-15
5090.984952622018 3.7650510324151345e-15
5093.690566920348 4.086722753166303e-15
5096.38627054359 4.103534995070741e-15
5099.081974166835 3.820892169873126e-15
5101.777677790079 3.835481640854943e-15
5104.4733814133215 4.268873033517279e-15
5107.178995711652 4.383036660065139e-15
5109.874699334895 4.277626139815468e-15
5112.570402958138 4.723719827850706e-15
5115.266106581382 3.726027474983798e-15
5117.961810204626 4.069951254455805e-15
5120.65751382787 4.867193736977925e-15
5123.363128126199 4.975360526626062e-15
5126.058831749443 4.138107251049752e-15
5128.7545353726855 3.832781030214719e-15
5131.45023899593 3.9739586084267114e-15
5134.145942619174 3.698648804144917e-15
5136.851556917502 2.9698579702808614e-15
5139.547260540747 3.41013813219406e-15
5142.24296416399 3.870795797097576e-15
5144.938667787234 3.704978928860228e-15
5147.634371410478 3.799509443038005e-15
5150.330075033721 2.9653862305405663e-15
5153.03568933205 3.411935976688874e-15
5155.731392955294 4.212412441093123e-15
5158.427096578538 4.206836228164098e-15
5161.122800201782 3.1750569323725853e-15
5163.818503825025 2.6621595388430064e-15
5166.514207448269 3.5666858610545086e-15
5169.219821746598 3.74863564649458e-15
5171.915525369842 3.82631195417996e-15
5174.611228993085 3.866885632025836e-15
5177.3069326163295 4.005643274285731e-15
5180.002636239573 4.4800205504508495e-15
5182.708250537902 4.4721961331006686e-15
5185.403954161146 4.1728945246302165e-15
5188.099657784389 4.128640751832419e-15
5190.795361407633 3.6973638451381665e-15
5193.4910650308775 3.213392378719743e-15
5196.196679329206 3.690425735870592e-15
5198.89238295245 4.176169132080494e-15
5201.5880865756935 3.982858542220958e-15
5204.283790198937 4.052209871156615e-15
5206.979493822181 4.041813544628622e-15
5209.675197445425 3.850133032532733e-15
5212.380811743754 3.6946584240538476e-15
5215.076515366997 3.613225816115296e-15
5217.7722189902415 3.926483454550792e-15
5220.467922613486 3.936476148809972e-15
5223.163626236728 3.473113711936319e-15
5225.869240535058 3.2230623149546767e-15
5228.564944158301 3.09164812451852e-15
5231.260647781545 3.323035013338533e-15
5233.956351404789 3.491608767021071e-15
5236.652055028033 2.8460338065517386e-15
5239.347758651276 2.7931482281629023e-15
5242.053372949606 3.415954750289488e-15
5244.74907657285 3.0762961967875977e-15
5247.444780196092 3.0455230200296873e-15
5250.140483819337 3.373082475338594e-15
5252.836187442581 3.578696739971902e-15
5255.541801740909 3.043321799557208e-15
5258.237505364154 3.2503656994663723e-15
5260.933208987397 3.535884410499793e-15
5263.62891261064 3.188543723713054e-15
5266.324616233885 3.287394048328143e-15
5269.020319857128 3.1377011639913158e-15
5271.725934155457 3.424730189270598e-15
5274.421637778701 3.749232506585565e-15
5277.117341401945 3.605446492178028e-15
5279.813045025188 3.6423384131594505e-15
5282.508748648432 3.1654886052868392e-15
5285.214362946762 2.5267287136932556e-15
5287.910066570004 2.6277561275196977e-15
5290.605770193249 2.643303849395921e-15
5293.301473816493 2.8294576842902946e-15
5295.997177439735 2.3699095763858436e-15
5298.69288106298 2.433941601216738e-15
5301.398495361309 2.7972609513647063e-15
5304.094198984552 1.979986463970362e-15
5306.789902607796 2.5131206316344535e-15
5309.48560623104 2.4965366110775268e-15
5312.181309854284 2.3268941339116223e-15
5314.886924152613 1.7786899592557256e-15
5317.582627775857 2.2018326292617304e-15
5320.278331399099 2.855640632724717e-15
5322.974035022344 2.5951927326089947e-15
5325.669738645588 2.5957393731446547e-15
5328.365442268831 2.4971872506401468e-15
5331.071056567161 2.1651850433600746e-15
5333.766760190404 2.2583182203083104e-15
5336.462463813648 2.626441407256617e-15
5339.158167436892 3.2686810051374546e-15
5341.853871060135 2.556201295504138e-15
5344.559485358464 2.6672850776153256e-15
5347.255188981708 2.0349609552202836e-15
5349.950892604952 1.7526561722786763e-15
5352.646596228196 2.3371116957431716e-15
5355.342299851439 2.0144531255119294e-15
5358.038003474683 2.1151207407119764e-15
5360.743617773012 2.2892885137267296e-15
5363.439321396256 1.6915648997881931e-15
5366.135025019499 1.3930196233797152e-15
5368.830728642743 2.4158468259299268e-15
5371.526432265987 3.1315162541882242e-15
5374.232046564316 2.3831446215164718e-15
5376.92775018756 1.9236530191022773e-15
5379.623453810803 1.914423152945151e-15
5382.319157434047 1.2539600043160694e-15
5385.0148610572915 1.3772641615959633e-15
5387.710564680535 2.0230847435569502e-15
5390.416178978864 1.8037456845009703e-15
5393.1118826021075 1.4500506436903241e-15
5395.807586225351 1.5747440549939128e-15
5398.503289848595 1.8711786656003847e-15
5401.198993471839 2.040042790750647e-15
5403.904607770168 2.3080983829344092e-15
5406.600311393411 2.319069278239109e-15
5409.2960150166555 1.898923873694043e-15
5411.9917186399 1.4609227259205628e-15
5414.687422263142 1.836463615538793e-15
5417.383125886387 2.2914662711810703e-15
5420.088740184715 2.0934199985811792e-15
5422.784443807959 1.7208358056660703e-15
5425.480147431203 1.373651455794126e-15
5428.175851054447 1.468471592916694e-15
5430.87155467769 2.0102883451611103e-15
5433.5771689760195 2.1260742974789692e-15
5436.272872599264 2.4223624198984402e-15
5438.968576222506 2.3770771559501586e-15
5441.664279845751 2.3754451725626754e-15
5444.359983468995 2.4001599462104415e-15
5447.055687092237 1.997281408390909e-15
5449.7613013905675 1.5178186772330322e-15
5452.457005013811 1.6100022248696259e-15
5455.152708637054 1.7062909135356687e-15
5457.848412260299 1.6768552689377728e-15
5460.544115883542 1.6959470413800848e-15
5463.249730181871 2.33352269737265e-15
5465.945433805115 2.213935804876596e-15
5468.641137428359 1.6313736100804643e-15
5471.336841051602 2.2586479320837407e-15
5474.032544674846 2.5867200231655548e-15
5476.72824829809 2.5370532992754516e-15
5479.433862596418 2.9015477231978867e-15
5482.129566219663 1.816175642166154e-15
5484.825269842907 1.6598518414364112e-15
5487.520973466149 1.9824302203753835e-15
5490.216677089394 2.5139573223914516e-15
5492.922291387723 2.1156398573635845e-15
5495.617995010966 2.2381845833436623e-15
5498.31369863421 1.8715939467886827e-15
5501.009402257454 2.175437056482323e-15
5503.705105880698 2.3494554854081714e-15
5506.400809503941 2.190296636772325e-15
5509.106423802271 2.265613327196896e-15
5511.802127425513 2.8394259919742936e-15
5514.497831048758 2.8237397242535085e-15
5517.193534672002 2.0198467379968913e-15
5519.889238295245 1.5402457132976608e-15
5522.594852593575 2.0696095891370716e-15
5525.290556216818 3.637940419425043e-15
5527.986259840062 4.077697408162592e-15
5530.681963463306 3.119540241523604e-15
5533.377667086549 2.2558879801978385e-15
5536.073370709793 1.4297101911643302e-15
5538.778985008122 1.7109105053812602e-15
5541.474688631366 1.6717929136683767e-15
5544.17039225461 1.1688902186625998e-15
5546.866095877853 1.4260570169129689e-15
5549.561799501097 2.4760863863002252e-15
5552.267413799426 1.728771068582526e-15
5554.96311742267 9.90595932172475e-16
5557.658821045913 1.118883619575299e-15
5560.354524669157 9.133110690439168e-16
5563.050228292401 6.699848124418589e-16
5565.745931915644 8.73560494128491e-16
5568.451546213974 1.2128303998096583e-15
5571.147249837217 1.3798317123548082e-15
5573.842953460461 1.6255490148761825e-15
5576.538657083705 1.783343961241583e-15
5579.234360706949 1.672762614411599e-15
5581.939975005278 1.1758541295842273e-15
5584.635678628521 1.188061065923903e-15
5587.331382251765 1.5557959141211314e-15
5590.027085875009 1.5790915978231148e-15
5592.7227894982525 1.2026460330877918e-15
5595.418493121497 9.155856369804678e-16
5598.124107419825 5.97717155361614e-16
5600.819811043069 1.2036150866007172e-15
5603.515514666314 1.9142304275348e-15
5606.211218289556 1.7436148134011143e-15
5608.9069219128005 1.85006744842498e-15
5611.612536211129 2.3445435575906257e-15
5614.308239834373 2.087358475769416e-15
5617.0039434576165 1.4334718904597898e-15
5619.699647080861 1.2150255407141863e-15
5622.395350704104 1.3485174064888388e-15
5625.091054327348 1.4265252626060813e-15
5627.796668625678 1.4647565014564492e-15
5630.49237224892 1.478991177536284e-15
5633.1880758721645 1.3029924418784717e-15
5635.883779495409 1.223414049805407e-15
5638.579483118651 1.5554229248698034e-15
5641.285097416981 1.5262853174959244e-15
5643.980801040225 1.8689836183346223e-15
5646.676504663468 2.4364534013411067e-15
5649.3722082867125 1.9283490451728825e-15
5652.067911909956 1.0742319210586927e-15
5654.763615533199 7.762787771592613e-16
5657.4692298315285 6.207068725722846e-16
5660.164933454773 7.559729641285784e-16
5662.860637078016 1.31476445626895e-15
5665.55634070126 1.518956475102749e-15
5668.252044324504 1.240071418598498e-15
5670.957658622832 9.133955325968662e-16
5673.6533622460765 8.852684766065544e-16
5676.349065869321 1.4852729203059365e-15
5679.044769492563 1.0988232036208623e-15
5681.740473115808 1.2822966611342112e-15
5684.436176739051 1.2546078278752717e-15
5687.14179103738 7.425843176569809e-16
5689.837494660624 7.127346930858369e-16
5692.533198283868 9.469579306539889e-16
5695.228901907112 1.0557571146466974e-15
5697.924605530355 1.4278683433112312e-15
5700.630219828685 1.5765766271184452e-15
5703.325923451927 8.563503103643255e-16
5706.021627075172 5.108394892278969e-16
5708.717330698416 1.081491641923247e-15
5711.413034321659 1.4511747607610887e-15
5714.108737944903 1.4674867416957905e-15
5716.814352243232 1.1822566279489985e-15
5719.510055866476 1.4806661934667693e-15
5722.20575948972 1.2915602954009208e-15
5724.901463112963 1.200589210415866e-15
5727.597166736207 9.481079632842917e-16
5730.302781034536 2.2576818294675984e-16
5732.99848465778 7.991202301505995e-16
5735.694188281024 1.210489572165618e-15
5738.389891904267 3.896266465613305e-16
5741.085595527511 2.0006062746310128e-16
5743.781299150754 8.884088320170706e-16
5746.486913449084 9.005356984213647e-16
5749.182617072327 8.624482957916458e-16
5751.878320695571 1.46332860931085e-15
5754.574024318815 1.3746223251148274e-15
5757.269727942058 6.121111815464093e-16
5759.975342240388 6.879459588074505e-16
5762.671045863631 1.2929049245059262e-15
5765.366749486875 8.571069104859549e-16
5768.062453110119 5.180904834915919e-16
5770.758156733363 1.530398337492967e-15
5773.463771031692 1.7397903641652713e-15
5776.159474654935 1.1554510966309274e-15
5778.855178278179 1.1493861415739702e-15
5781.550881901423 9.978603892746346e-16
5784.246585524666 9.091155830441672e-16
5786.942289147911 1.51953881889394e-15
5789.647903446239 1.7560570521091262e-15
5792.343607069483 1.8874361638517396e-15
5795.039310692728 1.871678947734894e-15
5797.73501431597 1.5048415459422363e-15
5800.430717939214 1.8152892511253654e-15
5803.136332237543 2.2550045452054625e-15
5805.832035860787 1.9522739619981284e-15
5808.5277394840305 1.6864023518236858e-15
5811.223443107275 1.65712433421595e-15
5813.919146730518 1.8730489514511283e-15
5816.6148503537615 2.0730228091791293e-15
5819.320464652092 1.5634455577282806e-15
5822.016168275334 1.5433737982313918e-15
5824.7118718985785 1.9988104376946508e-15
5827.407575521823 1.5269569670414222e-15
5830.103279145065 1.4555184626041374e-15
5832.7989827683095 1.7944751650682866e-15
5835.504597066639 1.853050106120818e-15
5838.200300689882 2.1607666621835623e-15
5840.8960043131265 1.669792517088609e-15
5843.59170793637 9.192812476327718e-16
5846.287411559613 1.5077569387295374e-15
5848.9930258579425 1.9342799551039407e-15
5851.688729481187 1.5207322758103064e-15
5854.38443310443 1.4309946274013344e-15
5857.080136727674 1.5307480358478271e-15
5859.775840350918 1.6864348246868496e-15
5862.471543974161 1.820552532931789e-15
5865.1771582724905 2.042140524387829e-15
5867.872861895734 1.9359073229480075e-15
5870.568565518977 1.5070932858236927e-15
5873.264269142222 1.3667005758786325e-15
5875.959972765465 7.510686902955472e-16
5878.665587063794 6.786199920064257e-16
5881.361290687038 8.342725381750949e-16
5884.056994310282 1.0396660510968905e-15
5886.752697933526 1.6729435299045485e-15
5889.448401556769 1.703847283384867e-15
5892.144105180013 1.5884675563264016e-15
5894.849719478341 2.109745827959035e-15
5897.545423101586 2.2154527243066177e-15
5900.24112672483 1.9250215133492056e-15
5902.936830348073 1.5364618408245107e-15
5905.632533971317 1.7577741424305647e-15
5908.338148269646 1.735684015615962e-15
5911.03385189289 1.2546138413778325e-15
5913.729555516134 1.5266260065637547e-15
5916.425259139377 1.1393281408493281e-15
5919.120962762621 9.673394814875416e-16
5921.82657706095 1.5287468012651665e-15
5924.522280684194 1.1579177705187107e-15
5927.217984307438 5.706615566967385e-16
5929.913687930681 3.313661046174766e-16
5932.609391553925 6.648547738819836e-16
5935.305095177168 1.2874240353343727e-15
5938.010709475498 1.805496729128539e-15
5940.706413098741 2.1195265882130594e-15
5943.402116721985 1.3615007776209833e-15
5946.097820345229 3.1511668878424685e-16
5948.793523968472 5.872710197112367e-16
5951.499138266802 9.01408340996514e-16
5954.194841890045 1.3154123202445494e-15
5956.890545513289 1.6497180809808656e-15
5959.586249136533 1.2863286089095477e-15
5962.281952759777 1.0026924431724348e-15
5964.97765638302 6.641287914384913e-16
5967.683270681349 1.105683437361135e-30
5970.378974304593 1.1055605750025542e-30
5973.074677927837 2.943581893655518e-16
5975.77038155108 5.586970042582109e-16
5978.466085174325 3.369234708847218e-16
5981.171699472653 4.358615479491479e-18
5983.867403095897 4.033642852261048e-16
5986.563106719142 7.420048044606712e-16
5989.258810342384 1.2766827615532677e-15
5991.954513965628 2.4967606771065306e-15
5994.650217588872 2.1710892675624372e-15
5997.355831887201 1.0952021261220923e-15
6000.051535510444 8.296447405059297e-16
6002.747239133689 5.811401780212161e-16
6005.442942756932 1.308547633341565e-15
6008.1386463801755 2.0643636275207183e-15
6010.844260678506 4.066407271450489e-16
6013.539964301748 1.1036058956504109e-30
6016.235667924992 1.103484592160806e-30
6018.931371548237 3.6841303272512266e-16
6021.627075171479 7.215447096730871e-17
6024.3227787947235 3.168815020623345e-16
6027.028393093053 5.84789564227765e-16
6029.724096716296 1.102879007153367e-30
6032.41980033954 1.1027582546850527e-30
6035.115503962784 7.175458248630642e-16
6037.811207586027 5.209161415421178e-16
6040.516821884356 1.1023961054048393e-30
6043.212525507601 2.2580448818241458e-17
6045.908229130844 1.5870156432171376e-15
6048.6039327540875 2.273322346340967e-15
6051.299636377332 1.6890265105277399e-15
6053.995340000575 5.65309029672573e-16
6056.700954298904 1.8948915578093155e-15
6059.396657922148 2.5191238691100697e-15
6062.092361545391 9.339233910266382e-16
6064.7880651686355 5.454518358097753e-16
6067.483768791879 1.451486382457843e-15
6070.189383090208 1.952835442090588e-15
6072.8850867134515 2.482448113028479e-15
6075.580790336696 2.4149289988043832e-15
6078.27649395994 2.065827917315269e-15
6080.972197583183 2.151726273518754e-15
6083.667901206427 1.795169160153372e-15
6086.373515504755 1.9807813820392677e-15
6089.0692191279995 2.5647299334844067e-15
6091.764922751244 1.82327816948507e-15
6094.460626374487 1.0775974564784972e-15
6097.156329997731 1.2095996348912126e-15
6099.86194429606 1.0997671156334508e-30
6102.557647919304 7.808792713102892e-17
6105.2533515425475 1.7763574657250334e-15
6107.949055165791 1.8771145781528635e-15
6110.644758789035 8.258008046985554e-16
6113.340462412278 1.0609314821421715e-15
6116.046076710608 2.7185746286071062e-15
6118.741780333852 3.258247420943965e-15
6121.437483957095 1.6701880000307863e-15
6124.133187580339 1.5324953247981088e-15
6126.828891203582 3.65732858344032e-15
6129.534505501912 3.811128298344936e-15
6132.230209125155 1.4506154024587792e-15
6134.925912748399 1.0982347011090482e-30
6137.621616371643 4.631936620641266e-16
6140.317319994886 1.9379268844621756e-15
6143.01302361813 2.8517852517875645e-15
6145.718637916459 1.578851184491333e-15
6148.414341539703 1.953574354087883e-15
6151.110045162947 2.3151902212206077e-15
6153.805748786191 2.264166782480542e-15
6156.501452409434 2.8359815127161575e-15
6159.207066707763 3.344388207374511e-15
6161.902770331007 3.4540364135270747e-15
6164.598473954251 3.503263517034688e-15
6167.294177577494 5.302160776533177e-15
6169.989881200739 5.999572847711261e-15
6172.685584823981 7.0048293340558605e-15
6175.391199122311 7.900145329036782e-15
6178.086902745556 8.199299689740674e-15
6180.782606368798 7.966017636721059e-15
6183.478309992042 8.88128616604911e-15
6186.174013615286 1.010881654519236e-14
6188.879627913615 1.0818838263372066e-14
6191.575331536858 1.1122724259290285e-14
6194.271035160103 1.1672898898958403e-14
6196.966738783346 1.2287815808865882e-14
6199.662442406589 1.1565721653064334e-14
6202.358146029834 1.2388306480737172e-14
6205.063760328162 1.3912528792787427e-14
6207.759463951406 1.453111697714943e-14
6210.455167574651 1.4940762513949808e-14
6213.150871197893 1.4566066444859774e-14
6215.846574821137 1.371971870866512e-14
6218.552189119467 1.2720512808158987e-14
6221.24789274271 1.144996929215872e-14
6223.943596365954 1.1702568850146845e-14
6226.639299989198 1.3071302267935996e-14
6229.335003612441 1.4071995245416754e-14
6232.0307072356845 1.4555312822305173e-14
6234.736321534015 1.4977810261962846e-14
6237.432025157258 1.5544176122064488e-14
6240.1277287805015 1.5186879504121082e-14
6242.823432403746 1.532539441176295e-14
6245.519136026989 1.5613582059370272e-14
6248.224750325318 1.6933098776987158e-14
6250.920453948562 1.7806292361086227e-14
6253.616157571805 1.6567971923248938e-14
6256.3118611950495 1.4211282135352183e-14
6259.007564818293 1.3822475637571533e-14
6261.703268441537 1.4350847798718567e-14
6264.4088827398655 1.3395205666680627e-14
6267.10458636311 1.2599614129362461e-14
6269.800289986354 1.2841501719205742e-14
6272.495993609597 1.395286839259406e-14
6275.191697232841 1.4539613121259026e-14
6277.897311531169 1.2109613732242287e-14
6280.5930151544135 1.1156878711844523e-14
6283.288718777658 1.2506003022941002e-14
6285.984422400901 1.243691722382749e-14
6288.680126024145 1.1944376735059579e-14
6291.375829647389 1.1497893815761206e-14
6294.081443945718 1.0747403514777842e-14
6296.7771475689615 1.1447186388946993e-14
6299.472851192205 1.1266395095484695e-14
6302.168554815449 9.957284053016908e-15
6304.864258438692 9.360947548594978e-15
6307.569872737022 9.223765457182132e-15
6310.265576360266 8.810958425132771e-15
6312.961279983509 7.79978393517432e-15
6315.656983606753 7.46502027242112e-15
6318.352687229996 8.012515958286388e-15
6321.048390853241 7.6348614836839e-15
6323.754005151569 7.098072551041302e-15
6326.449708774813 6.741083440023617e-15
6329.145412398057 6.697288377228457e-15
6331.8411160213 7.244324411323373e-15
6334.536819644544 7.094101209366382e-15
6337.242433942873 6.508932806434525e-15
6339.938137566117 6.5678086656309625e-15
6342.633841189361 6.950094359086661e-15
6345.329544812605 6.897712220947641e-15
6348.025248435848 6.516843850467522e-15
6350.720952059092 6.26742537926033e-15
6353.426566357421 5.871885288443752e-15
6356.122269980665 5.896327665835697e-15
6358.817973603908 6.2149740053627365e-15
6361.513677227153 6.2090027892377245e-15
6364.209380850395 6.070681757000477e-15
6366.914995148725 5.714526384150775e-15
6369.6106987719695 5.278144805764018e-15
6372.306402395212 4.808430521044545e-15
6375.002106018456 4.619033144523347e-15
6377.6978096417 4.277336362952512e-15
6380.393513264943 4.046830466223252e-15
6383.099127563272 4.144121950423598e-15
6385.794831186517 4.13586497976178e-15
6388.49053480976 3.814475338867575e-15
6391.186238433003 3.296496788492003e-15
6393.881942056248 3.3235375303977374e-15
6396.587556354576 3.708278310848238e-15
6399.28325997782 3.784326512051247e-15
6401.978963601065 3.827443315201454e-15
6404.674667224307 3.448093159083319e-15
6407.370370847551 3.468585258154842e-15
6410.066074470796 3.4540694167695683e-15
6412.771688769124 3.141805876929355e-15
6415.467392392368 3.2298507209353844e-15
6418.163096015612 3.2689349919691636e-15
6420.858799638855 3.179761452741379e-15
6423.5545032620985 3.180989038486513e-15
6426.260117560429 2.7843991233739398e-15
6428.955821183672 2.9469465488219287e-15
6431.651524806915 3.2638313306821077e-15
6434.34722843016 3.543140133563724e-15
6437.042932053403 3.562582367424235e-15
6439.748546351732 3.5243546116186425e-15
6442.444249974976 3.2933047208340713e-15
6445.139953598219 2.971131243721033e-15
6447.835657221463 2.9368492217693437e-15
6450.531360844707 2.9211950454905582e-15
6453.227064467951 2.9700490838459004e-15
6455.932678766279 2.6571145932509603e-15
6458.628382389524 2.414820832036743e-15
6461.324086012768 2.9534134274969082e-15
6464.0197896360105 3.235034183521572e-15
6466.715493259255 3.170786527329834e-15
6469.411196882499 2.6488520102991e-15
6472.116811180827 2.2729744440143648e-15
6474.812514804072 2.423973720797279e-15
6477.508218427315 2.759940678717305e-15
6480.2039220505585 2.7872043507071026e-15
6482.899625673803 2.5298300413461055e-15
6485.605239972132 2.4262901092626397e-15
6488.300943595375 2.1306402307012766e-15
6490.996647218619 2.7545115212472624e-15
6493.692350841863 2.927106714430982e-15
6496.388054465106 2.404622957927285e-15
6499.093668763436 2.268313656049626e-15
6501.78937238668 2.835228271205992e-15
6504.4850760099225 3.173992746908929e-15
6507.180779633167 2.631080617743327e-15
6509.87648325641 2.512399303893373e-15
6512.5721868796545 2.9693827233210066e-15
6515.277801177983 3.201139368257112e-15
6517.973504801227 2.997797647882482e-15
6520.6692084244705 3.0090577009525484e-15
6523.364912047714 3.0223829380107108e-15
6526.060615670958 2.9419130415489536e-15
6528.7563192942025 3.0286074599400038e-15
6531.461933592531 3.0677423561105572e-15
6534.157637215775 2.948842241068299e-15
6536.8533408390185 2.69303518542824e-15
6539.549044462262 3.1976319582081588e-15
6542.244748085506 3.57724458153859e-15
6544.9503623838345 3.0097209443563946e-15
6547.646066007079 2.4208642295313848e-15
6550.341769630322 1.926156457463147e-15
6553.0374732535665 2.1047612407630337e-15
6555.733176876809 2.874769685037911e-15
6558.428880500053 3.053822985332646e-15
6561.1344947983835 2.384104994213336e-15
6563.830198421626 2.3043251754658517e-15
6566.52590204487 2.595421671197768e-15
6569.221605668114 2.5078898579764726e-15
6571.917309291357 2.3007503925050354e-15
6574.622923589686 2.7458173940394678e-15
6577.318627212931 2.6849997413649918e-15
6580.014330836174 2.7450586835014478e-15
6582.710034459417 2.7859361796203508e-15
6585.405738082662 2.524863128684628e-15
6588.11135238099 2.3381404627911114e-15
6590.807056004234 2.1191385552004198e-15
6593.502759627479 2.3112697028502044e-15
6596.198463250721 2.3825900330965038e-15
6598.894166873965 1.951403989202439e-15
6601.58987049721 1.9582462241932344e-15
6604.295484795538 2.1917501687497613e-15
6606.991188418782 2.164242730197769e-15
6609.686892042026 2.291889004409489e-15
6612.382595665269 1.948737083117549e-15
6615.078299288512 2.046389511714496e-15
6617.774002911757 1.9870313388354244e-15
6620.479617210086 1.7688078384251134e-15
6623.175320833329 1.8941562967471473e-15
6625.871024456574 2.507957579539949e-15
6628.566728079817 2.2164782644631703e-15
6631.26243170306 1.7070233384236014e-15
6633.96804600139 1.7471404053525121e-15
6636.663749624633 1.6469082246166167e-15
6639.359453247877 1.995589261325498e-15
6642.055156871121 1.816416169194916e-15
6644.750860494365 1.8557331586200856e-15
6647.456474792693 1.9065616177497357e-15
6650.152178415938 1.931349468564317e-15
6652.847882039182 2.2608372232105424e-15
6655.543585662424 2.2080236982058365e-15
6658.239289285669 2.192512058883059e-15
6660.934992908913 2.1378085171270153e-15
6663.640607207241 1.778318680679464e-15
6666.336310830486 1.411261205286786e-15
6669.032014453729 1.2724952323142133e-15
6671.727718076972 1.7358668682792882e-15
6674.423421700216 1.965534947200995e-15
6677.129035998546 1.1365486025057772e-15
6679.824739621789 9.551929249686025e-16
6682.520443245033 1.1189570427905153e-15
6685.216146868277 1.494033003880013e-15
6687.9118504915195 1.4908286562893792e-15
6690.607554114764 1.3417213837292932e-15
6693.313168413093 8.138367858214993e-16
6696.0088720363365 1.0687623646652786e-15
6698.704575659581 9.756269201855492e-16
6701.400279282824 7.673398301594662e-16
6704.0959829060685 1.0281202794108826e-15
6706.801597204397 9.696040343129076e-16
6709.497300827641 6.016367659729881e-16
6712.1930044508845 4.2791183146139786e-16
6714.888708074128 6.786478779808737e-16
6717.584411697372 8.11480603760171e-16
6720.2801153206165 8.109712638027695e-16
6722.985729618945 7.722331908662179e-16
6725.681433242189 7.75927560217507e-16
6728.3771368654325 8.673930996785552e-16
6731.072840488676 7.577636641032658e-16
6733.76854411192 1.6727630833065115e-15
6736.4741584102485 3.2468248817888372e-15
6739.169862033493 1.2728717543577055e-15
6741.865565656736 1.0741194616268644e-30
6744.5612692799805 7.032138686568306e-16
6747.256972903223 5.730635437018772e-16
6749.952676526467 1.760358193121419e-16
6752.658290824797 7.421946936877995e-17
6755.35399444804 2.5570084520670556e-16
6758.049698071284 4.137474505350516e-16
6760.745401694528 4.952196519112844e-16
6763.441105317771 4.797682691287039e-16
6766.136808941015 5.557624451661198e-16
6768.8424232393445 5.803625136804525e-16
6771.538126862588 5.021834955602868e-16
6774.233830485831 2.287479398376139e-16
6776.929534109076 4.538993606645521e-16
6779.625237732319 1.1282261440005674e-15
6782.330852030648 1.0649230885360643e-15
6785.0265556538925 8.234937390836796e-16
6787.722259277135 8.821402444946061e-16
6790.417962900379 8.338343127248103e-16
6793.113666523624 5.629963053631663e-16
6795.819280821952 5.68743183875649e-16
6798.514984445196 6.178200121085971e-16
6801.21068806844 8.723298798555388e-16
6803.906391691683 1.0656092490870683e-15
6806.602095314926 8.623150217030676e-16
6809.297798938171 5.433990743559198e-16
6812.0034132365 6.117335822663099e-16
6814.699116859743 7.615377556617527e-16
6817.394820482988 5.878372261350428e-16
6820.090524106231 8.769681066646746e-16
6822.786227729474 8.119639388094401e-16
6825.491842027804 6.979278918694069e-16
6828.187545651047 7.0942809372164195e-16
6830.883249274291 5.764465325903049e-16
6833.578952897535 8.774892184850545e-16
6836.274656520779 7.605103536127861e-16
6838.970360144022 8.477497556751758e-16
6841.675974442352 9.343301174406498e-16
6844.371678065596 7.04992160099665e-16
6847.067381688838 8.724848095307791e-16
6849.763085312083 1.018337837251933e-15
6852.458788935327 9.522590495226703e-16
6855.164403233655 6.818718320676406e-16
6857.8601068569 6.410147843426397e-16
6860.555810480143 8.856874885608302e-16
6863.251514103386 1.157695142891312e-15
6865.94721772663 1.5060893535961387e-15
6868.642921349874 1.4495880209294311e-15
6871.348535648203 1.1706962212529643e-15
6874.044239271447 1.0439791269189326e-15
6876.739942894691 1.0019427150320971e-15
6879.4356465179335 7.897121870299794e-16
6882.131350141178 6.243727668257876e-16
6884.836964439507 7.356856896427329e-16
6887.53266806275 8.462386913184068e-16
6890.228371685995 6.013964487524e-16
6892.924075309238 6.408073238038924e-16
6895.619778932482 7.773552952674833e-16
6898.315482555726 9.100614877341268e-16
6901.021096854055 1.029253325857031e-15
6903.716800477298 1.1967197508879123e-15
6906.412504100542 1.1554855076727158e-15
6909.108207723786 9.062926757133098e-16
6911.80391134703 1.056831617102622e-15
6914.509525645359 1.2835445669952082e-15
6917.205229268603 1.0784599755659414e-15
6919.900932891846 9.973680638032464e-16
6922.59663651509 1.534856103950055e-15
6925.292340138334 1.6590988407774166e-15
6927.9880437615775 1.3905843708783826e-15
6930.693658059907 1.3899307549621902e-15
6933.38936168315 1.2794625561364636e-15
6936.085065306394 1.1985781267794207e-15
6938.780768929637 1.2637043915685738e-15
6941.476472552881 1.4370912340007923e-15
6944.182086851211 1.669327509091879e-15
6946.877790474454 1.642585660416133e-15
6949.573494097698 1.6693943035501461e-15
6952.2691977209415 1.7464860696833349e-15
6954.964901344185 1.6307196386686328e-15
6957.660604967429 1.528892033946357e-15
6960.366219265758 1.6650385282875656e-15
6963.061922889002 1.9064168535904417e-15
6965.757626512245 1.6289057428457558e-15
6968.4533301354895 1.0207134116909379e-15
6971.149033758733 1.3770210515966778e-15
6973.854648057062 1.8723802586485872e-15
6976.550351680306 1.5042326787843806e-15
6979.246055303549 1.1198611538806821e-15
6981.941758926793 1.0481943228399146e-15
6984.6374625500375 1.1594323869956358e-15
6987.333166173281 1.3593571005189527e-15
6990.03878047161 1.5011137537099258e-15
6992.7344840948535 1.4305313021307912e-15
6995.430187718097 1.6606166162721894e-15
6998.12589134134 1.9934903349256155e-15
7000.821594964585 2.0603734291383755e-15
7003.527209262914 1.9500196043806686e-15
7006.222912886157 1.9141261624246947e-15
7008.9186165094015 1.8591243385668686e-15
7011.614320132645 1.6962157317606454e-15
7014.310023755888 1.816011695506373e-15
7017.005727379133 1.879001489178851e-15
7019.711341677461 2.2982853148084955e-15
7022.407045300705 2.5448385530212852e-15
7025.102748923949 2.2007054568812623e-15
7027.798452547193 2.350017154551237e-15
7030.494156170436 1.9820143884417804e-15
7033.199770468766 1.835048882519889e-15
7035.89547409201 2.6368856416233165e-15
7038.591177715252 2.3904059455072727e-15
7041.286881338497 1.9520776577968736e-15
7043.982584961741 2.2548522150908085e-15
7046.678288584983 2.4689229050290985e-15
7049.383902883314 2.2805233451267325e-15
7052.079606506557 2.2217910664811538e-15
7054.7753101298 2.6728785521600495e-15
7057.471013753044 3.0947895422025237e-15
7060.166717376288 3.2134301563575746e-15
7062.872331674617 3.1414785678899168e-15
7065.568035297861 2.6112106035144175e-15
7068.263738921105 2.349228080689963e-15
7070.959442544347 2.7197527200189176e-15
7073.655146167592 2.7226956208381026e-15
7076.350849790836 2.7277422696129375e-15
7079.056464089164 2.8159234059850735e-15
7081.752167712409 2.80422767045876e-15
7084.447871335652 2.7837267071326304e-15
7087.143574958896 2.6994903885737323e-15
7089.83927858214 2.8647853066033608e-15
7092.544892880469 2.7409590523257888e-15
7095.240596503712 2.3314724002802546e-15
7097.936300126956 2.498190900135927e-15
7100.6320037502 2.615451782422976e-15
7103.327707373444 2.148272277250518e-15
7106.023410996687 1.9404059740854643e-15
7108.729025295017 2.1784957189130567e-15
7111.42472891826 2.258092364326091e-15
7114.120432541504 1.8159859489933666e-15
7116.816136164748 1.7952265780790488e-15
7119.511839787991 2.065970706997768e-15
7122.217454086321 1.8740563608696523e-15
7124.913157709564 2.093350516208111e-15
7127.608861332808 2.322211388787834e-15
7130.304564956051 1.948417079255451e-15
7133.000268579295 1.945363187667046e-15
7135.695972202539 2.272056854845113e-15
7138.401586500868 2.1635991715851293e-15
7141.097290124112 1.9036870227267613e-15
7143.7929937473555 2.046562935092314e-15
7146.488697370599 2.5710271491079364e-15
7149.184400993843 2.9371528774672665e-15
7151.890015292172 2.9532856057778215e-15
7154.585718915416 3.2686674755245333e-15
7157.281422538659 4.012511860790346e-15
7159.9771261619035 4.283938388966239e-15
7162.672829785147 4.3411683372189756e-15
7165.378444083476 4.4943544601946445e-15
7168.07414770672 4.823878124321942e-15
7170.769851329963 4.825113015662894e-15
7173.465554953207 4.963857958960706e-15
7176.1612585764515 4.926718328337701e-15
7178.856962199695 5.15759009502536e-15
7181.562576498024 5.9105141673066655e-15
7184.2582801212675 6.3428412917476804e-15
7186.953983744511 6.8016206615911744e-15
7189.649687367754 6.889118091761036e-15
7192.345390990999 7.147879828198708e-15
7195.051005289328 7.903999647457794e-15
7197.746708912571 8.479476087388266e-15
7200.4424125358155 8.859199968302876e-15
7203.138116159059 9.399035377069525e-15
7205.833819782302 1.0362279574628226e-14
7208.529523405547 1.0474799273776226e-14
7211.235137703875 9.629727778081024e-15
7213.930841327119 9.653878555444159e-15
7216.626544950363 1.0384034836369105e-14
7219.322248573607 1.0299082847561156e-14
7222.01795219685 9.892932374207767e-15
7224.713655820094 9.253851057807261e-15
7227.419270118424 8.482972053052515e-15
7230.114973741666 8.95883121994283e-15
7232.810677364911 9.783978860769113e-15
7235.506380988155 9.864911936415975e-15
7238.202084611397 9.79118764948324e-15
7240.9076989097275 9.713401401803437e-15
7243.603402532971 9.631369477201388e-15
7246.299106156214 1.0045488284754773e-14
7248.994809779458 1.0260606518812095e-14
7251.690513402702 9.764420851122459e-15
7254.386217025946 8.68142829433245e-15
7257.091831324275 7.372539070244936e-15
7259.787534947519 6.873610760880963e-15
7262.483238570761 7.0339201866892814e-15
7265.178942194006 6.819386305366148e-15
7267.87464581725 6.914681939095279e-15
7270.580260115578 7.038773393317924e-15
7273.275963738823 6.876807725347141e-15
7275.971667362066 6.638194715390285e-15
7278.66737098531 6.224092178639546e-15
7281.363074608554 6.117004515553613e-15
7284.058778231797 6.6154749336538665e-15
7286.764392530126 6.07208082113473e-15
7289.46009615337 5.3914003352404905e-15
7292.155799776614 5.5096351288087e-15
7294.851503399858 5.421587200023045e-15
7297.547207023101 4.9597588168163406e-15
7300.252821321431 4.8553717695455344e-15
7302.948524944674 4.9438453484888e-15
7305.644228567918 4.260602985462408e-15
7308.339932191162 3.8938679155811916e-15
7311.035635814405 4.172197007331527e-15
7313.741250112735 4.138951601322319e-15
7316.436953735978 3.923063069080967e-15
7319.132657359222 3.748018655621745e-15
7321.828360982465 3.452424582232944e-15
7324.524064605709 3.621781773279227e-15
7327.219768228953 3.619015265405207e-15
7329.925382527282 3.564775872161947e-15
7332.621086150526 3.4572422713098548e-15
7335.316789773769 3.237304589030181e-15
7338.012493397013 3.4708032103438137e-15
7340.708197020257 3.0928374986636294e-15
7343.4039006435005 2.613394467751489e-15
7346.10951494183 2.92091860780949e-15
7348.805218565073 2.9063699696478445e-15
7351.500922188317 2.6797766577869447e-15
7354.196625811561 2.4937457880814697e-15
7356.892329434804 2.439477912165938e-15
7359.597943733134 1.9990861946651485e-15
7362.293647356377 2.112007723075982e-15
7364.989350979621 2.0069077932634372e-15
7367.685054602865 2.1288310443664628e-15
7370.380758226109 2.673225060879547e-15
7373.086372524438 2.4228204288250095e-15
7375.782076147681 2.3025181438542873e-15
7378.477779770925 2.304735679464176e-15
7381.173483394168 1.9394549380146236e-15
7383.8691870174125 1.8649555531237246e-15
7386.564890640657 2.260017493199305e-15
7389.270504938985 2.5185497835076474e-15
7391.966208562229 2.1849827972367466e-15
7394.661912185473 1.5652595967219339e-15
7397.357615808716 1.5742066464772365e-15
7400.0533194319605 1.5298231173767867e-15
7402.758933730289 1.2313664469133845e-15
7405.454637353533 1.1082543096048772e-15
7408.1503409767765 1.2643557818381347e-15
7410.846044600021 1.4126779992159327e-15
7413.541748223264 1.382834710913081e-15
7416.237451846508 9.804872284699607e-16
7418.943066144838 7.027204135796722e-16
7421.63876976808 1.1381419183159769e-15
7424.3344733913245 1.0065067104875143e-15
7427.030177014569 7.716034315684957e-16
7429.725880637811 1.4248584582781881e-15
7432.4314949361415 1.848186719637573e-15
7435.127198559385 1.7236790808801167e-15
7437.822902182628 1.6594252634401917e-15
7440.518605805872 1.029902965109452e-15
7443.214309429116 6.716323599351571e-16
7445.91001305236 1.0795158391460318e-15
7448.615627350689 9.804702288049567e-16
7451.311330973933 7.637035705164145e-16
7454.007034597175 7.765414689808329e-16
7456.70273822042 1.082413439601573e-15
7459.398441843664 1.3489235481698376e-15
7462.104056141992 1.4525788936197183e-15
7464.799759765237 1.2006121216961087e-15
7467.49546338848 1.0861298320932211e-15
7470.191167011724 1.210606363787985e-15
7472.886870634968 4.962499331636659e-16
7475.582574258211 6.411986633435545e-16
7478.28818855654 1.3660982670611068e-15
7480.983892179784 9.52304149715387e-16
7483.679595803028 7.78287338316189e-16
7486.375299426272 1.0630675092153502e-15
7489.071003049515 7.869748708277098e-16
7491.766706672759 4.546535370831685e-16
7494.472320971088 5.472793425845573e-16
7497.168024594332 6.56603012647726e-16
7499.863728217575 9.811837372588366e-16
7502.559431840819 5.664899587671182e-16
7505.255135464063 6.764686802642034e-17
7507.960749762392 4.381927085783747e-16
7510.656453385636 8.999706217346377e-16
7513.352157008879 9.882514163097773e-16
7516.047860632123 7.42603778861262e-16
7518.743564255367 9.976233951960574e-16
7521.449178553696 7.803150565047996e-16
7524.14488217694 1.220396174876233e-16
7526.840585800183 2.5070847164542364e-16
7529.536289423427 1.822127242523161e-16
7532.231993046671 8.906365995701288e-17
7534.927696669914 1.2779820637386036e-16
7537.633310968244 1.0487573363346911e-30
7540.329014591487 1.048681990945503e-30
7543.024718214731 6.605865752667802e-16
7545.720421837975 9.530983557045251e-16
7548.416125461218 1.2081572176250285e-15
7551.121739759548 5.329025393767581e-16
7553.817443382791 3.613059899968729e-16
7556.513147006035 4.9588769414009505e-16
7559.208850629279 1.048156125571124e-30
7561.904554252523 1.0480813018714455e-30
7564.600257875766 3.2756387710087655e-16
7567.305872174095 2.4117411638924897e-16
7570.001575797339 3.9185448772954874e-16
7572.697279420582 6.023302754666585e-16
7575.3929830438265 5.543621468977719e-16
7578.088686667071 7.194287456656798e-16
7580.794300965399 9.951379167607744e-16
7583.490004588643 4.81898385835551e-16
7586.185708211887 1.0474102570656694e-30
7588.88141183513 9.844665890714273e-16
7591.5771154583745 1.2710827957550036e-15
7594.272819081618 4.754348346760456e-16
7596.978433379947 3.2939682798349735e-16
7599.6741370031905 7.762354822283176e-16
7602.369840626435 1.2108160507525095e-15
7605.065544249678 1.1950587363051098e-15
7607.761247872922 1.2287763394257754e-15
7610.466862171252 1.4374836666507644e-15
7613.162565794494 1.6189485833688596e-15
7615.8582694177385 1.4478103764700485e-15
7618.553973040983 9.746014811654791e-16
7621.249676664225 1.0824064575306413e-15
7623.94538028747 1.3524842264794091e-15
7626.650994585799 1.4397764303154216e-15
7629.346698209042 1.912875185464859e-15
7632.042401832286 1.820731912942456e-15
7634.73810545553 1.2496311021625162e-15
7637.433809078774 1.3013946326457866e-15
7640.1394233771025 1.991109963510243e-15
7642.835127000347 2.1691028967877935e-15
7645.530830623589 1.7263203410267198e-15
7648.226534246834 1.6554573004409657e-15
7650.922237870078 1.5937326963988084e-15
7653.617941493321 1.2547096338023903e-15
7656.3235557916505 1.4879885069710928e-15
7659.019259414894 1.9426780785733295e-15
7661.714963038138 1.878484008629199e-15
7664.410666661382 1.730833024297777e-15
7667.106370284625 1.8813491134443346e-15
7669.811984582954 1.8161377543274412e-15
7672.507688206198 1.5783327749978804e-15
7675.203391829442 1.3027005704716605e-15
7677.899095452686 1.2188392820766935e-15
7680.594799075929 1.6119847135370874e-15
7683.290502699173 2.0980926771740976e-15
7685.996116997502 2.232902921211893e-15
7688.691820620746 2.221101713503238e-15
7691.387524243989 1.8638653698586374e-15
7694.083227867233 1.4341800696606326e-15
7696.778931490477 1.9405832732133715e-15
7699.484545788806 2.223843898620737e-15
7702.18024941205 1.7280886853941907e-15
7704.875953035293 1.3811796855231208e-15
7707.571656658537 1.3403222899238233e-15
7710.267360281781 1.2449287615187607e-15
7712.963063905024 1.3368819708470847e-15
7715.668678203354 1.2103405369186034e-15
7718.364381826597 7.902940531493073e-16
7721.060085449841 1.759682314731221e-15
7723.755789073085 2.5109054278734894e-15
7726.451492696328 1.912836357235954e-15
7729.157106994658 1.6501453245295384e-15
7731.852810617901 1.4320998452840284e-15
7734.548514241145 1.4692528640602535e-15
7737.244217864389 1.870520057654955e-15
7739.939921487632 1.584138057646244e-15
7742.635625110876 1.2756892909074154e-15
7745.341239409205 1.4396050527919924e-15
7748.036943032449 1.5682850468720963e-15
7750.732646655693 1.4000374232004316e-15
7753.428350278937 1.084864033813289e-15
7756.12405390218 1.144452795467865e-15
7758.829668200509 1.28087626851947e-15
7761.525371823753 1.2428560303307587e-15
7764.221075446996 1.3445764958951312e-15
7766.91677907024 2.0165937012663553e-15
7769.612482693485 2.24432945247522e-15
7772.308186316727 1.5837743083066855e-15
7775.013800615057 1.305147374449509e-15
7777.709504238301 8.147822612821673e-16
7780.405207861544 4.709365967986357e-16
7783.100911484788 1.274110461299147e-15
7785.796615108032 1.8788635388055945e-15
7788.502229406361 1.6461904841500278e-15
7791.197933029604 1.1306600040444446e-15
7793.893636652849 7.607602919245453e-16
7796.589340276092 1.10341187506331e-15
7799.2850438993355 1.6483144875149315e-15
7801.98074752258 1.3401931655174198e-15
7804.686361820908 1.0376101855764357e-15
7807.382065444152 1.340150226714607e-15
7810.077769067397 1.2786462330087548e-15
7812.773472690639 7.208292069588649e-16
7815.4691763138835 6.507919064466198e-16
7818.174790612213 1.1856367845292378e-15
7820.870494235456 1.2467177306206417e-15
7823.5661978586995 7.643965293886057e-16
7826.261901481944 7.263217234945149e-16
7828.957605105188 6.904900830573905e-16
7831.663219403516 3.398193464793449e-16
7834.358923026761 2.6453563755095016e-16
7837.054626650003 9.59559379210156e-16
7839.7503302732475 1.2137138922719467e-15
7842.446033896492 5.0264916813625285e-16
7845.141737519735 5.79522623578035e-16
7847.847351818064 1.3770414206883164e-15
7850.543055441308 1.3228278161839473e-15
7853.238759064552 8.596277891799593e-16
7855.9344626877955 4.00183592515053e-16
7858.630166311039 6.593201117236942e-16
7861.325869934283 1.3200373366043415e-15
7864.031484232612 9.912034393312368e-16
7866.727187855856 5.835404395686305e-16
7869.4228914791 7.722650667176627e-16
7872.118595102343 1.091811332747329e-15
7874.814298725587 1.096128329108177e-15
7877.519913023916 1.0513057739898584e-15
7880.21561664716 1.5551007591422307e-15
7882.911320270403 1.6904413689467619e-15
7885.607023893647 1.3764183098432643e-15
7888.302727516891 9.128459416109336e-16
7890.998431140134 6.9445314310666135e-16
7893.704045438464 9.278209649395123e-16
7896.399749061707 1.231112887837316e-15
7899.095452684951 1.6182552562560199e-15
7901.791156308195 1.3958458618526881e-15
7904.486859931438 1.3931996778830861e-15
7907.192474229768 1.898267607390908e-15
7909.888177853011 1.2723669325063935e-15
7912.583881476255 5.484361278100415e-16
7915.279585099499 6.817481045828639e-16
7917.975288722742 5.527491347044103e-16
7920.670992345987 8.631988870926079e-16
7923.376606644315 8.951845146007128e-16
7926.072310267559 6.839429161429936e-16
7928.768013890803 1.1267920082286822e-15
7931.463717514046 1.0146802998330694e-15
7934.15942113729 6.73986775865023e-16
7936.865035435619 1.1395644815655387e-15
7939.560739058863 1.6282932395913958e-15
7942.256442682107 1.3018787726261607e-15
7944.952146305351 7.058913020397744e-16
7947.647849928594 1.2287403890326148e-15
7950.343553551837 1.3982838772394998e-15
7953.049167850167 6.75870530042317e-16
7955.74487147341 6.628507194940129e-16
7958.440575096654 1.1710504433673688e-15
7961.136278719899 1.1079678927853035e-15
7963.831982343141 1.0160880350744332e-15
7966.537596641471 1.1207862775183908e-15
7969.233300264715 1.0642967459842773e-15
7971.929003887958 1.49413730575037e-15
7974.624707511202 1.2544342008482947e-15
7977.320411134446 2.435840280901116e-16
7980.026025432775 1.5287877382291646e-16
7982.721729056018 1.1059240721813748e-15
7985.417432679263 1.079916669025968e-15
7988.113136302506 5.864797286061032e-16
7990.808839925749 1.2278593334235162e-15
7993.504543548994 1.97508592952854e-15
7996.210157847322 1.5705443531628679e-15
7998.905861470566 6.089213829538351e-16
8001.601565093811 5.282525225720383e-16
8004.297268717053 1.0625861405760898e-15
8006.9929723402975 1.0321407587261181e-15
8009.688675963541 1.611658044876162e-15
8012.39429026187 1.8500220873686054e-15
8015.0899938851135 1.2327114081855627e-15
8017.785697508358 1.1710048515288548e-15
8020.481401131602 1.2960280024806242e-15
8023.177104754845 1.1602276546592126e-15
8025.882719053175 1.2432002875703578e-15
8028.578422676417 1.065542859744785e-15
8031.2741262996615 4.711900213898113e-16
8033.969829922906 8.147853285557553e-16
8036.665533546149 9.166306237782763e-16
8039.371147844478 8.583171316669553e-16
8042.066851467722 9.376582447830365e-16
8044.762555090966 8.476563245695612e-16
8047.4582587142095 4.949041375146445e-16
8050.153962337453 8.131963594453386e-16
8052.849665960697 1.5915001976007784e-15
8055.5552802590255 1.0725241771706817e-15
8058.25098388227 4.717701429713765e-16
8060.946687505514 2.78296615492048e-16
8063.642391128757 4.587997052323404e-16
8066.338094752001 6.36489814981292e-16
8069.033798375244 1.2298186270140469e-15
8071.7394126735735 1.3492787431680977e-15
8074.435116296817 1.4027970076939387e-15
8077.130819920061 1.6202792100071005e-15
8079.826523543305 1.271707205254415e-15
8082.522227166548 5.655024972370441e-16
8085.227841464878 9.379808239199606e-16
8087.923545088121 5.926704471153134e-16
8090.619248711365 4.6147424862254e-16
8093.314952334609 8.42690572453941e-16
8096.010655957852 7.99613827852853e-16
8098.716270256182 9.997398621470287e-16
8101.411973879425 1.7396609429716053e-15
8104.107677502669 1.377890342294312e-15
8106.803381125913 1.3006027752787254e-15
8109.499084749156 2.0320076835590975e-15
8112.194788372401 6.524633102408193e-16
8114.900402670729 1.7753335707335716e-16
8117.596106293973 4.50926353192838e-16
8120.291809917217 7.685908221135512e-16
8122.987513540461 6.947347506754104e-16
8125.683217163704 6.143366293478695e-16
8128.388831462033 1.25203918867141e-15
8131.084535085278 7.874592000199677e-16
8133.78023870852 6.4564524234649e-16
8136.475942331764 1.0102950891651812e-15
8139.171645955009 6.366611275372154e-16
8141.867349578251 1.6476189368743408e-16
8144.572963876581 2.543545671944854e-16
8147.268667499825 6.387574158846511e-16
8149.964371123068 1.1500473065201893e-15
8152.660074746312 6.126051288657592e-16
8155.355778369556 5.965390384686339e-17
8158.051481992799 7.875449678424818e-16
8160.757096291128 1.191658300481795e-15
8163.452799914373 9.793328912505957e-16
8166.148503537616 1.3227486557280412e-15
8168.844207160859 1.0900672443543886e-15
8171.539910784104 9.036091508863953e-16
8174.245525082432 4.86690616819054e-16
8176.941228705676 9.193330745583581e-16
8179.636932328921 1.1956316589357647e-15
8182.332635952163 1.0351868151901458e-15
8185.028339575407 8.422019642562745e-16
8187.733953873737 5.125672820120705e-16
8190.42965749698 8.128210402176386e-16
8193.125361120223 4.55312935014005e-16
8195.821064743468 4.8394095088955245e-16
8198.516768366711 1.0827494429605098e-15
8201.212471989955 1.79434108611304e-15
8203.918086288284 9.909214270952835e-16
8206.613789911527 4.3509505405276187e-16
8209.30949353477 1.0318601826508246e-30
8212.005197158016 6.373909779798897e-17
8214.70090078126 7.953466893175223e-16
8217.396604404501 8.969078076356419e-16
8220.102218702832 1.2659901901641709e-15
8222.797922326075 1.6641998111515692e-15
8225.493625949319 1.1286732183645376e-15
8228.189329572564 1.4620495064456192e-15
8230.885033195806 1.211391273466214e-15
8233.590647494135 4.161683897903763e-16
8236.28635111738 7.453234608534026e-16
8238.982054740623 1.3799126923860957e-15
8241.677758363867 1.1046844008338485e-15
8244.37346198711 9.05532019542203e-16
8247.07907628544 1.3010148368992453e-15
8249.774779908683 1.474221622534352e-15
8252.470483531928 1.5550505897228988e-15
8255.166187155171 1.2455762028107545e-15
8257.861890778415 1.1146574597444676e-15
8260.557594401658 7.846356304001817e-16
8263.263208699987 5.152761169034056e-16
8265.95891232323 8.324855830191476e-16
8268.654615946476 1.691435667203819e-15
8271.350319569718 2.0095687492626113e-15
8274.046023192963 1.2475846364860822e-15
8276.751637491292 1.2343855366084363e-15
8279.447341114535 1.0738354619088146e-15
8282.14304473778 8.04267940773676e-16
8284.838748361022 1.4353549618530124e-15
8287.534451984266 1.404420251747111e-15
8290.23015560751 2.044798332983504e-15
8292.93576990584 2.222313746782506e-15
8295.631473529082 1.9048721041255182e-15
8298.327177152327 1.4755190881222832e-15
8301.02288077557 1.5927721722208078e-15
8303.718584398814 1.6594814666241944e-15
8306.424198697145 4.978312527605027e-16
8309.119902320386 8.854449755122587e-16
8311.81560594363 1.8293864051912512e-15
8314.511309566875 1.8418214477929937e-15
8317.207013190118 1.6222339021626632e-15
8319.902716813362 1.413737637548242e-15
8322.60833111169 1.6817610047403107e-15
8325.304034734934 2.4385436693905388e-15
8327.999738358178 1.4005582196394264e-15
8330.695441981423 7.590400599706913e-16
8333.391145604666 1.5412332832536473e-15
8336.096759902994 1.2690938273352505e-15
8338.792463526239 1.490554722775701e-15
8341.488167149482 1.6180792502316135e-15
8344.183870772726 1.2015993704921579e-15
8346.87957439597 1.5839550654952137e-15
8349.575278019212 2.3969804277226423e-15
8352.280892317542 1.6181755037293088e-15
8354.976595940787 7.271637105524371e-16
8357.67229956403 2.1184841095253883e-15
8360.368003187274 2.3419674898490023e-15
8363.063706810517 1.5965723215302697e-15
8365.769321108846 2.3804024310410524e-15
8368.46502473209 2.7813898449408347e-15
8371.160728355335 2.4560129353567983e-15
8373.856431978578 2.024259883500472e-15
8376.55213560182 1.7421871376285791e-15
8379.247839225065 1.918474902411097e-15
8381.953453523394 1.9797735597880504e-15
8384.649157146638 2.0608653310082253e-15
8387.344860769883 2.3222718288608973e-15
8390.040564393124 2.2228368808643176e-15
8392.736268016368 2.141235871908181e-15
8395.441882314699 2.4949502928861813e-15
8398.137585937942 2.450341487584925e-15
8400.833289561186 3.034094504285311e-15
8403.528993184429 2.8288146028295812e-15
8406.224696807672 2.0860037854782427e-15
8408.920400430916 2.5658309396626783e-15
8411.626014729247 3.16277328912698e-15
8414.32171835249 3.0594075343946528e-15
8417.017421975732 2.313123093558362e-15
8419.713125598977 3.147012587858567e-15
8422.40882922222 3.6643776628826005e-15
8425.11444352055 3.022419030279157e-15
8427.810147143793 3.895725540308353e-15
8430.505850767036 4.182044089141785e-15
8433.20155439028 3.74662914030902e-15
8435.897258013525 3.654183919602753e-15
8438.592961636768 4.116299777902332e-15
8441.298575935096 4.39414343371316e-15
8443.994279558341 4.085587159808981e-15
8446.689983181584 4.536956466687299e-15
8449.38568680483 4.422955047621943e-15
8452.081390428073 4.4030735795052605e-15
8454.7870047264 4.814767612956257e-15
8457.482708349644 4.399859328889975e-15
8460.178411972889 3.786528476784588e-15
8462.874115596132 2.9187476965029934e-15
8465.569819219378 2.397214427822017e-15
8468.26552284262 2.2565282551563616e-15
8470.971137140948 2.5236151153668076e-15
8473.666840764194 2.7468573006838062e-15
8476.362544387437 2.5456058133493542e-15
8479.05824801068 2.9161599600798627e-15
8481.753951633924 2.8607322280756336e-15
8484.459565932253 2.306674921712069e-15
8487.155269555496 1.9469247519439316e-15
8489.850973178742 2.2391419255109176e-15
8492.546676801985 2.7908721530752862e-15
8495.242380425227 2.5353237523363485e-15
8497.947994723558 2.5188988034975842e-15
8500.643698346801 2.5888095460803383e-15
8503.339401970044 2.7831499467468168e-15
8506.03510559329 3.363179057437786e-15
8508.730809216531 2.922213173053785e-15
8511.426512839775 1.979279650382114e-15
8514.132127138106 2.1109546874886073e-15
8516.82783076135 3.0689244363475825e-15
8519.523534384592 3.688980024044375e-15
8522.219238007836 3.521479205381105e-15
8524.91494163108 3.3290767956374136e-15
8527.610645254323 3.3026675544389772e-15
8530.316259552654 2.869244359221407e-15
8533.011963175897 2.712688199061029e-15
8535.707666799139 3.257144184202861e-15
8538.403370422384 3.821156780859492e-15
8541.099074045627 3.5190398775080875e-15
8543.804688343957 3.3950676541373378e-15
8546.5003919672 4.300659979167149e-15
8549.196095590443 4.229856840797316e-15
8551.891799213687 3.691331321948448e-15
8554.587502836932 4.238841321805169e-15
8557.293117135261 4.058346940923162e-15
8559.988820758503 4.793484738030297e-15
8562.684524381748 5.247872030984208e-15
8565.380228004991 4.0047761882383855e-15
8568.075931628235 4.79822086828709e-15
8570.77163525148 4.524476913947823e-15
8573.477249549807 3.2084863776200252e-15
8576.17295317305 3.5195129039094772e-15
8578.868656796296 3.561351180514088e-15
8581.56436041954 3.31989316255978e-15
8584.260064042783 3.939196245581424e-15
8586.955767666028 5.128920457997604e-15
8589.661381964355 4.761391084636927e-15
8592.357085587599 4.31791103004912e-15
8595.052789210844 4.901766106203336e-15
8597.748492834087 4.862129867470067e-15
8600.444196457329 4.669210123057696e-15
8603.14981075566 3.843232550265862e-15
8605.845514378903 3.1797743850603415e-15
8608.541218002147 3.4580837031279602e-15
8611.236921625392 3.3047695883079568e-15
8613.932625248633 2.527122636628461e-15
8616.628328871879 2.9638808588893424e-15
8619.333943170208 4.421625056524106e-15
8622.029646793451 4.9911327622728485e-15
8624.725350416695 3.586017636969596e-15
8627.421054039938 2.909920822935385e-15
8630.116757663181 2.770256852880595e-15
8632.82237196151 2.2171350402657433e-15
8635.518075584756 1.869011787825381e-15
8638.213779208 2.4065021574908117e-15
8640.909482831243 2.1060248647287172e-15
8643.605186454486 2.2728101113902513e-15
8646.310800752815 2.782931694242638e-15
8649.006504376059 3.0492858698987093e-15
8651.702207999304 2.5917858224619913e-15
8654.397911622546 2.7062420078397127e-15
8657.09361524579 2.570741726167747e-15
8659.789318869034 1.9974914933780757e-15
8662.494933167363 2.352269467397149e-15
8665.190636790609 2.5750863717034896e-15
8667.88634041385 2.4848751549152676e-15
8670.582044037094 3.1226438827611598e-15
8673.277747660339 2.521405311396004e-15
8675.973451283582 2.255957259264791e-15
8678.67906558191 2.15057341901404e-15
8681.374769205155 2.227375812540042e-15
8684.070472828398 2.550726458239042e-15
8686.766176451642 2.70718501588837e-15
8689.461880074887 3.688019532835299e-15
8692.167494373214 3.7681806063006316e-15
8694.863197996458 2.5261833042069516e-15
8697.558901619703 1.897209686412395e-15
8700.254605242946 1.7890790764102187e-15
8702.95030886619 2.7509852294847616e-15
8705.655923164519 2.3669681341290666e-15
8708.351626787762 2.2862968533713105e-15
8711.047330411006 2.2681529660385344e-15
8713.74303403425 1.7840371727698407e-15
8716.438737657494 2.015951334371866e-15
8719.134441280736 3.4526393995854817e-15
8721.840055579067 3.1001669389198287e-15
8724.53575920231 2.477009736344582e-15
8727.231462825554 2.4847260681027153e-15
8729.927166448799 2.1867471732264005e-15
8732.62287007204 2.4578169473197547e-15
8735.318573695284 2.175214174645844e-15
8738.024187993615 1.9922969064932496e-15
8740.719891616858 2.5191217886359335e-15
8743.415595240102 2.0636311149128287e-15
8746.111298863345 1.4103209770242782e-15
8748.807002486588 2.122417501373014e-15
8751.512616784918 1.090860046199104e-15
8754.208320408163 3.498673747696107e-16
8756.904024031406 1.5853807857376112e-15
8759.599727654648 1.040846278930524e-15
8762.295431277893 6.740508406295797e-16
8765.001045576222 1.6193034008468393e-15
8767.696749199466 1.8918066870544838e-15
8770.39245282271 1.2395051764353409e-15
8773.088156445952 6.935607427116414e-16
