nan nan
nan nan
nan nan
nan nan
nan nan
nan nan
nan nan
nan nan
nan nan
nan nan
nan nan
nan nan
nan nan
nan nan
nan nan
nan nan
nan nan
nan nan
nan nan
nan nan
nan nan
nan nan
nan nan
nan nan
nan nan
nan nan
nan nan
nan nan
nan nan
nan nan
nan nan
nan nan
nan nan
nan nan
nan nan
nan nan
nan nan
nan nan
nan nan
nan nan
nan nan
nan nan
nan nan
nan nan
nan nan
nan nan
nan nan
nan nan
nan nan
nan nan
nan nan
nan nan
nan nan
nan nan
nan nan
nan nan
nan nan
nan nan
nan nan
nan nan
nan nan
nan nan
nan nan
nan nan
nan nan
nan nan
nan nan
nan nan
nan nan
nan nan
nan nan
nan nan
nan nan
nan nan
nan nan
nan nan
nan nan
nan nan
nan nan
nan nan
nan nan
nan nan
nan nan
nan nan
nan nan
nan nan
nan nan
nan nan
nan nan
nan nan
nan nan
nan nan
nan nan
nan nan
nan nan
nan nan
nan nan
nan nan
nan nan
nan nan
nan nan
nan nan
nan nan
nan nan
nan nan
nan nan
nan nan
nan nan
nan nan
nan nan
nan nan
nan nan
nan nan
nan nan
nan nan
nan nan
nan nan
nan nan
nan nan
nan nan
nan nan
nan nan
nan nan
nan nan
nan nan
nan nan
nan nan
nan nan
nan nan
nan nan
nan nan
nan nan
nan nan
nan nan
nan nan
nan nan
nan nan
nan nan
nan nan
nan nan
nan nan
nan nan
nan nan
nan nan
nan nan
nan nan
nan nan
nan nan
nan nan
nan nan
nan nan
nan nan
nan nan
nan nan
nan nan
nan nan
nan nan
nan nan
nan nan
nan nan
nan nan
nan nan
nan nan
nan nan
nan nan
nan nan
nan nan
nan nan
nan nan
nan nan
nan nan
nan nan
nan nan
nan nan
nan nan
nan nan
nan nan
nan nan
nan nan
nan nan
nan nan
nan nan
nan nan
nan nan
nan nan
nan nan
nan nan
nan nan
nan nan
nan nan
nan nan
nan nan
nan nan
nan nan
nan nan
nan nan
nan nan
nan nan
nan nan
nan nan
nan nan
nan nan
nan nan
nan nan
nan nan
nan nan
nan nan
nan nan
nan nan
nan nan
nan nan
nan nan
nan nan
nan nan
nan nan
nan nan
nan nan
nan nan
nan nan
nan nan
nan nan
nan nan
nan nan
nan nan
nan nan
nan nan
nan nan
nan nan
nan nan
nan nan
nan nan
nan nan
nan nan
nan nan
nan nan
nan nan
nan nan
nan nan
nan nan
nan nan
nan nan
nan nan
nan nan
nan nan
nan nan
nan nan
nan nan
nan nan
nan nan
nan nan
nan nan
nan nan
nan nan
nan nan
nan nan
nan nan
nan nan
nan nan
nan nan
nan nan
nan nan
nan nan
nan nan
nan nan
nan nan
nan nan
nan nan
nan nan
nan nan
nan nan
nan nan
nan nan
nan nan
nan nan
nan nan
nan nan
nan nan
nan nan
nan nan
nan nan
3638.43343388187 0.16934535427012515
3643.3613077282994 0.14356538746680245
3648.2991368754288 0.1715473803350001
3653.236966022558 0.16730311595662248
3658.184750470388 0.13625989837099753
3663.142490218917 0.13259921113817572
3668.1101852681454 0.15750630509637775
3673.077880317375 0.15368038988066163
3678.0555306673036 0.1425120672137986
3683.0331810172324 0.16929342001832526
3688.0207866678606 0.15129869638574284
3693.018347619189 0.18862183293518772
3698.025863871218 0.16317632603530244
3703.033380123246 0.1400719141588
3708.050851675974 0.16204235640145026
3713.0683232287024 0.17602531549023986
3718.105705382831 0.17182264419746063
3723.143087536959 0.17704022201394445
3728.1804696910867 0.17254000684429405
3733.2377624466144 0.14927503224672595
3738.295055202142 0.17960589435948637
3743.3523479576697 0.20360561363437055
3748.429551314597 0.1800693329118393
3753.5067546715245 0.1885559978070672
3758.5939133291513 0.202376116716353
3763.681071986779 0.19036383065353826
3768.778185945106 0.21388091874009543
3773.885255204133 0.2194842830220131
3779.00227976386 0.18556376577553657
3784.1193043235867 0.2126493242456237
3789.246284184014 0.206506458941598
3794.38321934514 0.17601310142065868
3799.5201545062664 0.20683607359109196
3804.667044968093 0.17748833079899398
3809.823890730619 0.1746078576270526
3814.9807364931453 0.18416284768689511
3820.147537556372 0.1863038947762905
3825.3242939202974 0.18732398285136911
3830.511005584923 0.22308358324490776
3835.697717249549 0.22057904591455244
3840.8943842148747 0.20757396259971922
3846.1010064809 0.21154857495519222
3851.3076287469257 0.20453241850721526
3856.5242063136516 0.21111688248652985
3861.750739181077 0.20670149955826558
3866.977272048502 0.17424736292265058
3872.223715517327 0.16284432435638563
3877.4602036854517 0.18291983981655613
3882.716602454977 0.19052353481662507
3887.9730012245013 0.16774898938769997
3893.2493105954263 0.15128917667883532
3898.515664665651 0.16769587053260368
3903.801929337275 0.1631149822779183
3909.0881940088993 0.16538151659589317
3914.384413981224 0.1539444305622961
3919.690589254248 0.14837308962623322
3924.996764527272 0.18728604466684218
3930.3128951009962 0.18698627196041187
3935.63898097542 0.17947921370867498
3940.9750221505437 0.17064840068170983
3946.3110633256674 0.154575151068505
3951.657059801491 0.14011433527428932
3957.0130115780144 0.18143828480117946
3962.3689633545378 0.18148903351149048
3967.734870431761 0.16801087246750923
3973.110732809684 0.18837854697995957
3978.496550488307 0.16214359109911333
3983.88236816693 0.17543929415115225
3989.278141146253 0.16239784567768603
3994.6838694262756 0.167430264941194
4000.099553006998 0.16366402706695912
4005.5152365877207 0.16522023567273483
4010.940875469143 0.16945209175113518
4016.3764696512653 0.1611721757433255
4021.8220191340874 0.14668287610996797
4027.2675686169096 0.14806642910643086
4032.7230734004315 0.14844960872785143
4038.188533484654 0.1676502957288997
4043.653993568875 0.15494512322810652
4049.139364254497 0.1445625331658225
4054.6247349401183 0.1258819014638501
4060.1101056257403 0.15784575166692183
4065.615386912761 0.13252994769553092
4071.120668199783 0.14087191006193697
4076.635904787504 0.1264896792671132
4082.1610966759245 0.12260649872265897
4087.6862885643454 0.13301866004986604
4093.231391054166 0.12708789826541722
4098.776493543987 0.125922999481542
4104.3215960338075 0.1521359675262579
4109.886609125028 0.14346641241878655
4115.451622216249 0.14266674572937757
4121.026590608169 0.1293118020567711
4126.611514300789 0.14743277208291428
4132.196437993409 0.13300742693522344
4137.801272287429 0.13546878157670883
4143.406106581449 0.1543797273114245
4149.020896176168 0.152202652401186
4154.635685770888 0.1380375047420828
4160.270385967007 0.1295649691198917
4165.905086163127 0.15450963702478615
4171.549741659946 0.15266496505296714
4177.194397156765 0.1516872358552116
4182.858963254985 0.16925890812513214
4188.523529353203 0.16286754042897192
4194.198050752122 0.1785792071519403
4199.882527451741 0.2034845703497067
4205.5670041513595 0.20345354104511496
4211.271391452378 0.2191220950939388
4216.975778753396 0.2145165868371444
4222.680166054415 0.22582211721599355
4228.404463956834 0.20950870177575465
4234.138717159951 0.2061012529657687
4239.872970363069 0.21743714042131174
4245.617178866887 0.21153243502308378
4251.3613873707045 0.2155928853257514
4257.1255064759225 0.22198333371737133
4262.88962558114 0.23089274710319604
4268.663699987058 0.23480895147537661
4274.447729693676 0.221333820033419
4280.241714700992 0.2464335628356801
4286.035699708309 0.2440793706247105
4291.849595317026 0.23576964888635424
4297.663490925743 0.2205786216560482
4303.47738653446 0.22683325214425681
4309.311192744576 0.22622731347860583
4315.144998954694 0.2294170755295327
4320.998715766209 0.23405969263939702
4326.852432577725 0.25867627901402535
4332.706149389242 0.24717907820519588
4338.579776802158 0.245655532601833
4344.4534042150735 0.2535952320729439
4350.346942229389 0.2527914623051611
4356.240480243706 0.23864948509962647
4362.134018258022 0.23872721593225102
4368.047466873736 0.2614881925886532
4373.960915489452 0.2650555558310158
4379.894274706568 0.24130116890253955
4385.827633923683 0.25621873762539726
4391.760993140797 0.24690685281150282
4397.714262959313 0.23683383606732628
4403.677488078527 0.23814513422905828
4409.640713197741 0.22784640513687307
4415.613893617656 0.2348506950567253
4421.597029338271 0.23005060027611046
4427.5801650588855 0.22357336234627911
4433.583211380899 0.19731031677711175
4439.586257702914 0.1959615612120523
4445.599259325628 0.19312357047565504
4451.622216249041 0.16824854791284527
4457.655128473155 0.17834006676169742
4463.697995997968 0.18139387210983568
4469.740863522783 0.16182788564718176
4475.793686348296 0.15392087602013557
4481.856464474508 0.15175178046555535
4487.929197901422 0.15235789361158036
4494.011886629035 0.15685543881943556
4500.104530657349 0.16320452032034513
4506.197174685662 0.16694853058289214
4512.299774014674 0.1634419573941849
4518.412328644386 0.17980104916710382
4524.534838574799 0.18352163669657146
4530.667303805912 0.17775948693751467
4536.799769037023 0.17013110071684046
4542.952144869536 0.1845941255639429
4549.104520702047 0.18047496310178926
4555.266851835259 0.1728203090990268
4561.439138269171 0.1555100011952634
4567.621380003783 0.13727438544864057
4573.803621738394 0.15168013786123677
4580.005774074405 0.13993073126777797
4586.207926410417 0.12707327093329063
4592.420034047128 0.11922089844625096
4598.6420969845385 0.12228591499372066
4604.87411522265 0.12829639931352077
4611.106133460761 0.11581743584217456
4617.358062300272 0.11128727445055582
4623.609991139781 0.10933901253064061
4629.871875279992 0.11420211464590817
4636.143714720903 0.10322303032560082
4642.425509462513 0.10678001768560373
4648.717259504823 0.10720010056687043
4655.018964847833 0.10449454127522108
4661.320670190843 0.09885910431233014
4667.632330834553 0.10529714555134075
4673.953946778962 0.10842223750254949
4680.285518024071 0.1097065057813703
4686.627044569881 0.1066112903175653
4692.97852641639 0.12948817053176326
4699.339963563599 0.13813233696635793
4705.701400710808 0.15306479232516748
4712.0827484594165 0.16503624793392455
4718.464096208025 0.15964631973393364
4724.855399257333 0.17080631767779514
4731.256657607342 0.15337841570634445
4737.667871258051 0.16178809883691175
4744.079084908759 0.15443166429617064
4750.510209160867 0.1638367094669225
4756.941333412976 0.15452792595339696
4763.392368266483 0.1572987141872005
4769.843403119991 0.15703584455339417
4776.304393274198 0.1490087713828344
4782.775338729106 0.1536572511128981
4789.256239484714 0.1629884973620282
4795.74709554102 0.1506047311949474
4802.237951597328 0.15915765375307458
4808.748718255035 0.1464869349581997
4815.259484912742 0.14822534247056116
4821.780206871148 0.14373785125317814
4828.310884130255 0.14475469901312338
4834.8515166900615 0.16351717455680556
4841.402104550568 0.15607636648926868
4847.962647711774 0.16054208307206594
4854.53314617368 0.17643333813808604
4861.113599936285 0.17132386236065367
4867.694053698891 0.1712585776339021
4874.284462762197 0.18533928570396258
4880.8947824269035 0.1838402913783734
4887.505102091608 0.17985374037500557
4894.125377057014 0.17867486358535817
4900.755607323119 0.17731960268815325
4907.395792889924 0.18864930856099665
4914.045933757428 0.19012294311939315
4920.696074624933 0.20202672434373753
4927.366126093838 0.1980723153294716
4934.046132863443 0.2001879648294194
4940.726139633047 0.19702047540633458
4947.416101703351 0.17983157371844816
4954.125974375055 0.1872565032182182
4960.835847046759 0.18662313314607312
4967.555675019163 0.18101534227904914
4974.285458292267 0.18022058573069225
4981.025196866071 0.1806343043564514
4987.774890740574 0.17934665559496085
4994.524584615077 0.1809210930729148
5001.294189090981 0.16834795594742483
5008.063793566885 0.1644133202874541
5014.853308644187 0.1627312075954293
5021.64282372149 0.14899161671378927
5028.452249400192 0.14666761084901994
5035.261675078895 0.1532088257138753
5042.081056058298 0.1460999385480567
5048.9103923384 0.14479696743853734
5055.749683919202 0.1434972869175671
5062.598930800704 0.15249997070940385
5069.458132982906 0.16178117468386366
5076.327290465808 0.15742598011653552
5083.206403249409 0.15726120259577941
5090.0954713337105 0.13762114620477117
5096.984539418013 0.1368960408488166
5103.893518103714 0.14616747541668004
5110.802496789415 0.14764982169534005
5117.731386076516 0.14683719491521294
5124.660275363617 0.14589479811807388
5131.609075252117 0.1368238247650475
5138.557875140618 0.13321668664284023
5145.516630329818 0.13120641522045745
5152.485340819719 0.1297324363756873
5159.47396191102 0.12598125413765623
5166.462583002319 0.13795990837298452
5173.461159394318 0.13946607676334727
5180.469691087018 0.12823480654755715
5187.488178080418 0.11963674118767427
5194.516620374518 0.11840663873379638
5201.555017969317 0.1307283938114659
5208.593415564116 0.12398482517874283
5215.651723760316 0.13440717043833728
5222.719987257215 0.1451600180736807
5229.798206054813 0.13300306401298842
5236.876424852412 0.13361176446370776
5243.974554251411 0.12544536095242984
5251.0826389511085 0.11797302845216977
5258.190723650808 0.11175761429567725
5265.318718951906 0.10917975145244473
5272.446714253003 0.1109643667631207
5279.594620155502 0.11137304324509709
5286.7425260579985 0.1171738369584689
5293.900387261197 0.11051549261641357
5301.078159065794 0.10361370605007798
5308.255930870391 0.09812637878862092
5315.453613276388 0.10443799337626991
5322.651295682385 0.09891634765260246
5329.858933389082 0.1155610786704859
5337.086481697179 0.1186707420473245
5344.314030005276 0.1069780575840425
5351.5515336140725 0.10926916063459385
5358.798992523568 0.1033895854523473
5366.066362034465 0.11760484453426312
5373.333731545361 0.08576458417810133
5380.611056356957 0.08429871120871364
5387.898336469253 0.0868028146494743
5395.195571882248 0.08588383324591692
5402.512717896644 0.08930576650275351
5409.829863911039 0.09988093237865095
5417.156965226133 0.08038829409885985
5424.49402184193 0.095816251635916
5431.841033758424 0.08846549467250216
5439.198000975619 0.07866254944865132
5446.574878794213 0.07266080560188647
5453.951756612808 0.09205465766229752
5461.338589732102 0.0846790342677335
5468.735378152097 0.07865750948254763
5476.14212187279 0.0631521826541283
5483.5588208941845 0.07537389646858049
5490.995430516978 0.06284735671113946
5498.432040139772 0.07336470147021738
5505.878605063266 0.05649387393688877
5513.335125287459 0.06828718340118758
5520.811556113053 0.05042786890303692
5528.287986938644 0.06476633707300429
5535.774373064938 0.0650872092274766
5543.280669792631 0.07353637352495017
5550.786966520323 0.08882637917177831
5558.303218548715 0.0481504680298947
5565.839381178508 0.09861222879315766
5573.3755438083 0.09420455939048518
5580.921661738792 0.09186441581799992
5588.487690270684 0.08084952405293552
5596.053718802576 0.09621621363998585
5603.639657935868 0.09783285853133407
5611.2255970691585 0.11531237895011119
5618.831446803851 0.11512032976191772
5626.447251839241 0.10818482631003443
5634.063056874632 0.08908500154617607
5641.698772511423 0.09303735738042622
5649.344443448914 0.10055715753757492
5656.9901143864045 0.09973836986023742
5664.655695925295 0.08194882865342133
5672.3312327648855 0.09674945750095576
5680.016724905176 0.08931827424200481
5687.712172346165 0.10630768573443662
5695.417575087855 0.13304877113778354
5703.132933130244 0.13038512023850413
5710.8582464733345 0.12652254332000185
5718.593515117124 0.11693298322839334
5726.338739061613 0.12330775056976119
5734.093918306802 0.13377193877514368
5741.8690081533905 0.11281823254155855
5749.64409799998 0.09672198889731147
5757.439098447968 0.11508636858200484
5765.234098895957 0.10167275373053467
5773.0490099453455 0.10480381424054155
5780.863920994732 0.11600236340318648
5788.698742645521 0.11478120803939905
5796.5435195970085 0.12871525045518437
5804.388296548496 0.13255495972746567
5812.252984101385 0.1105917440130169
5820.127626954972 0.12900964476684568
5828.012225109259 0.14241953191834483
5835.9067785642455 0.14620473002994583
5843.811287319933 0.1470517654421976
5851.73570667702 0.14705921468733185
5859.660126034107 0.12979040624802324
5867.594500691893 0.12466539709721194
5875.5487859510795 0.11419007985360027
5883.503071210265 0.12169034637110666
5891.477267070852 0.1240164223216865
5899.461418232137 0.09845778838173315
5907.445569393423 0.1074369805307947
5915.449631156109 0.13381612335960097
5923.463648219495 0.1284558732029719
5931.487620583579 0.1308891298963636
5939.531503549064 0.10924688597488126
5947.575386514549 0.10198942570456344
5955.629224780734 0.08567089083387305
5963.702973648318 0.10703740084926988
5971.776722515903 0.11356657733002597
5979.870381984888 0.09705492822051841
5987.964041453872 0.10301880742658108
5996.077611524255 0.08160802756512835
6004.201136895339 0.08414818643461848
6012.334617567123 0.08635994814448392
6020.488008840307 0.07009205123209421
6028.64140011349 0.07224990386197407
6036.804746687373 0.055372211351383066
6044.988003862656 0.046989426594189435
6053.171261037939 0.04675283341322399
6061.374428814622 0.047851556907946534
6069.587551892005 0.04137135941684444
6077.810630270087 0.04700254583724549
6086.043663948869 0.05479371335036033
6094.286652928351 0.05110113936526295
6102.5395972085325 0.05099200974872574
6110.812452090115 0.04786412661699675
6119.085306971697 0.04949980868440187
6127.378072454678 0.051022691291785494
6135.680793238359 0.047710652310035066
6143.993469322741 0.053978110740183834
6152.316100707821 0.05347610293077787
6160.648687393603 0.05568512915739447
6168.991229380083 0.06819351510234342
6177.353681967963 0.05374959082432108
6185.726089856544 0.058609670957836174
6194.0984977451235 0.06919031926516622
6202.490816235104 0.09220521652964034
6210.893090025784 0.08077481579535961
6219.305319117163 0.0838272460205992
6227.737458809943 0.09510674060140491
6236.169598502722 0.10215682121358796
6244.621648796901 0.09894593505652446
6253.08365439178 0.11096597676308201
6261.55561528736 0.13827727405068468
6270.037531483637 0.1568725163516659
6278.529402980616 0.14965421289943398
6287.031229778295 0.10271687111862006
6295.552967177373 0.11008498577892198
6304.074704576451 0.0982196196796907
6312.616352576929 0.10644807127421686
6321.167955878107 0.1278190990617485
6329.729514479984 0.15809329744000203
6338.310983683262 0.20302902276386242
6346.892452886539 0.23616326637494547
6355.493832691215 0.2575051214149333
6364.1051677965925 0.2808192782892363
6372.726458202669 0.2875855938125333
6381.357703909446 0.30358049876449
6390.008860217622 0.3176102701430774
6398.660016525799 0.2832836459680436
6407.331083435375 0.2799711285962164
6416.01210564565 0.2984545043012125
6424.703083156626 0.2883730232865869
6433.404015968302 0.2675226803995364
6442.114904080677 0.24023679954471275
6450.845702794452 0.25748029950484613
6459.586456808927 0.26989734921898184
6468.337166124103 0.2588691925464677
6477.097830739977 0.23742468569135483
6485.878405957251 0.2166188103386856
6494.658981174525 0.2226879078511647
6503.459466993199 0.2309642782443653
6512.269908112574 0.22125647252539252
6521.090304532648 0.2260613074054415
6529.930611554121 0.2565700074350807
6538.770918575595 0.2495750918304669
6547.631136198468 0.24774391873163817
6556.501309122041 0.2500408585226984
6565.381437346314 0.2758289214744741
6574.281476171987 0.2912948549420898
6583.181514997659 0.2772263675568741
6592.1014644247325 0.27755485016527903
6601.031369152504 0.2889889070686981
6609.9712291809765 0.29024921297609885
6618.930999810848 0.29160266229880827
6627.9007257414205 0.33160624245552833
6636.880406972692 0.34034578728486764
6645.870043504663 0.30729302829568034
6654.869635337334 0.2604106708130914
6663.889137771406 0.2920328721988496
6672.918595506177 0.2828882526539754
6681.958008541647 0.26228399053047885
6691.007376877818 0.26469685389545555
6700.066700514688 0.23128940853280747
6709.145934752959 0.18463472672515893
6718.2351242919285 0.15983306356338667
6727.334269131598 0.12445955977688357
6736.453324572668 0.10384987158361637
6745.5723800137375 0.08164567016461945
6754.711346056207 0.06273916761101417
6763.870222700076 0.05123090725509816
6773.029099343945 0.04774367688765992
6782.207886589214 0.05160871884276729
6791.396629135183 0.04924971797047582
6800.595326981851 0.05276433913864849
6809.803980129219 0.049008535678222026
6819.032543877986 0.047765725684720525
6828.271062927455 0.05173909243099126
6837.519537277623 0.05483191399209731
6846.777966928491 0.05082297585514242
6856.056307180758 0.05196702237999681
6865.344602733725 0.0475983006345848
6874.642853587392 0.05217025636496792
6883.961015042459 0.048885496094612055
6893.289131798225 0.05544129408142383
6902.627203854691 0.054742655775411195
6911.975231211858 0.05197853529550759
6921.3431691704245 0.05600392715085175
6930.71110712899 0.05703256919773884
6940.108910989657 0.0627850299479808
6949.506714850321 0.06145742357354077
6958.924429312387 0.050663417722585036
6968.352099075152 0.05199116743270513
6977.789724138617 0.05688833956959991
6987.237304502782 0.05880059209120055
6996.704795468347 0.05545731165155399
7006.182241734611 0.05694801117812163
7015.679598602275 0.057920265696152176
7025.186910770639 0.06374938484910196
7034.704178239703 0.06332948513716168
7044.231401009466 0.0615555394084784
7053.76857907993 0.06320449708864523
7063.325667751794 0.06423983179127297
7072.892711724357 0.06403978023946393
7082.47966629832 0.0661379953700924
7092.076576172983 0.06845909820265828
7101.683441348345 0.06410610311283432
7111.300261824407 0.06743676056176676
7120.936992901869 0.07741930745233057
7130.583679280032 0.07242299812158237
7140.240320958894 0.07856727127306923
7149.916873239156 0.0801914838972878
7159.603380820117 0.07937485094137517
7169.299843701778 0.0875705607687869
7179.01621718484 0.08665184147279816
7188.742545968601 0.08758064113265125
7198.478830053061 0.09113562392105842
7208.225069438222 0.09227137126366307
7217.991219424782 0.08992746243468609
7227.777280012741 0.09025901434846068
7237.563340600703 0.08831939552652598
7247.369311790062 0.0887026816704844
7257.185238280122 0.08329681061282064
7267.02107537158 0.08018572448641154
7276.86686776374 0.08044150896979373
7286.722615456599 0.07974123625882462
7296.5982737508575 0.079582061190223
7306.473932045116 0.0763336367135644
7316.379456241474 0.071366802870377
7326.284980437834 0.06938613231341595
7336.210415235591 0.06657507674949674
7346.15576063475 0.06498975291171863
nan nan
nan nan
nan nan
nan nan
nan nan
nan nan
nan nan
nan nan
nan nan
nan nan
nan nan
nan nan
nan nan
nan nan
nan nan
nan nan
nan nan
nan nan
nan nan
nan nan
nan nan
nan nan
nan nan
nan nan
nan nan
nan nan
nan nan
nan nan
nan nan
nan nan
nan nan
nan nan
nan nan
nan nan
nan nan
nan nan
nan nan
nan nan
nan nan
nan nan
nan nan
nan nan
nan nan
nan nan
nan nan
nan nan
nan nan
nan nan
nan nan
nan nan
nan nan
nan nan
nan nan
nan nan
nan nan
nan nan
nan nan
nan nan
nan nan
nan nan
nan nan
nan nan
nan nan
nan nan
nan nan
nan nan
nan nan
nan nan
nan nan
nan nan
nan nan
nan nan
nan nan
nan nan
nan nan
nan nan
nan nan
nan nan
nan nan
nan nan
nan nan
nan nan
nan nan
nan nan
nan nan
nan nan
nan nan
nan nan
nan nan
nan nan
nan nan
nan nan
nan nan
nan nan
nan nan
nan nan
nan nan
nan nan
nan nan
nan nan
nan nan
nan nan
nan nan
nan nan
nan nan
nan nan
nan nan
nan nan
nan nan
nan nan
nan nan
nan nan
nan nan
nan nan
nan nan
nan nan
nan nan
nan nan
nan nan
nan nan
nan nan
nan nan
nan nan
nan nan
nan nan
nan nan
nan nan
nan nan
nan nan
nan nan
nan nan
nan nan
nan nan
nan nan
nan nan
nan nan
nan nan
nan nan
nan nan
nan nan
nan nan
nan nan
nan nan
nan nan
nan nan
nan nan
nan nan
nan nan
nan nan
nan nan
nan nan
nan nan
nan nan
nan nan
nan nan
nan nan
nan nan
nan nan
nan nan
nan nan
nan nan
nan nan
nan nan
nan nan
nan nan
nan nan
nan nan
nan nan
nan nan
nan nan
nan nan
nan nan
nan nan
nan nan
nan nan
nan nan
nan nan
nan nan
nan nan
nan nan
nan nan
nan nan
nan nan
nan nan
nan nan
nan nan
nan nan
nan nan
nan nan
nan nan
nan nan
nan nan
nan nan
nan nan
nan nan
nan nan
nan nan
nan nan
nan nan
nan nan
nan nan
nan nan
nan nan
nan nan
nan nan
nan nan
nan nan
nan nan
nan nan
nan nan
nan nan
nan nan
nan nan
nan nan
nan nan
nan nan
nan nan
nan nan
nan nan
nan nan
nan nan
nan nan
nan nan
nan nan
