6071.802640317783 4.404339105881057e-15
6076.042759142671 2.960096970837812e-15
6080.282877967569 1.1381385529295756e-15
6084.522996792458 3.377030484995855e-15
6088.763115617357 2.6341409031665745e-15
6093.003234442244 1.1471825731563208e-15
6097.243353267143 3.424020996807479e-15
6101.483472092032 2.9978545904614023e-15
6105.72359091693 2.843172377778364e-15
6109.963709741818 2.311358466674212e-15
6114.203828566717 1.3271635784622961e-15
6118.443947391605 2.6248274021160624e-15
6122.684066216504 1.933163515246092e-15
6126.924185041392 1.7971864457868483e-15
6131.1643038662905 1.8029999557437932e-15
6135.404422691179 1.5347630403312547e-15
6139.644541516077 1.7468355756740036e-15
6143.884660340966 1.8133659920578116e-15
6148.124779165864 2.033734599292914e-15
6152.364897990753 1.9000207960221455e-15
6156.605016815651 1.7301777979713081e-15
6160.845135640539 1.8940884068325596e-15
6165.085254465438 2.097101150130189e-15
6169.325373290327 2.027818873109369e-15
6173.5654921152245 2.0372551192096667e-15
6177.805610940113 2.1036400396392354e-15
6182.045729765012 2.175613921996263e-15
6186.2858485899005 2.0601522578205964e-15
6190.525967414788 2.20227427160115e-15
6194.766086239687 2.1282261207881397e-15
6199.006205064576 2.087812393147204e-15
6203.246323889474 2.2355844141985815e-15
6207.486442714362 2.207087955300016e-15
6211.726561539261 2.240064190186513e-15
6215.966680364149 2.243106311779792e-15
6220.206799189048 2.233856522526672e-15
6224.446918013936 2.1638833572039714e-15
6228.6870368388345 2.145286959111231e-15
6232.927155663723 2.234558380262083e-15
6237.167274488622 2.276247098360943e-15
6241.40739331351 2.3532272511529158e-15
6245.647512138408 2.3800803964315444e-15
6249.887630963297 2.3302560040664013e-15
6254.127749788196 2.410767863139092e-15
6258.367868613084 2.3923954339482066e-15
6262.607987437982 2.4347728044974157e-15
6266.848106262872 2.5156295346885414e-15
6271.08822508777 2.42236969335416e-15
6275.328343912658 2.4357319001904597e-15
6279.568462737557 2.5655392602060414e-15
6283.808581562445 2.6080240237364044e-15
6288.048700387344 2.5870543430122296e-15
6292.288819212232 2.592205979855168e-15
6296.5289380371305 2.57589999755204e-15
6300.769056862019 2.5968911610253705e-15
6305.009175686917 2.6006009517848573e-15
6309.249294511806 2.6316483886894863e-15
6313.489413336704 2.653371400829815e-15
6317.729532161593 2.6609092542122465e-15
6321.969650986491 2.6112776506051302e-15
6326.209769811379 2.6350734838399313e-15
6330.449888636278 2.661983595594556e-15
6334.690007461167 2.66745597525621e-15
6338.9301262860645 2.5986116774440815e-15
6343.170245110953 2.5605267838777404e-15
6347.410363935852 2.5001655532722197e-15
6351.6504827607405 2.480996869413931e-15
6355.890601585638 2.4410818520103433e-15
6360.130720410527 2.43553822522265e-15
6364.370839235426 2.4576822422921463e-15
6368.610958060314 2.390095582382341e-15
6372.851076885212 2.293139258453769e-15
6377.091195710101 2.3096447128218025e-15
6381.331314534999 2.2551543781289966e-15
6385.571433359888 2.321203092381548e-15
6389.811552184786 2.324610953958817e-15
6394.0516710096745 2.2784656893541743e-15
6398.291789834573 2.23681969889485e-15
6402.531908659462 2.223900765649994e-15
6406.77202748435 2.2778360077518875e-15
6411.012146309248 2.2342137442005614e-15
6415.252265134137 2.245487322239413e-15
6419.492383959036 2.2312110523798084e-15
6423.732502783923 2.188566945119907e-15
6427.972621608822 2.2255799799000385e-15
6432.212740433711 2.2153804370214186e-15
6436.452859258609 2.2853714073803117e-15
6440.692978083497 2.2865890830152793e-15
6444.933096908396 2.2872358220131238e-15
6449.173215733284 2.2712984447414263e-15
6453.413334558183 2.241354317202421e-15
6457.653453383071 2.238102573635599e-15
6461.89357220797 2.2098065317573215e-15
6466.133691032858 2.2307895057569525e-15
6470.373809857756 2.238605733392728e-15
6474.613928682645 2.2525798306173042e-15
6478.854047507543 2.216169248634964e-15
6483.094166332432 2.272734232737293e-15
6487.33428515733 2.2753909561982654e-15
6491.574403982218 2.2413812893124256e-15
6495.814522807117 2.273758078513844e-15
6500.054641632006 2.2380778286128708e-15
6504.2947604569035 2.279409481801333e-15
6508.534879281792 2.3186345311119025e-15
6512.774998106691 2.260233053793516e-15
6517.0151169315795 2.2922526777868535e-15
6521.255235756477 2.2674685614610647e-15
6525.495354581366 2.367943581050404e-15
6529.735473406265 2.366869224622637e-15
6533.975592231153 2.3816216457936843e-15
6538.215711056051 2.385434085038153e-15
6542.45582988094 2.3905604159538325e-15
6546.695948705838 2.429735908021161e-15
6550.936067530727 2.5908345363519347e-15
6555.176186355625 2.7593942455761013e-15
6559.4163051805135 2.705496782352182e-15
6563.656424005412 2.474657980808972e-15
6567.896542830301 2.3571908811207873e-15
6572.136661655199 2.436652428388095e-15
6576.376780480087 2.5343303950754453e-15
6580.616899304986 2.506990195197496e-15
6584.8570181298755 2.3986293224797182e-15
6589.097136954772 2.30397096904463e-15
6593.337255779662 2.3392177673674286e-15
6597.577374604561 2.3750442373229177e-15
6601.817493429449 2.361591160280114e-15
6606.057612254347 2.336983589886845e-15
6610.297731079236 2.3246024860752907e-15
6614.537849904124 2.319107837695473e-15
6618.777968729023 2.332521507265345e-15
6623.018087553911 2.319217043392336e-15
6627.2582063788095 2.3070125387498936e-15
6631.498325203698 2.266824779219045e-15
6635.738444028597 2.3271191322642876e-15
6639.978562853495 2.2904064357282424e-15
6644.218681678383 2.3006475393250085e-15
6648.458800503282 2.2971957986618887e-15
6652.69891932817 2.3128691333401095e-15
6656.939038153068 2.3522878047545213e-15
6661.179156977957 2.2868319849776904e-15
6665.419275802846 2.2749768710632227e-15
6669.6593946277435 2.2266118540341047e-15
6673.899513452632 2.236122318878368e-15
6678.139632277531 2.256660092485448e-15
6682.3797511024195 2.207125737343333e-15
6686.619869927317 2.193554505494336e-15
6690.859988752206 2.2645827591939247e-15
6695.100107577105 2.2561191026968968e-15
6699.340226401993 2.228170634497261e-15
6703.580345226891 2.2154967787760287e-15
6707.82046405178 2.2528225321937414e-15
6712.060582876678 2.261455629323861e-15
6716.300701701567 2.2141147065736213e-15
6720.540820526465 2.177804211244075e-15
6724.7809393513535 2.2042109306359223e-15
6729.021058176252 2.1833209744273418e-15
6733.261177001141 2.112658879961945e-15
6737.501295826039 2.0641857436448254e-15
6741.741414650927 2.0417294543222248e-15
6745.981533475826 2.063988866117998e-15
6750.221652300715 2.0307688183502357e-15
6754.461771125612 2.0177407322980214e-15
6758.701889950501 1.9944491484738883e-15
6762.9420087754 2.0133174410452815e-15
6767.182127600288 1.970734553430783e-15
6771.422246425186 1.965841587158657e-15
6775.662365250075 1.968230358224286e-15
6779.9024840749735 1.9455168222747328e-15
6784.142602899862 1.974834017110362e-15
6788.38272172476 1.96009271424622e-15
6792.622840549649 1.945536888056941e-15
6796.862959374547 1.945242371120614e-15
6801.103078199436 1.9586458833100922e-15
6805.343197024334 1.9591205861023602e-15
6809.583315849222 1.880309635508538e-15
6813.823434674121 1.865603045339828e-15
6818.063553499009 1.9307289531814535e-15
6822.303672323907 1.9153647243841544e-15
6826.543791148796 1.8776563515090634e-15
6830.783909973685 1.883041435203173e-15
6835.024028798583 1.8656450023336986e-15
6839.264147623481 1.857148038576271e-15
6843.50426644837 1.862528921862241e-15
6847.744385273269 1.8721200670452715e-15
6851.984504098156 1.8883315655317307e-15
6856.224622923055 1.8534545691893923e-15
6860.464741747944 1.8688705346765866e-15
6864.704860572842 1.8530875863894495e-15
6868.94497939773 1.8293018195354777e-15
6873.185098222629 1.841245231960286e-15
6877.425217047517 1.825172517992338e-15
6881.665335872406 1.8317747558320437e-15
6885.905454697304 1.8033503971565914e-15
6890.145573522193 1.872077378242397e-15
6894.385692347091 1.8693759093606728e-15
6898.625811171981 1.8530333709552714e-15
6902.865929996878 1.8542103623549444e-15
6907.106048821767 1.8560033418335095e-15
6911.346167646666 1.8524896802003757e-15
6915.586286471555 1.851327992320809e-15
6919.826405296452 1.8526238504919784e-15
6924.066524121341 1.8088379993429337e-15
6928.30664294624 1.8234887722693586e-15
6932.546761771128 1.84184742186338e-15
6936.786880596026 1.864453412574125e-15
6941.026999420915 1.8353933193629114e-15
6945.267118245813 1.86485364087251e-15
6949.507237070702 1.878897470886558e-15
6953.7473558956 1.8553411401260983e-15
6957.9874747204885 1.900354935649793e-15
6962.227593545387 1.889450995358925e-15
6966.467712370276 1.8404220144576117e-15
6970.707831195174 1.890561831519574e-15
6974.947950020062 1.909761931788661e-15
6979.188068844961 1.8906155004743728e-15
6983.428187669849 1.923013920834788e-15
6987.668306494747 1.909248200142845e-15
6991.908425319636 1.8733232722322776e-15
6996.148544144535 1.8295083979444083e-15
7000.3886629694225 1.8332156445157998e-15
7004.628781794321 1.9095055453242023e-15
7008.86890061921 1.8645502601967627e-15
7013.1090194441085 1.8484766010894684e-15
7017.349138268996 1.8565609759313364e-15
7021.589257093895 1.8427992387655037e-15
7025.829375918784 1.902399656948735e-15
7030.069494743682 1.893776733665814e-15
7034.30961356857 1.861044315228478e-15
7038.549732393469 1.8687319171049696e-15
7042.789851218357 1.895308007208932e-15
7047.029970043256 1.8944581871646962e-15
7051.270088868144 1.8876903022816e-15
7055.5102076930425 1.8786273496610146e-15
7059.750326517931 1.890367689146374e-15
7063.99044534282 1.9171797916259707e-15
7068.230564167718 1.9193089749900274e-15
7072.470682992606 1.9008302239217318e-15
7076.710801817505 1.9231474722453973e-15
7080.950920642394 1.911666637246172e-15
7085.191039467291 1.9170250882745005e-15
7089.43115829219 1.933696193103044e-15
7093.671277117079 1.9142089768007547e-15
7097.911395941967 1.957115999748805e-15
7102.151514766865 1.9355536064071924e-15
7106.391633591764 1.9093806718789217e-15
7110.6317524166525 1.9261093683051073e-15
7114.871871241551 1.925307354426934e-15
7119.111990066439 1.9506889143864934e-15
7123.352108891328 1.9104231213075293e-15
7127.592227716226 1.898269928297286e-15
7131.832346541115 1.9343506692267757e-15
7136.072465366013 1.9041179970760313e-15
7140.312584190901 1.927683343802257e-15
7144.5527030158 1.9588870906763905e-15
7148.792821840689 1.942546081966106e-15
7153.0329406655865 1.9244752228723602e-15
7157.273059490475 1.9606023501415125e-15
7161.513178315374 1.9538601567857102e-15
7165.753297140262 1.9424880551980685e-15
7169.99341596516 1.9402588477324926e-15
7174.233534790049 1.885687985354312e-15
7178.473653614948 1.921880453978274e-15
7182.713772439835 1.9159390782761298e-15
7186.953891264734 1.9090027720998716e-15
7191.194010089623 1.9264251275038103e-15
7195.434128914521 1.9443177539144107e-15
7199.674247739409 1.9379239487067775e-15
7203.914366564308 1.8865458009322236e-15
7208.154485389196 1.937532011549856e-15
7212.394604214095 1.901777949497532e-15
7216.634723038984 1.8213622569020115e-15
7220.874841863882 1.8668883464699533e-15
7225.114960688771 1.8603714164444576e-15
7229.355079513669 1.849165098195396e-15
7233.595198338558 1.8390542892287526e-15
7237.835317163456 1.8453800272009957e-15
7242.075435988345 1.867408907461598e-15
7246.315554813244 1.8638283967844957e-15
7250.555673638131 1.8764445958795927e-15
7254.79579246303 1.8313599825777815e-15
7259.035911287919 1.7847433404952813e-15
7263.276030112817 1.8219057222142076e-15
7267.516148937705 1.8367412621548364e-15
7271.756267762604 1.7645890282835808e-15
7275.996386587492 1.795078189656681e-15
7280.236505412381 1.788986073564354e-15
7284.476624237279 1.7623688126580058e-15
7288.716743062178 1.7760566168525319e-15
7292.956861887066 1.7953549300624302e-15
7297.196980711955 1.764603088306773e-15
7301.437099536853 1.7452415535663988e-15
7305.677218361751 1.803041614127772e-15
7309.91733718664 1.7740868927181705e-15
7314.157456011539 1.7882174609788866e-15
7318.397574836426 1.7868477521916144e-15
7322.637693661325 1.7713146202449458e-15
7326.877812486214 1.7598856009234801e-15
7331.1179313111115 1.7517651225201642e-15
7335.358050136 1.7670157320748328e-15
7339.598168960889 1.7365052562919636e-15
7343.8382877857875 1.7444291430604113e-15
7348.078406610675 1.778516565780641e-15
7352.318525435574 1.7388881526727543e-15
7356.558644260463 1.7255076900614315e-15
7360.798763085361 1.7382220062636665e-15
7365.038881910249 1.6738153486017327e-15
7369.279000735148 1.6600603327945342e-15
7373.519119560036 1.6872340703893518e-15
7377.759238384935 1.6843748963057613e-15
7381.999357209823 1.7161017710025565e-15
7386.2394760347215 1.6899231498826201e-15
7390.47959485961 1.6843078642814822e-15
7394.719713684509 1.7123382758693086e-15
7398.959832509397 1.6962101120403432e-15
7403.199951334295 1.651944417947609e-15
7407.440070159184 1.6320296768498929e-15
7411.680188984083 1.65884747485651e-15
7415.92030780897 1.6154654471631495e-15
7420.160426633869 1.5925166055977094e-15
7424.400545458758 1.6000059056866365e-15
7428.640664283656 1.576567250812209e-15
7432.880783108544 1.5657550668145666e-15
7437.120901933443 1.5638840388682885e-15
7441.3610207583315 1.540901414831313e-15
7445.60113958323 1.5228957597514675e-15
7449.841258408118 1.502361001067943e-15
7454.081377233017 1.4829630263105464e-15
7458.321496057905 1.4911404266964595e-15
7462.561614882804 1.4368551138902539e-15
7466.801733707692 1.3808097556389299e-15
7471.04185253259 1.4081971539914847e-15
7475.281971357479 1.344636832159577e-15
7479.522090182378 1.2751032243571134e-15
7483.7622090072655 1.249864027810663e-15
7488.002327832164 1.253206604491126e-15
7492.242446657053 1.2255996183497711e-15
7496.482565481951 1.1924030423521269e-15
7500.722684306839 1.2091311048258678e-15
7504.962803131738 1.2248994828521695e-15
7509.202921956627 1.188194904576379e-15
7513.443040781514 1.2431489185211216e-15
7517.683159606413 1.2399941107059914e-15
7521.923278431302 1.2811488299984713e-15
7526.1633972562 1.276465937168309e-15
7530.403516081089 1.2343372782814513e-15
7534.643634905987 1.137652594716793e-15
7538.8837537308855 1.1391051766022828e-15
7543.123872555775 1.2003284131483082e-15
7547.363991380663 1.1946208710004357e-15
7551.6041102055615 1.2176400595643888e-15
7555.84422903045 1.2753780534976463e-15
7560.084347855349 1.194566421998828e-15
7564.324466680247 1.2110187409006888e-15
7568.564585505135 1.269881086300157e-15
7572.804704330024 1.2689234326535164e-15
7577.044823154923 1.2848072763838547e-15
7581.28494197981 1.2945081817795098e-15
7585.525060804709 1.3231779468058228e-15
7589.765179629598 1.2978648696022442e-15
7594.005298454496 1.3132233640213834e-15
7598.245417279384 1.3092833767808541e-15
7602.485536104283 1.3221389092315229e-15
7606.7256549291715 1.3361283257221933e-15
7610.96577375407 1.306306858706254e-15
7615.205892578958 1.2934758464306137e-15
7619.446011403857 1.295932382820639e-15
7623.686130228745 1.3107289912318977e-15
7627.926249053644 1.318086723904338e-15
7632.166367878532 1.3528261770262632e-15
7636.40648670343 1.361969748604159e-15
7640.646605528319 1.4096588714725177e-15
7644.886724353218 1.4066965232610894e-15
7649.126843178105 1.4214839356418354e-15
7653.366962003004 1.393271311939393e-15
7657.607080827893 1.4116411282803919e-15
7661.847199652791 1.4318219177703832e-15
7666.087318477679 1.4501568032003092e-15
7670.327437302578 1.4515549185214887e-15
7674.567556127467 1.4601387402752144e-15
7678.807674952364 1.4789991548684134e-15
7683.047793777253 1.5121487527598539e-15
7687.287912602152 1.4816662415419633e-15
7691.52803142704 1.4732214767855551e-15
7695.768150251938 1.5254938158396426e-15
7700.008269076827 1.558208661875132e-15
7704.248387901725 1.5769003235761763e-15
7708.488506726614 1.5462180943491338e-15
7712.728625551512 1.550881683157033e-15
7716.9687443764005 1.5717342399259317e-15
7721.208863201299 1.6018111399102656e-15
7725.448982026188 1.6199527071474878e-15
7729.689100851086 1.6208628796553744e-15
7733.929219675974 1.6298834531022519e-15
7738.169338500863 1.5861252601681347e-15
7742.409457325762 1.5977187365538013e-15
7746.649576150649 1.6262180947822055e-15
7750.889694975548 1.6486484588182283e-15
7755.129813800447 1.6043917222780523e-15
7759.369932625335 1.576908550270131e-15
7763.610051450223 1.5945837768409735e-15
7767.850170275122 1.6095842596448955e-15
7772.0902891000205 1.6094388163898003e-15
7776.330407924909 1.6236777305463436e-15
7780.570526749807 1.624553298101419e-15
7784.810645574696 1.569388076676104e-15
7789.050764399594 1.5432060922742992e-15
7793.290883224483 1.5892920178438777e-15
7797.531002049371 1.5860190376469516e-15
7801.771120874269 1.5859004220836464e-15
7806.011239699158 1.6023582731370215e-15
7810.251358524057 1.5859227015650837e-15
7814.4914773489445 1.545265137119071e-15
7818.731596173843 1.5413476206912044e-15
7822.971714998732 1.525199369182955e-15
7827.2118338236305 1.5176760235292787e-15
7831.451952648518 1.5441176738406342e-15
7835.692071473417 1.5308548458377822e-15
7839.932190298306 1.5001196682252486e-15
7844.172309123203 1.5209077405072392e-15
7848.412427948092 1.4941229741900934e-15
7852.652546772991 1.4723892830940939e-15
7856.89266559788 1.4699016098462571e-15
7861.132784422777 1.481137452246045e-15
7865.372903247667 1.512650963458852e-15
7869.613022072565 1.5086047175784621e-15
7873.853140897454 1.5145818755390856e-15
7878.093259722352 1.5190496169385832e-15
7882.3333785472405 1.4821084970232849e-15
7886.573497372139 1.4806281938157942e-15
7890.813616197028 1.4977021220821107e-15
7895.053735021926 1.4428188889572e-15
7899.293853846814 1.4237707236821273e-15
7903.533972671713 1.4894133527134155e-15
7907.774091496602 1.4878822164102648e-15
7912.014210321499 1.4451698529113898e-15
7916.254329146388 1.4285812661308132e-15
7920.494447971287 1.4156533385535737e-15
7924.734566796175 1.4090552841030063e-15
7928.974685621073 1.4347192189276863e-15
7933.214804445962 1.3961903520810861e-15
7937.4549232708605 1.3975247805268832e-15
7941.695042095749 1.4013452512595098e-15
7945.935160920647 1.3618626705883308e-15
7950.175279745536 1.341107663905852e-15
7954.415398570424 1.308797170427899e-15
7958.655517395323 1.3314861670583473e-15
7962.895636220211 1.327813762396373e-15
7967.135755045109 1.3175399624596712e-15
7971.375873870008 1.2987359956994654e-15
7975.615992694897 1.329049929591095e-15
7979.8561115197945 1.3243910683815331e-15
7984.096230344683 1.3172392094197266e-15
7988.336349169572 1.327400065411449e-15
7992.5764679944705 1.277677374757429e-15
7996.816586819368 1.2621816325545362e-15
8001.056705644257 1.2494899931561328e-15
8005.296824469146 1.2621458300456415e-15
8009.536943294043 1.2727572734497636e-15
8013.777062118932 1.2111769470364159e-15
8018.017180943831 1.1816058455220307e-15
8022.257299768719 1.2088845225950792e-15
8026.497418593617 1.1657136089450365e-15
8030.737537418506 1.1548633980184885e-15
8034.977656243404 1.1638361035875074e-15
8039.217775068293 1.140165591653677e-15
8043.457893893191 1.1120988479885337e-15
8047.69801271808 1.0781366514241906e-15
8051.938131542978 1.0516203140119163e-15
8056.178250367867 1.0316583808714333e-15
8060.418369192765 9.874918542452674e-16
8064.658488017653 9.587709886568683e-16
8068.898606842552 9.247218463498367e-16
8073.138725667441 9.032313943797116e-16
8077.378844492338 8.962273919709805e-16
8081.618963317227 8.997898793183161e-16
8085.859082142126 8.860824738576581e-16
8090.099200967014 8.591737517218659e-16
8094.339319791912 8.251357243988247e-16
8098.579438616801 8.116725611583183e-16
8102.8195574416995 7.678060048461802e-16
8107.059676266588 7.501181481601934e-16
8111.299795091486 7.201822218891483e-16
8115.539913916375 7.336674201757498e-16
8119.780032741272 6.625073584884956e-16
8124.020151566161 6.821201858379462e-16
8128.260270391061 6.30206162909768e-16
8132.500389215949 6.450075090525697e-16
8136.740508040847 6.458469511508316e-16
8140.980626865736 6.207953636028044e-16
8145.2207456906335 6.133287387731405e-16
8149.460864515522 5.993172254362619e-16
8153.70098334042 6.047701023316671e-16
8157.941102165309 5.691610284628922e-16
8162.181220990198 5.626623985171363e-16
8166.421339815097 6.042262892149376e-16
8170.661458639985 6.214099264493269e-16
8174.901577464883 5.92851843053272e-16
8179.141696289781 5.845332352653773e-16
8183.381815114671 6.022312887180875e-16
8187.621933939559 5.953921432204846e-16
8191.862052764457 5.758249213168768e-16
8196.102171589346 5.658273846584178e-16
8200.342290414243 5.794612179488844e-16
8204.582409239143 5.917032523995885e-16
8208.82252806403 5.738188610730479e-16
8213.06264688893 5.524569361269395e-16
8217.302765713817 5.958451582315927e-16
8221.542884538707 5.982631099320273e-16
8225.783003363604 5.68578400926937e-16
8230.023122188493 5.827264011334453e-16
8234.26324101339 5.9585855098046e-16
8238.50335983829 6.149486733157768e-16
8242.743478663178 6.463256923344981e-16
8246.983597488068 6.52104952884589e-16
8251.223716312965 6.588289445699515e-16
8255.463835137854 6.800892958451015e-16
8259.703953962751 6.871840391765941e-16
8263.94407278764 6.967716990862932e-16
8268.184191612538 6.877406886095116e-16
8272.424310437427 6.746077832113024e-16
8276.664429262326 7.190859488955117e-16
8280.904548087216 7.264503177168166e-16
8285.144666912112 7.079444163418637e-16
8289.384785737002 7.488162635120579e-16
8293.624904561899 7.818105643908461e-16
8297.865023386788 8.051852145125405e-16
8302.105142211685 8.030498501336602e-16
8306.345261036575 8.019006810840709e-16
8310.585379861473 8.108013616459005e-16
8314.825498686363 8.082906981636339e-16
8319.06561751126 8.252990785735989e-16
8323.30573633615 8.866550303721479e-16
8327.545855161046 8.787231971954412e-16
8331.785973985936 8.156428513288395e-16
8336.026092810833 8.520725905488779e-16
8340.266211635722 8.742283104113063e-16
8344.506330460621 8.989036026612962e-16
8348.746449285509 8.814913355815493e-16
8352.98656811041 9.722496549946957e-16
8357.226686935297 9.77955719867808e-16
8361.466805760196 1.0039095016570298e-15
8365.706924585083 9.931544423552191e-16
8369.947043409982 1.0282357452244594e-15
8374.18716223487 1.0379399481149803e-15
8378.42728105977 1.0634422280423722e-15
8382.667399884656 1.0577943552070641e-15
8386.907518709546 1.0767182942800512e-15
8391.147637534445 1.0910034812152668e-15
8395.387756359343 1.0863374555811766e-15
8399.627875184231 1.1444958117275834e-15
8403.86799400913 1.1628466983033384e-15
8408.108112834017 1.1641487808660395e-15
8412.348231658918 1.194206843307142e-15
8416.588350483804 1.2056395823068605e-15
8420.828469308704 1.1876728092177696e-15
8425.068588133592 1.207569429161947e-15
8429.30870695849 1.2376417962243127e-15
8433.548825783379 1.2086324039147724e-15
8437.788944608268 1.2593931716678876e-15
8442.029063433165 1.2587591843770455e-15
8446.269182258055 1.2641161655013539e-15
8450.509301082951 1.2841665997992506e-15
8454.749419907841 1.324184028292274e-15
8458.98953873274 1.32196352570391e-15
8463.22965755763 1.30620626331216e-15
8467.469776382526 1.3506809706957993e-15
8471.709895207416 1.3632337533014087e-15
8475.950014032313 1.3390582455015217e-15
8480.190132857202 1.3495722253018004e-15
8484.430251682099 1.3600408751106456e-15
8488.670370506989 1.398869075005583e-15
8492.910489331887 1.408584130092159e-15
8497.150608156777 1.3816482734833865e-15
8501.390726981674 1.3948799695652309e-15
8505.630845806563 1.383812812127138e-15
8509.87096463146 1.3597535543566169e-15
8514.11108345635 1.3878931037724214e-15
8518.351202281247 1.3956924390161766e-15
8522.591321106136 1.4143211372959535e-15
8526.831439931035 1.4221158381195296e-15
8531.071558755923 1.4088365859181385e-15
8535.311677580821 1.4375552659812066e-15
8539.55179640571 1.4024380598415633e-15
8543.791915230608 1.3858326597120078e-15
8548.032034055497 1.399414948220103e-15
8552.272152880394 1.3791334321437884e-15
8556.512271705284 1.3725025345607217e-15
8560.752390530182 1.3568608071468329e-15
8564.99250935507 1.4007921111146891e-15
8569.232628179969 1.4398430277215879e-15
8573.472747004858 1.414394085546244e-15
8577.712865829755 1.4033245622916489e-15
8581.952984654645 1.3782742880067832e-15
8586.193103479542 1.324858582461488e-15
8590.433222304431 1.3461142070325436e-15
8594.67334112933 1.3677321089947548e-15
8598.913459954218 1.3945425241339567e-15
8603.153578779116 1.397487331521743e-15
8607.393697604006 1.3693113440638883e-15
8611.633816428903 1.342899015408494e-15
8615.873935253792 1.316046288201401e-15
8620.11405407869 1.3011947757292856e-15
8624.354172903579 1.304527920631676e-15
8628.594291728477 1.3157387018166841e-15
8632.834410553365 1.3197256000210078e-15
8637.074529378264 1.3010424610982862e-15
8641.314648203153 1.3655030853857416e-15
8645.554767028041 1.3037078654628032e-15
8649.79488585294 1.2827812489343904e-15
8654.035004677837 1.34734017810645e-15
8658.275123502726 1.368828314828754e-15
8662.515242327625 1.306349777521021e-15
8666.755361152513 1.2607087540472069e-15
8670.995479977411 1.3272149852201384e-15
8675.235598802301 1.3026857860678266e-15
8679.4757176272 1.2543937655518717e-15
8683.715836452087 1.2414752317963933e-15
8687.955955276977 1.236147052661824e-15
8692.196074101874 1.2482346586604214e-15
8696.436192926763 1.21912982068569e-15
8700.67631175166 1.2318623593160338e-15
8704.91643057655 1.204058142392264e-15
8709.156549401449 1.1692060870740157e-15
8713.396668226336 1.193341852209909e-15
8717.636787051235 1.1657399621717699e-15
8721.876905876125 1.1451648176822803e-15
8726.117024701021 1.1366696912839792e-15
8730.357143525911 1.105681629138064e-15
8734.597262350808 1.0771341280943227e-15
8738.837381175697 1.0231320399386303e-15
8743.077500000596 9.51441697774327e-16
8747.317618825484 9.521928592622388e-16
8751.557737650382 1.0325300819854643e-15
8755.797856475272 1.0018640487403983e-15
8760.037975300169 9.130794557261156e-16
8764.278094125058 9.431689403444866e-16
8768.518212949955 9.808720588743749e-16
8772.758331774845 9.747542662890442e-16
8776.998450599744 9.773632393877313e-16
8781.238569424631 9.48069284006334e-16
8785.47868824953 9.475715124452496e-16
8789.71880707442 9.407897069115028e-16
8793.958925899316 9.591758055547123e-16
8798.199044724206 9.540733385350426e-16
8802.439163549103 8.978169978282042e-16
8806.679282373992 9.041451477366944e-16
8810.919401198891 9.387240884863065e-16
8815.159520023779 9.54186525994929e-16
8819.399638848678 9.31411993890604e-16
8823.639757673567 9.402284954756074e-16
8827.879876498464 8.894093522069193e-16
8832.119995323354 9.336725991546233e-16
8836.36011414825 1.0030038832021963e-15
8840.60023297314 1.0053706520959102e-15
8844.840351798039 1.0177476543308157e-15
8849.080470622926 9.736430904909409e-16
8853.320589447825 8.956966922454306e-16
8857.560708272715 9.213106120456424e-16
8861.800827097612 9.55101505477487e-16
8866.040945922501 9.25837820200884e-16
8870.281064747398 8.99164701406321e-16
8874.521183572288 9.175416578775851e-16
8878.761302397175 8.773183293068764e-16
8883.001421222074 8.502381864479504e-16
8887.241540046973 8.235662339969104e-16
8891.481658871862 8.478881967312324e-16
8895.72177769676 8.772439956413631e-16
8899.961896521649 8.169895881686557e-16
8904.202015346536 8.447840417324026e-16
8908.442134171435 8.221644740370434e-16
8912.682252996323 8.183089241928926e-16
8916.922371821222 8.438166673071539e-16
8921.16249064611 8.170594279576984e-16
8925.40260947101 7.611644176332318e-16
8929.642728295896 7.702230257894109e-16
8933.882847120796 8.162863340577888e-16
8938.122965945684 8.144822802771241e-16
8942.363084770583 8.144683807070051e-16
8946.60320359547 7.954247563487965e-16
8950.843322420369 7.924591119584577e-16
8955.083441245257 8.480059602700909e-16
8959.323560070157 8.751996837912318e-16
8963.563678895043 8.861172607723696e-16
8967.803797719944 9.082327287245863e-16
8972.043916544833 8.745889056614666e-16
8976.28403536973 8.569317208258651e-16
8980.52415419462 8.933722804240208e-16
8984.764273019517 8.672572609563227e-16
8989.004391844406 8.931924234949443e-16
8993.244510669305 8.851942440556762e-16
8997.484629494193 8.799345582010642e-16
9001.724748319091 9.140998634722936e-16
9005.96486714398 9.317022566172699e-16
9010.204985968878 9.139079059629997e-16
9014.445104793767 9.02108549898427e-16
9018.685223618664 9.192917543046957e-16
9022.925342443554 9.249975146441684e-16
9027.16546126845 9.393674527544277e-16
9031.40558009334 9.420744409674733e-16
9035.645698918239 9.56746122769704e-16
9039.885817743128 9.276930126979338e-16
9044.125936568025 9.49928545919824e-16
9048.366055392915 1.0029412738742372e-15
9052.606174217812 9.700560061543665e-16
9056.846293042701 9.421505485188997e-16
9061.086411867598 9.493525806843752e-16
9065.326530692488 9.584574507579495e-16
9069.566649517386 8.552220162665919e-16
9073.806768342276 8.255572320712663e-16
9078.046887167173 8.418045201776509e-16
9082.287005992062 8.884558337693849e-16
9086.52712481696 8.763907729768348e-16
9090.767243641849 9.201773500489934e-16
9095.007362466746 9.141150959876681e-16
9099.247481291635 9.191406657677873e-16
9103.487600116534 9.431513302836636e-16
9107.727718941424 9.477783162482573e-16
9111.96783776631 9.879894480476495e-16
9116.20795659121 1.0226273691119508e-15
9120.448075416098 1.007836892601347e-15
9124.688194240996 1.0177151872302673e-15
9128.928313065884 9.786157285267175e-16
9133.168431890783 1.003455458507615e-15
9137.40855071567 9.876110454476769e-16
9141.648669540571 1.0018361161590304e-15
9145.888788365457 1.0589135000204722e-15
9150.128907190357 1.0321407893746801e-15
9154.369026015245 9.706031980801305e-16
9158.609144840144 9.508547401926538e-16
9162.84926366504 9.172752188854656e-16
9167.08938248993 9.695792115648592e-16
9171.329501314818 9.94655029013817e-16
9175.569620139719 1.0148136447505578e-15
9179.809738964605 1.0206789871184527e-15
9184.049857789505 1.0007752598794626e-15
9188.289976614393 1.0394942307371484e-15
9192.530095439291 1.0384177183019884e-15
9196.77021426418 9.729778570154494e-16
9201.010333089078 9.400377420680785e-16
9205.250451913966 9.628361398845058e-16
9209.490570738864 9.874914494392366e-16
9213.730689563752 1.0059945956280603e-15
9217.970808388653 9.8194058209131e-16
9222.21092721354 9.327267565246743e-16
9226.451046038439 9.35838308590766e-16
9230.691164863327 8.657809375649181e-16
9234.931283688225 9.238640911771714e-16
9239.171402513113 9.672175243005638e-16
9243.411521338012 1.0337869986251696e-15
9247.6516401629 8.016978175129948e-16
9251.8917589878 8.507119603733714e-16
9256.131877812688 7.594415249471964e-16
9260.371996637587 8.231485823439281e-16
9264.612115462474 7.244546684034233e-16
9268.852234287373 9.985539663966886e-16
9273.09235311226 8.993442275993428e-16
9277.33247193715 6.93551614652406e-16
9281.572590762047 8.453804212215676e-16
9285.812709586937 9.510147918590667e-16
9290.052828411835 9.635113595266301e-16
9294.292947236734 8.685810452117347e-16
9298.533066061624 6.116468029649349e-16
9302.77318488652 6.934962393018238e-16
9307.01330371141 8.185809272785629e-16
9311.253422536307 8.112733438178783e-16
9315.493541361197 8.334649504222692e-16
9319.733660186095 8.042714844632396e-16
9323.973779010985 8.237693871123798e-16
9328.213897835882 7.603585434570532e-16
9332.454016660771 6.440215218844466e-16
9336.694135485659 7.494832755818753e-16
9340.934254310558 8.137154857172186e-16
9345.174373135445 7.516930041408013e-16
9349.414491960344 7.847691929865634e-16
9353.654610785232 8.025127009893305e-16
9357.894729610132 7.149304955024264e-16
9362.13484843503 6.230618097779423e-16
9366.374967259919 8.407528209713157e-16
9370.615086084807 9.129413591499901e-16
9374.855204909705 8.732095397555883e-16
9379.095323734593 6.718845143295827e-16
9383.335442559492 7.115553136011457e-16
9387.57556138438 8.623569909020564e-16
9391.815680209278 8.947972707767554e-16
9396.055799034166 9.097562479599904e-16
9400.295917859066 7.890327098423369e-16
9404.536036683954 8.727185761881825e-16
9408.776155508853 8.428539029490692e-16
9413.01627433374 8.484739179100791e-16
9417.25639315864 7.535558281518323e-16
9421.496511983527 7.458116458439906e-16
9425.736630808426 8.330698867040945e-16
9429.976749633313 8.968998641422752e-16
9434.216868458214 9.17753578611011e-16
9438.456987283102 8.382509494306138e-16
9442.697106108 8.680150120561371e-16
9446.937224932888 8.435839343817133e-16
9451.177343757787 8.478669828135476e-16
9455.417462582674 8.961336857651376e-16
9459.657581407573 8.036477764840072e-16
9463.897700232461 7.995422117382579e-16
9468.137819057361 8.834071122529426e-16
9472.37793788225 7.443833097878829e-16
9476.618056707148 7.192721338549306e-16
9480.858175532036 8.750373890041936e-16
9485.098294356934 8.007004797766004e-16
9489.338413181822 8.147800912060563e-16
9493.57853200672 8.420997974293305e-16
9497.818650831608 8.568015973791369e-16
9502.058769656509 8.758094809196902e-16
9506.298888481397 9.276483625127804e-16
9510.539007306295 8.459915376961338e-16
9514.779126131183 9.293107597673385e-16
9519.019244956082 9.122158748497467e-16
9523.25936378097 8.966018696874976e-16
9527.499482605868 7.969493859899609e-16
9531.739601430756 7.569445792012383e-16
9535.979720255657 7.61127663029977e-16
9540.219839080542 7.367993058517251e-16
9544.459957905432 7.917443181404677e-16
9548.70007673033 8.857165386258844e-16
9552.94019555522 8.33756153773156e-16
9557.180314380117 8.178667447589837e-16
9561.420433205016 8.506119462699797e-16
9565.660552029904 8.259538695848313e-16
9569.900670854793 7.559435763998042e-16
9574.14078967969 8.133094918370411e-16
9578.38090850458 8.219930273173468e-16
9582.621027329478 8.074968281910439e-16
9586.861146154368 7.321720469071885e-16
9591.101264979265 7.529429918372013e-16
9595.341383804163 8.03465639572983e-16
9599.581502629051 6.894618005962335e-16
9603.82162145394 8.21737016193781e-16
9608.061740278838 8.712467702596083e-16
9612.301859103727 8.39211199911513e-16
9616.541977928626 8.682666132982007e-16
9620.782096753515 8.323673224179599e-16
9625.022215578414 8.130300478200207e-16
9629.262334403302 7.761296708406121e-16
9633.5024532282 7.498758204301241e-16
9637.742572053088 7.913306428932557e-16
9641.982690877987 7.595747014268762e-16
9646.222809702875 7.505543455606294e-16
9650.462928527775 7.739245645567404e-16
9654.703047352663 7.597941533517978e-16
9658.943166177562 7.720865004251817e-16
9663.18328500245 7.311425344086276e-16
9667.423403827348 6.426295361771278e-16
9671.663522652236 6.117149176918798e-16
9675.903641477134 6.739776611666216e-16
9680.143760302022 7.345842824864475e-16
9684.383879126923 7.896777211361427e-16
9688.62399795181 7.9468435274038015e-16
9692.86411677671 7.474111310322017e-16
9697.104235601597 7.494202430501944e-16
9701.344354426496 6.97605583707285e-16
9705.584473251383 7.522519709053875e-16
9709.824592076282 7.737421901218934e-16
9714.06471090117 6.57821574897817e-16
9718.30482972607 6.584041728949622e-16
9722.544948550956 6.824084834869055e-16
9726.785067375857 6.509173718918046e-16
9731.025186200744 5.55375593195517e-16
9735.265305025643 5.717537792014007e-16
9739.50542385053 5.934394027190486e-16
9743.74554267543 5.426466451890001e-16
9747.985661500317 6.171829420961361e-16
9752.225780325207 6.670593675129184e-16
9756.465899150104 7.399691548018635e-16
9760.706017975004 6.231501820552771e-16
9764.946136799892 6.569114023416055e-16
9769.18625562479 6.364118815871509e-16
9773.426374449678 6.649230862953489e-16
9777.666493274577 7.763327987718407e-16
9781.906612099465 7.920090491689836e-16
9786.146730924365 7.2715180961308e-16
9790.386849749251 6.615636166366595e-16
9794.626968574152 6.020820249757138e-16
9798.86708739904 6.047209587594705e-16
9803.10720622393 6.822159844932725e-16
9807.347325048826 7.223174152192187e-16
9811.587443873716 6.406972160827085e-16
9815.827562698612 5.14918207884162e-16
9820.067681523502 5.2482271714995315e-16
9824.307800348399 6.985135343501461e-16
9828.547919173288 6.614429273328399e-16
9832.788037998187 5.241471281354978e-16
9837.028156823086 6.152849001613797e-16
9841.268275647973 6.710294447880239e-16
9845.508394472863 6.971921377537556e-16
9849.74851329776 7.391981722161018e-16
9853.98863212265 7.352392562158366e-16
9858.228750947546 8.654005173454301e-16
9862.468869772436 8.263481948660201e-16
9866.708988597335 7.796047590973348e-16
9870.949107422224 8.007637043708022e-16
9875.189226247121 8.312856129321686e-16
9879.42934507201 8.085278120278073e-16
9883.669463896907 6.5989157065919315e-16
9887.909582721797 7.049452791868041e-16
9892.149701546694 8.463351174500598e-16
9896.389820371583 7.219967703938616e-16
9900.629939196482 6.05866204633098e-16
9904.87005802137 6.085284450350195e-16
9909.110176846269 5.990095153059517e-16
9913.350295671127 5.452386341853211e-16
9917.590414496086 6.377280217660117e-16
9921.830533320945 7.831288801453982e-16
9926.070652145803 6.117875545654511e-16
9930.310770970762 4.90440190516945e-16
9934.55088979562 6.592164908891654e-16
9938.791008620477 5.775193273508558e-16
9943.031127445436 4.946535257553896e-16
9947.271246270295 6.89067726724039e-16
9951.511365095155 6.407643131393569e-16
9955.751483920112 6.405609510856459e-16
9959.99160274497 6.318374415559432e-16
9964.23172156993 5.497176596231819e-16
9968.471840394786 5.979981334612597e-16
9972.711959219645 6.004108836932844e-16
9976.952078044604 6.600066807913364e-16
9981.192196869462 6.364778865989405e-16
9985.432315694323 7.309912040369419e-16
9989.67243451928 6.257157034722542e-16
9993.912553344138 7.743787288436008e-16
9998.152672168997 5.627821762794283e-16
10002.392790993954 4.465350798673778e-16
10006.632909818813 6.922140146022855e-16
10010.873028643673 7.150128454599263e-16
10015.11314746863 5.514550995591635e-16
10019.35326629349 3.9970686921627163e-16
10023.593385118347 5.605276000671443e-16
10027.833503943306 6.547560506334092e-16
10032.073622768165 4.769513929546008e-16
10036.313741593023 3.270906566020594e-16
10040.55386041798 4.193946390602193e-16
10044.79397924284 4.68679415487776e-16
10049.034098067697 4.633902186490076e-16
10053.274216892656 4.914024086798536e-16
10057.514335717515 4.344583469470085e-16
10061.754454542472 4.0507139969098695e-16
10065.994573367332 5.128531670203644e-16
10070.23469219219 5.058196215695364e-16
10074.474811017148 4.0103425396279957e-16
10078.714929842008 3.459283089137268e-16
10082.955048666865 2.0040795571395238e-16
10087.195167491824 2.0400504601120506e-16
10091.435286316682 2.8348831379534107e-16
10095.675405141541 3.184482465827685e-16
10099.9155239665 4.45873157359288e-16
10104.155642791358 4.227862456077666e-16
10108.395761616215 5.588341749732615e-16
10112.635880441176 3.7563811965614985e-16
10116.875999266033 1.6319836743615077e-16
10121.116118090891 1.3974405008540804e-16
10125.35623691585 1.7216108056771447e-16
10129.596355740709 2.5037587820633895e-16
10133.836474565569 1.573375136286818e-16
10138.076593390526 3.613223328059895e-16
10142.316712215383 3.149922116835841e-16
10146.556831040343 1.312206507898617e-16
10150.7969498652 1.4124911624389973e-16
10155.037068690059 3.232606299686231e-16
10159.277187515017 1.4187449985567807e-16
10163.517306339876 2.800793201363142e-16
10167.757425164735 2.0397686753030558e-16
10171.997543989693 1.5043152187812838e-16
10176.23766281455 2.007101477624053e-16
10180.47778163941 4.3896975553536376e-16
10184.717900464368 5.231166365121523e-16
10188.958019289226 2.0974604877206908e-16
10193.198138114087 -1.3524640051497881e-16
10197.438256939044 -2.385657639949317e-16
10201.678375763902 -1.8932495232366812e-16
10205.918494588761 1.189653250704877e-16
10210.158613413718 1.4067602097271458e-16
10214.398732238578 6.472957740351391e-17
10218.638851063437 9.87754293830836e-17
10222.878969888394 -9.046421506481181e-17
10227.119088713254 2.5019913140440952e-16
10231.359207538211 2.9914511483797816e-16
10235.599326363068 1.4642338210164838e-17
10239.839445187929 -1.5368348049363393e-16
10244.079564012885 1.0422391574725713e-16
10248.319682837746 2.9723629483663475e-17
10252.559801662605 3.7767992963977808e-16
10256.799920487561 5.818942903298674e-16
10261.04003931242 3.407021347148945e-17
10265.280158137279 -1.6613682005991217e-16
10269.520276962236 -1.768896752055973e-16
10273.760395787096 4.193889591097418e-16
10278.000514611955 4.485951192822684e-16
10282.240633436913 3.01334414202643e-16
10286.480752261772 5.211565974713127e-16
10290.720871086629 -9.720191083527092e-17
10294.960989911588 -1.930268302121068e-16
10299.201108736446 -2.755003564775459e-16
10303.441227561305 3.7225411081385786e-17
10307.681346386264 6.559913135521843e-17
10311.921465211122 -4.8177425239705915e-17
10316.161584035981 3.0009694503841003e-16
10320.40170286094 -9.430211855463174e-17
10324.641821685796 -4.2662895648890355e-16
10328.881940510755 1.2995266012512565e-16
10333.122059335614 3.9291401355900783e-16
10337.362178160472 1.493515255865882e-16
10341.602296985431 6.681073980549614e-17
10345.84241581029 2.307654800778727e-16
10350.082534635148 3.7013599609923514e-16
10354.322653460105 3.7264662516399597e-16
10358.562772284964 1.941606768067067e-17
10362.802891109824 -6.968399698299902e-17
10367.043009934781 2.850934311531973e-17
10371.28312875964 -1.1019962950364203e-16
10375.523247584499 4.2179804598731324e-16
10379.763366409457 8.820812357946946e-16
10384.003485234316 6.39322300270407e-16
10388.243604059175 4.622426024665955e-16
10392.483722884132 2.528963366061386e-16
10396.723841708992 4.0170060161451166e-16
10400.963960533849 -2.5676045294466085e-16
10405.204079358808 -2.868759679421322e-16
10409.444198183666 6.167667081957092e-17
10413.684317008625 -3.4701411883859605e-17
10417.924435833482 7.274315770553879e-16
10422.164554658342 6.098405305685651e-16
10426.4046734833 5.751356124665141e-16
10430.64479230816 6.45888537553029e-16
10434.884911133016 6.1300346126161e-16
10439.125029957975 4.795726885203759e-16
10443.365148782834 -8.037671238647442e-17
10447.605267607692 1.6469914417147476e-17
10451.84538643265 2.6302584478814425e-17
10456.08550525751 -2.8043215264590555e-16
10460.325624082367 7.367953899488813e-16
10464.565742907327 1.1415125772488604e-15
10468.805861732184 2.1127087452538634e-16
10473.045980557043 -2.5586317524381763e-16
10477.286099382001 -7.162443040662047e-17
10481.52621820686 8.635394045217837e-16
10485.766337031719 8.472556545091709e-16
10490.006455856677 5.063698059659228e-16
10494.246574681534 7.246583806097752e-16
10498.486693506395 1.6913145045793228e-15
10502.726812331352 6.850950327549677e-16
10506.96693115621 8.221350381994552e-16
10511.207049981169 6.492537606651214e-16
10515.447168806028 -7.280123514273718e-16
10519.687287630886 -3.136845748911994e-17
