3446.6508256980856 13.536104880329075
3448.109253076835 13.52305920260461
3449.567680455585 13.302235473265746
3451.026107834334 13.491284498073751
3452.484535213084 15.52311716008365
3453.9429625918337 15.013141020763193
3455.4013899705833 14.994701711898502
3456.859817349333 13.583672187418573
3458.318244728083 12.512327728171575
3459.7766721068324 13.826011542703885
3461.2350994855815 13.36611512370185
3462.6935268643315 13.507019278128684
3464.151954243081 14.029910181624356
3465.610381621831 14.242835711588041
3467.06880900058 12.605462441421455
3468.52723637933 11.695808721082752
3469.9856637580797 12.517894213597785
3471.444091136829 13.466741362845468
3472.902518515579 12.571347930308082
3474.3609458943283 12.806688321168242
3475.8193732730783 13.825956497538712
3477.2778006518274 14.251985740947104
3478.7362280305774 12.73868493191168
3480.194655409327 13.17597852006487
3481.6530827880765 13.354878123473648
3483.111510166826 12.396264159717289
3484.5699375455756 12.9301444561641
3486.0283649243256 13.148161664942103
3487.4867923030747 12.416171966002963
3488.9452196818247 12.231713425291456
3490.4036470605743 12.97961776376419
3491.8620744393243 12.242882068838252
3493.3205018180734 12.531916756281415
3494.7789291968234 12.862021827391596
3496.237356575573 12.201505417910216
3497.695783954322 11.581778468634365
3499.154211333072 12.442014167457787
3500.6126387118215 11.86470535649309
3502.0710660905715 11.712099350248499
3503.5294934693206 12.422809569630372
3504.9879208480706 12.352462114153369
3506.44634822682 11.770736848157533
3507.9047756055693 12.783995987266845
3509.3632029843193 12.4940717678246
3510.821630363069 12.302585955343059
3512.280057741819 11.883245842812816
3513.738485120568 11.461742754481225
3515.196912499318 11.713442762317776
3516.6553398780675 11.272305182908154
3518.1137672568175 11.32400865530686
3519.5721946355666 11.020741010086823
3521.030622014316 11.556613722355007
3522.489049393066 11.321288139585837
3523.947476771815 11.693307218997505
3525.405904150565 11.66057521438196
3526.8643315293148 12.037372400806584
3528.3227589080648 11.182433020904574
3529.781186286814 11.209887291611789
3531.239613665564 11.039471825400463
3532.6980410443134 10.528973530150608
3534.1564684230625 10.391506131557959
3535.6148958018125 10.846416445028852
3537.073323180562 11.01477296403779
3538.531750559312 10.929331092446766
3539.990177938061 10.925453037556013
3541.448605316811 10.730336181054222
3542.9070326955607 10.613672998361775
3544.3654600743102 10.851864910506896
3545.82388745306 11.071409496986528
3547.2823148318093 10.921679933020439
3548.7407422105593 10.607630450983486
3550.1991695893084 10.574976210763692
3551.6575969680584 10.48576771024495
3553.116024346808 10.72227994400347
3554.574451725558 11.359008702549206
3556.032879104307 10.59029244051076
3557.4913064830566 10.368301753731783
3558.9497338618066 10.64271173574223
3560.4081612405557 10.765877993093902
3561.8665886193057 10.416237259276956
3563.3250159980553 9.974915677914497
3564.7834433768053 9.967541316013543
3566.2418707555544 10.693336490187948
3567.7002981343044 10.879553765277988
3569.158725513054 10.378899622356768
3570.6171528918035 10.849747277330687
3572.075580270553 10.256343034475364
3573.5340076493026 9.910474022675599
3574.9924350280526 9.729465598934922
3576.4508624068017 9.437660531984717
3577.9092897855517 9.994476048589094
3579.367717164301 10.257717152072123
3580.8261445430508 10.233755565436052
3582.2845719218003 9.346773985738007
3583.74299930055 9.53683802526537
3585.2014266793 10.38940354111266
3586.6598540580494 9.890417387462605
3588.118281436799 9.96515415252312
3589.5767088155485 9.7674997996125
3591.0351361942985 9.68500822069271
3592.4935635730476 9.710504057392045
3593.951990951797 9.817341475117713
3595.410418330547 9.792656513391723
3596.8688457092967 9.627154559678166
3598.3272730880462 9.405323978143448
3599.785700466796 9.899068841720853
3601.244127845546 9.647870490622301
3602.702555224295 9.684172443561412
3604.160982603045 10.097473118437449
3605.6194099817944 10.132890173201767
3607.077837360544 10.179495050104565
3608.5362647392935 9.966174480718639
3609.994692118043 10.035148240824864
3611.453119496793 10.13725922108834
3612.9115468755426 9.797427594263809
3614.369974254292 9.663249863848009
3615.8284016330417 9.47638947251209
3617.2868290117913 9.329872110761212
3618.745256390541 9.913344092132498
3620.2036837692904 9.695940184995603
3621.6621111480404 9.614705982870223
3623.12053852679 9.852702655043908
3624.5789659055395 10.156256599982877
3626.037393284289 10.012383319532532
3627.495820663039 9.837391525017555
3628.954248041788 10.120668637237904
3630.4126754205377 9.832491518012631
3631.8711027992877 9.796498453929425
3633.329530178037 9.85612070912876
3634.7879575567868 9.73920136247753
3636.2463849355363 9.564809100827581
3637.7048123142863 9.357070427174282
3639.163239693036 9.553221080186916
3640.6216670717854 10.234838649846822
3642.080094450535 10.034096765850741
3643.5385218292845 9.68890588223145
3644.996949208034 9.691267970338863
3646.4553765867836 9.635921274851984
3647.9138039655336 9.528711516325014
3649.372231344283 9.26996733262607
3650.8306587230327 9.20227678683746
3652.2890861017822 8.928383415264598
3653.747513480532 9.196737809451452
3655.2059408592813 9.281581999237732
3656.664368238031 9.300070952616991
3658.122795616781 8.67395653811951
3659.5812229955304 9.371620867399743
3661.03965037428 8.56731754456175
3662.4980777530295 8.937432240752212
3663.9565051317795 9.562639536664939
3665.414932510529 9.28454817835233
3666.873359889278 8.759619774613068
3668.331787268028 8.863882807593154
3669.7902146467777 8.853649797792988
3671.2486420255273 8.507970093378573
3672.707069404277 8.562653100399418
3674.165496783027 8.648021505407218
3675.6239241617764 8.845807488181146
3677.082351540526 8.432165145745175
3678.5407789192755 8.392522363740428
3679.999206298025 8.945481736793377
3681.4576336767745 8.29202408880034
3682.916061055524 7.954887130837841
3684.374488434274 8.495553625508947
3685.8329158130236 8.58918611109447
3687.291343191773 8.340940940822462
3688.7497705705227 8.68790324786403
3690.2081979492723 8.275507753332757
3691.6666253280223 8.107410905408134
3693.1250527067714 8.241064535327492
3694.5834800855214 8.052579202489452
3696.041907464271 7.828111469006571
3697.5003348430205 8.143206921810231
3698.95876222177 8.27379852525123
3700.41718960052 8.160128420912358
3701.8756169792696 8.369092351802989
3703.3340443580187 8.493593905877985
3704.7924717367687 8.276769874479914
3706.250899115518 7.873953236675472
3707.709326494268 7.856697084965344
3709.1677538730173 8.378327311343822
3710.6261812517673 8.058324751049128
3712.084608630517 7.789877060499664
3713.5430360092664 8.180851442795896
3715.001463388016 7.588187085180956
3716.4598907667655 7.611775458449114
3717.9183181455155 8.11517002495769
3719.3767455242646 7.8271363286909565
3720.8351729030146 7.850151707491275
3722.293600281764 7.869280019477231
3723.7520276605137 7.940612669348593
3725.2104550392633 7.863428674067094
3726.668882418013 7.80012625932237
3728.127309796763 8.076582910062324
3729.585737175512 7.76041851785554
3731.044164554262 7.682691126020085
3732.5025919330114 7.402292505363417
3733.9610193117614 6.8678671886612275
3735.4194466905105 7.408327533487202
3736.8778740692605 7.666678911527658
3738.33630144801 7.864739592958403
3739.794728826759 8.24887972950809
3741.253156205509 8.165245235840274
3742.7115835842587 7.820896028230071
3744.1700109630087 7.548631734576246
3745.628438341758 7.770219971989789
3747.086865720508 7.202492882261795
3748.5452930992574 7.847159689741893
3750.003720478007 6.981197742588796
3751.4621478567565 7.511509260745592
3752.920575235506 7.676910098326798
3754.379002614256 6.972240738880611
3755.837429993005 7.542596607494617
3757.295857371755 7.551061622057701
3758.7542847505047 7.469262316772603
3760.2127121292547 8.061129631545112
3761.6711395080038 8.407983471611377
3763.1295668867533 7.786712236634153
3764.5879942655033 7.4126638653356975
3766.0464216442524 8.366254629301439
3767.5048490230024 7.614909210926252
3768.963276401752 7.549601302468124
3770.421703780502 7.473908805363885
3771.880131159251 7.491467264834537
3773.338558538001 7.228897559518644
3774.7969859167506 7.860497582112789
3776.2554132954997 7.163756610023825
3777.7138406742497 6.790963799102001
3779.1722680529992 7.43048086903459
3780.6306954317492 7.319610951960636
3782.0891228104983 7.283915088992324
3783.5475501892483 7.475495183966923
3785.005977567998 7.300971888568955
3786.464404946748 7.883412151783689
3787.922832325497 7.841856696963651
3789.3812597042465 6.9923835126252305
3790.8396870829965 7.842968093695686
3792.2981144617456 8.09191044488328
3793.7565418404956 7.646394825010133
3795.214969219245 7.396024735491354
3796.673396597995 7.5233062671379045
3798.1318239767443 7.561026001026456
3799.590251355494 7.390346346958725
3801.048678734244 7.281524866835826
3802.507106112993 7.397741221402444
3803.965533491743 7.6244822128872105
3805.4239608704925 7.822730501708491
3806.8823882492425 7.473357223367497
3808.3408156279916 7.154611686682308
3809.7992430067416 7.3905125755146175
3811.257670385491 7.719690933328754
3812.7160977642407 7.558032496411532
3814.17452514299 7.5411550991572645
3815.6329525217398 7.565462931556923
3817.0913799004898 7.4607738296181125
3818.549807279239 6.899418669866301
3820.008234657989 7.091031004024755
3821.4666620367384 7.630600170687624
3822.9250894154884 7.670988561390004
3824.3835167942375 7.715591978895417
3825.841944172987 8.08426977752784
3827.300371551737 8.329421842385832
3828.7587989304866 8.399773908353303
3830.217226309236 7.5030669962364565
3831.6756536879857 7.460528831992085
3833.1340810667357 7.844221377985722
3834.592508445485 7.799906380416443
3836.0509358242343 7.432937208186523
3837.5093632029843 7.650727452372447
3838.967790581734 7.548745607197743
3840.4262179604834 7.693867276386787
3841.884645339233 7.515942342734854
3843.343072717983 7.5139703869777765
3844.801500096732 7.386056370110122
3846.259927475482 7.604296764020204
3847.7183548542316 7.338836283015648
3849.176782232981 7.556437977555328
3850.6352096117307 7.358377515604711
3852.0936369904803 7.659345477073031
3853.5520643692303 7.937780791458014
3855.01049174798 7.708972450729453
3856.4689191267294 8.16125083099767
3857.927346505479 9.300968264274058
3859.385773884229 12.315290178411479
3860.844201262978 43.10928847527807
3862.3026286417276 236.66486271078784
3863.7610560204776 462.70104509839393
3865.219483399227 120.22786366972451
3866.6779107779766 10.402761261891142
3868.136338156726 8.569048115900056
3869.594765535476 7.874971886922509
3871.0531929142253 7.862600624103608
3872.511620292975 7.7650008920615425
3873.970047671725 7.815401991956243
3875.4284750504744 8.27292322844554
3876.886902429224 8.653301793885179
3878.3453298079735 9.124499124268146
3879.8037571867235 9.86200857577068
3881.262184565473 9.748328899476613
3882.7206119442226 9.06798214035946
3884.179039322972 8.272233764761374
3885.6374667017217 8.161268136279006
3887.095894080471 8.321844276982226
3888.554321459221 8.33907498651501
3890.012748837971 7.957524375523902
3891.4711762167203 7.903519911130272
3892.92960359547 8.094659940895422
3894.3880309742194 7.979566198084241
3895.8464583529694 7.946908125034729
3897.3048857317185 7.916542140629603
3898.763313110468 8.020613800553795
3900.221740489218 8.062631443722738
3901.6801678679676 7.805185972979784
3903.138595246717 7.882398276202026
3904.5970226254667 7.785433010812299
3906.0554500042167 7.8465995776844
3907.5138773829663 8.046816672370392
3908.9723047617153 8.272520939733832
3910.4307321404654 7.905341548907027
3911.889159519215 7.610875035304611
3913.3475868979644 8.001261263844373
3914.806014276714 8.05510035449577
3916.264441655464 7.7629943551278595
3917.7228690342135 7.951689921810545
3919.181296412963 7.909831221078494
3920.6397237917126 7.869450290883475
3922.098151170462 7.499013372396724
3923.5565785492117 7.487779822655839
3925.0150059279613 7.897090227655634
3926.4734333067113 7.8874653257470095
3927.931860685461 8.011968327121886
3929.3902880642104 7.994485572681502
3930.84871544296 7.5880717844354315
3932.30714282171 7.59570642788188
3933.7655702004595 7.82771677558852
3935.2239975792086 7.677711133746092
3936.6824249579586 7.723511726985421
3938.140852336708 7.618875502166907
3939.5992797154577 7.457818516051439
3941.057707094207 7.5430127293280265
3942.516134472957 7.501395421022287
3943.9745618517068 7.64255109258941
3945.432989230456 7.901314644870786
3946.891416609206 7.844841768891426
3948.3498439879554 7.596033936161241
3949.8082713667054 7.6055218131560585
3951.2666987454545 7.746768444153241
3952.7251261242045 7.7636502221340775
3954.183553502954 7.789490577427187
3955.6419808817036 8.092735822569793
3957.100408260453 8.195727116337078
3958.5588356392027 8.706757105377745
3960.0172630179527 9.471097011693452
3961.475690396702 9.664165958362362
3962.934117775452 9.512784402868505
3964.3925451542013 8.798146132731093
3965.850972532951 8.442899316238517
3967.3093999117004 7.812045619703345
3968.7678272904504 7.5525685670927505
3970.2262546692 7.985251945453789
3971.684682047949 8.081793214858545
3973.143109426699 7.755780813540952
3974.6015368054486 7.6915065139053365
3976.0599641841986 7.541499234116464
3977.5183915629477 7.683711759789341
3978.9768189416977 7.748643240329871
3980.4352463204473 7.835072255015704
3981.8936736991964 7.606502485895559
3983.3521010779464 7.550122088052917
3984.810528456696 7.584998032085873
3986.268955835446 7.478706931450066
3987.727383214195 7.475443853077652
3989.185810592945 7.265531610306309
3990.6442379716946 7.3474702056988
3992.102665350444 7.6646318739787525
3993.5610927291937 7.63147876207044
3995.019520107943 7.647670644139362
3996.477947486693 7.845156329061695
3997.9363748654423 7.598940479963927
3999.3948022441923 7.646652690475402
4000.853229622942 7.6763592502804725
4002.311657001692 7.361466944658403
4003.770084380441 7.622267279944731
4005.228511759191 7.810092785039669
4006.6869391379405 7.684667874422318
4008.1453665166896 7.619506877256242
4009.6037938954396 7.586135462714818
4011.062221274189 7.548842396803281
4012.520648652939 7.613539360965298
4013.9790760316882 7.887537669628149
4015.4375034104382 7.990781476122186
4016.895930789188 7.705924492339774
4018.354358167937 7.796001839745413
4019.812785546687 8.081274569041557
4021.2712129254364 8.088955850005211
4022.7296403041864 7.627979529163556
4024.1880676829355 7.343508068340949
4025.6464950616855 7.505788379489994
4027.104922440435 7.533114231513094
4028.563349819185 7.5751956218650704
4030.021777197934 7.762845373282735
4031.4802045766837 7.597013627676773
4032.9386319554337 7.536537611884701
4034.397059334183 7.763361412986174
4035.855486712933 7.737995539909947
4037.3139140916824 7.523321178982952
4038.7723414704324 7.537491018309704
4040.2307688491815 7.798689201230767
4041.6891962279315 7.910474764294273
4043.147623606681 7.649290871754927
4044.60605098543 7.551248202553001
4046.06447836418 7.607356681383008
4047.5229057429297 7.531274721367754
4048.9813331216797 7.54793367589589
4050.4397605004287 7.4869006863499985
4051.8981878791787 7.581303682623845
4053.3566152579283 7.624712169631295
4054.815042636678 7.5540641908840085
4056.2734700154274 7.685206403355102
4057.731897394177 7.643876775671336
4059.190324772927 7.611385967481487
4060.648752151676 7.609186528145101
4062.107179530426 7.358142868451238
4063.5656069091756 7.423229439866059
4065.024034287925 7.374990462026584
4066.4824616666747 7.3125249228372455
4067.9408890454247 7.552495872536392
4069.399316424174 7.563973981088784
4070.857743802924 7.860147300484613
4072.3161711816733 7.665764421108733
4073.7745985604233 7.4300402655730995
4075.2330259391724 7.723349960895513
4076.691453317922 7.730405953918692
4078.149880696672 7.660375912246326
4079.608308075421 7.8909877562251864
4081.066735454171 7.810304363580349
4082.5251628329206 7.788560960584042
4083.9835902116706 7.717626424449885
4085.4420175904197 7.843783870273167
4086.9004449691693 8.149667747004116
4088.3588723479193 8.563442447104515
4089.8172997266693 9.358156565264048
4091.2757271054184 10.244791392110674
4092.734154484168 10.505666014313613
4094.192581862918 10.452619698110546
4095.651009241667 9.551070749738763
4097.109436620417 8.689477966665866
4098.567863999167 8.089145014342384
4100.026291377916 8.001564124925444
4101.484718756666 8.001263234730944
4102.943146135415 7.877150520335886
4104.401573514166 7.707047573251123
4105.860000892914 7.808157551217865
4107.318428271664 7.632219487671193
4108.776855650414 7.679380153167694
4110.235283029164 7.543708584080473
4111.6937104079125 7.738407134509067
4113.152137786663 7.801999798384108
4114.6105651654125 7.476341584923684
4116.068992544161 7.563114952073455
4117.527419922912 7.670962771627971
4118.985847301661 7.565767620106989
4120.444274680412 7.441090254152319
4121.90270205916 7.666425040856491
4123.36112943791 7.688592846254428
4124.81955681666 7.411293722100351
4126.27798419541 7.5200290046822325
4127.736411574158 7.46786264981697
4129.194838952909 7.478208146187844
4130.653266331658 7.483955418270201
4132.111693710407 7.560182338262252
4133.5701210891575 7.656505602148471
4135.028548467907 7.573165505506214
4136.4869758466575 7.435374162319433
4137.945403225406 7.366202021023984
4139.403830604156 7.481634751224667
4140.862257982906 7.5343797216105095
4142.320685361655 7.265364616980947
4143.779112740404 7.16942097348253
4145.237540119155 7.433406069966966
4146.695967497904 7.305880833248443
4148.154394876653 7.041457710764453
4149.612822255403 7.180857712275181
4151.071249634153 7.516415976301919
4152.529677012902 7.470249254631833
4153.988104391652 7.209889843464197
4155.446531770402 7.352864732227339
4156.904959149152 7.355162750146256
4158.363386527901 7.228785558888077
4159.82181390665 7.304630170660486
4161.280241285401 7.249249941847748
4162.73866866415 7.228074381258884
4164.197096042899 7.39601944322664
4165.655523421649 7.24498003529621
4167.113950800399 7.1475232923036955
4168.572378179148 7.20875243135583
4170.030805557898 7.222892262748434
4171.489232936648 7.141205901397848
4172.947660315398 7.178494264322656
4174.406087694147 7.211813239570424
4175.864515072896 7.100779968620553
4177.322942451647 7.0789417173358755
4178.781369830395 7.046715289615514
4180.239797209145 7.053040408180219
4181.698224587895 7.071742983062793
4183.156651966645 6.999727041853613
4184.6150793453935 6.8686062219687
4186.073506724144 6.978479327459072
4187.5319341028935 7.069809727212303
4188.990361481643 7.044992443115043
4190.448788860393 6.949097084861537
4191.907216239142 6.9716684722635085
4193.365643617893 6.919563597154313
4194.824070996641 6.830324037904459
4196.282498375391 6.8495243859523685
4197.740925754141 6.734492085387148
4199.199353132891 6.865140393061035
4200.657780511639 6.899295950119455
4202.11620789039 6.662507190555612
4203.574635269139 6.623730549222561
4205.033062647889 6.87233438825353
4206.4914900266385 6.905416966733529
4207.949917405388 6.849726017061971
4209.4083447841385 6.83056125674359
4210.866772162887 6.839427113328278
4212.325199541637 6.833424331996944
4213.783626920387 6.792737177927892
4215.242054299136 6.7467573197880935
4216.700481677885 6.772673954648379
4218.158909056636 6.9177628727992895
4219.617336435385 6.92731705936822
4221.075763814134 6.875093439061141
4222.5341911928845 6.909075441098254
4223.992618571634 6.913843149591896
4225.451045950384 7.02697876921344
4226.909473329133 7.03295364261435
4228.367900707883 6.968266718368167
4229.826328086633 6.873237951013342
4231.284755465382 6.850967379897291
4232.743182844131 6.933856828701655
4234.201610222882 6.906876212971375
4235.660037601631 7.025968163994613
4237.11846498038 6.909518078529402
4238.57689235913 6.848159283606287
4240.03531973788 6.982204141202191
4241.4937471166295 6.81560358655149
4242.952174495379 6.719192093678482
4244.410601874129 6.913431947545115
4245.869029252879 6.926103257417556
4247.327456631628 6.839004977476803
4248.785884010377 6.885447682660715
4250.244311389128 6.8661524973470005
4251.702738767876 6.807203614003108
4253.161166146626 6.8036880976590295
4254.619593525376 6.8788087600446275
4256.078020904126 6.80469147060069
4257.536448282875 6.756547066580062
4258.994875661625 6.854317986208004
4260.4533030403745 6.726767779244003
4261.911730419124 6.785318438362905
4263.370157797874 6.922136146803764
4264.828585176623 6.98024812813261
4266.287012555374 7.014593743578246
4267.745439934122 6.772307370940128
4269.203867312872 6.618302492460207
4270.662294691622 6.5986081235104725
4272.120722070372 6.674717398783972
4273.57914944912 6.676214487647688
4275.037576827871 6.534769101621693
4276.4960042066205 6.542422334069942
4277.95443158537 6.600746791655769
4279.41285896412 6.74571805588549
4280.871286342869 6.716027935191417
4282.32971372162 6.683780814014887
4283.788141100368 6.813402453029328
4285.246568479118 6.823002126832501
4286.704995857868 6.771963053548419
4288.163423236617 6.806495739642185
4289.621850615366 6.806132779264434
4291.080277994117 6.785058269472703
4292.538705372866 6.929047257632702
4293.997132751616 6.835564663371452
4295.4555601303655 6.840931579156978
4296.913987509115 6.779657995482979
4298.372414887865 6.825268071462308
4299.830842266614 6.854322010821361
4301.289269645364 6.902874414450594
4302.747697024114 6.8181989307176485
4304.206124402863 6.849279665755109
4305.664551781612 6.985361718894975
4307.122979160363 6.976470110222934
4308.581406539112 7.014094825590371
4310.039833917862 6.921322712212226
4311.498261296611 6.805669835521105
4312.956688675361 6.994152582230756
4314.4151160541105 7.221435603081886
4315.87354343286 7.2645638009371805
4317.33197081161 7.199242433928477
4318.79039819036 7.136027598755937
4320.248825569109 7.32566915073318
4321.707252947858 7.41931114134126
4323.165680326609 7.628636564159332
4324.624107705357 7.917898910696794
4326.082535084108 8.523840842759634
4327.540962462857 9.481736796947308
4328.999389841607 11.03919598950965
4330.457817220356 12.27282893904099
4331.916244599106 12.240741818791507
4333.3746719778555 11.269835609411382
4334.833099356605 9.972246850608657
4336.291526735355 8.720262252716307
4337.749954114104 8.099179535183294
4339.208381492855 8.090320687724185
4340.666808871603 7.94872157868732
4342.125236250353 7.827339060527331
4343.583663629103 7.652557279732282
4345.042091007853 7.505649441807319
4346.500518386602 7.471505056577683
4347.958945765352 7.560986721372599
4349.4173731441015 7.266636927556094
4350.875800522851 7.212647870024647
4352.334227901601 7.267213742548822
4353.79265528035 7.193009208364165
4355.251082659101 7.098374947222376
4356.709510037849 7.127655052507601
4358.167937416599 7.310686147237788
4359.626364795349 7.254287739131601
4361.084792174098 7.037472351917403
4362.543219552848 7.20713509571655
4364.001646931598 7.322054561442926
4365.460074310347 7.335520766082621
4366.918501689097 7.282491264095329
4368.3769290678465 7.206081314492476
4369.835356446596 7.1915636582066655
4371.293783825346 7.169748560521115
4372.752211204095 7.229191757753086
4374.210638582845 7.2988835477795595
4375.669065961595 7.205687297754154
4377.127493340344 7.303132310863132
4378.585920719094 7.422130471774073
4380.044348097844 7.404699658373734
4381.502775476593 7.329282417537964
4382.961202855343 7.329681169179768
4384.419630234092 7.414847248037147
4385.878057612842 7.369935086414031
4387.3364849915915 7.259455594626835
4388.794912370341 7.24080170427535
4390.253339749091 7.157918552800013
4391.711767127841 7.141800106319494
4393.17019450659 7.305550741189507
4394.628621885339 7.3322216398121505
4396.08704926409 7.283384592300794
4397.545476642838 7.265324916997342
4399.003904021589 7.259787011200151
4400.462331400338 7.307748048837567
4401.920758779088 7.364402269582787
4403.3791861578375 7.27776115809046
4404.837613536587 7.385344277736167
4406.296040915337 7.496909015617688
4407.754468294086 7.267795366730533
4409.212895672836 7.230916973598563
4410.671323051585 7.320768888625604
4412.129750430336 7.255298574733739
4413.588177809084 7.251409718760928
4415.046605187835 7.209740807096989
4416.505032566584 7.279095541327819
4417.963459945334 7.386031693644861
4419.421887324083 7.356459389410864
4420.880314702833 7.313305060024101
4422.3387420815825 7.22521352840049
4423.797169460332 7.35064623870042
4425.255596839082 7.448369998070914
4426.714024217831 7.315635902190705
4428.172451596582 7.295212960463481
4429.63087897533 7.2476818048753655
4431.089306354081 7.2224684384145394
4432.54773373283 7.284180005897274
4434.006161111579 7.241778429419584
4435.464588490329 7.1481162407325
4436.923015869079 7.249401846876435
4438.381443247828 7.352416643105067
4439.839870626578 7.305860329908075
4441.2982980053275 7.27806467879251
4442.756725384077 7.2058836268216195
4444.215152762827 7.259755615372552
4445.673580141576 7.36952039785051
4447.132007520327 7.401237424085268
4448.590434899076 7.341668238601169
4450.048862277825 7.173441051394777
4451.507289656575 7.249734517795947
4452.965717035325 7.286048390679051
4454.424144414074 7.216495749502458
4455.882571792824 7.363063551024628
4457.3409991715735 7.517709785199235
4458.799426550323 7.633011654244869
4460.257853929073 7.743969827657639
4461.716281307822 7.966147560530408
4463.174708686572 8.098181336651738
4464.633136065322 7.909575338139927
4466.091563444071 7.600083525738907
4467.549990822821 7.557770379787176
4469.008418201571 7.577835570090825
4470.466845580319 7.457068762428429
4471.92527295907 7.475520659964707
4473.383700337819 7.464416121143004
4474.842127716569 7.4362205616332755
4476.3005550953185 7.453498314330219
4477.758982474068 7.452156275947234
4479.217409852818 7.532229827077419
4480.675837231567 7.482532695005821
4482.134264610317 7.2321221273121274
4483.592691989067 7.204107383687109
4485.051119367817 7.316247251819692
4486.509546746565 7.24018420260647
4487.967974125316 7.350101297458892
4489.426401504065 7.5882238518849885
4490.884828882815 7.438301646757833
4492.343256261564 7.339743386352597
4493.801683640314 7.329300687989265
4495.2601110190635 7.323893808597417
4496.718538397813 7.286048090135946
4498.176965776563 7.217949821343498
4499.635393155313 7.3157539636975315
4501.093820534063 7.372015111088911
4502.552247912811 7.339464472776097
4504.010675291562 7.364556484972092
4505.469102670311 7.353694929313218
4506.92753004906 7.360960152186179
4508.38595742781 7.372441798756375
4509.84438480656 7.37613477463087
4511.302812185309 7.267172089826222
4512.761239564059 7.290669861341561
4514.2196669428085 7.375584682831592
4515.678094321558 7.2933041544826684
4517.136521700308 7.322209612519356
4518.594949079057 7.2926359357691775
4520.053376457808 7.221569718030985
4521.511803836557 7.174576416760525
4522.970231215306 7.161774614151014
4524.428658594056 7.161427058472077
4525.887085972806 7.189470728656249
4527.345513351555 7.138051503321112
4528.803940730305 7.169976372616666
4530.2623681090545 7.227019944156285
4531.720795487804 7.261597189236003
4533.179222866554 7.234213752338035
4534.637650245303 7.177218313232119
4536.096077624054 7.1559561181784925
4537.554505002803 7.141264473967529
4539.012932381552 7.239007556691924
4540.471359760302 7.3683025584476045
4541.929787139052 7.3275450231068655
4543.3882145178 7.212196780377905
4544.846641896551 7.206987545602542
4546.3050692753 7.219388279662209
4547.76349665405 7.156964518115319
4549.2219240327995 7.054928704495691
4550.680351411549 7.040273969436096
4552.1387787902995 7.103942897891258
4553.597206169048 7.105755856288373
4555.055633547798 7.215351916249101
4556.514060926548 7.148206853544969
4557.972488305298 6.997869086303702
4559.430915684046 6.960387297694415
4560.889343062797 7.068256482497581
4562.347770441546 7.081204501672018
4563.806197820296 7.034275823746681
4565.264625199045 7.054628928203397
4566.723052577795 7.111618551822035
4568.181479956545 7.146466507276351
4569.639907335294 7.084516322643643
4571.098334714044 6.984708854353416
4572.556762092794 6.96534200678689
4574.015189471544 6.994343938079407
4575.473616850292 6.899757036452288
4576.932044229043 6.916036255214558
4578.390471607792 7.046279200110465
4579.848898986541 6.889247298143817
4581.307326365291 6.827808313671306
4582.765753744041 6.931537149244217
4584.2241811227905 6.910337235921875
4585.68260850154 6.875923074119784
4587.14103588029 6.9014285086842495
4588.59946325904 6.839974546193476
4590.057890637789 6.866564531959483
4591.516318016538 6.809508008537625
4592.974745395289 6.773928884269563
4594.433172774038 6.819049141897977
4595.891600152787 6.739438762210323
4597.350027531537 6.74514510363125
4598.808454910287 6.756361615905309
4600.266882289036 6.6534490313456285
4601.725309667786 6.682766022007547
4603.1837370465355 6.731146817801403
4604.642164425286 6.64319298579224
4606.100591804035 6.607066092595923
4607.559019182784 6.5838613304111
4609.017446561535 6.685338035466581
4610.475873940284 6.6403736686257275
4611.934301319033 6.675871484245677
4613.392728697783 6.690995237911757
4614.851156076533 6.572471779638345
4616.309583455281 6.549710935797393
4617.768010834032 6.492416219666881
4619.226438212781 6.601899129034803
4620.684865591532 6.724745499655647
4622.1432929702805 6.6702100504110735
4623.60172034903 6.537884396625929
4625.0601477277805 6.591855015883044
4626.518575106529 6.670775596443472
4627.977002485279 6.527378886256425
4629.435429864029 6.411431194915786
4630.893857242779 6.422948599593093
4632.352284621527 6.521265131335778
4633.810712000278 6.451295665702029
4635.269139379027 6.375188817209794
4636.727566757777 6.424310837418597
4638.1859941365265 6.4101161380723095
4639.644421515276 6.348045640283329
4641.1028488940265 6.370199839925709
4642.561276272775 6.495743806835355
4644.019703651525 6.440953037425966
4645.478131030275 6.342951378787833
4646.936558409025 6.291837546159291
4648.394985787773 6.292641985246415
4649.853413166524 6.3639502071320635
4651.311840545273 6.337481298152554
4652.770267924022 6.24320689068817
4654.228695302772 6.257663308064018
4655.687122681522 6.304228477212394
4657.145550060272 6.291048908816282
4658.603977439021 6.286819790311165
4660.062404817771 6.285402336491392
4661.520832196521 6.292601684783339
4662.97925957527 6.283146889568567
4664.437686954019 6.177903632533622
4665.89611433277 6.160018165658095
4667.354541711519 6.211651377783939
4668.812969090268 6.2826165369739195
4670.271396469018 6.307775235152785
4671.729823847768 6.264192297189247
4673.188251226518 6.077222487454349
4674.646678605267 6.041725610495996
4676.1051059840165 6.080748262812694
4677.563533362767 6.161103617151263
4679.021960741516 6.174589581789569
4680.480388120265 6.137323547941468
4681.938815499016 6.24742861677248
4683.397242877765 6.209293642432145
4684.855670256514 6.148344953886347
4686.314097635264 6.181179681034846
4687.772525014014 6.17735097723968
4689.230952392763 6.126725592253415
4690.689379771513 6.089863524571266
4692.147807150262 6.108710482943005
4693.606234529013 6.103972085069022
4695.064661907762 6.0517552033343165
4696.523089286511 6.104105025548361
4697.981516665262 6.103527967599238
4699.43994404401 6.140388428812235
4700.89837142276 6.269042393992953
4702.35679880151 6.30351634596588
4703.81522618026 6.274356913370976
4705.273653559008 6.315595172660755
4706.732080937759 6.250880265054464
4708.190508316508 6.063117604996284
4709.648935695259 6.1022884875809345
4711.1073630740075 6.111060754363477
4712.565790452757 6.065441526501048
4714.0242178315075 6.184172957448412
4715.482645210256 6.173558645045341
4716.941072589006 6.087523372584001
4718.399499967756 6.138866356007185
4719.857927346506 6.107467027300953
4721.316354725254 6.034400149598469
4722.774782104005 6.099397654867183
4724.233209482754 6.108114156908529
4725.691636861504 5.978207948949973
4727.150064240253 6.052913445749122
4728.608491619003 6.067000467766464
4730.066918997753 6.002970077640774
4731.525346376502 6.008836654534455
4732.983773755252 6.080168546274827
4734.442201134002 6.05674128047087
4735.900628512751 6.034569076815975
4737.3590558915 6.180669149654172
4738.817483270251 6.233663764767144
4740.275910649 6.111212565886603
4741.73433802775 6.047472004512441
4743.192765406499 6.080223044681424
4744.651192785249 6.222596339413714
4746.109620163999 6.265081991824526
4747.568047542748 6.192192854021514
4749.0264749214975 6.129015168121222
4750.484902300248 6.150498771944891
4751.943329678997 6.201885789639311
4753.401757057746 6.158148267114729
4754.860184436497 6.129144735060463
4756.318611815246 6.059119356574342
4757.777039193995 6.084919512598915
4759.235466572745 6.190061116101986
4760.693893951495 6.2012548990349865
4762.152321330244 6.203010158783661
4763.610748708994 6.147474771039602
4765.0691760877435 6.151534363070666
4766.527603466494 6.25113401527413
4767.986030845243 6.331415528655788
4769.444458223992 6.295045193225916
4770.902885602743 6.283762272388899
4772.361312981491 6.238494059139501
4773.819740360241 6.164255648315852
4775.278167738991 6.129253133511605
4776.736595117741 6.103795072848957
4778.19502249649 6.071473203066846
4779.65344987524 6.1256332141016125
4781.111877253989 6.223956022896268
4782.57030463274 6.137316943408523
4784.0287320114885 6.176286193157554
4785.487159390238 6.186897188246635
4786.9455867689885 6.144929778573111
4788.404014147737 6.155016313051418
4789.862441526487 6.165616322439729
4791.320868905237 6.134038809933813
4792.779296283987 6.141094694925
4794.237723662736 6.179660976494088
4795.696151041486 6.042131394894567
4797.154578420235 6.072978823647283
4798.613005798985 6.192697149425669
4800.071433177734 6.180276565365528
4801.529860556484 6.091631965861352
4802.988287935234 6.077940512526527
4804.446715313983 6.241634584004138
4805.905142692733 6.248857542333695
4807.363570071483 6.291930045667679
4808.821997450232 6.390620481596518
4810.280424828982 6.319238814565598
4811.738852207732 6.314577875312011
4813.197279586481 6.312593069370272
4814.655706965231 6.261640546680126
4816.11413434398 6.371440172084363
4817.57256172273 6.378690669818937
4819.03098910148 6.295418543607579
4820.489416480229 6.39001203329743
4821.947843858979 6.4944146717199205
4823.406271237729 6.459710508641054
4824.864698616478 6.466422915527267
4826.323125995227 6.506298187816293
4827.781553373978 6.454142984731631
4829.239980752727 6.660445088516345
4830.698408131477 6.809329098329638
4832.156835510226 6.762081736141482
4833.615262888976 6.917536471012497
4835.073690267725 7.090071014795896
4836.532117646475 7.183453506283183
4837.9905450252245 7.3083939738304835
4839.448972403975 7.364127863837061
4840.907399782724 7.480520327199367
4842.365827161473 7.733418415719059
4843.824254540224 8.126609959744696
4845.282681918972 8.954799886812946
4846.741109297723 10.496072373530136
4848.199536676472 12.801497747091775
4849.657964055222 15.250065762641682
4851.116391433971 16.96792213820312
4852.574818812721 16.66843250160819
4854.03324619147 14.437635748873818
4855.491673570221 11.778037216197609
4856.9501009489695 9.712932218645603
4858.408528327719 8.736741134600416
4859.8669557064695 8.424740289330092
4861.325383085218 8.140893189413237
4862.783810463969 7.782613991608527
4864.242237842718 7.652155026374106
4865.700665221468 7.613148563379969
4867.159092600217 7.460681314923051
4868.617519978967 7.304596365189692
4870.075947357716 7.1426804396292
4871.534374736466 7.055442759725508
4872.992802115215 6.979084033387531
4874.451229493965 6.925910692466853
4875.9096568727155 6.859812881961299
4877.368084251464 6.830745120786193
4878.826511630214 6.817192687354479
4880.284939008964 6.690181706678152
4881.743366387713 6.641523055258423
4883.201793766463 6.667340845083308
4884.660221145213 6.664858813537553
4886.118648523962 6.536837712723018
4887.577075902712 6.551078658113953
4889.035503281461 6.628614656008538
4890.493930660211 6.555677596382846
4891.952358038961 6.475860060812071
4893.41078541771 6.378163302443902
4894.86921279646 6.36742633030443
4896.32764017521 6.419005264830646
4897.786067553959 6.4049117019416375
4899.244494932709 6.435078779363199
4900.702922311459 6.388269722960504
4902.161349690208 6.258173701811938
4903.619777068958 6.173356033987794
4905.078204447707 6.26056343467562
4906.536631826457 6.482218852451667
4907.995059205206 6.5032748294509375
4909.453486583956 6.460179315598319
4910.9119139627055 6.547724096851289
4912.370341341456 6.598750988012556
4913.828768720205 6.557985870021091
4915.287196098955 6.5857908018646505
4916.745623477705 6.465156814278545
4918.204050856453 6.27622041475575
4919.662478235204 6.201223056743163
4921.120905613953 6.241449279952909
4922.579332992703 6.348940572927978
4924.037760371452 6.241542972992027
4925.496187750202 6.2048971690187305
4926.954615128951 6.194213610371778
4928.413042507702 6.128416754793369
4929.8714698864505 6.154452390909013
4931.329897265201 6.0537919583352044
4932.788324643951 5.952046828901569
4934.246752022699 6.004982276363873
4935.70517940145 6.1246334922895285
4937.163606780199 6.086940430374576
4938.622034158949 6.019363097869474
4940.080461537698 6.001391576088058
4941.538888916448 5.9252857354817285
4942.997316295197 5.839667296256907
4944.455743673947 5.899485549969486
4945.9141710526965 6.064477227280835
4947.372598431446 6.106761886819074
4948.8310258101965 6.136592321097342
4950.289453188945 6.032771286886857
4951.747880567696 5.888610269276274
4953.206307946445 5.934760946819343
4954.664735325194 5.952558242025527
4956.123162703944 6.029202099568979
4957.581590082694 5.99914865144307
4959.040017461443 5.923364299934048
4960.498444840193 5.942089274779995
4961.956872218942 6.015587135759563
4963.415299597692 6.084511814686388
4964.873726976442 6.068041549834859
4966.332154355191 6.061244917257557
4967.7905817339415 5.972402680811485
4969.249009112691 5.971170883371589
4970.70743649144 6.019164425072975
4972.16586387019 6.029407670859446
4973.62429124894 5.924028484712437
4975.082718627689 5.828827508204419
4976.541146006439 5.879627475989727
4977.999573385188 5.917936097067336
4979.458000763938 5.941021702836059
4980.916428142687 5.949749963564046
4982.374855521437 5.999240223423077
4983.833282900187 6.04522732809745
4985.291710278937 6.081563846096146
4986.750137657686 6.072784729315185
4988.208565036436 6.000995328687723
4989.666992415186 5.960361839952507
4991.125419793934 5.994989602981215
4992.583847172685 6.0450685273972855
4994.042274551434 6.08737624560168
4995.500701930184 6.112021032132254
4996.959129308933 6.0414150776846
4998.417556687683 6.045443952856185
4999.8759840664325 6.215164603104474
5001.334411445183 6.357753428016006
5002.792838823932 6.58329494701914
5004.251266202682 6.65664296350708
5005.709693581432 6.6259171345274375
5007.16812096018 6.648155033626318
5008.626548338931 6.511530411442418
5010.08497571768 6.3516650981594145
5011.54340309643 6.20231588396537
5013.001830475179 6.188311228009336
5014.460257853929 6.090520827579498
5015.918685232678 5.95408585764393
5017.377112611428 6.075629434167709
5018.8355399901775 6.136225369794462
5020.293967368928 6.134384601688723
5021.7523947476775 6.019785864192011
5023.210822126426 5.958023711385538
5024.669249505177 5.962053886391715
5026.127676883926 6.00197497899818
5027.586104262675 6.068921229221526
5029.044531641425 6.052534954706584
5030.502959020175 6.085742854123906
5031.961386398924 6.047483197665744
5033.419813777674 6.016605397289956
5034.878241156423 6.041525685713994
5036.336668535174 6.039528343899716
5037.795095913923 6.0472567117750495
5039.253523292672 6.091923951665137
5040.7119506714225 6.035083468685519
5042.170378050172 6.0011396749213475
5043.628805428921 6.002310740019895
5045.087232807671 6.026289403217784
5046.545660186421 5.915663802939186
5048.00408756517 5.802207285354341
5049.46251494392 5.915824457491082
5050.920942322669 6.0099787161923635
5052.379369701419 5.931284592783082
5053.8377970801685 5.843990587063789
5055.296224458918 5.881999348019889
5056.7546518376685 5.94788424490662
5058.213079216418 6.030321886166033
5059.671506595167 6.020768490978403
5061.129933973917 5.95171149876963
5062.588361352667 5.9287398874476676
5064.046788731415 5.895909372188349
5065.505216110166 5.859978607196299
5066.963643488915 5.848554636346296
5068.422070867665 5.839241697811216
5069.880498246414 5.8684384649989445
5071.338925625164 5.93029087146245
5072.797353003914 5.908794775322332
5074.255780382664 5.8038920238174505
5075.714207761413 5.840739279538876
5077.172635140163 5.925095045330808
5078.631062518913 5.842984141302831
5080.089489897661 5.833769516366367
5081.547917276412 5.912301332108952
5083.006344655161 5.854461005495087
5084.464772033911 5.831713783497566
5085.92319941266 5.894523113247673
5087.38162679141 5.8545141572806365
5088.84005417016 5.846174699451562
5090.298481548909 5.909672147289788
5091.7569089276585 5.90687245350988
5093.215336306409 5.914152189047468
5094.6737636851585 5.788284498438798
5096.132191063907 5.689729084864775
5097.590618442658 5.721069895732489
5099.049045821407 5.796760260554289
5100.507473200156 5.830813925407485
5101.965900578906 5.834014701521153
5103.424327957656 5.812575330307064
5104.882755336406 5.885721626318271
5106.341182715155 5.905634724855364
5107.799610093904 5.742830957771091
5109.258037472655 5.700720610962082
5110.716464851404 5.7085471766345695
5112.174892230153 5.755687785061649
5113.633319608904 5.820209008287708
5115.091746987653 5.894909639726524
5116.550174366402 5.917354734995866
5118.008601745152 5.837959458593856
5119.467029123902 5.755852075174372
5120.925456502651 5.7284892298872405
5122.383883881401 5.737869185162551
5123.84231126015 5.768696807273448
5125.300738638901 5.823121778424417
5126.7591660176495 5.806174896740574
5128.217593396399 5.764853900157101
5129.6760207751495 5.758536461330235
5131.134448153899 5.720583419351883
5132.592875532648 5.774854622836797
5134.051302911398 5.779600654046773
5135.509730290148 5.654947086045402
5136.968157668896 5.639753389713404
5138.426585047647 5.729774618329216
5139.885012426396 5.789214218469032
5141.343439805147 5.79375749493838
5142.801867183895 5.696638829999076
5144.260294562645 5.694796490093277
5145.718721941395 5.770285777135047
5147.177149320145 5.802657016741007
5148.635576698894 5.772825967112408
5150.094004077644 5.793209433116434
5151.552431456394 5.859216081609743
5153.010858835142 5.835932476251436
5154.469286213893 5.7949483312131775
5155.927713592642 5.7608954646468495
5157.386140971393 5.825194210229501
5158.844568350141 5.958748725839569
5160.302995728891 5.920107392603094
5161.761423107641 5.775184617769695
5163.21985048639 5.669285595345497
5164.6782778651395 5.67292657058346
5166.13670524389 5.722064207047041
5167.5951326226395 5.723618118183643
5169.053560001388 5.749212406997805
5170.511987380139 5.749903821817345
5171.970414758888 5.696855385149852
5173.428842137638 5.700357408890142
5174.887269516387 5.749392591170934
5176.345696895137 5.760650640581829
5177.804124273887 5.735240698713642
5179.262551652636 5.727133230853794
5180.7209790313855 5.761980481992405
5182.179406410136 5.800028886624741
5183.6378337888855 5.835809440145749
5185.096261167634 5.785898435277025
5186.554688546385 5.671090564038288
5188.013115925134 5.647474471354855
5189.471543303883 5.742247363805468
5190.929970682633 5.872804079405691
5192.388398061383 5.886876735814809
5193.846825440133 5.794962135847168
5195.305252818882 5.727880291778844
5196.763680197631 5.747965692098661
5198.222107576382 5.6857918127591045
5199.6805349551305 5.621716709761244
5201.13896233388 5.8041006463288
5202.5973897126305 5.9127541789622
5204.05581709138 5.769086409097711
5205.514244470129 5.687891216894633
5206.972671848879 5.718770481488353
5208.431099227629 5.666892104160865
5209.889526606378 5.653122959239277
5211.347953985128 5.645203880853632
5212.806381363877 5.5789628794130675
5214.264808742628 5.6526465319528985
5215.723236121376 5.6822787978287606
5217.181663500126 5.6331415443470725
5218.640090878876 5.62950972786183
5220.098518257626 5.6178283352956875
5221.556945636375 5.687717988528444
5223.015373015125 5.699684656719401
5224.473800393875 5.6886620183917875
5225.932227772624 5.743117478188415
5227.390655151374 5.648160087599758
5228.849082530123 5.549453638621596
5230.307509908874 5.56024226487777
5231.765937287622 5.528959681778385
5233.224364666372 5.4203536610173035
5234.682792045122 5.477466264376921
5236.141219423871 5.646896310897247
5237.599646802621 5.552285541711284
5239.058074181371 5.411849320592499
5240.516501560121 5.540714253149152
5241.974928938869 5.742647082428334
5243.43335631762 5.741715803324009
5244.891783696369 5.579283962186799
5246.350211075119 5.497007216947799
5247.808638453868 5.4833686728704265
5249.267065832618 5.570655599211159
5250.725493211368 5.656610247690091
5252.183920590117 5.628142249378984
5253.6423479688665 5.444062586517701
5255.100775347617 5.48480170103388
5256.5592027263665 5.569890315816618
5258.017630105115 5.5330734347990616
5259.476057483866 5.568281922149442
5260.934484862615 5.561074877434605
5262.392912241365 5.468510428427917
5263.851339620114 5.492815017455074
5265.309766998864 5.5725584939993515
5266.768194377614 5.517075964560379
5268.226621756363 5.503527313068314
5269.685049135112 5.506864180467202
5271.143476513863 5.430220120491531
5272.6019038926115 5.475444845679092
5274.060331271361 5.431031752950821
5275.5187586501115 5.341877951608509
5276.977186028861 5.3174446680816185
5278.435613407611 5.445456294814131
5279.89404078636 5.5083980681717915
5281.35246816511 5.519129500250862
5282.810895543859 5.467444157550246
5284.269322922609 5.481225225354781
5285.727750301358 5.501029399674964
5287.186177680109 5.492309001694079
5288.644605058857 5.514874321065181
5290.103032437607 5.387803831013506
5291.5614598163575 5.349842240907744
5293.019887195107 5.427858906084245
5294.478314573857 5.545599761054426
5295.936741952606 5.436713982065446
5297.395169331356 5.358838007632403
5298.853596710105 5.418887162783267
5300.312024088855 5.4524228842144655
5301.770451467604 5.533816346534131
5303.228878846355 5.553126997915546
5304.687306225103 5.580646772373135
5306.145733603853 5.598405240133057
5307.604160982603 5.531359973868993
5309.062588361352 5.496485802206764
5310.521015740102 5.418815135312506
5311.979443118852 5.352956815500242
5313.437870497602 5.425132533720521
5314.896297876351 5.394522117104865
5316.354725255101 5.348770388877138
5317.81315263385 5.408273814239365
5319.2715800126 5.355090892491802
5320.730007391349 5.316467976879886
5322.188434770099 5.3332414046995495
5323.646862148849 5.346467859455481
5325.105289527598 5.343427591449771
5326.5637169063475 5.304086469698971
5328.022144285098 5.303319467424851
5329.4805716638475 5.395111746275199
5330.938999042597 5.374447211956419
5332.397426421347 5.337317295477774
5333.855853800096 5.338970574844147
5335.314281178846 5.288073938964815
5336.772708557595 5.30584332640016
5338.231135936345 5.322125881135215
5339.689563315095 5.40095439462374
5341.147990693844 5.409761376169964
5342.606418072593 5.433938713649173
5344.064845451344 5.335269465116529
5345.5232728300925 5.353821762988559
5346.981700208843 5.314790157683239
5348.4401275875925 5.301818107459031
5349.898554966342 5.308387036741547
5351.356982345092 5.287646540947114
5352.815409723841 5.342220828217771
5354.273837102591 5.325970120642007
5355.73226448134 5.395113455542697
5357.19069186009 5.346333918581105
5358.649119238839 5.247422003980612
5360.10754661759 5.295826209492014
5361.5659739963385 5.3475714317892376
5363.024401375088 5.235443098529919
5364.4828287538385 5.229713828821848
5365.941256132588 5.301821288410114
5367.399683511338 5.377098772041743
5368.858110890087 5.3135998151094075
5370.316538268837 5.324667038236206
5371.774965647586 5.313589184264898
5373.233393026336 5.276197619475593
5374.691820405085 5.214053641049932
5376.150247783836 5.187933727741057
5377.608675162584 5.2487528769148435
5379.067102541334 5.270854763544169
5380.525529920084 5.175094613967338
5381.983957298833 5.169506952120109
5383.4423846775835 5.256505288971917
5384.900812056333 5.2151326100087605
5386.359239435083 5.201238164068117
5387.817666813832 5.154744507024772
5389.276094192582 5.186276597394935
5390.734521571331 5.189324896485102
5392.192948950081 5.2639867687265385
5393.65137632883 5.17370757230862
5395.10980370758 5.135090221919497
5396.56823108633 5.189160412509303
5398.026658465079 5.149207978834411
5399.485085843829 5.25360526265545
5400.943513222579 5.311711343455732
5402.4019406013285 5.233279147760048
5403.860367980078 5.209355303968003
5405.318795358828 5.121722378528256
5406.777222737577 5.078159948808052
5408.235650116327 5.0778381976886156
5409.694077495076 5.0965107474986295
5411.152504873826 5.17836815492431
5412.610932252576 5.192806835486013
5414.069359631325 5.170870794480883
5415.527787010075 5.090695603101032
5416.986214388825 5.040576280200797
5418.444641767574 5.089840826042717
5419.903069146324 5.235726449471866
5421.361496525074 5.198575852106379
5422.819923903823 5.210627059445637
5424.278351282573 5.194239839686244
5425.736778661322 5.205347181168116
5427.195206040072 5.192194769009834
5428.653633418821 5.079695753685081
5430.112060797571 5.05397190530688
5431.57048817632 5.0636395570497434
5433.028915555071 5.096695116711904
5434.4873429338195 5.033336041162194
5435.94577031257 5.076960966427954
5437.4041976913195 5.0994343806271765
5438.862625070069 5.157135039547719
5440.321052448819 5.085606602057854
5441.779479827568 5.0976687902235405
5443.237907206318 5.169560740056942
5444.696334585067 5.160123320483819
5446.154761963817 5.054308809790956
5447.613189342566 5.066604237135751
5449.071616721317 4.997640798900751
5450.530044100065 4.98173133324811
5451.988471478816 5.103816837353907
5453.446898857565 5.103487040251752
5454.905326236314 5.115303858000138
5456.3637536150645 5.1604431074998915
5457.822180993814 5.121406250081408
5459.280608372564 5.022563890796483
5460.739035751313 5.050893770671773
5462.197463130063 5.037381558534952
5463.655890508812 5.0044652716030535
5465.114317887562 5.0859307883340685
5466.572745266311 5.006576949031937
5468.031172645062 5.0310898826049355
5469.489600023811 5.15347640852528
5470.94802740256 5.1094559521979175
5472.4064547813105 5.025636169022173
5473.86488216006 5.036371845680588
5475.32330953881 5.017066792586734
5476.781736917559 5.051749508837559
5478.240164296309 5.034701976348683
5479.698591675058 4.941662994579429
5481.157019053808 4.906796720146048
5482.615446432557 4.969175294093103
5484.073873811307 5.058420760558288
5485.532301190057 4.975135876430505
5486.990728568806 4.888930027500469
5488.449155947556 4.935402290515284
5489.907583326306 4.948786922588844
5491.366010705055 4.946195234336276
5492.824438083805 4.889892619234142
5494.282865462555 4.796524768995714
5495.741292841304 4.836649320742699
5497.199720220054 4.987928174821167
5498.658147598803 5.028344486004923
5500.116574977553 5.029523176723423
5501.575002356302 4.8907506829151
5503.033429735052 4.791292282094709
5504.491857113802 4.876705832945898
5505.950284492552 4.905766076281885
5507.4087118713005 4.945692680882896
5508.867139250051 4.979728879405861
5510.3255666288005 4.9132816725959945
5511.78399400755 4.823430023858092
5513.2424213863 4.795338927191944
5514.700848765049 4.778221195738698
5516.159276143799 4.806305689875455
5517.617703522548 4.8111322635965115
5519.076130901298 4.8634885099858165
5520.534558280048 4.891315974679352
5521.992985658798 4.80151905248739
5523.451413037546 4.783821069253227
5524.909840416297 4.7773594123257475
5526.368267795046 4.751858224003293
5527.826695173795 4.711363635007834
5529.2851225525455 4.6453191541765655
5530.743549931295 4.722354059263816
5532.201977310045 4.943530058543317
5533.660404688794 4.940592615753745
5535.118832067544 4.790657898034952
5536.577259446293 4.638018092703448
5538.035686825043 4.658263487328656
5539.494114203792 4.712748955448038
5540.952541582543 4.639483220735061
5542.410968961292 4.653100015010283
5543.869396340041 4.712347067930687
5545.3278237187915 4.638418503808356
5546.786251097541 4.593902743806465
5548.244678476291 4.643545829870395
5549.70310585504 4.707097745717161
5551.16153323379 4.7267358245853535
5552.619960612539 4.623437710579962
5554.078387991289 4.64586078843024
5555.536815370038 4.677693776629826
5556.995242748789 4.51117527880739
5558.453670127538 4.575548795062499
5559.912097506287 4.682683838478488
5561.370524885037 4.628353085864785
5562.828952263787 4.578448734753439
5564.287379642536 4.620525729071684
5565.745807021286 4.591411048382446
5567.204234400036 4.599468992683393
5568.662661778785 4.568524814571672
5570.121089157535 4.583219029393516
5571.579516536284 4.564712071294837
5573.037943915035 4.493108903825873
5574.496371293783 4.4543480371879385
5575.954798672533 4.54641599045913
5577.413226051283 4.458847603350235
5578.871653430033 4.480135553868193
5580.3300808087815 4.5662827717637855
5581.788508187532 4.469480499170023
5583.2469355662815 4.4416028893023105
5584.705362945031 4.432699684774549
5586.163790323781 4.325661912529402
5587.62221770253 4.343966309529841
5589.080645081281 4.352736319514351
5590.539072460029 4.35779208753104
5591.997499838779 4.405446787923489
5593.455927217529 4.354783066626378
5594.914354596279 4.351141433621528
5596.3727819750275 4.391810836976993
5597.831209353778 4.437483336409499
5599.2896367325275 4.393541153304981
5600.748064111276 4.285253720111391
5602.206491490027 4.291579961727392
5603.664918868776 4.316346128508677
5605.123346247526 4.324216299961975
5606.581773626275 4.306791513854126
5608.040201005025 4.28913464796138
5609.498628383775 4.365904632873925
5610.957055762524 4.306483162465446
5612.415483141273 4.292561557240964
5613.873910520024 4.289578376325573
5615.332337898773 4.326315921530263
5616.790765277522 4.3016371630081505
5618.2491926562725 4.250642031695194
5619.707620035022 4.235051605362519
5621.166047413772 4.304672648335551
5622.624474792521 4.2839414423678095
5624.082902171271 4.194154060414722
5625.541329550021 4.234189131483396
5626.99975692877 4.273017146136686
5628.458184307519 4.243678913431574
5629.91661168627 4.183998535600427
5631.375039065019 4.325963181799058
5632.833466443768 4.271973355045503
5634.291893822518 4.276775663985873
5635.750321201268 4.243590643830924
5637.208748580017 4.194564970898921
5638.667175958767 4.247718061392794
5640.125603337517 4.3011337605360005
5641.584030716267 4.202640925883189
5643.042458095016 4.332034192415527
5644.500885473765 4.435304275953544
5645.959312852516 4.24562206287127
5647.417740231264 4.269923095673937
5648.876167610014 4.209706298082703
5650.334594988764 4.215661833802599
5651.793022367514 4.22212474361895
5653.251449746263 4.23790259853756
5654.709877125013 4.301396665142605
5656.168304503763 4.3082597084254965
5657.626731882512 4.297656287395975
5659.085159261262 4.255324810938177
5660.543586640011 4.309087818416877
5662.002014018762 4.311721547284558
5663.46044139751 4.295896358071141
5664.91886877626 4.31869095704604
5666.37729615501 4.368231329615179
5667.83572353376 4.324328066599961
5669.2941509125085 4.358929406673993
5670.752578291259 4.39599271920257
5672.2110056700085 4.357704559637862
5673.669433048757 4.286415544875803
5675.127860427508 4.295540062567974
5676.586287806257 4.321333987301254
5678.044715185008 4.350562444821751
5679.503142563756 4.2771961982669655
5680.961569942506 4.3458081844057475
5682.419997321256 4.374791793864429
5683.878424700005 4.462044729682469
5685.336852078754 4.398881211225563
5686.795279457505 4.274523861391948
5688.253706836254 4.379192075140277
5689.712134215003 4.39230900758556
5691.1705615937535 4.447806139115177
5692.628988972503 4.370222283019318
5694.0874163512535 4.413120520337505
5695.545843730002 4.45562635045935
5697.004271108752 4.380276224371131
5698.462698487502 4.300088573660817
5699.921125866251 4.329817979404081
5701.379553245 4.280945406560328
5702.837980623751 4.317585255823507
5704.2964080025 4.433868506501909
5705.754835381249 4.318498824559078
5707.213262759999 4.350085428307207
5708.671690138749 4.42030259255925
5710.130117517499 4.321549444907984
5711.588544896248 4.404729657379547
5713.046972274998 4.425567194614462
5714.505399653748 4.371185287967694
5715.963827032497 4.425262616996708
5717.422254411246 4.423678763812432
5718.880681789997 4.437351441246359
5720.339109168745 4.466121416838326
5721.797536547495 4.496475244702408
5723.255963926245 4.46844660304035
5724.714391304995 4.483438398665851
5726.172818683744 4.463598487430365
5727.631246062494 4.4016180509776905
5729.089673441244 4.40775754376673
5730.548100819994 4.3678272284749164
5732.006528198743 4.427050434331822
5733.464955577492 4.579791853381582
5734.923382956243 4.5480686368064696
5736.381810334991 4.441082861312595
5737.840237713741 4.47497072806327
5739.298665092491 4.501125431139894
5740.757092471241 4.441277004730609
5742.2155198499895 4.47128684273082
5743.67394722874 4.6160568122564065
5745.1323746074895 4.676936450949037
5746.590801986239 4.576076550023052
5748.049229364989 4.500948858520931
5749.507656743738 4.544970939064682
5750.966084122489 4.549744741431539
5752.424511501237 4.516222709898742
5753.882938879987 4.557369851448171
5755.341366258737 4.598821966243461
5756.799793637486 4.535751469906541
5758.258221016235 4.434801699088466
5759.716648394986 4.495885991643188
5761.175075773735 4.641240284026846
5762.633503152485 4.647501210703955
5764.0919305312345 4.627794806779525
5765.550357909984 4.637709545480605
5767.0087852887345 4.551234970204633
5768.467212667483 4.573790472071336
5769.925640046233 4.583726837467253
5771.384067424983 4.562608318660187
5772.842494803732 4.666319342644067
5774.300922182481 4.622192498888415
5775.759349561232 4.5709400030624
5777.217776939981 4.488583807178142
5778.676204318731 4.5289288473701435
5780.1346316974805 4.578278749362206
5781.59305907623 4.709694485182585
5783.05148645498 4.726975814316401
5784.509913833729 4.641129333544113
5785.968341212479 4.666424424893103
5787.426768591229 4.635997164148419
5788.885195969978 4.652370800518526
5790.343623348727 4.533656716346978
5791.802050727478 4.447134219530918
5793.260478106226 4.558108350338663
5794.718905484976 4.616444343921811
5796.177332863726 4.579919481484018
5797.635760242476 4.51715325117189
5799.0941876212255 4.596240251299215
5800.552614999975 4.632309848448571
5802.011042378725 4.654930446278889
5803.469469757475 4.495014638331121
5804.927897136224 4.519980052715956
5806.386324514973 4.625997560606019
5807.844751893724 4.569708049696832
5809.303179272472 4.524967313935553
5810.761606651222 4.538964536907022
5812.220034029972 4.571062244727348
5813.678461408722 4.564836334377022
5815.136888787471 4.638125418121931
5816.595316166221 4.666410140069899
5818.0537435449705 4.4290129541149525
5819.51217092372 4.493319671225217
5820.97059830247 4.57327514776713
5822.429025681219 4.595828803890964
5823.88745305997 4.620502954014968
5825.345880438718 4.6774050635168
5826.804307817468 4.54500958845636
5828.262735196218 4.4768732168196745
5829.721162574967 4.618922700712722
5831.179589953717 4.561983351511888
5832.638017332467 4.670714031786041
5834.0964447112165 4.602369074564946
5835.554872089966 4.562843223622283
5837.013299468716 4.520933988880135
5838.471726847465 4.413427760968192
5839.930154226216 4.4903507960260916
5841.388581604964 4.54539897416739
5842.847008983714 4.499567833142559
5844.305436362464 4.558338617638786
5845.763863741213 4.492536464186628
5847.222291119962 4.560811523844189
5848.680718498713 4.582177905148837
5850.139145877462 4.6385067331711625
5851.597573256212 4.6855709628137685
5853.0560006349615 4.621597251980576
5854.514428013711 4.721629969921173
5855.972855392461 4.794842864074878
5857.43128277121 4.923257916220835
5858.88971014996 5.284055594780581
5860.34813752871 5.572106925671352
5861.806564907459 6.010659420389247
5863.264992286208 6.215693806946009
5864.723419664959 6.219024679617894
5866.181847043707 5.947572374302441
5867.640274422458 5.43255116595435
5869.098701801207 5.113495675539425
5870.557129179957 4.9181442617279885
5872.0155565587065 4.797107084460334
5873.473983937456 4.799025593528777
5874.932411316206 4.88019653387395
5876.390838694956 4.837056355826552
5877.849266073705 4.8056352464145915
5879.307693452454 4.844372545269091
5880.766120831205 4.909528019343563
5882.224548209953 4.778232138066766
5883.682975588704 4.703985420453143
5885.141402967453 4.800335651444734
5886.599830346203 4.6633739515485955
5888.058257724952 4.584734966351428
5889.516685103702 4.635662469493316
5890.975112482452 4.635527110794672
5892.433539861201 4.66424382031109
5893.891967239951 4.604664947533794
5895.3503946187 4.546174088808988
5896.808821997451 4.63276103130549
5898.267249376199 4.491812209478669
5899.72567675495 4.436784507029171
5901.184104133699 4.555761447641589
5902.642531512448 4.5444085447015095
5904.100958891198 4.514192757361574
5905.559386269948 4.514080660056393
5907.0178136486975 4.399179336523946
5908.476241027447 4.383190508730261
5909.934668406197 4.322445581804713
5911.393095784946 4.385954288805703
5912.851523163697 4.5947126154934095
5914.309950542445 4.553418932010897
5915.768377921195 4.521709883541468
5917.226805299945 4.469707414653259
5918.685232678694 4.453213364904373
5920.143660057444 4.4070434628174455
5921.602087436194 4.33955894310876
5923.060514814943 4.466026549100638
5924.518942193693 4.456364722168842
5925.9773695724425 4.388703427845624
5927.435796951192 4.4335739062421915
5928.894224329942 4.375159778050336
5930.352651708691 4.392580116300918
5931.811079087441 4.352330492774111
5933.269506466191 4.394384475970138
5934.72793384494 4.4607016722801776
5936.18636122369 4.381558675773249
5937.64478860244 4.388289841916124
5939.103215981188 4.371526888071335
5940.561643359939 4.234081906945016
5942.020070738688 4.2287997221500735
5943.478498117438 4.269038419837861
5944.9369254961875 4.299115849094039
5946.395352874937 4.367439552857423
5947.853780253687 4.375287519832375
5949.312207632437 4.356366227918794
5950.770635011186 4.389191197000743
5952.229062389936 4.3671719465708945
5953.687489768686 4.286474978305986
5955.145917147434 4.28142475549932
5956.604344526185 4.325872566974014
5958.062771904934 4.332371613730623
5959.521199283684 4.314770389286053
5960.9796266624335 4.253259117674184
5962.438054041183 4.272235489284255
5963.896481419933 4.448818905572607
5965.354908798682 4.471574616917463
5966.813336177432 4.3215956466197145
5968.271763556181 4.266390137656608
5969.730190934932 4.359375012345731
5971.18861831368 4.374228354621131
5972.647045692431 4.239390396724012
5974.10547307118 4.31749430227125
5975.563900449929 4.330693501627701
5977.022327828679 4.191447874616946
5978.480755207429 4.259276625874784
5979.9391825861785 4.234179213843125
5981.397609964928 4.241394824891966
5982.856037343678 4.231585202245247
5984.314464722427 4.19620712841232
5985.772892101178 4.1997358098233555
5987.231319479926 4.212377019211093
5988.689746858677 4.262089313796271
5990.148174237426 4.270220471628431
5991.606601616175 4.27413767027322
5993.065028994925 4.244008318713262
5994.523456373675 4.196561981307847
5995.981883752424 4.217429155504011
5997.440311131174 4.236852602141809
5998.8987385099235 4.270000679414034
6000.357165888673 4.239052176193449
6001.815593267423 4.203069753156577
6003.274020646172 4.287449694824825
6004.732448024923 4.259746529342305
6006.190875403672 4.194758324941193
6007.649302782421 4.139546340783187
6009.107730161171 4.129888767865672
6010.566157539921 4.156409828112642
6012.0245849186695 4.124002990918283
6013.48301229742 4.106573577480474
6014.9414396761695 4.209333445315312
6016.399867054919 4.276946196590798
6017.858294433669 4.207921667574383
6019.316721812418 4.165322294960092
6020.775149191168 4.130148688091582
6022.233576569918 4.163669821132603
6023.692003948667 4.2049195972853415
6025.150431327417 4.148748880481477
6026.608858706167 4.097318607305899
6028.067286084915 4.122308709843525
6029.525713463666 4.125121481140327
6030.984140842415 4.0792327471006455
6032.442568221165 4.0951558272117845
6033.9009955999145 4.109446342258967
6035.359422978664 4.054609841441172
6036.817850357414 4.119736563960725
6038.276277736163 4.08643391422854
6039.734705114913 4.004024593809426
6041.193132493663 4.126331853639325
6042.651559872413 4.197455080471262
6044.109987251161 4.190896040559273
6045.568414629912 4.113301684581763
6047.026842008661 4.137265698035758
6048.48526938741 4.043766479839778
6049.94369676616 4.017807132192292
6051.40212414491 4.109939272805189
6052.8605515236595 4.003864149430959
6054.318978902409 4.029996779201522
6055.777406281159 4.033400078225053
6057.235833659909 4.141696344768006
6058.694261038659 4.121664711944872
6060.152688417407 4.100359944460001
6061.611115796158 4.196081507903246
6063.069543174907 4.1557863675372015
6064.527970553656 4.055470816456113
6065.986397932406 4.031073668887267
6067.444825311156 4.186463124630058
6068.9032526899055 4.210842033832636
6070.361680068655 4.014694400798393
6071.820107447405 4.076283298754655
6073.278534826155 4.005154640946154
6074.736962204904 4.077719799270405
6076.195389583653 4.1558611578084195
6077.653816962404 4.067778763653464
6079.112244341153 4.045016236725691
6080.570671719902 4.122502129942042
6082.029099098652 4.154193473597117
6083.487526477402 4.10056272482477
6084.9459538561505 4.139473115230843
6086.404381234901 4.0470314444046105
6087.8628086136505 4.082100287439717
6089.3212359924 4.080787477263333
6090.77966337115 4.042126459512165
6092.238090749899 4.053863396265053
6093.69651812865 4.09888517719567
6095.154945507399 4.0575633173354415
6096.613372886148 3.981758894690018
6098.071800264898 4.058085209234011
6099.530227643648 4.061802871451811
6100.988655022396 3.973153820148673
6102.447082401147 4.001368718168359
6103.905509779896 4.036085524736956
6105.363937158646 3.9988199996568894
6106.8223645373955 4.063365424943118
6108.280791916145 4.061422109770186
6109.7392192948955 4.029808011275573
6111.197646673644 4.162045047912272
6112.656074052394 4.087093320848305
6114.114501431144 3.988397661349834
6115.572928809894 4.024078657501433
6117.031356188642 3.999674293082307
6118.489783567393 3.912472891864231
6119.948210946142 3.982113658287032
6121.406638324891 3.968810011186394
6122.865065703641 4.0518717035808915
6124.323493082391 3.9882711802868487
6125.781920461141 4.046450672462656
6127.24034783989 4.009319766358591
6128.69877521864 3.873600552161321
6130.15720259739 3.8818856336675966
6131.61562997614 3.8861205760542177
6133.074057354888 3.892638060666061
6134.532484733639 3.876813115775826
6135.990912112388 3.9310123060134017
6137.449339491137 3.987965814342669
6138.907766869887 3.9603910735852828
6140.366194248637 3.951781723839532
6141.8246216273865 3.9882851388680702
6143.283049006136 3.998692273001229
6144.741476384886 3.9252190554420285
6146.199903763636 3.9547270330391058
6147.658331142385 3.9514298693189605
6149.116758521134 3.8991321806456467
6150.575185899885 3.915177210973252
6152.033613278634 3.937311199429205
6153.492040657383 3.933320444208422
6154.950468036133 3.8636734274054536
6156.408895414883 3.9041167451490457
6157.8673227936315 3.8953942853110624
6159.325750172382 3.8246361923702885
6160.7841775511315 3.851028741545445
6162.242604929882 3.849847493630682
6163.701032308631 3.805214667428414
6165.15945968738 3.844099094850589
6166.617887066131 3.8989450592877564
6168.07631444488 3.8416214066722065
6169.534741823629 3.8332690642123826
6170.993169202379 3.896020225902605
6172.451596581129 3.829446001116997
6173.910023959877 3.7296258831747267
6175.368451338628 3.806602214345744
6176.826878717377 3.846491656127558
6178.285306096128 3.8656035907049273
6179.7437334748765 3.8843259657852567
6181.202160853626 3.8905781515812428
6182.6605882323765 3.8618924836618675
6184.119015611125 3.78984896596218
6185.577442989875 3.7733719108213695
6187.035870368625 3.7361838656397963
6188.494297747375 3.746064926446605
6189.952725126123 3.753601290566228
6191.411152504874 3.8029265875515796
6192.869579883623 3.7364305520077243
6194.328007262373 3.7055218958026845
6195.7864346411225 3.8172587222288357
6197.244862019872 3.9024170426989215
6198.7032893986225 3.875869964350136
6200.161716777371 3.7940616709125057
6201.620144156121 3.7961304260238387
6203.078571534871 3.8227336272205665
6204.536998913621 3.784983913352819
6205.995426292369 3.821046874800112
6207.45385367112 3.860693179341886
6208.912281049869 3.725421958571957
6210.370708428618 3.7554404423616154
6211.829135807368 3.7283840619192334
6213.287563186118 3.7009816243252276
6214.745990564868 3.766325240774249
6216.204417943617 3.7384921567284937
6217.662845322367 3.707622423866338
6219.121272701117 3.769305670024242
6220.579700079866 3.688692757175918
6222.038127458615 3.7235429897802703
6223.496554837366 3.7494905581163835
6224.954982216115 3.767660363044359
6226.413409594864 3.73002495263592
6227.871836973614 3.6795168539287415
6229.330264352364 3.5741949532887194
6230.788691731113 3.7579657294742645
6232.247119109863 3.6775830473104203
6233.7055464886125 3.606429242021639
6235.163973867363 3.7843069984336344
6236.622401246112 3.7292419637084593
6238.080828624861 3.5885895482391668
6239.539256003612 3.646248351836502
6240.997683382361 3.617058055677572
6242.45611076111 3.5934376976799385
6243.91453813986 3.564448667448446
6245.37296551861 3.5814409171155672
6246.831392897359 3.655487136763288
6248.289820276109 3.6755982562126777
6249.7482476548585 3.620310852438079
6251.206675033609 3.6635789559100087
6252.665102412358 3.662665322928151
6254.123529791107 3.6166472645490386
6255.581957169858 3.4676471324545752
6257.040384548606 3.586811930198829
6258.498811927356 3.689751994010292
6259.957239306106 3.591700425514684
6261.415666684856 3.5668138373486964
6262.874094063605 3.5647461815342516
6264.332521442355 3.494445563947546
6265.790948821104 3.5978104493096925
6267.249376199854 3.5498558973182517
6268.7078035786035 3.5595963209987014
6270.166230957353 3.603992075429189
6271.6246583361035 3.47663428856844
6273.083085714852 3.414282460423557
6274.541513093602 3.4575334578337436
6275.999940472352 3.531025079931075
6277.458367851102 3.5598720734507117
6278.91679522985 3.5150433139426163
6280.375222608601 3.4734615241962645
6281.83364998735 3.520279975659415
6283.2920773661 3.6430272237303205
6284.750504744849 3.5597049592775667
6286.208932123599 3.4930327057777104
6287.667359502349 3.4575145353174137
6289.125786881098 3.421608774215724
6290.584214259848 3.4973803284691396
6292.042641638598 3.5435322848947624
6293.501069017347 3.526331846053279
6294.959496396096 3.535492828118446
6296.417923774847 3.5387303241722896
6297.876351153596 3.5541816467053886
6299.334778532346 3.6193381191321254
6300.793205911095 3.4853057474092246
6302.251633289845 3.5428267158549804
6303.710060668594 3.536129579497721
6305.168488047344 3.4336920604731205
6306.626915426094 3.5218748285147443
6308.085342804844 3.505989919743075
6309.543770183593 3.4599364330570515
6311.002197562342 3.474652021910082
6312.460624941093 3.4989227540396377
6313.919052319842 3.5184151231403815
6315.377479698592 3.5922039992665504
6316.835907077341 3.460859902144983
6318.294334456091 3.470755037065118
6319.75276183484 3.594069362766164
6321.21118921359 3.548387432728997
6322.6696165923395 3.5555510985044707
6324.12804397109 3.5119709016384646
6325.586471349839 3.5113549529277233
6327.044898728588 3.5086917104019153
6328.503326107339 3.5123069488486247
6329.961753486087 3.5515236415097777
6331.420180864837 3.6190017200882796
6332.878608243587 3.654383904821151
6334.337035622337 3.587594765012327
6335.795463001086 3.510729185499093
6337.253890379836 3.506995532050961
6338.712317758585 3.4615221322475933
6340.170745137335 3.497943421809892
6341.6291725160845 3.5977801004169647
6343.087599894834 3.5066641838426507
6344.5460272735845 3.3589594844206556
6346.004454652333 3.4311967813997137
6347.462882031083 3.5161125652988234
6348.921309409833 3.4801013221561377
6350.379736788583 3.5164979490031003
6351.838164167332 3.4906799761310214
6353.296591546082 3.466741609711292
6354.755018924831 3.43073311758844
6356.213446303581 3.395838237901747
6357.67187368233 3.45734018402575
6359.13030106108 3.516321426812221
6360.58872843983 3.492143048871592
6362.047155818579 3.510808510066495
6363.505583197329 3.4767126811531437
6364.964010576079 3.4721097116008375
6366.422437954828 3.495497567358561
6367.880865333578 3.441189952167587
6369.339292712328 3.533760030573534
6370.797720091077 3.5199631915648024
6372.256147469827 3.5131771534763345
6373.714574848576 3.55267193309867
6375.173002227326 3.4546480020251167
6376.6314296060755 3.4469921805445902
6378.089856984825 3.4903795822160775
6379.548284363575 3.499219914597328
6381.006711742325 3.5749261854929677
6382.465139121074 3.5709734460151172
6383.923566499824 3.515046726744813
6385.381993878574 3.550014663238687
6386.840421257323 3.531991140430246
6388.298848636073 3.5907666014270863
6389.757276014822 3.5612218642561504
6391.215703393572 3.4928338315984724
6392.674130772321 3.6331978962261355
6394.132558151071 3.687740363526776
6395.5909855298205 3.5996908768283253
6397.049412908571 3.5715855601927564
6398.50784028732 3.6307221928310542
6399.966267666069 3.6502503856246435
6401.42469504482 3.595674939380925
6402.883122423568 3.6015325709558264
6404.341549802319 3.6428616476301845
6405.799977181068 3.718233899011358
6407.258404559818 3.710765898026132
6408.716831938567 3.7509483268393065
6410.175259317317 3.7023768712029876
6411.633686696066 3.6126830875399456
6413.092114074816 3.6536730424350212
6414.5505414535655 3.6722857763886205
6416.008968832315 3.612850161527623
6417.4673962110655 3.6571324062046617
6418.925823589814 3.742911977088879
6420.384250968565 3.699013390382468
6421.842678347314 3.732540736353757
6423.301105726064 3.590198715682236
6424.759533104813 3.676142438624522
6426.217960483563 3.870186629142984
6427.676387862312 3.808405369732666
6429.134815241062 3.7299272856425967
6430.5932426198115 3.6829074969444404
6432.051669998561 3.6547582392218145
6433.5100973773115 3.676294234375055
6434.96852475606 3.691610012729018
6436.426952134811 3.7533047025167434
6437.88537951356 3.755907401783608
6439.343806892309 3.7889987421535767
6440.802234271059 3.864785383882979
6442.260661649809 3.805225678158709
6443.719089028558 3.8692534901510243
6445.177516407308 3.879699163082764
6446.635943786057 3.8328943076494557
6448.094371164807 3.9170021528042853
6449.5527985435565 3.9084443118252024
6451.011225922306 3.8539331569974404
6452.469653301056 3.782592256044067
6453.928080679806 3.795062286754479
6455.386508058555 3.89620558212747
6456.844935437305 3.8686894182479534
6458.303362816055 3.8715944423862396
6459.761790194804 3.880382079725385
6461.220217573554 3.982127042792383
6462.678644952303 3.9365862573320265
6464.137072331053 3.8298211671455267
6465.595499709802 3.871365617237717
6467.053927088552 3.900043458047344
6468.5123544673015 3.8208802670400694
6469.970781846052 3.8810027480625
6471.429209224801 3.801223366589286
6472.887636603551 3.745728890477029
6474.346063982301 3.8282137510119707
6475.804491361049 3.8511968998993344
6477.2629187398 3.867867870161623
6478.721346118549 3.886614288661348
6480.179773497299 3.930951854672669
6481.638200876048 3.8457697128231834
6483.096628254798 3.9930156157110184
6484.555055633547 4.004116853288194
6486.013483012297 3.9545392281022336
6487.471910391047 3.9846890168918034
6488.930337769797 4.011263237712634
6490.388765148547 4.007414826749743
6491.847192527295 3.988743639830517
6493.305619906046 4.061881472331228
6494.764047284795 4.07401868341323
6496.222474663545 4.06586140139875
6497.680902042294 3.969557882803164
6499.139329421044 4.040029662202014
6500.597756799793 4.054912915828775
6502.056184178543 4.123599788917271
6503.5146115572925 4.079563160165249
6504.973038936042 4.072507159458268
6506.4314663147925 4.102388385829236
6507.889893693541 4.057389566739728
6509.348321072292 4.090225963516529
6510.806748451041 4.063214183646995
6512.26517582979 4.1133538107548855
6513.72360320854 4.159331225605911
6515.18203058729 4.161581854005498
6516.640457966039 4.18325297194198
6518.098885344789 4.348757209350847
6519.557312723538 4.374963292010009
6521.015740102288 4.417957937009305
6522.4741674810375 4.5256132655884125
6523.932594859787 4.6517837417425065
6525.3910222385375 4.7370065024844665
6526.849449617287 4.801582190241172
6528.307876996036 4.916143307671617
6529.766304374786 5.037345326298478
6531.224731753536 5.1638571263620525
6532.683159132285 5.453042594010189
6534.141586511035 5.56639457606039
6535.600013889784 5.895166502209533
6537.058441268534 6.22014700107253
6538.516868647283 6.556351933736736
6539.975296026033 7.053925469180957
6541.433723404783 7.934559741200323
6542.892150783533 9.216754438635869
6544.350578162282 11.613665572558439
6545.809005541032 15.856297313918509
6547.267432919782 21.50785659614059
6548.72586029853 26.71585774296376
6550.184287677281 28.432754353869885
6551.64271505603 25.470561357271368
6553.10114243478 19.408786102252947
6554.559569813529 13.840531717120383
6556.017997192279 10.529243673908127
6557.476424571029 8.849215716948093
6558.934851949778 7.842142866594389
6560.393279328528 7.302566004023997
6561.851706707278 6.929985218688572
6563.310134086028 6.564213254346754
6564.768561464776 6.316452967279849
6566.226988843527 6.084475895093552
6567.685416222276 5.865693901959095
6569.143843601026 5.606754103845643
6570.602270979775 5.40685047834953
6572.060698358525 5.280059584354873
6573.519125737274 5.206224242294276
6574.977553116024 5.065811247842883
6576.4359804947735 4.916089715714064
6577.894407873524 4.759113069626716
6579.3528352522735 4.638382895246967
6580.811262631022 4.608333926051469
6582.269690009773 4.439227663187314
6583.728117388522 4.352118338841014
6585.186544767271 4.476483884588686
6586.644972146021 4.417258144049904
6588.103399524771 4.180533582693323
6589.56182690352 4.194011337124251
6591.02025428227 4.2815474525593
6592.478681661019 4.232381915166982
6593.93710903977 4.137543574185248
6595.3955364185185 4.095701970473441
6596.853963797268 4.070105153471999
6598.3123911760185 4.115012595715672
6599.770818554768 4.170098424388789
6601.229245933517 4.025029930350024
6602.687673312267 3.9930367418868604
6604.146100691017 4.06161047194089
6605.604528069766 3.990001254087222
6607.062955448516 3.989405143247503
6608.521382827265 3.895985670078824
6609.979810206016 3.8753896556912957
6611.4382375847645 3.8985763008677576
6612.896664963514 3.9575436477832935
6614.3550923422645 3.879585294361072
6615.813519721014 3.7823722903406267
6617.271947099763 3.786658603234209
6618.730374478513 3.789583593771466
6620.188801857263 3.712730942337464
6621.647229236011 3.7266197109490293
6623.105656614762 3.773281131850153
6624.564083993511 3.7397271049787966
6626.022511372261 3.739888438114118
6627.48093875101 3.7849145943967266
6628.93936612976 3.746556008611454
6630.39779350851 3.759396391548199
6631.856220887259 3.8566125581859803
6633.314648266009 3.7788467763890456
6634.773075644759 3.7248278991112365
6636.231503023509 3.7609728492113548
6637.689930402257 3.736133451673685
6639.148357781008 3.7668334230190634
6640.606785159757 3.7442559268676194
6642.065212538507 3.738795610477304
6643.523639917256 3.7389885637091007
6644.982067296006 3.6514547446620287
6646.440494674756 3.580400532590254
6647.898922053505 3.7007614348607203
6649.3573494322545 3.738985870050654
6650.815776811005 3.535952076306706
6652.2742041897545 3.5300239821861483
6653.732631568503 3.7369166598661194
6655.191058947254 3.7606933944413163
6656.649486326003 3.702906615348752
6658.107913704752 3.671425873675387
6659.566341083502 3.7137610326052903
6661.024768462252 4.003297139566215
6662.483195841002 4.092006259972804
6663.941623219751 4.110040938051623
6665.4000505985005 4.180492522188497
6666.858477977251 4.1498664859905015
6668.316905356 3.847186656379712
6669.775332734749 3.8008871206312285
6671.2337601135 3.780471668257939
6672.692187492249 3.641287932450099
6674.150614870998 3.6428849002490016
6675.609042249748 3.653890592945895
6677.067469628498 3.6072930353702484
6678.525897007248 3.662201821930189
6679.984324385997 3.6698684459132
6681.442751764746 3.6681266237668653
6682.901179143497 3.6482173993156115
6684.3596065222455 3.6100368118305406
6685.818033900995 3.578565186353619
6687.2764612797455 3.590303255351729
6688.734888658495 3.5591361839829867
6690.193316037244 3.5591226398199214
6691.651743415994 3.5966342236137625
6693.110170794744 3.5282785246218706
6694.568598173492 3.473266259798672
6696.027025552243 3.5310357488229887
6697.485452930992 3.545828937859348
6698.943880309743 3.492827610424192
6700.402307688491 3.5046597600802407
6701.860735067241 3.527070140284062
6703.319162445991 3.467217653570942
6704.77758982474 3.5089220247995114
6706.23601720349 3.532252304330337
6707.69444458224 3.4557974604078083
6709.15287196099 3.453033743272464
6710.611299339738 3.540771813919092
6712.069726718489 3.4510847416232773
6713.528154097238 3.380640220476187
6714.986581475989 3.4698720480482055
6716.445008854737 3.45262886841171
6717.903436233487 3.478625454009897
6719.361863612237 3.4654627479995472
6720.820290990986 3.431533901403972
6722.2787183697355 3.4375272938229786
6723.737145748486 3.502669562327686
6725.195573127236 3.4358616655981273
6726.654000505984 3.420963847529843
6728.112427884735 3.4070288356413716
6729.570855263484 3.321918075743836
6731.029282642234 3.2986327346352264
6732.487710020983 3.2911435890606007
6733.946137399733 3.388636530118833
6735.404564778483 3.3088232763896857
6736.862992157232 3.253886549944753
6738.3214195359815 3.3305188417877813
6739.779846914732 3.2879888173045435
6741.238274293481 3.2364748319846206
6742.69670167223 3.2403674343862807
6744.155129050981 3.218257343801211
6745.61355642973 3.2676384246901526
6747.07198380848 3.3152506628230274
6748.530411187229 3.3912376225237275
6749.988838565979 3.3358355097287564
6751.447265944729 3.3482821223888823
6752.905693323478 3.4255104947974107
6754.364120702227 3.3539513625889112
6755.822548080978 3.303279805912697
6757.2809754597265 3.3100577907629285
6758.739402838476 3.3204646615593543
6760.1978302172265 3.2753905844322655
6761.656257595976 3.2667221539216214
6763.114684974725 3.248359450306664
6764.573112353475 3.172427008186343
6766.031539732225 3.141370339621003
6767.489967110974 3.16024923223085
6768.948394489724 3.2288736022064115
6770.406821868473 3.235055833379727
6771.865249247224 3.2171446361308376
6773.323676625972 3.2107366285542587
6774.782104004722 3.143710145333602
6776.240531383472 3.196164397504239
6777.698958762221 3.2119668414448475
6779.157386140971 3.1985220434185053
6780.615813519721 3.250074481033641
6782.074240898471 3.2914412723899877
6783.53266827722 3.258087573714313
6784.99109565597 3.2427608538961605
6786.449523034719 3.298482168360152
6787.90795041347 3.2800081827395418
6789.366377792218 3.239400132313014
6790.824805170968 3.26181876211285
6792.283232549718 3.2298794549171563
6793.741659928467 3.2097867217292206
6795.200087307217 3.2722897951316443
6796.658514685967 3.302820045615564
6798.116942064717 3.2843790709476854
6799.575369443466 3.257616609378897
6801.033796822216 3.2643931404356787
6802.492224200965 3.311534196169092
6803.950651579715 3.343703509991128
6805.409078958464 3.27866885070512
6806.867506337214 3.2868038875679613
6808.325933715964 3.3013679212613427
6809.784361094713 3.182687192960481
6811.2427884734625 3.257381827708041
6812.701215852213 3.425853610692928
6814.159643230962 3.2156558874760117
6815.618070609711 2.9540539118194484
6817.076497988462 3.085404017467208
6818.534925367211 3.2546746340670594
6819.993352745961 3.2114121542380913
6821.45178012471 3.1765757028213932
6822.91020750346 3.2072052282509445
6824.36863488221 3.2760485459725173
6825.827062260959 3.3822367124531265
6827.285489639708 3.3449541056193537
6828.743917018459 3.3689743903592078
6830.2023443972075 3.4521840219299067
6831.660771775957 3.27113588092006
6833.1191991547075 3.138463023958038
6834.577626533457 3.22070046759988
6836.036053912207 3.260795344448295
6837.494481290956 3.2817213827095157
6838.952908669706 3.213215309899021
6840.411336048455 3.1163778281568795
6841.869763427205 3.266834957079315
6843.328190805954 3.4068480113981843
6844.786618184705 3.4091896183491412
6846.2450455634535 3.3003885194421176
6847.703472942203 3.1996056166218536
6849.1619003209535 3.250502239036831
6850.620327699702 3.2762856456231457
6852.078755078453 3.20894719626984
6853.537182457202 3.1956265392816463
6854.995609835952 3.1059174938484073
6856.454037214701 3.1702088579894308
6857.912464593451 3.2946468304891705
6859.3708919722 3.2386709197527126
6860.829319350951 3.2123935406429904
6862.287746729699 3.290849794656433
6863.746174108449 3.239557211470399
6865.204601487199 3.168705322393932
6866.663028865948 3.2217685209595066
6868.121456244698 3.162171896304849
6869.579883623448 3.094165564108437
6871.038311002198 3.21668950392059
6872.496738380947 3.317613704500313
6873.955165759697 3.3320134440697458
6875.413593138446 3.20742129029326
6876.872020517196 3.1226181651761067
6878.330447895945 3.1944726986838474
6879.788875274695 3.1807479120235134
6881.247302653445 3.1422103318851637
6882.705730032194 3.2030295262720307
6884.1641574109435 3.1719520662706215
6885.622584789694 3.22707572486095
6887.081012168443 3.1825846265324076
6888.539439547193 3.172621983158457
6889.997866925943 3.0763474026037527
6891.456294304692 3.1173142672126715
6892.914721683442 3.1668464142300268
6894.373149062191 3.1101676816267116
6895.831576440941 3.227213784090217
6897.290003819691 3.228543827714008
6898.74843119844 3.2154999644879085
6900.206858577189 3.179067794362102
6901.66528595594 3.1193630561720407
6903.123713334689 3.0400739355710336
6904.582140713439 3.0503267820444875
6906.040568092189 3.1007737640695368
6907.498995470938 3.1688931748503717
6908.957422849688 3.209351901406587
6910.415850228437 3.2116535539917765
6911.874277607187 3.235659930030078
6913.332704985936 3.1882226263313003
6914.791132364686 3.134028690752754
6916.249559743435 3.1831545725070653
6917.707987122186 3.2920951329435635
6919.1664145009345 3.2482836793208363
6920.624841879685 3.1200625786549834
6922.0832692584345 3.168277719984984
6923.541696637183 3.1656188346315473
6925.000124015934 3.1640984138887
6926.458551394683 3.119622736012042
6927.916978773433 3.107690588619489
6929.375406152182 3.154263468877472
6930.833833530932 3.187070837745958
6932.292260909681 3.09714781769697
6933.750688288432 3.06898786471897
6935.20911566718 3.1013774017575724
6936.66754304593 3.1186135018712373
6938.12597042468 3.076043263578628
6939.584397803429 3.047801402339047
6941.0428251821795 3.063909772359526
6942.501252560929 3.1980277628357063
6943.959679939679 3.2090277272782455
6945.418107318428 3.1792820152298438
6946.876534697178 3.2363001726007514
6948.334962075927 3.221340666447364
6949.793389454677 3.1610117986699886
6951.251816833426 3.129733176131079
6952.710244212176 3.0767054907192724
6954.168671590926 3.180081655930612
6955.627098969675 3.410401171284808
6957.085526348425 3.615155221944437
6958.543953727175 3.44371198721353
6960.002381105924 3.1719768301017854
6961.460808484674 3.0680742153971448
6962.919235863424 3.061283226931896
6964.377663242173 3.0311054607012746
6965.836090620923 3.0145114796752845
6967.294517999672 2.957534589892705
6968.752945378422 2.928340515962885
6970.211372757172 2.962946685741762
6971.669800135921 2.9439844519319553
6973.128227514671 2.9710729527663298
6974.586654893421 3.1453195702627346
6976.04508227217 3.1728331504117175
6977.50350965092 3.120473427416344
6978.96193702967 3.096750175475351
6980.420364408419 3.143085401208667
6981.878791787169 3.0796832800981715
6983.337219165918 3.017921573114093
6984.795646544668 3.0977232633969627
6986.254073923417 3.1470418762726484
6987.712501302167 3.1937705722706102
6989.170928680916 3.1907272472434163
6990.629356059667 3.0879136112168033
6992.0877834384155 2.990331958917432
6993.546210817166 3.006904473314357
6995.0046381959155 3.0547907837684893
6996.463065574664 3.021447995022912
6997.921492953415 3.0404098763543383
6999.379920332164 3.0548726879553274
7000.838347710914 3.0434186873743703
7002.296775089663 3.1072398689700775
7003.755202468413 3.1271288635386028
7005.213629847162 3.1547826987712524
7006.672057225913 3.144476212428001
7008.130484604661 3.0729467112479103
7009.588911983412 3.0597608649482324
7011.047339362161 3.134275176862504
7012.50576674091 3.1795026607843373
7013.9641941196605 3.141821646452598
7015.42262149841 3.097952747207179
7016.88104887716 3.1727345903000934
7018.339476255909 3.185868512663331
7019.797903634659 3.065243815409741
7021.256331013408 3.069257733133686
7022.714758392158 3.1381716251563616
7024.173185770907 3.1560953641362954
7025.631613149658 3.1969664377416955
7027.090040528407 3.1176310942076855
7028.548467907156 3.1365458490912927
7030.0068952859065 3.2042967875817494
7031.465322664656 3.12600763727717
7032.923750043405 3.06728579285286
7034.382177422155 3.1820858136775327
7035.840604800905 3.2734782048370583
7037.299032179654 3.246300451954578
7038.757459558404 3.1864217530788568
7040.215886937153 3.191456441687123
7041.674314315904 3.2535974991365015
7043.132741694653 3.3337985763300693
7044.591169073402 3.3325919368356636
7046.049596452152 3.3561448896777706
7047.508023830902 3.5162749883324587
7048.966451209651 3.7702518828408884
7050.424878588401 3.9597752600373837
7051.883305967151 3.9997213422118776
7053.3417333459 3.8334634728537815
7054.80016072465 3.563869084455082
7056.258588103399 3.3966705841394678
7057.717015482149 3.276277933948349
7059.175442860898 3.11879946241273
7060.633870239648 3.1331089716491185
7062.092297618398 3.2384213417556134
7063.550724997148 3.285893911992236
7065.0091523758965 3.2807761075005972
7066.467579754647 3.1692500010513354
7067.9260071333965 3.0872074987497893
7069.384434512145 3.1393949373900725
7070.842861890896 3.168818923229639
7072.301289269645 3.1647772781449284
7073.759716648395 3.1574184876939193
7075.218144027144 3.0904439082688713
7076.676571405894 3.12546882214587
7078.134998784644 3.1510839669265955
7079.593426163394 3.0926548746456324
7081.051853542142 3.084421182171823
7082.510280920893 3.124795692449179
7083.9687082996425 3.148730390463573
7085.427135678391 3.1350202876354265
7086.885563057142 3.1341818059811164
7088.343990435891 3.1332912056439257
7089.802417814641 3.0954460370778905
7091.26084519339 3.0505509219935374
7092.71927257214 3.0520915447934294
7094.17769995089 3.08068746874448
7095.636127329639 3.1192536956644203
7097.094554708388 3.14202846257778
7098.552982087139 3.1475625862211394
7100.011409465888 3.0510440070085973
7101.469836844637 2.9666465439383973
7102.9282642233875 3.0318587145512774
7104.386691602137 3.103525075785969
7105.845118980886 3.112772126532692
7107.303546359636 3.027355779652666
7108.761973738386 2.9634351004008
7110.220401117135 3.0089543841759587
7111.678828495885 3.0353988294736056
7113.137255874634 3.1071959912261065
7114.595683253385 3.1956038841225647
7116.054110632134 3.283258984607716
7117.512538010883 3.308552149425159
7118.970965389633 3.2030779463253674
7120.429392768383 3.1580147031189405
7121.887820147132 3.094484946775515
7123.346247525882 3.0371819150590973
7124.804674904632 3.0533836982535982
7126.263102283381 3.023871436612384
7127.721529662131 3.0984345126630646
7129.17995704088 3.0863045145595516
7130.638384419631 2.9430964007230314
7132.096811798379 2.9897137545832235
7133.555239177129 3.1125500993800523
7135.013666555879 3.0943417757057787
7136.472093934629 2.986830189160267
7137.9305213133775 2.9399717629916733
7139.388948692128 2.9663595086738503
7140.8473760708775 2.9951968477813815
7142.305803449626 3.013784684975148
7143.764230828377 3.0119788591123853
7145.222658207126 3.088242143653163
7146.681085585877 3.164785248721485
7148.139512964625 3.135954547025544
7149.597940343375 3.064661262371874
7151.056367722125 3.0284302815676702
7152.514795100875 3.0257800463727187
7153.9732224796235 3.04777504919228
7155.431649858374 2.997304836510232
7156.8900772371235 2.984803480937915
7158.348504615872 3.0233216387962916
7159.806931994623 2.9328224203295927
7161.265359373372 2.8440869727346407
7162.723786752123 2.954065441979487
7164.182214130871 3.044693829384123
7165.640641509621 2.992278304261346
7167.099068888371 3.0195879403518306
7168.55749626712 3.094190892962528
7170.015923645869 3.065251292409307
7171.47435102462 2.977000816122213
7172.932778403369 2.9183764596673494
7174.391205782118 2.9173437354189122
7175.8496331608685 2.9239410307007656
7177.308060539618 2.9939539190094933
7178.766487918367 3.072387267142518
7180.224915297117 3.070018791555235
7181.683342675867 3.1266029685992303
7183.141770054617 3.098385178785727
7184.600197433366 2.93165957716536
7186.058624812115 2.956412602262199
7187.517052190866 2.986324266575449
7188.975479569615 2.923152416607678
7190.433906948364 2.8932708930899236
7191.892334327114 2.9413065455426715
7193.350761705864 3.009737221405731
7194.809189084613 2.884807210254402
7196.267616463363 2.8222444556820885
7197.726043842113 2.894488595391857
7199.184471220863 2.8680589876724816
7200.642898599612 2.9001677405221016
7202.101325978361 2.9194470348089183
7203.559753357112 2.8721129116067017
7205.01818073586 2.9341294428573925
7206.47660811461 3.0287938892818356
7207.93503549336 3.024279924485977
7209.39346287211 2.8801474429101743
7210.851890250859 2.873030033598338
7212.310317629609 2.974245656423417
7213.768745008359 2.924622119671644
7215.227172387108 2.8512515747057843
7216.685599765858 2.954798321683047
7218.144027144607 3.0553418244093615
7219.602454523358 2.9663526129235027
7221.060881902106 2.930830113857483
7222.519309280856 3.0009134599266067
7223.977736659606 3.0736419118729192
7225.436164038356 3.0001295372530206
7226.8945914171045 2.8501292168037553
7228.353018795855 2.876126026871929
7229.8114461746045 3.0050438842712364
7231.269873553354 2.9750875832091856
7232.728300932104 2.853371371918132
7234.186728310853 2.896506226764165
7235.645155689604 3.0183752226339613
7237.103583068352 3.0019227763306926
7238.562010447102 2.890369716541184
7240.020437825852 2.8693244783383727
7241.478865204601 2.936356653860779
7242.93729258335 3.0348297177536385
7244.395719962101 3.0763863145936354
7245.85414734085 2.9556706520511518
7247.312574719599 2.8704618953876637
7248.7710020983495 2.934875645729325
7250.229429477099 2.9848386703144634
7251.687856855849 2.906153798814277
7253.146284234598 2.856577067931046
7254.604711613348 2.900299359734239
7256.063138992098 3.0000343120436304
7257.521566370847 2.9987208386012596
7258.979993749596 2.8673299193635473
7260.438421128347 2.8708409569081805
7261.896848507096 2.9432591273724045
7263.355275885845 2.9971236211694636
7264.8137032645955 3.1275176375579026
7266.272130643345 3.133931990144343
7267.730558022095 3.067494170465191
7269.188985400844 3.036660535881403
7270.647412779594 2.92147766094159
7272.105840158344 2.7933397173321577
7273.564267537093 2.8601905251305175
7275.022694915842 2.9238839294281966
7276.481122294593 2.8813775432383397
7277.939549673341 2.877576393042708
7279.397977052091 2.902417892566257
7280.856404430841 2.9098652179961677
7282.314831809591 2.945808530306877
7283.7732591883405 2.955171647554661
7285.23168656709 2.9190937961019157
7286.69011394584 2.919948034050886
7288.148541324589 2.9124391742284517
7289.606968703339 2.943381557595446
7291.065396082088 2.995850252298912
7292.523823460839 2.9583367525221775
7293.982250839587 2.9153773473929476
7295.440678218337 2.8964341443046235
7296.899105597087 2.94300675567128
7298.357532975837 2.987453929567672
7299.8159603545855 3.0458548367912144
7301.274387733336 3.0053128516004777
7302.7328151120855 2.912026315914496
7304.191242490835 2.9296361510287414
7305.649669869585 2.843475238980529
7307.108097248334 2.7804755088029007
7308.566524627085 2.843769211423833
7310.024952005833 2.861628990178194
7311.483379384583 2.826069477922823
7312.941806763333 2.8495937289217013
7314.400234142082 2.9356985834600255
7315.858661520831 2.984315855287649
7317.317088899582 2.856896581051142
7318.775516278331 2.742068712861945
7320.233943657081 2.7993079828035494
7321.692371035831 2.8726017933624504
7323.15079841458 2.89440590020052
7324.60922579333 2.8353807450946866
7326.067653172079 2.760301616477254
7327.526080550829 2.8023989305042316
7328.984507929579 2.870722523558984
7330.442935308328 2.895440822255466
7331.901362687077 2.924864618699148
7333.359790065828 2.882646943052066
7334.818217444577 2.852215750465622
7336.276644823327 2.9610139897163625
7337.7350722020765 2.854446438102258
7339.193499580826 2.6995742419863067
7340.651926959576 2.8109630030302335
7342.110354338325 2.87017076933144
7343.568781717075 2.8472165336581496
7345.027209095825 2.842106441940774
7346.485636474574 2.8093567959058836
7347.944063853323 2.8707587302591073
7349.402491232074 2.9693134198993287
7350.860918610822 2.9544272362992756
7352.319345989572 2.90466791398699
7353.777773368322 2.888439865902221
7355.236200747072 2.8506847606655055
7356.6946281258215 2.795119520403091
