3489.2080174814355 1.0842173359998543e-16
3492.0422103145347 1.0760503684714329e-16
3494.8764031476335 1.0677123008032174e-16
3497.7105959807327 1.2727455245938142e-16
3500.5447888138315 1.2001691449042451e-16
3503.3789816469307 1.036562405930451e-16
3506.2131744800295 1.1888235975619387e-16
3509.0473673131287 1.263721182002127e-16
3511.881560146218 1.310983824989352e-16
3514.7157529793167 1.2050905141808632e-16
3517.549945812416 1.0554868861523673e-16
3520.3841386455147 8.988908956000192e-17
3523.218331478614 1.2796048599703772e-16
3526.0525243117127 1.624059034537422e-16
3528.886717144812 1.2869271583350654e-16
3531.720909977911 1.4110802850235837e-16
3534.555102811 1.2340386396544241e-16
3537.389295644099 1.1118789134798628e-16
3540.223488477198 1.3128916495523297e-16
3543.057681310297 1.3143324040062768e-16
3545.891874143396 1.2325523465826294e-16
3548.726066976495 1.391710540617e-16
3551.560259809594 1.137942431782178e-16
3554.394452642693 1.1586399817854146e-16
3557.2286454757923 1.4078571117274535e-16
3560.062838308891 1.5930123094258729e-16
3562.8970311419803 1.6436728512301237e-16
3565.731223975079 1.2153108012598126e-16
3568.5654168081783 1.2948044498235365e-16
3571.399609641277 1.6610916117709947e-16
3574.2338024743763 9.819576474391874e-17
3577.0679953074755 1.0947009829989324e-16
3579.9021881405743 1.3744977607991835e-16
3582.7363809736735 1.544792286285821e-16
3585.5705738067622 1.8162612715928998e-16
3588.4047666398615 1.7067436141595824e-16
3591.2389594729602 1.7821241535187286e-16
3594.0731523060595 1.8099708264815684e-16
3596.9073451391587 1.197696589766449e-16
3599.7415379722574 1.598318101341937e-16
3602.5757308053567 1.311538955505669e-16
3605.4099236384554 1.4174144694314128e-16
3608.2441164715547 1.6836999122476593e-16
3611.0783093046434 1.3058854649767645e-16
3613.9125021377426 1.3292138743856033e-16
3616.746694970842 1.3477755948761506e-16
3619.5808878039406 1.4172878488775758e-16
3622.41508063704 1.1110390203849412e-16
3625.2492734701386 1.5579062829478133e-16
3628.083466303238 1.9143298231768632e-16
3630.9176591363366 1.2440438693606524e-16
3633.751851969426 1.6574989650859595e-16
3636.586044802525 1.5827152659924578e-16
3639.420237635624 1.3867143525658202e-16
3642.254430468723 1.2973203556951095e-16
3645.088623301822 1.0283596136658199e-16
3647.922816134921 1.495211386460201e-16
3650.75700896802 1.2192846103397022e-16
3653.591201801119 1.3531165733937317e-16
3656.425394634208 1.6035415283625765e-16
3659.259587467307 1.5902981094315655e-16
3662.0937803004063 1.530306315017668e-16
3664.927973133505 1.6005001794250744e-16
3667.7621659666042 1.4450653298043403e-16
3670.596358799703 1.391501668323256e-16
3673.430551632802 1.2698471716673268e-16
3676.2647444659005 1.4094193366466004e-16
3679.0989372989998 1.170659983419078e-16
3681.9331301320894 1.5700704429684205e-16
3684.767322965188 1.0446992878455424e-16
3687.6015157982874 1.1850350836374024e-16
3690.435708631386 1.289720712198875e-16
3693.269901464485 1.3380531852473293e-16
3696.1040942975837 1.3774702171985065e-16
3698.938287130683 1.3569850499072348e-16
3701.772479963782 1.2495693801182654e-16
3704.606672796881 1.5788069024012686e-16
3707.4408656299706 1.409289400936672e-16
3710.275058463069 1.6422410518522847e-16
3713.109251296168 1.6690886797870258e-16
3715.943444129267 2.0179186509818102e-16
3718.777636962366 1.8775189909261984e-16
3721.6118297954654 1.675871647216433e-16
3724.446022628564 1.789589918943671e-16
3727.2802154616634 1.3558187124166934e-16
3730.114408294752 1.6683658937328404e-16
3732.9486011278514 1.1975297849386638e-16
3735.78279396095 1.3136902860831228e-16
3738.6169867940494 1.4944804821045925e-16
3741.451179627148 1.1074959585146256e-16
3744.2853724602473 1.178228979591149e-16
3747.1195652933466 1.4875987623289335e-16
3749.9537581264453 1.480310349480525e-16
3752.7879509595446 1.1504561277725983e-16
3755.6221437926333 1.110955858206795e-16
3758.4563366257325 1.2037404473728785e-16
3761.2905294588313 1.431372588837792e-16
3764.1247222919305 1.1169433184736485e-16
3766.9589151250298 1.5648074594876234e-16
3769.7931079581285 1.4903210471133289e-16
3772.6273007912278 1.1969246965658836e-16
3775.4614936243265 1.3971185844938975e-16
3778.2956864574257 1.5723205613203477e-16
3781.1298792905145 1.2789242377913347e-16
3783.9640721236137 1.2850338363916342e-16
3786.798264956713 1.0983379114804222e-16
3789.6324577898117 1.2342101575525807e-16
3792.466650622911 1.3546977704363263e-16
3795.3008434560097 1.1449763655704724e-16
3798.135036289109 1.304132510381456e-16
3800.9692291222077 1.5192150934136052e-16
3803.803421955297 1.4421663661309578e-16
3806.637614788396 1.4516475196466596e-16
3809.471807621495 1.4873660073203642e-16
3812.306000454594 1.4871794289786205e-16
3815.140193287693 1.6319550180849234e-16
3817.974386120792 1.6439973278805701e-16
3820.808578953891 1.4619178843953424e-16
3823.64277178699 1.331945432040025e-16
3826.4769646200793 1.2575955264780959e-16
3829.311157453178 1.5108747951710613e-16
3832.1453502862773 1.438197422354749e-16
3834.979543119376 1.686533387482766e-16
3837.8137359524753 1.4409494203293455e-16
3840.647928785574 1.49555941150196e-16
3843.4821216186733 1.7479963589990882e-16
3846.316314451772 1.580197890957706e-16
3849.1505072848713 1.8619229996589193e-16
3851.9847001179605 2.1055572794125287e-16
3854.8188929510593 1.7863315956236487e-16
3857.6530857841585 1.722995374001453e-16
3860.4872786172573 1.7457061137314208e-16
3863.3214714503565 2.34591003816093e-16
3866.1556642834553 1.8309483023434612e-16
3868.9898571165545 1.870452824120841e-16
3871.8240499496537 2.0579149308445367e-16
3874.6582427827425 2.270390342578295e-16
3877.4924356158417 1.9705446521610076e-16
3880.3266284489405 1.9711671032245514e-16
3883.1608212820397 1.9870548133441229e-16
3885.9950141151385 2.0583518230586373e-16
3888.8292069482377 1.9801195954592656e-16
3891.663399781337 2.095496242230928e-16
3894.4975926144357 2.2247434418711424e-16
3897.331785447535 2.1299194016394355e-16
3900.1659782806237 1.880303476955229e-16
3903.000171113723 2.302092848152046e-16
3905.8343639468217 2.1042968646255254e-16
3908.668556779921 2.303533279290055e-16
3911.50274961302 2.1457245912072566e-16
3914.336942446119 2.248482100471495e-16
3917.171135279218 2.499861033787902e-16
3920.005328112317 2.225919718404912e-16
3922.839520945416 2.3977766325352117e-16
3925.673713778505 2.3260455865039363e-16
3928.507906611604 2.33274424715553e-16
3931.3420994447033 2.5883442490981663e-16
3934.176292277802 2.3299560455351207e-16
3937.0104851109013 2.4030560786656907e-16
3939.844677944 2.2873540534114727e-16
3942.6788707770993 2.3024074265945545e-16
3945.5130636101976 2.36164796623657e-16
3948.3472564432873 2.3518419953335524e-16
3951.181449276386 3.019410037560638e-16
3954.0156421094853 2.172461081257645e-16
3956.8498349425845 2.630664836598561e-16
3959.6840277756833 2.5089219080229873e-16
3962.518220608782 2.669414146018517e-16
3965.352413441881 2.718703408248219e-16
3968.18660627498 2.795286866739389e-16
3971.020799108079 2.1981638363582148e-16
3973.8549919411685 2.4754611729934264e-16
3976.6891847742677 2.609158172401532e-16
3979.5233776073665 2.479732842586002e-16
3982.357570440465 2.5286181907327495e-16
3985.191763273564 2.7833634770955485e-16
3988.025956106663 2.3796506004654713e-16
3990.860148939762 2.7385327856526475e-16
3993.6943417728517 2.739664773752995e-16
3996.5285346059604 2.4772752884700774e-16
3999.362727439049 2.698796950093913e-16
4002.1969202721484 2.596531793529675e-16
4005.031113105247 2.825576080588883e-16
4007.8653059383464 2.966165514575482e-16
4010.699498771445 2.414654272125931e-16
4013.5336916045444 2.787966608519402e-16
4016.3678844376436 2.7904818708079276e-16
4019.2020772707424 2.5091692998867403e-16
4022.0362701038316 2.9336933540785e-16
4024.8704629369304 2.7952242681106126e-16
4027.7046557700296 2.5066263569756326e-16
4030.5388486031284 2.382677687157479e-16
4033.3730414362276 2.8155420294218483e-16
4036.2072342693264 2.7360393486331213e-16
4039.0414271024256 2.5261027250190375e-16
4041.875619935525 2.4976290629841373e-16
4044.7098127686136 2.604491024398093e-16
4047.544005601713 2.532184239403458e-16
4050.3781984348116 2.4554575301943837e-16
4053.212391267911 2.3668587837285162e-16
4056.04658410101 2.3680774447927504e-16
4058.880776934109 2.6790514940321724e-16
4061.7149697672075 2.741050244110303e-16
4064.549162600307 2.2823526538939496e-16
4067.383355433406 1.9830621932438262e-16
4070.2175482664948 2.5610717169339964e-16
4073.0517410995935 2.60793127268747e-16
4075.885933932693 2.832119405697762e-16
4078.720126765792 2.3000704847470515e-16
4081.5543195988907 2.3230220842974244e-16
4084.3885124319904 2.6526598035936056e-16
4087.222705265089 2.742542527089096e-16
4090.056898098188 2.5020041388302495e-16
4092.8910909312867 2.8674388402960745e-16
4095.7252837643764 2.657026929911271e-16
4098.559476597476 3.036028431078876e-16
4101.393669430574 2.3762592151646427e-16
4104.227862263674 1.9987849048705981e-16
4107.062055096772 2.325023612134558e-16
4109.896247929871 1.9984230127104312e-16
4112.73044076297 2.296916004589268e-16
4115.564633596069 2.217937979630523e-16
4118.398826429168 2.157202635362948e-16
4121.233019262258 2.2897376963911557e-16
4124.067212095357 2.522197987399356e-16
4126.901404928455 2.4274141810113623e-16
4129.735597761554 2.2979111118421366e-16
4132.569790594653 2.3886963240895795e-16
4135.403983427753 2.3481438473858517e-16
4138.238176260851 2.6472983708643616e-16
4141.07236909395 2.0160129489631819e-16
4143.90656192704 2.239697101307258e-16
4146.740754760139 2.4798133303076987e-16
4149.574947593237 2.7447127068942683e-16
4152.409140426336 2.739391593595765e-16
4155.2433332594355 2.3654943325286515e-16
4158.077526092535 2.422827059811322e-16
4160.911718925633 2.228552613089072e-16
4163.745911758733 2.6158443860330593e-16
4166.5801045918215 2.762065868260828e-16
4169.414297424921 2.0968826296920597e-16
4172.248490258019 1.895229438471101e-16
4175.082683091119 2.60735211310612e-16
4177.9168759242175 2.263099015080107e-16
4180.751068757317 2.111144521878423e-16
4183.585261590416 2.2565329307219057e-16
4186.419454423515 2.3420519096641273e-16
4189.2536472566135 2.541615756765821e-16
4192.087840089703 2.2359088514072775e-16
4194.922032922802 2.521189317850552e-16
4197.756225755901 2.570155415207387e-16
4200.5904185889995 2.413615357613133e-16
4203.424611422099 2.457099185993359e-16
4206.258804255198 2.440777536333709e-16
4209.092997088297 2.739468275746546e-16
4211.927189921385 2.2522224481498444e-16
4214.761382754496 2.4306544232810283e-16
4217.595575587584 2.395399896422657e-16
4220.429768420683 2.752208370496926e-16
4223.263961253781 2.2102226014380819e-16
4226.098154086882 2.929207058997637e-16
4228.93234691998 2.97964183487213e-16
4231.766539753079 2.637793682805736e-16
4234.600732586178 2.614989259157555e-16
4237.4349254192775 2.8607320049808594e-16
4240.269118252376 2.6387082674950996e-16
4243.103311085465 2.706602559356216e-16
4245.937503918564 3.10796287315656e-16
4248.7716967516635 2.68147044638173e-16
4251.605889584762 3.100492314408117e-16
4254.440082417862 2.77441745000685e-16
4257.27427525096 2.4031455687317317e-16
4260.1084680840595 2.6240024485445727e-16
4262.942660917148 2.549195135210779e-16
4265.776853750248 2.6333890501426725e-16
4268.611046583346 2.680223816468396e-16
4271.4452394164455 2.607939832980062e-16
4274.279432249545 2.558383941852177e-16
4277.113625082644 2.7930515748607654e-16
4279.947817915742 2.966309818757027e-16
4282.7820107488415 2.647127823039327e-16
4285.616203581941 2.64272778740728e-16
4288.45039641503 2.582536429024507e-16
4291.284589248128 3.1977988413239146e-16
4294.118782081228 2.9748413796064265e-16
4296.952974914327 3.085822319960327e-16
4299.787167747426 2.9984289597923614e-16
4302.621360580524 2.694025024585393e-16
4305.455553413624 2.916949979550282e-16
4308.289746246723 2.964394586354256e-16
4311.123939079822 2.5954924188643053e-16
4313.958131912911 2.9570948217520045e-16
4316.79232474601 2.731036855274985e-16
4319.626517579109 2.874860016962827e-16
4322.460710412208 3.018675374893783e-16
4325.294903245307 3.5956709098574656e-16
4328.129096078406 3.8661271102299585e-16
4330.963288911505 4.1389477145257483e-16
4333.797481744605 4.670476698175037e-16
4336.631674577693 3.3937158175882114e-16
4339.465867410792 3.5868169967276697e-16
4342.300060243891 2.7082411589848987e-16
4345.134253076991 2.9678332182307896e-16
4347.968445910089 2.9124247781009104e-16
4350.802638743188 2.482014781818295e-16
4353.6368315762875 2.8174709906786896e-16
4356.471024409387 3.0172460967140355e-16
4359.305217242485 3.1612555456855376e-16
4362.139410075574 2.6102166267437597e-16
4364.9736029086735 3.0547076752898957e-16
4367.807795741773 2.981064990321544e-16
4370.641988574871 3.069943040637792e-16
4373.476181407971 2.855704847486497e-16
4376.310374241069 2.703604315434729e-16
4379.144567074169 2.824031584875797e-16
4381.978759907267 3.22661536124685e-16
4384.812952740357 2.6207651045125614e-16
4387.647145573455 2.788696788645562e-16
4390.481338406555 2.7724602072109405e-16
4393.315531239653 2.6965756594326497e-16
4396.149724072753 2.60533792014032e-16
4398.983916905851 2.706538392557818e-16
4401.81810973895 2.873570798392472e-16
4404.65230257205 2.787959552233828e-16
4407.486495405148 3.073462660147913e-16
4410.320688238247 2.786937524602137e-16
4413.154881071337 2.7926110838847035e-16
4415.989073904436 2.7056881444854017e-16
4418.823266737534 3.004853070416213e-16
4421.657459570633 2.580890685927331e-16
4424.491652403733 2.9261043557988515e-16
4427.325845236832 3.029642037730916e-16
4430.16003806993 2.7988397304652214e-16
4432.994230903029 3.0547819879398404e-16
4435.828423736119 3.160830116169499e-16
4438.662616569218 2.966522325949011e-16
4441.496809402316 3.2150802729826286e-16
4444.331002235416 3.0377607378987884e-16
4447.165195068515 3.173311352622966e-16
4449.999387901614 3.259116712210822e-16
4452.833580734712 2.615529990225376e-16
4455.667773567812 3.258458962940031e-16
4458.5019664009105 3.6623859095390487e-16
4461.336159234 3.206959256729606e-16
4464.170352067099 3.33562412946496e-16
4467.004544900198 3.477959162041437e-16
4469.8387377332965 3.405728690520602e-16
4472.672930566396 3.507299415837215e-16
4475.507123399495 3.562558346262855e-16
4478.341316232594 3.725796224739986e-16
4481.1755090656925 3.59550538885417e-16
4484.009701898783 3.9939815097505444e-16
4486.843894731881 4.457733960206232e-16
4489.67808756498 3.738116815472845e-16
4492.5122803980785 3.8343397271439994e-16
4495.346473231179 4.2532453670209673e-16
4498.180666064277 4.722834619872369e-16
4501.014858897376 4.49554014426686e-16
4503.849051730475 4.846854318910919e-16
4506.683244563565 4.559003360934936e-16
4509.517437396663 4.51643352534627e-16
4512.351630229762 4.68728131467603e-16
4515.185823062861 4.2827947352015524e-16
4518.020015895961 4.878296183084434e-16
4520.854208729059 4.601246910978803e-16
4523.688401562159 5.205055431097223e-16
4526.522594395257 4.897986407986079e-16
4529.356787228357 4.589990215733103e-16
4532.190980061445 4.70502676449246e-16
4535.025172894545 4.644523222057152e-16
4537.859365727643 5.104556380229932e-16
4540.6935585607425 5.081931666211575e-16
4543.527751393842 5.341615668440152e-16
4546.361944226941 5.166335761442384e-16
4549.196137060039 4.842466036785083e-16
4552.0303298931385 5.00028850870302e-16
4554.864522726238 5.148625490571871e-16
4557.698715559327 5.499663359155791e-16
4560.532908392425 4.991400017081396e-16
4563.367101225525 5.224543282452922e-16
4566.201294058624 5.44377472073585e-16
4569.035486891723 5.64663779661272e-16
4571.869679724821 5.5910128377115855e-16
4574.703872557921 5.573178644182934e-16
4577.53806539102 5.964988624251802e-16
4580.372258224109 5.64041999901471e-16
4583.206451057208 6.120550277476519e-16
4586.040643890307 6.463067192660675e-16
4588.874836723406 5.857948936132244e-16
4591.709029556505 6.097969203087727e-16
4594.543222389604 5.994136626346048e-16
4597.377415222703 6.04139618951226e-16
4600.211608055802 5.853383042798236e-16
4603.045800888901 5.73159800502199e-16
4605.87999372199 5.954910726366863e-16
4608.714186555089 5.79539516534207e-16
4611.548379388188 5.67437779534379e-16
4614.382572221288 5.974836087367299e-16
4617.216765054386 5.995293488669912e-16
4620.050957887485 5.281383252061775e-16
4622.885150720584 5.795499657124236e-16
4625.719343553684 5.809308961918256e-16
4628.553536386782 5.665068722648163e-16
4631.387729219871 5.615524628384098e-16
4634.2219220529705 5.60716514019494e-16
4637.05611488607 5.770925012457172e-16
4639.890307719168 5.983042969313557e-16
4642.724500552267 5.334718131791013e-16
4645.5586933853665 5.738080524493753e-16
4648.392886218456 5.240909356932212e-16
4651.227079051564 5.227910967263027e-16
4654.061271884654 5.353057854768923e-16
4656.8954647177525 5.464476019727586e-16
4659.729657550852 5.069497763077535e-16
4662.56385038395 4.940965657945481e-16
4665.39804321705 5.222734393618464e-16
4668.2322360501485 4.78896217543363e-16
4671.066428883247 5.278222019540609e-16
4673.900621716347 5.269379046583514e-16
4676.734814549445 5.128050807915476e-16
4679.569007382534 4.699398159541674e-16
4682.403200215634 4.940362485256426e-16
4685.237393048733 4.406954995102699e-16
4688.071585881831 4.474541064830919e-16
4690.90577871493 4.2500991059725442e-16
4693.73997154803 4.3338832593760796e-16
4696.574164381129 4.79992079296922e-16
4699.408357214227 4.74063050730687e-16
4702.242550047316 4.3437451015682335e-16
4705.076742880416 4.53393137521277e-16
4707.910935713515 4.827668808808063e-16
4710.745128546613 4.860995282450527e-16
4713.579321379713 4.561623951623078e-16
4716.413514212812 4.789488613725694e-16
4719.247707045911 4.880825537541251e-16
4722.081899879009 4.773208096713711e-16
4724.916092712099 4.28180980855231e-16
4727.750285545198 4.887006431335414e-16
4730.584478378297 4.467164659732039e-16
4733.418671211396 4.196825464977784e-16
4736.252864044495 4.458389095134876e-16
4739.087056877594 4.526380845373987e-16
4741.921249710693 4.094662148314097e-16
4744.755442543792 4.423018324243394e-16
4747.589635376891 4.534018998686358e-16
4750.42382820998 4.057295489709083e-16
4753.25802104308 4.122998952526881e-16
4756.092213876178 4.1026486484022036e-16
4758.926406709277 3.902751970988962e-16
4761.7605995423755 3.618624142417066e-16
4764.594792375476 3.659574878780279e-16
4767.428985208574 3.54798130159989e-16
4770.263178041673 4.0240678816072717e-16
4773.097370874772 3.6984600357472543e-16
4775.931563707862 3.75241348083086e-16
4778.76575654096 3.8153898118799136e-16
4781.599949374059 3.711811402844994e-16
4784.434142207158 3.4552930615686826e-16
4787.268335040258 3.461640352416264e-16
4790.102527873356 3.763295896545118e-16
4792.936720706455 4.148122018328128e-16
4795.770913539554 3.822325230778592e-16
4798.605106372644 3.9435545175159695e-16
4801.439299205742 4.608919102322571e-16
4804.273492038842 3.863382958532704e-16
4807.10768487194 3.6817610600454283e-16
4809.94187770504 4.1144484367713706e-16
4812.776070538138 4.423785990775114e-16
4815.610263371238 4.503000990451048e-16
4818.444456204336 4.567065280613208e-16
4821.278649037436 4.3057848719085445e-16
4824.112841870525 4.4292622867962115e-16
4826.947034703624 5.023477840960901e-16
4829.781227536722 5.133594905844073e-16
4832.615420369822 4.804845429207888e-16
4835.449613202921 5.155092881424371e-16
4838.28380603602 5.091725231999355e-16
4841.117998869118 6.293649894045334e-16
4843.952191702218 7.673813344706344e-16
4846.786384535317 9.185631653507714e-16
4849.620577368406 9.496828777527571e-16
4852.454770201504 9.110040189868605e-16
4855.288963034604 9.21154331978327e-16
4858.123155867703 7.01716715642072e-16
4860.957348700802 5.269574667884609e-16
4863.791541533901 4.688262211622765e-16
4866.625734367 4.234490211779698e-16
4869.459927200099 4.513252588988264e-16
4872.294120033188 4.2465871285281357e-16
4875.128312866287 3.685895754090044e-16
4877.962505699386 3.509028331578863e-16
4880.796698532485 4.097060121733132e-16
4883.630891365585 4.341884089758379e-16
4886.465084198683 4.374354931324142e-16
4889.299277031782 4.325511377415089e-16
4892.133469864881 4.536526021605545e-16
4894.967662697981 4.501053312188042e-16
4897.801855531069 4.57174119872774e-16
4900.636048364168 5.112954062638255e-16
4903.470241197268 4.668536019848071e-16
4906.304434030367 5.127715440989471e-16
4909.138626863465 5.006473470686364e-16
4911.972819696564 4.92670203771093e-16
4914.807012529664 5.88564688875844e-16
4917.641205362763 5.765877503487369e-16
4920.475398195851 5.635960423545287e-16
4923.309591028951 5.700106829881884e-16
4926.1437838620495 5.775602379572009e-16
4928.977976695149 6.084706715967391e-16
4931.812169528247 6.381177727525738e-16
4934.646362361347 6.456521402773474e-16
4937.4805551944455 6.236000419256004e-16
4940.314748027545 6.886857224266983e-16
4943.148940860634 6.933835990319312e-16
4945.983133693733 7.0826949010445205e-16
4948.8173265268315 6.956660414223517e-16
4951.651519359931 7.631875482810076e-16
4954.48571219303 6.983264635065232e-16
4957.319905026129 7.402045280397102e-16
4960.1540978592275 7.466435026165444e-16
4962.988290692327 6.930629399441701e-16
4965.822483525426 7.128427852537747e-16
4968.656676358524 6.950758330473772e-16
4971.4908691916135 6.607342418550845e-16
4974.325062024714 6.523301452669261e-16
4977.159254857812 6.105033439944908e-16
4979.99344769091 5.689882085405509e-16
4982.82764052401 5.343044329736782e-16
4985.661833357109 5.493732235626202e-16
4988.496026190208 4.99893570419328e-16
4991.330219023306 4.806255781030764e-16
4994.164411856396 4.8426054992977245e-16
4996.998604689495 5.056230235430181e-16
4999.832797522594 4.534818727206322e-16
5002.666990355692 4.68931724281596e-16
5005.501183188792 4.1486442674579887e-16
5008.335376021891 3.6998693990864757e-16
5011.16956885499 3.559167496813814e-16
5014.003761688089 3.47855821261867e-16
5016.837954521178 3.6807602516824493e-16
5019.672147354277 4.1272220971207255e-16
5022.506340187376 3.7183040408293815e-16
5025.340533020475 3.190670744544244e-16
5028.174725853574 3.407377105712098e-16
5031.008918686673 3.2532043250019593e-16
5033.843111519773 3.4301171156539484e-16
5036.677304352871 3.764807913922423e-16
5039.51149718597 3.8443371526626027e-16
5042.345690019059 3.896947860309582e-16
5045.179882852159 4.177524667868673e-16
5048.014075685257 3.93660939143422e-16
5050.848268518356 3.6868431858058095e-16
5053.6824613514555 3.6183759788206877e-16
5056.516654184555 3.607138607993803e-16
5059.350847017653 3.680302589411634e-16
5062.185039850752 3.8793126882554634e-16
5065.019232683851 3.778253599542917e-16
5067.853425516951 4.224037922193216e-16
5070.687618350039 4.1729298984819287e-16
5073.521811183139 4.1661173572976843e-16
5076.356004016237 4.1617663383404963e-16
5079.190196849337 3.9946755501256365e-16
5082.024389682435 3.895153173563827e-16
5084.858582515535 4.445290181165095e-16
5087.692775348633 4.688564821153e-16
5090.526968181723 4.970860080851817e-16
5093.361161014822 4.709564965341596e-16
5096.195353847921 4.713707271568675e-16
5099.029546681019 5.02843557574491e-16
5101.863739514119 4.581493386986429e-16
5104.697932347218 4.671787976185241e-16
5107.532125180317 4.591131151126667e-16
5110.366318013415 5.113168579003719e-16
5113.2005108465055 4.876754067353886e-16
5116.034703679604 4.857458364273732e-16
5118.868896512703 4.787678980415661e-16
5121.703089345801 5.215505754607833e-16
5124.5372821789015 5.285525904496776e-16
5127.371475012 4.962373833636099e-16
5130.205667845099 5.181825865318506e-16
5133.039860678198 5.158650417296509e-16
5135.8740535112975 5.190806023212585e-16
5138.708246344386 5.386626310909847e-16
5141.542439177485 5.69631196157439e-16
5144.376632010584 5.015298881260378e-16
5147.210824843683 5.412448975527776e-16
5150.045017676782 5.269570850710079e-16
5152.879210509882 5.327211191485408e-16
5155.71340334298 5.264103947433087e-16
5158.547596176079 4.892211317101706e-16
5161.381789009168 4.980035135623431e-16
5164.215981842268 5.470292464827477e-16
5167.050174675366 5.16127034357615e-16
5169.884367508465 5.188472561879114e-16
5172.718560341565 5.55596138371941e-16
5175.552753174664 5.369794650487269e-16
5178.386946007762 6.167020310991792e-16
5181.221138840861 5.01873576699691e-16
5184.055331673961 5.461814865503535e-16
5186.88952450705 5.455255754273563e-16
5189.723717340148 5.32220939192796e-16
5192.557910173247 5.974069616152759e-16
5195.392103006347 5.754318571740424e-16
5198.226295839446 6.036147520582713e-16
5201.060488672544 5.599175755081862e-16
5203.894681505644 5.571567257757761e-16
5206.728874338743 5.58866828681983e-16
5209.563067171842 5.439744803488336e-16
5212.39726000493 5.716656511338429e-16
5215.23145283803 6.344572486844332e-16
5218.065645671129 5.733837774545301e-16
5220.899838504228 6.169667357555004e-16
5223.734031337327 6.507984537033359e-16
5226.568224170426 6.461718546385585e-16
5229.4024170035245 6.471741734571605e-16
5232.236609836623 6.510484778257413e-16
5235.070802669723 6.586599024220837e-16
5237.904995502812 6.3271014554717715e-16
5240.7391883359105 6.752157684122987e-16
5243.573381169011 6.756501086876583e-16
5246.407574002109 6.95421253646818e-16
5249.241766835207 7.2623288483214395e-16
5252.0759596683065 6.998003635033696e-16
5254.910152501406 6.909278492120979e-16
5257.744345334505 7.748701334091986e-16
5260.578538167594 6.921725716319974e-16
5263.412731000693 7.342956888379742e-16
5266.246923833792 7.479944688335466e-16
5269.081116666891 7.628662434622454e-16
5271.915309499989 7.622123895564154e-16
5274.749502333089 7.720630874222669e-16
5277.583695166188 7.367740576171769e-16
5280.417887999287 7.044112788486391e-16
5283.252080832386 7.480229698640425e-16
5286.086273665475 7.659404725086731e-16
5288.920466498574 7.7088265986112e-16
5291.754659331673 6.991545624776269e-16
5294.588852164772 7.371353421025774e-16
5297.423044997871 7.734006303176937e-16
5300.25723783097 7.351523870582236e-16
5303.09143066407 7.63857212624822e-16
5305.925623497168 7.343666364132632e-16
5308.759816330267 7.546117623697676e-16
5311.594009163356 7.5422454671751e-16
5314.428201996456 7.68997363290107e-16
5317.262394829554 8.253809539480623e-16
5320.096587662653 7.981138124996429e-16
5322.9307804957525 8.2294959452729765e-16
5325.764973328852 7.613352987605124e-16
5328.59916616195 7.622226712714359e-16
5331.433358995049 7.09221588743651e-16
5334.2675518281485 7.484266946117856e-16
5337.101744661238 7.876403016844902e-16
5339.935937494336 7.930613898555837e-16
5342.770130327436 8.339388954478034e-16
5345.6043231605345 7.852976859632832e-16
5348.438515993634 7.853568638174503e-16
5351.272708826732 7.813087382719596e-16
5354.106901659832 7.656829868270372e-16
5356.9410944929305 8.026491247190139e-16
5359.77528732602 8.64818704038837e-16
5362.609480159119 8.102739245047279e-16
5365.443672992218 7.447157877484256e-16
5368.277865825316 7.75135795705625e-16
5371.112058658416 7.584334816085221e-16
5373.946251491515 7.263573522143385e-16
5376.780444324614 7.284108430131485e-16
5379.614637157712 6.742327708331763e-16
5382.448829990803 6.38563260986934e-16
5385.283022823901 6.366784786180778e-16
5388.117215657 6.749928450953144e-16
5390.951408490098 6.489708014084415e-16
5393.7856013231985 6.809491159426639e-16
5396.619794156297 6.418343468320494e-16
5399.453986989396 6.060110928085437e-16
5402.288179822494 6.172090809534658e-16
5405.1223726555945 6.487765478585101e-16
5407.956565488693 6.39020029603328e-16
5410.790758321782 6.410396277409755e-16
5413.624951154881 6.760115304607592e-16
5416.4591439879805 6.096816465294114e-16
5419.293336821079 6.627600729690048e-16
5422.127529654178 6.243259326167405e-16
5424.961722487277 6.913667726609304e-16
5427.7959153203765 6.649126578312751e-16
5430.630108153475 7.229489738853322e-16
5433.464300986565 7.161901219978335e-16
5436.298493819663 7.97158779310204e-16
5439.1326866527625 7.748266862529809e-16
5441.966879485861 8.091280012624448e-16
5444.801072318961 7.914319703045611e-16
5447.635265152059 8.70387618150523e-16
5450.469457985158 8.979699213504858e-16
5453.303650818258 8.721967605858101e-16
5456.137843651357 9.41361972249833e-16
5458.972036484445 9.76548008766239e-16
5461.806229317544 1.0220013636283387e-15
5464.640422150644 9.655577421212352e-16
5467.474614983743 9.83929122292485e-16
5470.308807816841 1.0265500595286681e-15
5473.143000649941 1.013937598210779e-15
5475.97719348304 1.0030718103240992e-15
5478.811386316139 1.0353118544051765e-15
5481.645579149227 1.021768539683135e-15
5484.479771982327 9.989928139915658e-16
5487.313964815426 9.888789296822447e-16
5490.148157648525 9.67764379019736e-16
5492.982350481624 9.548875203554263e-16
5495.816543314723 9.34321381325487e-16
5498.650736147822 9.208135850063943e-16
5501.484928980921 9.328514874110813e-16
5504.31912181402 9.117834057372489e-16
5507.153314647109 8.483605239991764e-16
5509.987507480208 8.004943483409969e-16
5512.821700313308 7.618257544208366e-16
5515.655893146406 7.670648491460653e-16
5518.490085979505 7.028262422383489e-16
5521.324278812604 7.365830764278154e-16
5524.158471645703 6.892818567656871e-16
5526.992664478802 7.385116516282086e-16
5529.826857311891 6.932502990849492e-16
5532.66105014499 6.594043129815717e-16
5535.49524297809 6.567959282335268e-16
5538.329435811188 6.396462282857344e-16
5541.163628644286 6.134827242986503e-16
5543.997821477386 6.530953510052411e-16
5546.832014310485 5.931976435636423e-16
5549.666207143584 6.173546845075344e-16
5552.500399976683 5.804062838443236e-16
5555.334592809772 5.583529964416874e-16
5558.168785642871 5.957808087388159e-16
5561.00297847597 5.855959376465368e-16
5563.837171309069 5.749374675080308e-16
5566.671364142168 5.871974511698992e-16
5569.505556975267 5.697791054888587e-16
5572.339749808367 5.524407036573686e-16
5575.173942641465 5.673943392463631e-16
5578.008135474554 6.222346797307765e-16
5580.842328307653 6.288915180800812e-16
5583.676521140753 5.899355707224862e-16
5586.510713973851 6.084406015507536e-16
5589.34490680695 5.8949630480475445e-16
5592.179099640049 6.073706105780257e-16
5595.013292473149 6.414234891892565e-16
5597.847485306247 5.861924501152328e-16
5600.681678139336 6.122699841139115e-16
5603.515870972436 5.714045137460904e-16
5606.350063805535 5.980035936505071e-16
5609.184256638633 5.496961602253341e-16
5612.018449471732 5.721550935869247e-16
5614.8526423048315 5.802483091750315e-16
5617.686835137931 5.379341467706801e-16
5620.521027971029 5.007956185129607e-16
5623.355220804129 5.01194400688636e-16
5626.1894136372175 4.780365003033228e-16
5629.023606470317 4.482219315554561e-16
5631.857799303415 3.986446729079591e-16
5634.691992136515 3.8843678173347465e-16
5637.5261849696135 3.6555479453140737e-16
5640.360377802713 3.3536023360936143e-16
5643.194570635812 3.076262536637977e-16
5646.028763468911 2.392168345072017e-16
5648.8629563019995 2.8435306852055504e-16
5651.697149135099 2.7780040884369683e-16
5654.531341968198 2.4913982376050287e-16
5657.365534801297 2.8072160980158473e-16
5660.1997276343955 2.463199543571661e-16
5663.033920467496 2.676754157745564e-16
5665.868113300594 2.2979148880373036e-16
5668.702306133693 2.3365605894525294e-16
5671.536498966791 2.4111239982324063e-16
5674.370691799892 2.639209714031779e-16
5677.20488463298 2.85340952795428e-16
5680.039077466079 2.6063777734999084e-16
5682.873270299178 2.8394079081259787e-16
5685.707463132278 2.7521880865728205e-16
5688.541655965376 2.927668518653031e-16
5691.375848798475 2.4967028269259824e-16
5694.210041631574 2.571325068236432e-16
5697.0442344646735 2.965592270442708e-16
5699.878427297762 2.3649938824263746e-16
5702.712620130862 2.4960078827240577e-16
5705.54681296396 2.603049142688825e-16
5708.3810057970595 2.4353208468340207e-16
5711.215198630158 2.730556791900681e-16
5714.049391463258 2.6164883813454604e-16
5716.883584296356 2.921145095574452e-16
5719.7177771294555 2.9006623351055847e-16
5722.551969962555 2.947785382583871e-16
5725.386162795644 2.9283993896453516e-16
5728.220355628742 2.70273820202318e-16
5731.0545484618415 2.9762016362305e-16
5733.888741294941 3.4587069395111586e-16
5736.72293412804 3.310559251481392e-16
5739.557126961138 3.5390974642561554e-16
5742.391319794238 3.5582999524274996e-16
5745.225512627337 3.972286230170503e-16
5748.059705460436 3.7987098287597063e-16
5750.893898293524 4.058950461814772e-16
5753.728091126624 3.7098621143165014e-16
5756.562283959723 4.1587128967421623e-16
5759.396476792822 4.054387661523478e-16
5762.230669625921 4.1816530613226044e-16
5765.06486245902 3.951964099934694e-16
5767.899055292119 4.3635156007939214e-16
5770.733248125218 4.44180445245831e-16
5773.567440958307 4.688299553940238e-16
5776.401633791406 5.038930363327978e-16
5779.235826624505 4.988533058584525e-16
5782.070019457605 5.037029511348589e-16
5784.904212290703 5.011241132180937e-16
5787.738405123802 5.494851506118806e-16
5790.572597956901 5.411443360981678e-16
5793.40679079 5.549357833024205e-16
5796.240983623099 5.73552379164215e-16
5799.075176456188 5.766663290297737e-16
5801.909369289287 6.24521116247512e-16
5804.743562122387 6.049399121904458e-16
5807.577754955485 6.244945865341203e-16
5810.411947788583 6.560345878625525e-16
5813.2461406216835 6.587768785701405e-16
5816.080333454782 6.98479153882077e-16
5818.914526287881 7.03436692216674e-16
5821.748719120979 6.686866296412905e-16
5824.5829119540695 6.735158002028388e-16
5827.417104787168 6.914328650608791e-16
5830.251297620267 7.348374917374188e-16
5833.085490453366 7.33015540506088e-16
5835.919683286465 7.094859234869047e-16
5838.753876119564 7.386979408996149e-16
5841.588068952663 7.783963116035397e-16
5844.422261785762 7.647996528780538e-16
5847.256454618851 7.460133366126873e-16
5850.09064745195 7.603095391552013e-16
5852.92484028505 7.459006370129004e-16
5855.759033118148 7.846048195570711e-16
5858.593225951247 7.920063233645869e-16
5861.427418784346 7.96146630506289e-16
5864.261611617446 7.974355893583114e-16
5867.095804450544 7.749400167446396e-16
5869.929997283633 7.031637020195109e-16
5872.764190116733 6.660571616332507e-16
5875.598382949832 6.333452056790202e-16
5878.43257578293 6.383504764748949e-16
5881.266768616029 6.493703673850316e-16
5884.100961449129 6.545346445923191e-16
5886.935154282228 7.253996180256973e-16
5889.769347115326 7.322622725779822e-16
5892.603539948426 7.520526678136392e-16
5895.437732781515 7.357417761219972e-16
5898.271925614614 6.981763339810948e-16
5901.106118447712 7.081614469233583e-16
5903.940311280812 7.145975228255881e-16
5906.774504113911 7.290032481781176e-16
5909.60869694701 7.242324933012534e-16
5912.442889780109 7.195072421875334e-16
5915.277082613208 7.384297914625118e-16
5918.1112754462965 7.099220908481343e-16
5920.945468279396 7.125225654719427e-16
5923.779661112495 7.322036030251955e-16
5926.613853945594 6.97354889187404e-16
5929.4480467786925 7.332923990609914e-16
5932.282239611793 7.659966479589692e-16
5935.116432444891 7.312530619905208e-16
5937.95062527799 7.036595233476857e-16
5940.7848181110885 7.344669638324507e-16
5943.619010944179 7.121578788030524e-16
5946.453203777277 7.08457458840464e-16
5949.287396610376 6.950436975687978e-16
5952.121589443475 6.329310219080014e-16
5954.955782276575 6.382492533193385e-16
5957.789975109673 6.599873230544726e-16
5960.624167942772 6.593416893404956e-16
5963.458360775871 6.471534355931864e-16
5966.292553608971 6.465375946569811e-16
5969.126746442059 6.594630177766857e-16
5971.960939275159 6.404032566557095e-16
5974.795132108257 6.252604925477783e-16
5977.629324941357 6.344760157274069e-16
5980.463517774455 5.938498381005392e-16
5983.297710607555 6.3170614096161165e-16
5986.131903440653 6.042350433458934e-16
5988.966096273753 5.845970118277901e-16
5991.800289106841 6.163718834624493e-16
5994.634481939941 5.736516422675518e-16
5997.468674773039 5.682366664650756e-16
6000.3028676061385 6.039808005379488e-16
6003.137060439238 5.925132283511045e-16
6005.971253272337 5.838947229325291e-16
6008.805446105435 5.690190093155442e-16
6011.6396389385345 5.794229969033287e-16
6014.473831771624 5.732597979550212e-16
6017.308024604723 5.667893087314028e-16
6020.142217437821 5.581780348534926e-16
6022.976410270921 5.676401316820075e-16
6025.81060310402 5.311249914940959e-16
6028.644795937119 5.108777971458615e-16
6031.478988770217 5.252349942020486e-16
6034.313181603317 4.988756440396138e-16
6037.147374436416 5.042769863016084e-16
6039.981567269505 5.282479890184047e-16
6042.815760102604 5.1143357284455e-16
6045.649952935703 5.166958086783595e-16
6048.484145768802 5.100545201596926e-16
6051.318338601901 5.566718970888145e-16
6054.152531435 5.338513301865344e-16
6056.986724268099 5.489646624477337e-16
6059.820917101198 5.397800859665228e-16
6062.655109934298 5.166295708448341e-16
6065.489302767386 5.521625565764801e-16
6068.323495600485 5.442195436052299e-16
6071.157688433584 5.384851491998297e-16
6073.991881266684 5.609288922860187e-16
6076.826074099782 5.572456712173979e-16
6079.660266932881 5.300446832857916e-16
6082.4944597659805 5.406945048813948e-16
6085.328652599079 5.335948679487024e-16
6088.162845432178 5.522532855786656e-16
6090.997038265267 5.354656862065786e-16
6093.8312310983665 5.389394488853386e-16
6096.665423931466 5.312326532130823e-16
6099.499616764564 5.152332746236735e-16
6102.333809597663 5.226810428545749e-16
6105.1680024307625 4.913635118532387e-16
6108.002195263861 5.000896393874159e-16
6110.83638809696 5.107420171987023e-16
6113.67058093005 4.867275374056266e-16
6116.5047737631485 4.796743719817621e-16
6119.338966596247 4.856677364381048e-16
6122.173159429347 5.318954572070156e-16
6125.007352262445 5.472920858699512e-16
6127.8415450955445 5.336387016678326e-16
6130.675737928643 5.268373495029912e-16
6133.509930761743 5.147696950177281e-16
6136.344123594831 5.239416511352564e-16
6139.17831642793 5.505634733247733e-16
6142.01250926103 5.722105573649644e-16
6144.846702094129 5.886107241397065e-16
6147.680894927227 6.117372673922318e-16
6150.515087760326 6.324119185035597e-16
6153.349280593426 6.637528305510342e-16
6156.183473426525 6.756545194189143e-16
6159.017666259623 6.846138928820078e-16
6161.851859092713 7.212728342146296e-16
6164.686051925812 7.369478377618099e-16
6167.520244758911 7.492367701214787e-16
6170.354437592009 7.654285106876934e-16
6173.188630425109 8.008778611548333e-16
6176.022823258208 7.931957120521191e-16
6178.857016091307 7.832569969562682e-16
6181.691208924406 7.922946285766425e-16
6184.525401757495 7.776461998017697e-16
6187.359594590594 8.08510983932544e-16
6190.193787423693 8.225513952881292e-16
6193.027980256792 8.288957958047769e-16
6195.862173089891 8.514548933271738e-16
6198.69636592299 8.214899433468816e-16
6201.530558756089 8.286131601792902e-16
6204.364751589188 8.282023798536258e-16
6207.198944422287 8.077280826969675e-16
6210.033137255376 8.482191050382473e-16
6212.867330088476 8.428809161522274e-16
6215.701522921574 8.524209334360571e-16
6218.535715754673 8.887873098296107e-16
6221.3699085877715 8.505640234963213e-16
6224.204101420872 8.574114449476092e-16
6227.03829425397 8.504169987813404e-16
6229.872487087069 8.237183127649668e-16
6232.706679920168 7.924704159845074e-16
6235.540872753258 8.366724664912619e-16
6238.375065586356 8.006673387496068e-16
6241.209258419455 8.116664465752852e-16
6244.043451252554 8.235245127985542e-16
6246.877644085654 7.557456954342099e-16
6249.711836918752 7.922487373247774e-16
6252.546029751852 7.717727706202294e-16
6255.38022258494 7.468875169371795e-16
6258.21441541804 7.386540174849981e-16
6261.048608251138 7.713688019844886e-16
6263.882801084238 8.289337304010478e-16
6266.716993917336 7.252825871631081e-16
6269.551186750436 7.301058655566948e-16
6272.385379583535 6.942362512912378e-16
6275.219572416634 7.089947044190621e-16
6278.053765249732 7.048790657960688e-16
6280.887958082832 6.843461710232131e-16
6283.722150915921 7.111600821348019e-16
6286.55634374902 6.994733533736848e-16
6289.390536582118 7.359490193291941e-16
6292.2247294152185 6.765941907907249e-16
6295.058922248317 6.624683706825125e-16
6297.893115081416 6.63144464358831e-16
6300.727307914514 6.424715795109616e-16
6303.561500747614 6.624375843653772e-16
6306.395693580703 6.518052993203896e-16
6309.229886413802 6.893667802835123e-16
6312.064079246901 6.476965508571002e-16
6314.89827208 6.170829820082946e-16
6317.732464913099 6.450330972084203e-16
6320.566657746198 6.354571475620836e-16
6323.400850579297 5.992335019979629e-16
6326.235043412396 6.066115492233837e-16
6329.069236245495 6.19299064980427e-16
6331.903429078585 5.95568738097688e-16
6334.737621911683 5.73355629811262e-16
6337.571814744782 5.695724183778778e-16
6340.406007577881 5.904290111748461e-16
6343.240200410981 5.741841920322738e-16
6346.074393244079 6.331337649980298e-16
6348.908586077178 5.935199541094169e-16
6351.742778910278 5.583997822016839e-16
6354.576971743367 5.965531824010344e-16
6357.411164576465 5.783007213187819e-16
6360.245357409564 6.255327669185598e-16
6363.079550242664 6.245447914400384e-16
6365.913743075763 6.079508418586409e-16
6368.747935908861 6.396290187405631e-16
6371.58212874196 6.378163911780361e-16
6374.41632157506 6.480688238990628e-16
6377.250514408158 6.11795247115075e-16
6380.084707241247 6.235974243225163e-16
6382.918900074347 6.600212241982973e-16
6385.7530929074455 6.451393507292683e-16
6388.587285740545 6.402221834977769e-16
6391.421478573643 6.487946837615346e-16
6394.255671406742 6.633499795046187e-16
6397.0898642398415 6.444701255385474e-16
6399.92405707294 6.723101809119466e-16
6402.75824990604 6.657087930412608e-16
6405.592442739129 6.577978386285483e-16
6408.4266355722275 6.744696191079049e-16
6411.260828405326 6.723872096806933e-16
6414.095021238426 6.772361693807748e-16
6416.929214071524 6.763796580067465e-16
6419.7634069046235 7.228010046949532e-16
6422.597599737723 7.2418626033754325e-16
6425.431792570822 6.814861678263565e-16
6428.26598540392 6.913314312060907e-16
6431.1001782370095 7.19838921911111e-16
6433.934371070109 6.901504508846032e-16
6436.768563903208 7.079855043098963e-16
6439.602756736306 7.342562860314829e-16
6442.436949569406 7.229730060542066e-16
6445.271142402505 7.099886597058198e-16
6448.105335235604 6.924930096632064e-16
6450.939528068702 6.986878120701659e-16
6453.773720901792 6.915402679132913e-16
6456.607913734901 7.056627924106936e-16
6459.44210656799 6.863708232036228e-16
6462.276299401089 6.987541699220249e-16
6465.110492234188 6.836052546910718e-16
6467.944685067287 6.456370730324044e-16
6470.778877900386 6.252796033890302e-16
6473.613070733485 6.220767343901505e-16
6476.447263566574 6.309193326503607e-16
6479.281456399673 6.118940435300777e-16
6482.115649232773 6.217946553142415e-16
6484.949842065871 6.564891620232462e-16
6487.78403489897 6.298860304261476e-16
6490.618227732069 6.352895422861549e-16
6493.452420565169 6.472963151659121e-16
6496.286613398267 6.105251328159335e-16
6499.120806231366 6.201776452876032e-16
6501.9549990644555 6.250490748362943e-16
6504.789191897555 6.45981906003167e-16
6507.623384730653 6.1766199268329045e-16
6510.457577563752 6.071373549375397e-16
6513.2917703968515 5.66583473317625e-16
6516.125963229951 6.146533916469622e-16
6518.960156063049 6.325734153726485e-16
6521.794348896149 6.122053366798695e-16
6524.628541729237 6.730153166865935e-16
6527.462734562337 6.372770207278026e-16
6530.296927395435 6.5953505963087775e-16
6533.131120228535 6.494885267529285e-16
6535.965313061633 7.979063017725297e-16
6538.799505894733 1.1704629114008047e-15
6541.633698727832 1.5507764908639381e-15
6544.467891560931 1.8439139638435324e-15
6547.302084394029 1.9840381978086226e-15
6550.136277227119 2.136697019639116e-15
6552.970470060218 2.1213274385910196e-15
6555.804662893317 1.5184034554041793e-15
6558.638855726415 1.0789872749611757e-15
6561.4730485595155 8.144370562207148e-16
6564.307241392614 7.7770778958615e-16
6567.141434225713 7.959058814228139e-16
6569.975627058811 8.036283484572968e-16
6572.8098198919015 7.737063467763437e-16
6575.644012725 7.063631636626929e-16
6578.478205558099 6.170059627656778e-16
6581.312398391198 5.470509076866453e-16
6584.1465912242975 4.974631429366318e-16
6586.980784057396 4.842076879600147e-16
6589.814976890495 5.079497154210952e-16
6592.649169723594 5.026586299776969e-16
6595.4833625566935 4.673068479883182e-16
6598.317555389792 4.864705048040031e-16
6601.151748222881 4.802334363385266e-16
6603.98594105598 4.931200489338925e-16
6606.820133889079 4.925224826228361e-16
6609.654326722178 4.593995557714944e-16
6612.488519555278 4.744002986571535e-16
6615.322712388376 4.768812882216128e-16
6618.156905221475 4.771510987510178e-16
6620.991098054574 4.751030724455499e-16
6623.825290887664 5.014373297050236e-16
6626.659483720762 4.529792705650735e-16
6629.493676553861 4.588726759491228e-16
6632.327869386961 4.532172401869651e-16
6635.16206222006 4.57276091740869e-16
6637.996255053158 4.473886138278413e-16
6640.830447886257 4.3010728024221905e-16
6643.664640719357 4.640043166704633e-16
6646.498833552455 4.3932002190332445e-16
6649.333026385544 4.776776489747379e-16
6652.167219218644 4.380493781300883e-16
6655.001412051743 4.624392753782411e-16
6657.835604884842 4.282492489704827e-16
6660.66979771794 4.528310686890896e-16
6663.503990551039 4.3024394173453823e-16
6666.338183384139 4.0503217772968227e-16
6669.172376217237 3.9085090397152443e-16
6672.006569050327 3.698990100550725e-16
6674.840761883426 3.6933559454420377e-16
6677.674954716525 3.874530945769754e-16
6680.509147549623 3.855379936193775e-16
6683.343340382723 3.7401266996237543e-16
6686.177533215821 3.7757656187583347e-16
6689.0117260489205 3.8488217292218653e-16
6691.84591888202 4.0708737456274836e-16
6694.680111715109 4.119154898544759e-16
6697.514304548207 4.332387371939543e-16
6700.3484973813065 4.488411546596663e-16
6703.182690214406 4.576091006433129e-16
6706.016883047505 4.703323848733253e-16
6708.851075880603 4.509520572289554e-16
6711.685268713703 4.4186047433516697e-16
6714.519461546802 4.58806792967299e-16
6717.353654379901 4.3710718775995075e-16
6720.187847212989 4.230654258484817e-16
6723.022040046089 4.223917822246395e-16
6725.856232879188 3.9156978678489464e-16
6728.690425712287 3.9052702157445563e-16
6731.524618545386 3.82905787755643e-16
6734.358811378485 3.880126671782825e-16
6737.193004211584 4.084892161458387e-16
6740.027197044683 3.786314141249046e-16
6742.861389877782 3.9309251265918965e-16
6745.695582710871 4.1034224027299145e-16
6748.52977554397 4.107435966650909e-16
6751.36396837707 4.179430503394804e-16
6754.198161210168 3.8941531605485606e-16
6757.032354043267 4.136468151447391e-16
6759.866546876366 4.061471342726154e-16
6762.700739709466 3.8721855488080003e-16
6765.534932542564 3.9898147180320716e-16
6768.369125375653 3.877937404647825e-16
6771.2033182087525 3.985703402072756e-16
6774.037511041852 3.914349429506079e-16
6776.87170387495 3.53721365981856e-16
6779.705896708049 3.6947507869536437e-16
6782.5400895411485 3.9480165976345086e-16
6785.374282374248 3.651824805954186e-16
6788.208475207346 3.9868650065134033e-16
6791.042668040436 3.845438139887277e-16
6793.8768608735345 3.51482718743443e-16
6796.711053706634 3.853834155646052e-16
6799.545246539732 3.645205784269502e-16
6802.379439372832 3.366445994966894e-16
6805.2136322059305 3.4508661498153565e-16
6808.04782503903 3.423459341181604e-16
6810.882017872128 3.28793874855206e-16
6813.716210705228 3.335219759985761e-16
6816.5504035383165 3.383410100289101e-16
6819.384596371416 3.274514934847916e-16
6822.218789204515 3.0614178736451073e-16
6825.052982037614 3.2578545187401254e-16
6827.887174870712 3.234797287842982e-16
6830.721367703812 3.2775253533795584e-16
6833.555560536911 3.247867759916754e-16
6836.38975337001 3.190381194784006e-16
6839.223946203108 3.346533892233754e-16
6842.058139036209 3.1220993766560923e-16
6844.892331869297 3.618807376883378e-16
6847.726524702396 3.488898384480771e-16
6850.560717535494 3.6533951838696333e-16
6853.3949103685945 3.3931896006923645e-16
6856.229103201693 3.1931010343866696e-16
6859.063296034792 3.2099244809728684e-16
6861.897488867891 3.0877754887691106e-16
6864.7316817009905 3.272488821571731e-16
6867.565874534079 3.49737067537034e-16
6870.400067367178 3.7634299547409975e-16
6873.234260200277 3.377139680284041e-16
6876.0684530333765 3.541403061376946e-16
6878.902645866475 3.5147015699195538e-16
6881.736838699575 3.5249904570407954e-16
6884.571031532673 3.5713031436131365e-16
6887.4052243657725 3.848728385364183e-16
6890.239417198861 3.619022028777504e-16
6893.073610031961 3.6703026683888814e-16
6895.907802865059 3.7424480821053596e-16
6898.7419956981585 3.656612667198741e-16
6901.576188531258 3.998009269726148e-16
6904.410381364357 4.1500490368702493e-16
6907.244574197455 4.0697313357859553e-16
6910.078767030554 4.326036007366161e-16
6912.912959863654 4.2409091267881267e-16
6915.747152696743 4.137043415992777e-16
6918.581345529841 4.409683395384638e-16
6921.415538362941 4.3378865869032237e-16
6924.24973119604 4.2955814225121685e-16
6927.083924029139 4.567422238153e-16
6929.918116862237 4.640713116778963e-16
6932.752309695336 4.683858825713751e-16
6935.586502528436 4.69442003496573e-16
6938.420695361534 4.553543863228331e-16
6941.254888194624 4.735062040637387e-16
6944.089081027723 4.651987289606496e-16
6946.923273860822 5.158927304938716e-16
6949.757466693921 4.616648795709532e-16
6952.59165952702 4.893652678948168e-16
6955.425852360118 4.6516285165152165e-16
6958.260045193218 4.605137151030034e-16
6961.094238026317 4.680609063571868e-16
6963.928430859406 4.746747232238537e-16
6966.762623692505 4.825330761236558e-16
6969.596816525604 4.570379476230499e-16
6972.431009358703 4.626823995611573e-16
6975.265202191802 4.570690371841928e-16
6978.0993950249 4.470871763524785e-16
6980.9335878580005 4.507871252596647e-16
6983.767780691099 4.602089604298069e-16
6986.601973524188 4.726958292074568e-16
6989.436166357286 4.918686980172469e-16
6992.270359190386 4.604158416686789e-16
6995.104552023485 4.451144651478526e-16
6997.938744856584 4.845846328019289e-16
7000.772937689682 4.3616572089275066e-16
7003.607130522782 4.627524033276911e-16
7006.441323355881 4.656586851432793e-16
7009.27551618898 4.823040629160289e-16
7012.109709022069 4.660513044237173e-16
7014.943901855168 4.873720375831579e-16
7017.778094688267 4.668497031438291e-16
7020.612287521366 4.77014525320091e-16
7023.446480354465 5.166561379786581e-16
7026.280673187564 4.516930192340167e-16
7029.114866020663 4.753988246325885e-16
7031.949058853763 4.834258235441672e-16
7034.783251686851 4.608977860684734e-16
7037.61744451995 4.553844765932683e-16
7040.451637353049 4.2506839911989443e-16
7043.285830186149 4.515453694922624e-16
7046.120023019247 4.49273972677978e-16
7048.954215852346 4.3348402584130567e-16
7051.788408685446 4.512053752762098e-16
7054.622601518545 4.536938042934267e-16
7057.456794351643 4.42368268022491e-16
7060.290987184732 4.680070150458686e-16
7063.125180017832 4.514312287480644e-16
7065.959372850931 4.561733261753272e-16
7068.793565684029 4.866083263988534e-16
7071.627758517129 4.459269385814921e-16
7074.4619513502275 4.586098226753655e-16
7077.296144183327 4.571457075668911e-16
7080.130337016425 4.793612673656755e-16
7082.964529849525 4.704825646467953e-16
7085.7987226826135 4.82440753208987e-16
7088.632915515713 4.699768943356446e-16
7091.467108348812 4.757584912777432e-16
7094.301301181911 4.876399691377769e-16
7097.1354940150095 5.002380717273624e-16
7099.969686848109 4.790783573802259e-16
7102.803879681208 4.98809409428673e-16
7105.638072514307 5.209139946734253e-16
7108.4722653473955 5.175338871089564e-16
7111.306458180506 4.773564931188605e-16
7114.140651013594 5.152015827666485e-16
7116.974843846693 5.064387899558048e-16
7119.8090366797915 5.134258355698488e-16
7122.643229512892 5.189805334578149e-16
7125.47742234599 5.211292412209938e-16
7128.311615179089 5.328369127898594e-16
7131.145808012188 5.395132447069313e-16
7133.980000845288 5.377270356254874e-16
7136.814193678376 5.831235341618227e-16
7139.648386511475 6.321339508990768e-16
7142.482579344574 5.838346129416221e-16
7145.316772177674 5.904199476709836e-16
7148.150965010772 5.829737082689208e-16
7150.985157843872 6.299371322587803e-16
7153.81935067697 6.022865202528176e-16
7156.6535435100695 6.2241669052886435e-16
7159.487736343158 5.427651360449598e-16
7162.321929176258 5.929463623098805e-16
7165.156122009356 5.939995301454465e-16
7167.9903148424555 5.879451338972725e-16
7170.824507675555 5.517960480952312e-16
7173.658700508654 5.753565751670179e-16
7176.492893341752 5.736942960839217e-16
7179.3270861748515 6.20118869123172e-16
7182.161279007951 6.062429336679658e-16
7184.99547184104 5.64061965986612e-16
7187.829664674138 6.156149226061796e-16
7190.6638575072375 6.631770362975543e-16
7193.498050340337 6.708516501968667e-16
7196.332243173436 6.96354309373845e-16
7199.166436006534 7.108486036035367e-16
7202.000628839634 6.923123167015382e-16
7204.834821672733 7.257804976253934e-16
7207.669014505822 7.32491660507651e-16
7210.50320733892 7.665332792924654e-16
7213.33740017202 7.75213537512367e-16
7216.171593005119 8.675046668709697e-16
7219.005785838218 8.565147018718333e-16
7221.839978671317 7.871601754894319e-16
7224.674171504415 8.627568589107049e-16
7227.508364337515 8.734882576888893e-16
7230.342557170613 8.171306459271885e-16
7233.176750003703 8.725891419324127e-16
7236.010942836802 8.956465729490637e-16
7238.845135669901 8.691220329854506e-16
7241.679328503 8.904828046250817e-16
7244.513521336099 9.967459952177023e-16
7247.347714169197 9.576599577037514e-16
7250.181907002297 8.818614949281875e-16
7253.016099835396 9.21085215110185e-16
7255.850292668495 9.547864724251226e-16
7258.684485501583 9.40044949000886e-16
7261.5186783346835 9.46474278814593e-16
7264.352871167782 9.239481130093252e-16
7267.187064000881 8.799882558177759e-16
7270.021256833979 9.123388221185293e-16
7272.8554496670795 8.645273208017463e-16
7275.689642500178 9.318261338322379e-16
7278.523835333277 9.294443587987e-16
7281.358028166376 9.060358626544317e-16
7284.1922209994655 8.819539587397285e-16
7287.026413832564 8.825015923921414e-16
7289.860606665663 9.219410547678352e-16
7292.694799498762 8.176693342816346e-16
7295.528992331861 8.646469360918194e-16
7298.36318516496 8.458715809930379e-16
7301.19737799806 7.914077392043833e-16
7304.031570831148 8.274930717319583e-16
7306.865763664247 8.027185961446913e-16
7309.699956497346 7.540141362381027e-16
7312.534149330446 7.867929508371297e-16
7315.368342163544 8.205108473997303e-16
7318.202534996643 8.06804801344028e-16
7321.036727829743 7.822177499188307e-16
7323.870920662842 7.725872578947074e-16
7326.70511349594 7.544712777393173e-16
7329.539306329039 7.142656200705713e-16
7332.373499162129 7.249965195515655e-16
7335.207691995228 7.235502168912847e-16
7338.041884828326 7.530353638835019e-16
7340.876077661426 7.31702740494401e-16
7343.710270494525 7.666052733857996e-16
7346.544463327624 7.315576551746071e-16
7349.378656160722 7.144370265916368e-16
7352.212848993812 7.6748713103199e-16
7355.047041826921 7.498559516580473e-16
7357.88123466001 7.316575476059941e-16
7360.715427493109 7.210500283956339e-16
7363.549620326208 7.133684450168637e-16
7366.383813159307 7.14765879260164e-16
7369.218005992406 7.04417369115962e-16
7372.052198825505 7.188146269146157e-16
7374.886391658604 7.03281684884553e-16
7377.7205844916925 6.933816057382008e-16
7380.554777324793 7.140471333790374e-16
7383.388970157891 7.029185018193193e-16
7386.22316299099 6.836039196634955e-16
7389.0573558240885 6.837242491712334e-16
7391.891548657189 7.04795046831584e-16
7394.725741490287 8.400895156053337e-16
7397.559934323386 7.325882185578686e-16
7400.3941271564745 7.167363440917754e-16
7403.228319989575 7.035034299680538e-16
7406.062512822673 6.562551827496712e-16
7408.896705655772 6.951464272214572e-16
7411.730898488871 6.595613825573407e-16
7414.565091321971 6.231296896946389e-16
7417.399284155069 6.262558790979693e-16
7420.233476988168 6.411873938698111e-16
7423.067669821267 6.536731148179041e-16
7425.901862654367 6.399795349445192e-16
7428.736055487455 5.996358322567252e-16
7431.570248320555 5.943853443062962e-16
7434.404441153653 5.984217763066534e-16
7437.238633986753 6.530914128605756e-16
7440.072826819851 6.215671975633289e-16
7442.907019652951 5.791051664723639e-16
7445.741212486049 5.934321620754522e-16
7448.575405319149 5.920054576675369e-16
7451.409598152248 5.777874261200163e-16
7454.243790985337 5.285170535623029e-16
7457.077983818435 5.471800322353994e-16
7459.9121766515345 5.225248644467552e-16
7462.746369484634 5.298771545811714e-16
7465.580562317733 5.387695682895155e-16
7468.414755150831 5.689575705434496e-16
7471.248947983931 5.54323854764767e-16
7474.08314081703 5.240845647668278e-16
7476.917333650119 4.964025305680875e-16
7479.751526483217 4.897768202965752e-16
7482.585719316317 5.277161101045252e-16
7485.419912149416 4.913130051985318e-16
7488.254104982515 4.768552551782642e-16
7491.088297815614 4.900769221113843e-16
7493.922490648713 4.90419151649819e-16
7496.756683481812 4.210360410514785e-16
7499.59087631491 4.627526507255926e-16
7502.425069148 4.006362337079999e-16
7505.259261981099 4.464390723323129e-16
7508.093454814198 4.2745527771288453e-16
7510.927647647298 4.290723558834125e-16
7513.761840480396 4.155964000158262e-16
7516.596033313494 4.023132509629419e-16
7519.430226146594 4.0264900540146623e-16
7522.264418979693 3.6045249287271914e-16
7525.098611812782 3.221284403523359e-16
7527.932804645881 3.256193243380268e-16
7530.766997478981 3.2819274087042066e-16
7533.601190312079 3.3990656095502426e-16
7536.435383145178 3.5412758282191416e-16
7539.269575978276 3.2830294362909587e-16
7542.1037688113765 3.530734023247714e-16
7544.937961644466 3.094879867213218e-16
7547.772154477574 2.80602124495361e-16
7550.606347310663 2.8146203909561255e-16
7553.4405401437625 3.015179567931014e-16
7556.274732976861 3.240329170609967e-16
7559.10892580996 3.0722370574476655e-16
7561.943118643059 3.0945555350511664e-16
7564.7773114761585 3.1815042331246567e-16
7567.611504309257 3.479667562337738e-16
7570.445697142347 3.479657947542248e-16
7573.279889975445 3.440681819140763e-16
7576.1140828085445 3.649981295055232e-16
7578.948275641643 3.814468124815371e-16
7581.782468474743 3.6338546939103237e-16
7584.616661307841 3.9034181664689596e-16
7587.4508541409405 4.345063326199252e-16
7590.285046974039 4.296000160936126e-16
7593.119239807139 4.700439554067683e-16
7595.953432640227 4.504768310910007e-16
7598.787625473326 4.953446123532976e-16
7601.621818306426 4.864707334318203e-16
7604.456011139525 4.81974678316875e-16
7607.290203972623 5.244936737041983e-16
7610.124396805722 5.768894188118825e-16
7612.958589638822 5.832914346506899e-16
7615.792782471921 6.122864946355041e-16
7618.626975305009 6.185020523680199e-16
7621.461168138109 6.338309570111393e-16
7624.295360971208 6.992583569579698e-16
7627.129553804307 6.98022498903323e-16
7629.963746637405 6.566570531306041e-16
7632.797939470505 7.040722179821755e-16
7635.632132303604 7.179386675273906e-16
7638.466325136703 7.374392834412117e-16
7641.300517969792 7.370132546110672e-16
7644.134710802891 7.489242686792502e-16
7646.96890363599 8.143766927321234e-16
7649.803096469089 7.784022208549609e-16
7652.637289302188 8.184552494564615e-16
7655.471482135287 8.205574119773869e-16
7658.305674968386 8.220275972402845e-16
7661.139867801486 8.307349498030975e-16
7663.974060634584 8.541274545813211e-16
7666.808253467673 8.88505735757398e-16
7669.642446300772 8.900948642922714e-16
7672.476639133872 9.923978354805955e-16
7675.31083196697 9.691934424633243e-16
7678.145024800069 9.546260551274255e-16
7680.979217633168 9.37937220875391e-16
7683.813410466268 1.000020724190433e-15
7686.647603299366 1.0187110189663518e-15
7689.481796132465 1.0880163569210733e-15
7692.315988965564 1.0240167471827038e-15
7695.150181798654 1.0291643206322497e-15
7697.984374631752 1.0705276133608625e-15
7700.818567464852 1.0565642094882898e-15
7703.65276029795 1.0552201298830147e-15
7706.48695313105 1.0986269757736473e-15
7709.321145964148 1.1196492668572567e-15
7712.155338797248 1.116327075218552e-15
7714.989531630346 1.1219833773888295e-15
7717.823724463446 1.1400653129153178e-15
7720.657917296535 1.0568961552017328e-15
7723.492110129634 1.0365078296515492e-15
7726.326302962732 1.0660381591034385e-15
7729.160495795832 1.0196592924309997e-15
7731.994688628931 1.0672828426482506e-15
7734.82888146203 1.0308398479746192e-15
7737.663074295118 1.0031633505393167e-15
7740.4972671282185 1.0224941362074583e-15
7743.331459961317 9.883275951024396e-16
7746.165652794416 9.612535569500793e-16
7748.999845627514 9.261216882084758e-16
7751.8340384606145 9.332674803980223e-16
7754.668231293713 9.575543779986989e-16
7757.502424126812 8.7898811568014015e-16
7760.336616959911 8.019415639801159e-16
7763.17080979301 8.763831904219131e-16
7766.005002626109 8.792311240800296e-16
7768.839195459198 8.871074757171594e-16
7771.673388292297 8.418852701571757e-16
7774.507581125396 8.568661536729346e-16
7777.341773958495 8.740288278615312e-16
7780.175966791595 8.008857603378925e-16
7783.010159624693 8.196045317002626e-16
7785.8443524577915 8.407172456255282e-16
7788.678545290881 8.12370540800862e-16
7791.512738123981 8.316659870024032e-16
7794.346930957079 8.178577477666159e-16
7797.181123790178 8.202677948697439e-16
7800.015316623277 8.383977692380418e-16
7802.849509456376 8.171526828282212e-16
7805.683702289475 8.038663861543172e-16
7808.5178951225735 7.380764910880303e-16
7811.352087955674 7.936029826647817e-16
7814.186280788763 7.614593375797153e-16
7817.020473621861 7.672057076714313e-16
7819.854666454959 7.672067440367711e-16
7822.68885928806 7.634138790311831e-16
7825.523052121158 7.603817969474069e-16
7828.357244954257 7.584991354992465e-16
7831.191437787356 7.498687503158532e-16
7834.025630620456 7.544409780093462e-16
7836.859823453544 7.735573635913954e-16
7839.694016286643 7.601456446040451e-16
7842.528209119742 7.278276064027448e-16
7845.3624019528415 6.881388995168039e-16
7848.19659478594 7.117462686313909e-16
7851.03078761904 6.900199628450086e-16
7853.864980452138 6.808774037830958e-16
7856.6991732852375 6.603958871468025e-16
7859.533366118336 6.997926789965285e-16
7862.367558951436 7.04028314334316e-16
7865.201751784524 6.592439602903796e-16
7868.0359446176235 6.689044871881065e-16
7870.870137450723 6.863862977135173e-16
7873.704330283822 6.556598174692057e-16
7876.53852311692 6.005204224053299e-16
7879.3727159500195 5.996870828394716e-16
7882.206908783119 6.559725086575963e-16
7885.041101616218 5.809429494819059e-16
7887.875294449306 6.220799718248828e-16
7890.709487282406 6.804927629228483e-16
7893.543680115505 6.380310005725973e-16
7896.377872948604 5.880869804868333e-16
7899.212065781702 5.965006515350508e-16
7902.046258614802 5.929163861607197e-16
7904.880451447901 5.95186621088823e-16
7907.714644281 5.7584440489218e-16
7910.548837114099 5.563163128163808e-16
7913.383029947198 5.77436623936644e-16
7916.217222780287 5.664287385662087e-16
7919.051415613386 6.196839659924187e-16
7921.885608446485 5.992861899811589e-16
7924.719801279584 5.768181203964093e-16
7927.553994112683 5.259384428338036e-16
7930.388186945783 6.123941201245376e-16
7933.222379778881 5.681917263619981e-16
7936.05657261197 5.59166173882936e-16
7938.890765445069 5.614955540183023e-16
7941.724958278169 5.658529193619227e-16
7944.559151111267 6.004894119944734e-16
7947.393343944366 5.672794319131132e-16
7950.2275367774655 5.007216942053641e-16
7953.061729610565 5.325326206619101e-16
7955.895922443663 5.09869843469246e-16
7958.730115276762 5.311005265765178e-16
7961.5643081098615 5.006579617100699e-16
7964.398500942951 5.007261931175003e-16
7967.232693776049 4.873730179390894e-16
7970.066886609149 4.814619645916402e-16
7972.9010794422475 4.839914776223555e-16
7975.735272275347 4.954578577216177e-16
7978.569465108445 4.95607664891623e-16
7981.403657941545 5.098634063946591e-16
7984.237850774643 5.091739167973948e-16
7987.072043607733 5.210900790573556e-16
7989.906236440832 5.383055406805063e-16
7992.740429273931 4.945856153084347e-16
7995.574622107029 5.125437061171506e-16
7998.408814940129 5.024248688690344e-16
8001.243007773228 4.8099052857060845e-16
8004.077200606327 4.955120137492074e-16
8006.911393439415 4.776684222800901e-16
8009.745586272525 4.672957751960635e-16
8012.579779105614 4.706646208235971e-16
8015.413971938713 4.7230712724074905e-16
8018.248164771811 4.641295250242245e-16
8021.0823576049115 4.942191776885513e-16
8023.91655043801 5.114110355192478e-16
8026.750743271109 4.978191141604662e-16
8029.584936104207 5.199118385741463e-16
8032.4191289373075 4.3477704747427217e-16
8035.253321770396 4.798382181416826e-16
8038.087514603495 4.1524655837326263e-16
8040.921707436594 4.662852529639778e-16
8043.7559002696935 4.941457736640719e-16
8046.590093102792 4.184517649773305e-16
8049.424285935891 4.279454591385562e-16
8052.25847876899 4.77084794090783e-16
8055.0926716020895 4.074487433999019e-16
8057.926864435178 3.9274230300099563e-16
8060.761057268278 4.90503864796316e-16
8063.595250101376 3.9405003579359625e-16
8066.429442934475 4.3811337494749876e-16
8069.263635767574 3.9145507272252667e-16
8072.097828600674 4.131367792308498e-16
8074.932021433772 4.009476787026596e-16
8077.7662142668705 3.7498109365641815e-16
8080.600407099971 3.9371242826651824e-16
8083.43459993306 3.9346157804890234e-16
8086.268792766158 3.618021829375096e-16
8089.102985599257 3.507255838156056e-16
8091.937178432357 3.9499677968050477e-16
8094.771371265455 4.349565874477423e-16
8097.605564098554 4.115063352116807e-16
8100.439756931653 4.180997526199788e-16
8103.273949764753 3.825130766682307e-16
8106.108142597842 3.60672802283685e-16
8108.94233543094 3.573963996808686e-16
8111.776528264039 3.957136235453983e-16
8114.610721097138 4.230211261477447e-16
8117.444913930237 3.668975772300275e-16
8120.279106763337 3.5226648921981523e-16
8123.113299596434 3.9524613049732456e-16
8125.947492429535 4.0612491023429596e-16
8128.781685262634 4.1576160369914907e-16
8131.615878095723 4.0854805525105943e-16
8134.45007092882 3.430914973232195e-16
8137.284263761921 3.5387949763365817e-16
8140.11845659502 3.7443651963422113e-16
8142.952649428118 3.7213654296828016e-16
8145.786842261217 3.535742265885671e-16
8148.621035094317 3.557013292633336e-16
8151.455227927415 3.410925486273133e-16
8154.289420760504 3.2630624155244435e-16
8157.123613593603 3.526046490265477e-16
8159.957806426703 3.267713923528125e-16
8162.791999259801 3.1831422785082037e-16
8165.626192092901 2.6008014608153037e-16
8168.460384926 2.8213198664048713e-16
8171.2945777590985 2.5276610000984343e-16
8174.128770592198 2.751753437667217e-16
8176.962963425298 2.748778113367075e-16
8179.797156258386 2.646233921680004e-16
8182.6313490914845 2.4342620721394034e-16
8185.465541924584 2.3175771768933545e-16
8188.299734757684 2.261813525204542e-16
8191.133927590781 2.2357809350521683e-16
8193.96812042388 1.8872241640171713e-16
8196.802313256982 1.902266920266762e-16
8199.636506090079 1.5212427464245078e-16
8202.470698923178 1.6220404152052542e-16
8205.304891756266 1.3015359000133004e-16
8208.139084589367 1.298451124035659e-16
8210.973277422465 1.268496368084667e-16
8213.807470255564 1.4956470187310873e-16
8216.641663088663 1.3426937002200678e-16
8219.475855921763 9.271555187888506e-17
8222.310048754862 1.0749428678946404e-16
8225.14424158795 1.0291169366196518e-16
8227.978434421058 1.0124055429092213e-16
8230.812627254149 8.671806963154644e-17
8233.646820087248 8.437132424869751e-17
8236.481012920347 1.1308217371008342e-16
8239.315205753444 9.60332412479085e-17
8242.149398586545 7.708349207634059e-17
8244.983591419645 9.306033432396581e-17
8247.817784252742 9.968491105592823e-17
8250.65197708583 9.313726813327854e-17
8253.486169918931 7.659545056413467e-17
8256.32036275203 8.235099821044042e-17
8259.154555585128 1.3116869886739839e-16
8261.988748418227 1.1600451504567353e-16
8264.822941251328 1.136838003903143e-16
8267.657134084426 1.2077793373884722e-16
8270.491326917525 1.4901772327652777e-16
8273.325519750622 1.296686706738802e-16
8276.159712583714 1.0245785755687981e-16
8278.993905416812 1.2290500521361944e-16
8281.82809824991 1.4039348541818856e-16
8284.66229108301 1.378753516434197e-16
8287.49648391611 1.0439993464168951e-16
8290.330676749209 1.3652333570509424e-16
8293.164869582306 1.7656214924512967e-16
8295.999062415405 1.170405098237966e-16
8298.833255248506 1.4071527387411867e-16
8301.667448081604 1.7772338519698272e-16
8304.501640914692 1.6461258752869834e-16
8307.335833747791 1.4138267820456565e-16
8310.170026580892 1.6760342812050687e-16
8313.00421941399 2.1111307275641426e-16
8315.838412247089 1.9883717366922196e-16
8318.672605080188 1.836813752315011e-16
8321.506797913287 2.344625882101698e-16
8324.340990746376 1.7395752715060406e-16
8327.175183579475 1.7652224482382137e-16
8330.009376412574 2.2140857421043843e-16
8332.843569245673 2.1217516102001375e-16
8335.677762078773 1.8075442059543048e-16
8338.511954911872 2.15167824263026e-16
8341.34614774497 2.2336542137679584e-16
8344.18034057807 1.872236267029646e-16
8347.01453341117 1.9457905101988893e-16
8349.848726244258 2.0087292046853315e-16
8352.682919077355 2.2692973140440633e-16
8355.517111910456 2.1255101823815957e-16
8358.351304743555 2.1783989640446774e-16
8361.185497576653 2.183451396288927e-16
8364.019690409752 2.1414307597623882e-16
8366.853883242851 2.0441920159227476e-16
8369.68807607595 1.8916810422501858e-16
8372.52226890905 2.152215933288686e-16
8375.356461742138 2.1993039702386817e-16
8378.190654575239 1.960967344001898e-16
8381.024847408336 2.1983612145829177e-16
8383.859040241436 1.9054148286441337e-16
8386.693233074535 2.1183726225633759e-16
8389.527425907632 2.679527165161517e-16
8392.361618740733 2.4049424356346296e-16
8395.195811573833 2.392944768016197e-16
8398.03000440692 2.689286270676939e-16
8400.864197240018 2.421400058679715e-16
8403.69839007312 2.756029905595694e-16
8406.532582906219 3.102466901065326e-16
8409.366775739316 2.998340087957064e-16
8412.200968572415 3.0310933662630305e-16
8415.035161405516 3.329862950294013e-16
8417.869354238614 3.5262341673876463e-16
8420.703547071713 3.6716644637457825e-16
8423.537739904801 3.9475545698772927e-16
8426.371932737902 4.024497999521317e-16
8429.206125571 4.0926063650171585e-16
8432.040318404099 4.407600027784157e-16
8434.874511237198 4.683422071363678e-16
8437.708704070297 4.570293453741567e-16
8440.542896903396 4.816880833226343e-16
8443.377089736494 5.042591264933688e-16
8446.211282569593 5.331743361154585e-16
8449.045475402683 5.300606720119117e-16
8451.879668235782 5.232864332265309e-16
8454.713861068882 5.824221988557443e-16
8457.548053901979 6.431989664723056e-16
8460.38224673508 5.971069375913243e-16
8463.216439568178 6.645987617766397e-16
8466.050632401277 6.81123770709824e-16
8468.884825234365 6.888106584004544e-16
8471.719018067466 7.306017129270026e-16
8474.553210900565 7.326768690723366e-16
8477.387403733663 7.886372386518109e-16
8480.221596566762 8.49189949654861e-16
8483.055789399861 8.7535028715563e-16
8485.88998223296 9.286824237331812e-16
8488.72417506606 9.203628773514631e-16
8491.558367899157 9.625217326162627e-16
8494.392560732247 9.823382929555364e-16
8497.226753565346 1.0275205630924131e-15
8500.060946398446 1.09128223332679e-15
8502.895139231543 1.098970677160376e-15
8505.729332064644 1.083687812468946e-15
8508.563524897743 1.1177030383518594e-15
8511.39771773084 1.1651765025088248e-15
8514.23191056394 1.1635654892161343e-15
8517.066103397041 1.1996697365842625e-15
8519.900296230138 1.3076733386151894e-15
8522.734489063227 1.5349202040901322e-15
8525.568681896326 1.4300289310571944e-15
8528.402874729427 1.37227401461651e-15
8531.237067562524 1.3833228077161493e-15
8534.071260395624 1.3708706035811974e-15
8536.905453228723 1.4623748816221458e-15
8539.739646061822 1.553109637591979e-15
8542.57383889491 1.6099402852898768e-15
8545.40803172801 1.6211718735513314e-15
8548.242224561109 1.6463677111497863e-15
8551.076417394208 1.6436975012010529e-15
8553.910610227307 1.6675138149893161e-15
8556.744803060406 1.762650750957773e-15
8559.578995893504 1.8529877229870153e-15
8562.413188726605 1.8938973458217355e-15
8565.247381559704 1.905818860894406e-15
8568.081574392792 1.896813655009159e-15
8570.91576722589 1.9453139931520355e-15
8573.74996005899 1.997623708302271e-15
8576.58415289209 2.0751775358409687e-15
8579.418345725187 2.044399089135721e-15
8582.252538558287 2.0893024406882975e-15
8585.086731391388 2.1524207638366047e-15
8587.920924224485 2.1112248565585224e-15
8590.755117057584 2.0898706179725045e-15
8593.589309890673 2.101281417416505e-15
8596.423502723774 2.0406092889516366e-15
8599.257695556871 2.082430011913509e-15
8602.09188838997 2.0956195693740136e-15
8604.92608122307 2.080821608726807e-15
8607.760274056169 2.0340546746815435e-15
8610.594466889268 2.018878926632007e-15
8613.428659722365 2.027524743058082e-15
8616.262852555465 1.9359049018989137e-15
8619.097045388555 1.9017655962979647e-15
8621.931238221654 1.961656948198107e-15
8624.765431054753 1.9696882080704926e-15
8627.59962388785 1.901617080496528e-15
8630.433816720952 1.844064390502892e-15
8633.268009554049 1.861423215427615e-15
8636.102202387148 1.804910970264209e-15
8638.936395220248 1.7144511215804697e-15
8641.770588053338 1.7523926011168267e-15
8644.604780886437 1.7575063517965864e-15
8647.438973719534 1.786561208964425e-15
8650.273166552633 1.7508641612416754e-15
8653.107359385733 1.6778183537915744e-15
8655.941552218832 1.6874030623724087e-15
8658.775745051931 1.6451338208577757e-15
8661.609937885029 1.6144272054596152e-15
8664.44413071812 1.678196393240158e-15
8667.278323551218 1.6811395693654681e-15
8670.112516384317 1.6487421726045576e-15
8672.946709217415 1.608750286938903e-15
8675.780902050514 1.561505039027283e-15
8678.615094883615 1.5488162277381343e-15
8681.449287716712 1.5399765758689199e-15
8684.283480549811 1.4868389285198474e-15
8687.11767338291 1.4910296760004746e-15
8689.951866216 1.5268418013507056e-15
8692.786059049098 1.4963130075917754e-15
8695.620251882197 1.4881801712370394e-15
8698.454444715297 1.4857069962282351e-15
8701.288637548396 1.4070411656104238e-15
8704.122830381495 1.4428281814535838e-15
8706.957023214594 1.443970262247137e-15
8709.791216047692 1.4335008344048784e-15
8712.625408880782 1.4239928034037486e-15
8715.459601713881 1.3683754622862303e-15
8718.29379454698 1.351953138086191e-15
8721.127987380078 1.3235005028184072e-15
8723.962180213179 1.2873867475630529e-15
8726.796373046278 1.3308308712828997e-15
8729.630565879375 1.3141931665323213e-15
8732.464758712475 1.2668764133648494e-15
8735.298951545576 1.3413056920651788e-15
8738.133144378664 1.359652539906575e-15
8740.967337211761 1.2542600081302604e-15
8743.80153004486 1.2703373639145356e-15
8746.635722877962 1.202219242790595e-15
8749.469915711059 1.1801588549796036e-15
8752.304108544158 1.2058506397532328e-15
8755.138301377257 1.1268155537095632e-15
8757.972494210357 1.0751357309581208e-15
8760.806687043445 1.1128690578487852e-15
8763.640879876544 1.1224139549640898e-15
8766.475072709643 1.0846353387990374e-15
8769.309265542743 9.947865578203832e-16
8772.143458375842 9.313629462349628e-16
8774.977651208941 9.798319196688776e-16
8777.811844042039 9.580299610176228e-16
8780.64603687514 9.365078556022317e-16
8783.480229708237 9.053128083248767e-16
8786.314422541327 8.303950494351654e-16
8789.148615374424 7.998494610291158e-16
8791.982808207526 7.69833378350329e-16
8794.817001040625 7.88283423674299e-16
8797.651193873722 7.995859536472956e-16
8800.485386706821 7.546511169062276e-16
8803.31957953992 7.356715049796498e-16
8806.15377237302 6.759441733016345e-16
8808.987965206108 6.277742422434629e-16
8811.822158039207 6.345111245905409e-16
8814.656350872308 5.829018711276147e-16
8817.490543705406 5.35761053397519e-16
8820.324736538505 5.872444850081663e-16
8823.158929371602 5.261592454174024e-16
8825.993122204703 5.228488424444494e-16
8828.827315037803 5.229119821082559e-16
8831.6615078709 4.981572774140133e-16
8834.495700704 4.801344870999073e-16
8837.32989353709 4.322680591809042e-16
8840.164086370189 4.371847364488423e-16
8842.998279203286 4.206843409303955e-16
8845.832472036385 4.1275592138327284e-16
8848.666664869486 3.9909450315662126e-16
8851.500857702584 4.1365354540677793e-16
8854.335050535683 4.241427214771586e-16
8857.169243368782 4.407643697137399e-16
8860.003436201872 4.257084241650749e-16
8862.83762903497 3.512549812051561e-16
8865.671821868069 3.783664479085162e-16
8868.506014701168 4.072273308885927e-16
8871.340207534267 3.9599500608929103e-16
8874.174400367367 4.0969414185072226e-16
8877.008593200466 4.2368248990200475e-16
8879.842786033554 3.903581257254831e-16
8882.676978866664 3.9856147583171863e-16
8885.511171699753 3.796863685347446e-16
8888.345364532852 3.6938345962172716e-16
8891.17955736595 3.552341147331968e-16
8894.01375019905 3.5845680919527736e-16
8896.84794303215 3.6875688701406594e-16
8899.682135865247 3.571502708556923e-16
8902.516328698346 3.5458066597123373e-16
8905.350521531447 3.5729106400193386e-16
8908.184714364535 3.6506122830965344e-16
8911.018907197633 3.5673621941200793e-16
8913.853100030732 3.493511124635037e-16
8916.687292863833 3.667627954682598e-16
8919.52148569693 3.584386191423503e-16
8922.35567853003 3.2780141354029806e-16
8925.189871363129 3.4546013665288263e-16
8928.024064196226 3.745399537126484e-16
8930.858257029317 3.760378238612001e-16
8933.692449862416 3.7887924387838573e-16
8936.526642695515 3.819615422865316e-16
8939.360835528614 4.0058176616677337e-16
8942.195028361713 4.11145325270342e-16
8945.029221194813 4.152246215046846e-16
8947.86341402791 3.957434194954365e-16
8950.69760686101 3.4332437856073883e-16
8953.531799694108 3.802141946444097e-16
8956.365992527208 3.7988513671058106e-16
8959.200185360296 3.30213979468479e-16
8962.034378193395 3.4634183011322076e-16
8964.868571026496 3.713781207732172e-16
8967.702763859594 3.550452875075701e-16
8970.536956692693 3.0470157166607296e-16
8973.37114952579 2.838486017773761e-16
8976.205342358891 3.145633192505383e-16
8979.03953519198 2.9307646143412193e-16
8981.873728025079 2.8925678353796916e-16
8984.707920858178 2.918716837575486e-16
8987.542113691277 2.7775425975187085e-16
8990.376306524377 2.698776483037918e-16
8993.210499357474 2.472348089695731e-16
8996.044692190573 2.4938538780381004e-16
8998.878885023674 2.5241674671360454e-16
9001.713077856772 2.5551263048688663e-16
9004.547270689862 2.5867094506924014e-16
9007.38146352296 2.618961515013019e-16
9010.21565635606 2.651925752680807e-16
9013.049849189158 2.6855604230442205e-16
9015.884042022257 2.7199218837998224e-16
