4292.659552165796 3.3917616749605477e-15
4296.254082294256 3.60890024306712e-15
4299.8486124227165 1.1071671084422305e-14
4303.443142551177 1.2592258156335476e-14
4307.037672679638 1.033856527523398e-14
4310.632202808098 1.9956504118306318e-14
4314.226732936558 2.2237114151510652e-14
4317.821263065008 1.8383694899196542e-14
4321.415793193469 1.730763909058398e-14
4325.010323321929 1.7916225850528862e-14
4328.60485345039 1.6545063184847527e-14
4332.199383578849 9.427604085445368e-15
4335.79391370731 9.96617274835978e-15
4339.38844383577 1.4396608972805247e-14
4342.982973964221 1.4653635431345528e-14
4346.577504092681 1.0383857085679558e-14
4350.172034221141 1.6128669792331565e-14
4353.766564349601 2.331146262200202e-14
4357.361094478062 1.610218108703842e-14
4360.955624606522 9.369205162098285e-15
4364.550154734983 1.1763733015605349e-14
4368.144684863442 2.0095896917325472e-14
4371.739214991893 2.133875670649414e-14
4375.333745120353 1.5956494317592273e-14
4378.928275248814 1.9741846530795926e-14
4382.522805377274 2.4140551066088375e-14
4386.117335505734 2.3256393323614958e-14
4389.7118656341945 2.3166030841204394e-14
4393.3063957626555 1.9851067881274467e-14
4396.9009258911055 1.7371911290511034e-14
4400.4954560195665 1.6696101590743007e-14
4404.089986148026 1.8933475225561075e-14
4407.684516276487 2.2290558293378822e-14
4411.279046404947 2.1736000981789406e-14
4414.873576533408 1.8335085002641638e-14
4418.468106661868 1.5508407004564253e-14
4422.062636790328 1.8406979867536722e-14
4425.657166918778 1.5832907190562123e-14
4429.251697047239 1.427533706723135e-14
4432.846227175699 2.0502136410360254e-14
4436.44075730416 2.4917711538173223e-14
4440.035287432619 2.0331838060587415e-14
4443.62981756108 1.6492222794060532e-14
4447.22434768954 1.992340884424329e-14
4450.818877817991 2.231951434744622e-14
4454.413407946451 1.9965878499586476e-14
4458.007938074911 1.736181485581488e-14
4461.602468203371 1.7532096973859832e-14
4465.196998331832 1.7864302731862263e-14
4468.791528460292 1.8173970955315105e-14
4472.386058588753 1.7457240489851138e-14
4475.980588717202 1.9667708522833912e-14
4479.575118845663 1.6100043410155114e-14
4483.169648974123 1.145633188259298e-14
4486.764179102584 1.408725470826082e-14
4490.3587092310445 1.330687744742698e-14
4493.953239359505 9.360998113886144e-15
4497.547769487965 1.1221118715416214e-14
4501.142299616426 1.7853915759174476e-14
4504.736829744876 1.5410153635157604e-14
4508.331359873337 8.133740259867876e-15
4511.925890001796 1.63725065625027e-14
4515.520420130257 1.974606226291789e-14
4519.114950258717 1.5039988974276243e-14
4522.709480387178 1.5483794386982655e-14
4526.304010515638 1.7406011891486547e-14
4529.898540644088 1.838217355191719e-14
4533.493070772548 1.7955641931192215e-14
4537.087600901009 2.0873987168905595e-14
4540.682131029469 2.1915248808744744e-14
4544.27666115793 2.2842723314502775e-14
4547.871191286389 2.6781129563584173e-14
4551.46572141485 2.972534786472208e-14
4555.06025154331 3.489218912029832e-14
4558.654781671761 3.907970463362622e-14
4562.249311800221 4.151178042209924e-14
4565.843841928681 4.416042096803216e-14
4569.438372057141 4.0552162005624165e-14
4573.032902185602 3.598162961932543e-14
4576.627432314062 3.082605119170937e-14
4580.221962442523 2.923929630919379e-14
4583.8164925709725 3.4820818776285164e-14
4587.4110226994335 3.2505496375396774e-14
4591.005552827894 3.0795187748275836e-14
4594.6000829563545 3.3714116777055425e-14
4598.194613084815 3.5512180826411414e-14
4601.789143213275 3.3160155781927365e-14
4605.383673341735 3.6173582102580264e-14
4608.978203470186 3.962463802729058e-14
4612.572733598646 3.4825838669883294e-14
4616.167263727107 3.671071057946323e-14
4619.761793855566 3.696442797718103e-14
4623.356323984027 3.497767585972134e-14
4626.950854112487 3.384691036349071e-14
4630.545384240948 3.6517940628596886e-14
4634.139914369398 3.746667420925887e-14
4637.734444497858 3.909837467501424e-14
4641.328974626318 3.9937251186687235e-14
4644.923504754779 3.9505034517404835e-14
4648.518034883239 4.1480516762430504e-14
4652.1125650117 4.4864619118939025e-14
4655.707095140159 4.765314597409009e-14
4659.30162526862 4.477327666601557e-14
4662.89615539707 3.973972864889988e-14
4666.490685525531 3.916929055727969e-14
4670.085215653991 4.045097772264285e-14
4673.679745782451 4.2838023230957117e-14
4677.2742759109115 4.0336846536857744e-14
4680.868806039372 3.940341426573275e-14
4684.4633361678325 4.231250828970773e-14
4688.0578662962935 4.3830525497458465e-14
4691.652396424743 4.310949458203378e-14
4695.246926553204 4.305263681850745e-14
4698.841456681664 4.0133608969305765e-14
4702.435986810125 3.8071195880926124e-14
4706.030516938585 3.713509733438007e-14
4709.625047067045 3.692390985816766e-14
4713.219577195505 3.7224693893362084e-14
4716.814107323956 3.552715461338808e-14
4720.408637452416 3.5462073921993736e-14
4724.003167580877 3.566961248235686e-14
4727.597697709336 3.600163500244879e-14
4731.192227837797 3.406406725161285e-14
4734.786757966257 3.321030851082162e-14
4738.381288094718 3.4157404837878775e-14
4741.975818223168 3.446021500312115e-14
4745.570348351628 3.341867130315432e-14
4749.164878480088 3.354215912095507e-14
4752.759408608549 3.132815970833438e-14
4756.353938737009 3.0025477054067706e-14
4759.948468865469 2.960311061940212e-14
4763.542998993929 2.6156616597577243e-14
4767.13752912238 2.665147828460204e-14
4770.73205925084 2.480865731606667e-14
4774.326589379301 2.4756891119167056e-14
4777.9211195077605 2.1924406512902948e-14
4781.5156496362215 1.9889674441006428e-14
4785.110179764682 2.0170958141508026e-14
4788.7047098931425 1.9189676326446416e-14
4792.299240021603 2.058744416235101e-14
4795.893770150054 1.6203355046726085e-14
4799.488300278513 1.6628211940532258e-14
4803.082830406974 2.087667117706721e-14
4806.677360535434 2.5767962215011153e-14
4810.271890663895 3.228745822027877e-14
4813.866420792354 3.756180347212517e-14
4817.460950920815 3.890240290540285e-14
4821.055481049265 4.327650598396282e-14
4824.650011177726 4.964561918307531e-14
4828.244541306186 5.5213438973359724e-14
4831.839071434646 5.728618411311837e-14
4835.433601563106 6.188302298474875e-14
4839.028131691567 5.916810018672176e-14
4842.622661820027 5.882346239356734e-14
4846.217191948488 6.12265349292141e-14
4849.811722076937 6.053057683046157e-14
4853.406252205398 5.815031248783235e-14
4857.000782333858 5.71614260886366e-14
4860.595312462319 5.0135874698272776e-14
4864.189842590779 4.655284045271654e-14
4867.784372719239 4.5875883658968525e-14
4871.3789028476895 4.3435868220659985e-14
4874.97343297615 4.190064062790909e-14
4878.5679631046105 4.512597793746621e-14
4882.1624932330715 4.9458448565716155e-14
4885.757023361531 5.390072576471283e-14
4889.351553489992 5.5559582815849646e-14
4892.946083618452 6.114262157030365e-14
4896.540613746913 6.29421400246013e-14
4900.135143875363 6.316861874208215e-14
4903.729674003823 6.665702746580124e-14
4907.324204132283 6.60632761519626e-14
4910.918734260744 6.566116017150111e-14
4914.513264389204 6.836273968914972e-14
4918.107794517665 6.875676367644507e-14
4921.702324646124 6.757228429086943e-14
4925.296854774585 6.665793312719505e-14
4928.891384903035 6.691161595007234e-14
4932.485915031496 6.218174379623782e-14
4936.080445159956 5.920456110200834e-14
4939.674975288416 5.77643259183691e-14
4943.269505416876 5.6367553769109023e-14
4946.864035545337 4.853746557282264e-14
4950.458565673797 4.499049565697276e-14
4954.053095802248 3.849939859407478e-14
4957.647625930707 3.536237406296645e-14
4961.242156059168 3.6416191552465617e-14
4964.836686187628 3.581155738295363e-14
4968.431216316089 3.4803621075662444e-14
4972.025746444549 3.781379048494926e-14
4975.6202765730095 4.376082131760064e-14
4979.21480670147 4.678574743052652e-14
4982.8093368299205 5.062143373417383e-14
4986.403866958381 5.507137038139972e-14
4989.998397086842 5.6199445774831464e-14
4993.592927215301 6.375507909347842e-14
4997.187457343762 6.675226539481035e-14
5000.781987472222 6.642416622210059e-14
5004.376517600683 6.810385943375869e-14
5007.971047729133 6.9364818324664e-14
5011.565577857593 7.068278563423049e-14
5015.160107986053 6.837255632613576e-14
5018.754638114514 6.529502043646937e-14
5022.349168242974 6.573875767707547e-14
5025.943698371435 6.825749291119333e-14
5029.538228499894 6.644028147059777e-14
5033.132758628355 6.15662737618815e-14
5036.727288756805 6.079439570920183e-14
5040.321818885266 5.983241563070623e-14
5043.916349013726 5.94601569049825e-14
5047.510879142186 5.898001661671945e-14
5051.105409270646 5.873671223900538e-14
5054.699939399107 5.778341764870832e-14
5058.294469527567 5.592996126676374e-14
5061.888999656018 5.4149699065890944e-14
5065.4835297844775 5.4903435612275646e-14
5069.078059912938 5.5418442524784e-14
5072.6725900413985 5.3506590456801304e-14
5076.2671201698595 5.0706567914793296e-14
5079.86165029832 4.7828253060019676e-14
5083.45618042678 4.643455651649084e-14
5087.05071055523 4.612977732907052e-14
5090.645240683691 4.2648901518886654e-14
5094.239770812151 3.9763925333648025e-14
5097.834300940612 3.502807513694696e-14
5101.428831069071 3.27275880753013e-14
5105.023361197532 3.146002062228611e-14
5108.617891325992 3.095280361428701e-14
5112.212421454453 3.132042915393913e-14
5115.806951582903 3.2085233921576035e-14
5119.401481711363 3.400347702270987e-14
5122.996011839823 3.693422865540152e-14
5126.590541968284 3.854015330862292e-14
5130.185072096744 3.9612994410604454e-14
5133.779602225205 4.128094676488637e-14
5137.374132353664 4.282458240193553e-14
5140.968662482115 4.711437451882887e-14
5144.563192610575 4.978713375463735e-14
5148.157722739036 5.559808303265554e-14
5151.752252867496 5.872579521255752e-14
5155.346782995956 6.105279056445644e-14
5158.941313124416 6.43257256892854e-14
5162.535843252877 6.354931293253592e-14
5166.130373381337 6.267812430651745e-14
5169.724903509788 6.164269922842984e-14
5173.319433638248 6.080173894365245e-14
5176.913963766709 6.029531336698729e-14
5180.508493895169 5.946373117120148e-14
5184.10302402363 5.99604067573575e-14
5187.69755415209 6.113174217138154e-14
5191.29208428055 6.384721520321739e-14
5194.886614409 6.489487374881438e-14
5198.481144537461 6.388135297176921e-14
5202.075674665921 6.469798945717359e-14
5205.670204794382 6.096795313215796e-14
5209.264734922841 5.794752524979982e-14
5212.859265051302 6.03107161486598e-14
5216.453795179762 6.075347700906889e-14
5220.048325308223 6.086481711368858e-14
5223.642855436673 5.927016522876928e-14
5227.237385565133 5.726810852901887e-14
5230.831915693593 5.73413219726358e-14
5234.426445822054 5.910069777291636e-14
5238.020975950514 6.174674615449448e-14
5241.615506078975 6.245737252434705e-14
5245.210036207424 6.0594541298685e-14
5248.804566335885 5.854380826687743e-14
5252.399096464345 5.766987872071278e-14
5255.993626592806 5.6753690721105266e-14
5259.588156721266 5.792601220071161e-14
5263.182686849726 5.4408300905771015e-14
5266.7772169781865 5.4881470884945194e-14
5270.3717471066475 5.6334766086135494e-14
5273.966277235098 5.853265049660336e-14
5277.5608073635585 5.973529792833668e-14
5281.155337492018 5.908928197883465e-14
5284.749867620479 6.161591958089212e-14
5288.344397748939 6.436891952799204e-14
5291.9389278774 6.437143341208971e-14
5295.53345800586 6.655403199608418e-14
5299.12798813432 6.696455764056549e-14
5302.72251826277 6.813340454218752e-14
5306.317048391231 6.691435584011851e-14
5309.911578519691 6.631360984452924e-14
5313.506108648152 6.742453455842846e-14
5317.100638776611 6.661499846489306e-14
5320.695168905072 6.760128726197648e-14
5324.289699033522 7.014139304935731e-14
5327.884229161983 7.201711269608744e-14
5331.478759290443 6.917741342373465e-14
5335.073289418903 6.858088810239615e-14
5338.667819547363 7.016992454544213e-14
5342.262349675824 6.835409793800694e-14
5345.856879804284 6.83403092198596e-14
5349.451409932735 6.728128293881849e-14
5353.045940061194 6.835809571431715e-14
5356.640470189655 6.803951698193199e-14
5360.235000318115 6.771262409629747e-14
5363.829530446576 6.751334975139571e-14
5367.4240605750365 6.608867895837507e-14
5371.018590703497 6.574905925036905e-14
5374.613120831957 6.630486225190722e-14
5378.207650960418 6.726578887440178e-14
5381.802181088868 6.647170186870327e-14
5385.396711217329 6.659887099470665e-14
5388.991241345788 6.803068019306748e-14
5392.585771474249 6.821418714260523e-14
5396.180301602709 6.641464122427906e-14
5399.77483173117 6.759300958513493e-14
5403.36936185962 6.94398595373587e-14
5406.96389198808 6.944450700757765e-14
5410.55842211654 6.889036395249951e-14
5414.152952245001 6.67875790503107e-14
5417.747482373461 6.689110471112662e-14
5421.342012501922 6.759378987215544e-14
5424.936542630381 6.71967842859805e-14
5428.531072758842 6.500970028576755e-14
5432.125602887292 6.467841391480271e-14
5435.720133015753 6.353404791931808e-14
5439.314663144213 6.432837191967844e-14
5442.909193272673 6.542831299510695e-14
5446.503723401133 6.392486172804649e-14
5450.098253529594 6.237116207473635e-14
5453.692783658054 6.193645048714304e-14
5457.287313786505 6.067256868921583e-14
5460.8818439149645 6.000553994293969e-14
5464.4763740434255 6.159549987986455e-14
5468.070904171886 5.99254029745318e-14
5471.6654343003465 5.632174805425146e-14
5475.259964428807 5.598899580763158e-14
5478.854494557267 5.87948419683789e-14
5482.449024685717 5.967908335513831e-14
5486.043554814178 6.086332364543468e-14
5489.638084942638 6.223720303726215e-14
5493.232615071099 6.314465509149168e-14
5496.827145199558 6.507671496223743e-14
5500.421675328019 6.743683980781222e-14
5504.016205456479 6.707734405421221e-14
5507.610735584939 6.751767679438637e-14
5511.2052657134 6.915970022939068e-14
5514.79979584185 7.149783196244028e-14
5518.39432597031 7.01159752627262e-14
5521.98885609877 7.042574491451397e-14
5525.583386227231 7.264659166549183e-14
5529.177916355691 6.935936264692347e-14
5532.772446484151 6.64468474827569e-14
5536.366976612611 6.807609101357313e-14
5539.961506741072 6.626979484177318e-14
5543.556036869522 6.560583644953122e-14
5547.150566997983 6.556742701203859e-14
5550.7450971264425 6.543141784314545e-14
5554.3396272549035 6.343647570327731e-14
5557.9341573833635 6.226791959137959e-14
5561.5286875118245 6.396756860969903e-14
5565.123217640275 6.40805619061295e-14
5568.717747768735 6.352990781400304e-14
5572.312277897195 6.366901077812592e-14
5575.906808025656 6.299786753692436e-14
5579.501338154116 6.237748180645858e-14
5583.095868282577 5.973100550346527e-14
5586.690398411036 5.970696138752188e-14
5590.284928539487 5.805259317698035e-14
5593.879458667947 5.584077714174075e-14
5597.473988796408 5.531979990741351e-14
5601.068518924868 5.5914756810340976e-14
5604.663049053328 5.618065098831945e-14
5608.257579181788 5.5659152903786915e-14
5611.852109310249 5.642288601055263e-14
5615.446639438699 5.738567601773544e-14
5619.04116956716 5.885528065117691e-14
5622.635699695619 5.973491537745363e-14
5626.23022982408 6.07572479017096e-14
5629.82475995254 6.159110849671346e-14
5633.419290081001 6.197501615877982e-14
5637.013820209461 6.204653381668345e-14
5640.608350337921 6.407341355748719e-14
5644.202880466381 6.389275353671133e-14
5647.797410594832 6.369098274195834e-14
5651.3919407232925 6.434293316131968e-14
5654.986470851753 6.410894008814355e-14
5658.581000980213 6.390794274727728e-14
5662.175531108674 6.310208044233417e-14
5665.770061237134 6.315234282055519e-14
5669.364591365585 6.680533094938308e-14
5672.959121494045 6.512159317206285e-14
5676.553651622505 6.45121101149033e-14
5680.148181750965 6.299998810023408e-14
5683.742711879426 5.699505000428296e-14
5687.337242007886 5.615228979566443e-14
5690.931772136346 5.815101970213766e-14
5694.526302264806 6.340327943486535e-14
5698.120832393257 6.203914910985027e-14
5701.715362521717 5.8812519693369e-14
5705.309892650178 5.699337305174277e-14
5708.904422778637 5.73127588653851e-14
5712.498952907098 5.74213971243985e-14
5716.093483035558 5.776532225584132e-14
5719.688013164019 5.5886455584912943e-14
5723.282543292469 5.5759216678193126e-14
5726.877073420929 5.73328790208238e-14
5730.471603549389 5.759549462304635e-14
5734.06613367785 5.69564014286377e-14
5737.66066380631 5.85814262800722e-14
5741.255193934771 5.888680277666198e-14
5744.8497240632305 5.926401287411308e-14
5748.4442541916915 5.922978084454741e-14
5752.0387843201415 5.969645653325178e-14
5755.6333144486025 5.996970876969112e-14
5759.227844577063 5.845279847957817e-14
5762.822374705523 5.89491445518815e-14
5766.416904833983 5.89428254487237e-14
5770.011434962444 5.614922621519704e-14
5773.605965090904 5.539526356876298e-14
5777.200495219355 5.6684322641917755e-14
5780.795025347814 5.798878834761608e-14
5784.389555476275 5.735241466225915e-14
5787.984085604735 5.513295957848996e-14
5791.578615733196 5.4847493712158064e-14
5795.173145861656 5.1788752793762e-14
5798.767675990116 5.098692429545229e-14
5802.362206118576 5.1815734353500334e-14
5805.956736247027 5.193927374923737e-14
5809.551266375487 4.8333585380091706e-14
5813.145796503948 4.640472526582815e-14
5816.740326632407 4.512088740478488e-14
5820.334856760868 4.24666101428645e-14
5823.929386889328 4.25673402488747e-14
5827.523917017779 4.127124618458008e-14
5831.118447146239 4.205825298527848e-14
5834.712977274699 4.267966566885336e-14
5838.307507403159 4.5054249832467634e-14
5841.90203753162 4.619513157012261e-14
5845.4965676600805 5.040668473569365e-14
5849.091097788541 5.625313290300257e-14
5852.685627917001 5.89983193605934e-14
5856.280158045452 6.161915271148968e-14
5859.874688173912 6.432503886096655e-14
5863.469218302373 6.599097635714471e-14
5867.063748430833 6.600197769136103e-14
5870.658278559293 6.789290928065724e-14
5874.252808687753 6.771356952615164e-14
5877.847338816214 6.835003898558622e-14
5881.441868944674 6.52912285663442e-14
5885.036399073125 6.444698772414168e-14
5888.630929201584 6.670336591792014e-14
5892.225459330045 6.734509315919005e-14
5895.819989458505 6.779255859456501e-14
5899.414519586966 6.869134464899802e-14
5903.009049715426 6.650183222303028e-14
5906.603579843886 6.69764447766766e-14
5910.198109972336 6.447747838120297e-14
5913.792640100797 6.383555334275392e-14
5917.387170229257 6.263343231649136e-14
5920.981700357718 6.459625912909215e-14
5924.576230486177 6.144084189858254e-14
5928.170760614638 6.36215669272041e-14
5931.765290743098 6.286524003970727e-14
5935.359820871559 6.014452049293457e-14
5938.954351000009 6.071248205172058e-14
5942.5488811284695 6.188808620136473e-14
5946.1434112569295 6.050363205878685e-14
5949.7379413853905 5.982202286464796e-14
5953.332471513851 6.098082802991084e-14
5956.927001642312 6.26944539868208e-14
5960.521531770771 6.158252455052549e-14
5964.116061899222 6.006448462007722e-14
5967.710592027682 6.055958219808029e-14
5971.305122156143 6.031913920923609e-14
5974.899652284603 6.221945922078831e-14
5978.494182413063 6.264224298334325e-14
5982.088712541523 6.327693165614635e-14
5985.683242669984 6.390343610038775e-14
5989.277772798434 6.210177017414087e-14
5992.872302926895 6.162900900358451e-14
5996.466833055354 6.023965385135759e-14
6000.061363183815 6.180442377339506e-14
6003.655893312275 6.092547505042803e-14
6007.250423440736 5.978778164895081e-14
6010.844953569196 6.080014455449283e-14
6014.439483697656 6.015940012795424e-14
6018.034013826106 6.028496980565861e-14
6021.628543954567 6.058238528452379e-14
6025.223074083027 6.051286851360424e-14
6028.817604211488 6.038530796627745e-14
6032.412134339947 6.139193665271164e-14
6036.006664468408 6.105593396325252e-14
6039.6011945968685 5.995464294565272e-14
6043.1957247253295 6.21602377814043e-14
6046.7902548537795 6.058450782401447e-14
6050.38478498224 6.052184682192181e-14
6053.9793151107 5.983353508471312e-14
6057.573845239161 5.953983048825712e-14
6061.168375367621 5.839676601960214e-14
6064.762905496082 5.950782199703838e-14
6068.357435624541 5.773762513915388e-14
6071.951965752992 5.772788946073938e-14
6075.546495881452 5.758643850380525e-14
6079.141026009913 5.584198961691457e-14
6082.735556138373 5.701542146844125e-14
6086.330086266833 5.69629933478113e-14
6089.924616395293 5.657274129139398e-14
6093.519146523744 5.72216842905572e-14
6097.113676652204 5.826173580588375e-14
6100.708206780665 5.923115615254487e-14
6104.302736909124 6.010566743513766e-14
6107.897267037585 6.026880739286833e-14
6111.491797166045 6.095919548940387e-14
6115.086327294506 6.143475500705246e-14
6118.680857422966 6.237431498971843e-14
6122.275387551426 6.369202415047729e-14
6125.869917679876 6.357306341694603e-14
6129.464447808337 6.356567014103943e-14
6133.058977936797 6.412457161435818e-14
6136.653508065258 6.215251914903575e-14
6140.248038193718 6.246260097897359e-14
6143.8425683221785 6.358689205722497e-14
6147.437098450639 6.145248538839964e-14
6151.03162857909 6.144486294704958e-14
6154.62615870755 6.173150165678664e-14
6158.22068883601 6.087847016331197e-14
6161.81521896447 5.827471567999656e-14
6165.409749092931 5.811768702874656e-14
6169.004279221391 5.748861815574646e-14
6172.598809349852 5.6679671833642406e-14
6176.193339478301 5.4878748878900725e-14
6179.787869606762 5.5924659192646375e-14
6183.382399735222 5.642235301391692e-14
6186.976929863683 5.5475682153355155e-14
6190.571459992143 5.749937355029056e-14
6194.165990120603 5.753236125429148e-14
6197.760520249053 5.877101276045042e-14
6201.355050377514 5.982139268285059e-14
6204.949580505974 5.992071560186407e-14
6208.544110634435 6.086242737428337e-14
6212.138640762894 6.219110360340529e-14
6215.733170891355 6.252292414180097e-14
6219.327701019815 6.336647920803924e-14
6222.922231148276 6.378534245484574e-14
6226.516761276736 6.285575150910156e-14
6230.111291405186 6.154965194602014e-14
6233.7058215336465 6.145129745245538e-14
6237.3003516621075 6.202036831233109e-14
6240.8948817905675 6.348150380669706e-14
6244.4894119190285 6.299512022341102e-14
6248.083942047488 6.087160403014877e-14
6251.678472175939 6.030796545346882e-14
6255.273002304399 5.99230472505249e-14
6258.86753243286 5.95641876641285e-14
6262.46206256132 5.87582498771491e-14
6266.05659268978 5.537333152034784e-14
6269.65112281824 5.343191380751228e-14
6273.245652946701 5.206958338038772e-14
6276.840183075161 5.3269715143049655e-14
6280.434713203612 5.315032252289729e-14
6284.029243332071 5.3177908181853225e-14
6287.623773460532 5.2775538879638915e-14
6291.218303588992 5.313691720734409e-14
6294.812833717453 5.2840820319197314e-14
6298.407363845913 5.2515482611356005e-14
6302.001893974373 5.2087623613640106e-14
6305.596424102823 5.317479620574926e-14
6309.190954231284 5.4229149350175704e-14
6312.785484359744 5.427258560500229e-14
6316.380014488205 5.463583054944176e-14
6319.974544616664 5.516288630026081e-14
6323.569074745125 5.562303171071823e-14
6327.163604873585 5.5728601425912685e-14
6330.758135002036 5.4411195088321843e-14
6334.3526651304965 5.485359963386588e-14
6337.9471952589565 5.511766188397216e-14
6341.541725387417 5.1447429762834156e-14
6345.136255515878 5.11574303249567e-14
6348.730785644338 5.167904834161722e-14
6352.325315772799 5.040033747105518e-14
6355.919845901258 4.806080187477061e-14
6359.514376029709 4.585684691397165e-14
6363.108906158169 4.3358575812454374e-14
6366.70343628663 3.9152131162293355e-14
6370.29796641509 3.595993538979049e-14
6373.89249654355 3.5098168208369554e-14
6377.48702667201 3.556441319852636e-14
6381.081556800471 3.5290529052708726e-14
6384.676086928931 3.5007403662270964e-14
6388.270617057382 3.364144900185053e-14
6391.865147185841 3.220007365778061e-14
6395.459677314302 3.225538381420297e-14
6399.054207442762 3.141540711855214e-14
6402.648737571223 2.893508178202655e-14
6406.243267699683 2.7863194347264065e-14
6409.837797828143 2.7278855063510238e-14
6413.432327956593 2.5916315191968957e-14
6417.026858085054 2.4034523008225982e-14
6420.621388213514 2.2816342884210434e-14
6424.215918341975 2.193544901171835e-14
6427.8104484704345 2.161650705541192e-14
6431.4049785988955 2.1345731568142506e-14
6434.9995087273555 2.0515093421769927e-14
6438.5940388558165 1.9560497395013335e-14
6442.188568984267 2.112921954474655e-14
6445.783099112727 2.250514313824723e-14
6449.377629241187 2.2916002976142434e-14
6452.972159369648 2.3956849887330097e-14
6456.566689498108 2.522752638702286e-14
6460.161219626569 2.6518889877513767e-14
6463.755749755018 2.915741928308309e-14
6467.350279883479 3.158566114042761e-14
6470.944810011939 3.5118419140525915e-14
6474.5393401404 3.8841768498956156e-14
6478.13387026886 4.440951974195214e-14
6481.72840039732 5.1071333627863706e-14
6485.32293052578 5.947807626108225e-14
6488.917460654241 6.756285993356947e-14
6492.511990782701 7.662127435966214e-14
6496.106520911152 8.65406730182494e-14
6499.701051039611 9.471119706089936e-14
6503.295581168072 1.021751628749998e-13
6506.890111296532 1.0732119180541705e-13
6510.484641424993 1.1437109337855983e-13
6514.079171553453 1.213056645680755e-13
6517.673701681903 1.2567760493075858e-13
6521.268231810363 1.2857279373016718e-13
6524.862761938824 1.334543267399252e-13
6528.4572920672845 1.3548042370480625e-13
6532.051822195745 1.3624247893624678e-13
6535.646352324205 1.3606539145448766e-13
6539.240882452666 1.361341635764356e-13
6542.835412581126 1.3708879371950967e-13
6546.429942709577 1.367032031385946e-13
6550.024472838037 1.3608712651093908e-13
6553.619002966497 1.3368462327138673e-13
6557.213533094957 1.3114972104849833e-13
6560.808063223418 1.30881234418475e-13
6564.402593351878 1.2982581349431878e-13
6567.997123480338 1.2713487618785617e-13
6571.591653608798 1.233984291452671e-13
6575.186183737249 1.2064980119152402e-13
6578.780713865709 1.1859377751304595e-13
6582.37524399417 1.1563905452036545e-13
6585.969774122629 1.1374110329705512e-13
6589.56430425109 1.1013048032801949e-13
6593.15883437955 1.0731542837355639e-13
6596.753364508011 1.0508894304392179e-13
6600.347894636461 1.0336171492172724e-13
6603.942424764922 9.872551884055731e-14
6607.536954893381 9.540815592892337e-14
6611.131485021842 9.483825833523322e-14
6614.726015150302 9.21398589364544e-14
6618.320545278763 8.920996606074303e-14
6621.9150754072225 8.770685266979029e-14
6625.5096055356835 8.612289867377146e-14
6629.1041356641335 8.390696930125219e-14
6632.6986657925945 8.25429613200088e-14
6636.293195921055 8.073027963442689e-14
6639.887726049515 7.830144713044819e-14
6643.482256177975 7.770181755867881e-14
6647.076786306436 7.726048289527846e-14
6650.671316434896 7.508495242718845e-14
6654.265846563347 7.297463197759871e-14
6657.860376691806 7.149235118518732e-14
6661.454906820267 7.212833582357318e-14
6665.049436948727 7.138716136845768e-14
6668.643967077188 6.950149148247586e-14
6672.238497205648 6.88349430492811e-14
6675.833027334098 6.811091024295403e-14
6679.427557462558 6.791112700708213e-14
6683.022087591019 6.73154635386724e-14
6686.616617719479 6.522785373109375e-14
6690.21114784794 6.4229478813016e-14
6693.805677976399 6.420163904711766e-14
6697.40020810486 6.331621327692347e-14
6700.99473823332 6.237047498726226e-14
6704.589268361771 6.172866868153296e-14
6708.183798490231 6.098524378248314e-14
6711.778328618691 6.051136025930251e-14
6715.372858747151 5.996359169939081e-14
6718.967388875612 5.92702409355088e-14
6722.5619190040725 5.836291487125957e-14
6726.156449132533 5.825921663219106e-14
6729.750979260993 5.840132496294044e-14
6733.345509389444 5.838223373059749e-14
6736.940039517904 5.823854906807911e-14
6740.534569646364 5.816649413519953e-14
6744.129099774825 5.743669237777103e-14
6747.723629903284 5.6840121588520494e-14
6751.318160031745 5.558611774116081e-14
6754.912690160205 5.5466365781780166e-14
6758.507220288666 5.5090349893773614e-14
6762.101750417116 5.4619666067322344e-14
6765.696280545576 5.438741630210894e-14
6769.290810674036 5.4188621174057674e-14
6772.885340802497 5.462345862823828e-14
6776.479870930957 5.5031276820639836e-14
6780.074401059418 5.4427661557807604e-14
6783.668931187877 5.376718248567548e-14
6787.263461316328 5.40404602048947e-14
6790.857991444788 5.418054496466861e-14
6794.452521573249 5.4778981653890933e-14
6798.047051701709 5.476529650668341e-14
6801.641581830169 5.536664760540422e-14
6805.236111958629 5.520991343724688e-14
6808.83064208708 5.393143070556991e-14
6812.42517221554 5.467526575888847e-14
6816.019702344001 5.498098745677165e-14
6819.614232472461 5.4962558213168386e-14
6823.208762600922 5.555984185580386e-14
6826.803292729382 5.4984603902088194e-14
6830.397822857843 5.3754472421327127e-14
6833.992352986303 5.3623628332508885e-14
6837.586883114763 5.392272903722268e-14
6841.181413243213 5.375709215689233e-14
6844.775943371674 5.372848180009891e-14
6848.370473500134 5.088231941019137e-14
6851.965003628595 4.458954623799447e-14
6855.559533757054 3.7730241460921104e-14
6859.154063885515 3.424533687416172e-14
6862.748594013975 3.562205926623729e-14
6866.343124142426 3.818655147220737e-14
6869.937654270886 4.161512987511166e-14
6873.532184399346 4.3834422386471824e-14
6877.126714527806 4.2401896136133e-14
6880.721244656267 4.1278201573571276e-14
6884.315774784727 4.285333978760427e-14
6887.910304913188 4.432786601015551e-14
6891.504835041647 4.510072863403945e-14
6895.099365170098 4.605609025661901e-14
6898.693895298558 4.686469169310541e-14
6902.288425427019 4.796635253639577e-14
6905.882955555479 4.953020003401048e-14
6909.477485683939 5.0030432648400227e-14
6913.0720158123995 4.8483889984392026e-14
6916.6665459408605 4.754443513249124e-14
6920.261076069311 4.7044371951185996e-14
6923.8556061977715 4.530752132367132e-14
6927.450136326231 4.602413554765324e-14
6931.044666454692 4.6816515706362557e-14
6934.639196583152 4.457846952664194e-14
6938.233726711613 4.55480666975972e-14
6941.828256840073 4.910997647579576e-14
6945.422786968523 5.026635473468328e-14
6949.017317096983 5.0818315012048006e-14
6952.611847225444 5.2589420321500776e-14
6956.206377353904 5.3719702410154773e-14
6959.800907482365 5.372735417751704e-14
6963.395437610824 5.26902503956582e-14
6966.989967739275 5.1782297241411724e-14
6970.584497867735 5.2362971033875504e-14
6974.179027996196 5.1354611895715194e-14
6977.773558124656 5.02777699068748e-14
6981.368088253116 5.1325726212162285e-14
6984.962618381576 5.14309221458971e-14
6988.557148510037 5.0476932622365305e-14
6992.151678638497 5.069731971315149e-14
6995.746208766958 5.07518148262094e-14
6999.340738895407 5.041168434033308e-14
7002.935269023868 5.0509256147712544e-14
7006.529799152328 5.0580935115709126e-14
7010.124329280789 5.126934525214093e-14
7013.7188594092495 5.0398796875434396e-14
7017.31338953771 5.031243938671554e-14
7020.90791966617 5.069232320435673e-14
7024.502449794621 5.0527162933233836e-14
7028.096979923081 5.124029925842885e-14
7031.691510051542 5.196029731854463e-14
7035.286040180001 5.149567850331126e-14
7038.880570308462 5.1702730364181755e-14
7042.475100436922 5.1284702081987364e-14
7046.069630565383 5.1167201492574856e-14
7049.664160693833 5.101917507186972e-14
7053.258690822293 5.117940662600681e-14
7056.853220950753 5.2449201331669675e-14
7060.447751079214 5.2857717982036566e-14
7064.042281207674 5.251602670238437e-14
7067.636811336135 5.216676645115722e-14
7071.231341464594 5.2233274596885936e-14
7074.825871593055 5.2029274968391175e-14
7078.420401721505 5.228434763867333e-14
7082.014931849966 5.3228528744606166e-14
7085.609461978426 5.281571790658178e-14
7089.203992106886 5.140675762618119e-14
7092.798522235346 5.1822354923414076e-14
7096.393052363807 5.3160393505080447e-14
7099.987582492267 5.271637641361113e-14
7103.582112620718 5.207651091138344e-14
7107.1766427491775 5.262900472482689e-14
7110.7711728776385 5.19623683151985e-14
7114.365703006099 5.116035182157573e-14
7117.9602331345595 5.1852030966323984e-14
7121.55476326302 5.1078553906832476e-14
7125.14929339148 5.102166808167445e-14
7128.74382351993 5.206638795836647e-14
7132.338353648391 5.085852213774109e-14
7135.932883776851 4.910137142980987e-14
7139.527413905312 4.9703969696577815e-14
7143.121944033771 5.03576758972013e-14
7146.716474162232 4.980551644815863e-14
7150.311004290692 4.799136098458594e-14
7153.905534419153 4.476832701540186e-14
7157.500064547603 4.185199304584101e-14
7161.094594676063 4.0026379669580684e-14
7164.689124804523 3.95779430367871e-14
7168.283654932984 3.92858227191098e-14
7171.878185061444 3.8332385079705754e-14
7175.472715189905 3.804414295741368e-14
7179.067245318364 3.939062441464574e-14
7182.661775446815 3.940872950817648e-14
7186.256305575275 3.905242057865453e-14
7189.850835703736 4.1171991860124395e-14
7193.445365832196 4.378130844490563e-14
7197.039895960656 4.6772943535554525e-14
7200.6344260891165 4.819442824889572e-14
7204.228956217577 4.8121070546142236e-14
7207.8234863460375 4.80531987816833e-14
7211.4180164744885 4.734066770618129e-14
7215.012546602948 4.6174973750820954e-14
7218.607076731409 4.402166131336471e-14
7222.201606859869 4.2537993624306404e-14
7225.79613698833 4.1591006849956685e-14
7229.39066711679 4.1062027475748215e-14
7232.98519724525 4.096665210768788e-14
7236.5797273737 4.0161933284793303e-14
7240.174257502161 4.060101038626761e-14
7243.768787630621 4.2245240352690353e-14
7247.363317759082 4.3426109353430295e-14
7250.957847887541 4.400014868168155e-14
7254.552378016002 4.3574653819657946e-14
7258.146908144462 4.365341709379761e-14
7261.741438272923 4.370761704784134e-14
7265.335968401373 4.3945909958631764e-14
7268.930498529833 4.4555378109281684e-14
7272.525028658293 4.496599543417815e-14
7276.119558786754 4.437164646742814e-14
7279.714088915214 4.443552885937979e-14
7283.308619043675 4.462787157619522e-14
7286.903149172124 4.394878670629455e-14
7290.497679300585 4.415171439471735e-14
7294.092209429045 4.388053648247333e-14
7297.686739557506 4.4700329019768064e-14
7301.281269685966 4.590418172299248e-14
7304.8757998144265 4.63730547950793e-14
7308.470329942887 4.582069532241139e-14
7312.0648600713475 4.650246398884993e-14
7315.659390199798 4.767663425576826e-14
7319.253920328259 4.756782909795197e-14
7322.848450456718 4.805571821335423e-14
7326.442980585179 4.8774932615444374e-14
7330.037510713639 4.834055084409569e-14
7333.6320408421 4.844419707951871e-14
7337.22657097056 4.763127180183024e-14
7340.82110109902 4.783074059478917e-14
7344.41563122747 4.750693618997094e-14
7348.010161355931 4.6478672199029695e-14
7351.604691484391 4.634407425567308e-14
7355.199221612852 4.694788577882077e-14
7358.793751741311 4.6568718148964437e-14
7362.388281869772 4.578950607234958e-14
7365.982811998232 4.6016074567911375e-14
7369.577342126683 4.588844880992252e-14
7373.171872255143 4.5779477922709467e-14
7376.766402383603 4.5628366729907444e-14
7380.360932512063 4.677696740094067e-14
7383.955462640524 4.630670341682722e-14
7387.549992768984 4.619296357510224e-14
7391.144522897445 4.53622375230778e-14
7394.7390530259045 4.511927299744597e-14
7398.333583154355 4.675155686607086e-14
7401.9281132828155 4.7043131499036165e-14
7405.5226434112765 4.521733874258418e-14
7409.1171735397365 4.545597420705329e-14
7412.711703668197 4.679795774370107e-14
7416.306233796657 4.7771353267969686e-14
7419.900763925118 4.743786464818875e-14
7423.495294053568 4.7435248346698203e-14
7427.089824182029 4.6691915533240194e-14
7430.684354310488 4.6025759571034454e-14
7434.278884438949 4.527920507156142e-14
7437.873414567409 4.5116536749527486e-14
7441.46794469587 4.4708386076139794e-14
7445.06247482433 4.469968276015294e-14
7448.65700495278 4.492473460468175e-14
7452.25153508124 4.4849413425074705e-14
7455.846065209701 4.3568974903114166e-14
7459.440595338161 4.443767215745042e-14
7463.035125466622 4.4386262775490494e-14
7466.629655595081 4.3712021752917026e-14
7470.224185723542 4.334668479549182e-14
7473.818715851992 4.4030540429778717e-14
7477.413245980453 4.3270568514596694e-14
7481.007776108913 4.181566818926096e-14
7484.602306237373 4.157642495484751e-14
7488.196836365833 4.249374137469869e-14
7491.791366494294 4.209871320199627e-14
7495.385896622754 3.981098654568298e-14
7498.9804267512145 4.1591590222161735e-14
