3215.665081136401 2.250400653283396e-16
3220.3159098196033 2.0315921890298533e-15
3224.9667385027947 1.739821655894608e-15
3229.6175671859964 -3.514269549964246e-16
3234.268395869188 2.0381981276052934e-16
3238.91922455239 -4.5650968922567376e-17
3243.570053235592 1.913757864008127e-15
3248.2208819187836 7.346495209500306e-16
3252.871710601975 5.454561336680148e-16
3257.522539285177 -1.004886092519711e-15
3262.173367968379 -9.982053587687812e-16
3266.8241966515707 -2.948074063527327e-16
3271.4750253347725 -9.371906056226886e-16
3276.125854017964 -3.1981416088414096e-16
3280.776682701166 1.0094439967964323e-16
3285.4275113843573 -1.7720065343153461e-16
3290.0783400675596 -4.055890178217797e-16
3294.729168750751 2.029667247176886e-16
3299.3799974339527 4.47779133575931e-17
3304.030826117145 1.1303861707791078e-17
3308.681654800346 3.6984215184193654e-16
3313.3324834835385 2.0542400119305922e-16
3317.98331216674 1.4348313553637988e-17
3322.6341408499316 3.017560047868888e-16
3327.2849695331333 4.485137262082676e-16
3331.935798216325 3.494768737070169e-16
3336.586626899527 3.2787028699480824e-16
3341.2374555827187 9.622898276812872e-17
3345.8882842659204 1.3253754328095958e-16
3350.539112949122 1.6982742531168457e-16
3355.189941632314 1.0292232874402452e-16
3359.840770315516 2.5292112268720076e-16
3364.4915989987076 3.35657804937618e-16
3369.1424276818993 3.2155475386802764e-16
3373.793256365101 2.859700817020692e-16
3378.4440850483024 2.0143048660049333e-16
3383.0949137314947 2.776069503384361e-16
3387.7457424146965 2.5075424461332623e-16
3392.396571097888 2.4457790305381374e-16
3397.04739978109 2.4440555322874386e-16
3401.6982284642813 3.9519248928918196e-16
3406.3490571474836 3.582342453075653e-16
3410.999885830675 4.0763470857184333e-16
3415.6507145138767 3.951652466271862e-16
3420.3015431970684 5.011654561075105e-16
3424.95237188027 3.8084483204269295e-16
3429.6032005634625 3.6182987196860735e-16
3434.254029246664 4.231853191643436e-16
3438.904857929856 3.781975093886473e-16
3443.5556866130573 3.646992925061027e-16
3448.206515296249 4.107112973239689e-16
3452.857343979451 4.864443021924641e-16
3457.5081726626427 3.3363031037558644e-16
3462.1590013458444 4.960346374205893e-16
3466.809830029036 3.8251592790325386e-16
3471.460658712238 3.680171851503235e-16
3476.11148739544 4.0893647399307727e-16
3480.7623160786316 4.420875909744069e-16
3485.413144761833 4.481381821953187e-16
3490.063973445025 3.357232875529506e-16
3494.7148021282264 2.5784119496048827e-16
3499.3656308114187 3.355251126048592e-16
3504.01645949462 2.747110469294713e-16
3508.667288177812 2.275578170824459e-16
3513.318116861014 2.2792649988480425e-16
3517.9689455442053 2.1027563922952343e-16
3522.6197742274076 2.385340760452182e-16
3527.270602910599 3.3403045823835876e-16
3531.921431593801 3.1388458572409384e-16
3536.5722602769924 2.611973864722661e-16
3541.223088960194 3.2359771532828455e-16
3545.873917643386 3.769911380032716e-16
3550.524746326588 3.989851629279e-16
3555.17557500978 4.832999987788169e-16
3559.8264036929813 4.785479442510462e-16
3564.477232376173 5.842517877490026e-16
3569.128061059375 6.621507823325061e-16
3573.7788897425667 6.365989250246748e-16
3578.4297184257684 5.837917076608653e-16
3583.08054710896 5.859382575675339e-16
3587.7313757921615 5.165154017427726e-16
3592.382204475364 5.199461319632236e-16
3597.0330331585556 3.9376351428406166e-16
3601.6838618417573 5.092058862051457e-16
3606.334690524949 4.637712003536812e-16
3610.9855192081504 4.864741943813084e-16
3615.6363478913427 4.590788906688812e-16
3620.287176574544 4.848792767028524e-16
3624.938005257736 5.305957795123705e-16
3629.5888339409375 6.290256906373271e-16
3634.2396626241293 6.075433434213351e-16
3638.8904913073316 5.984885941692927e-16
3643.541319990523 6.452405920781942e-16
3648.192148673725 6.297311694099887e-16
3652.8429773569164 5.572938167798456e-16
3657.493806040118 5.918227232720143e-16
3662.14463472331 5.933122378436471e-16
3666.7954634065118 5.685550796864952e-16
3671.446292089704 6.018901745802022e-16
3676.0971207729053 6.518456686580974e-16
3680.747949456097 6.447451679303565e-16
3685.398778139299 6.764318714972656e-16
3690.0496068224907 7.06940832980286e-16
3694.7004355056924 6.687952811045135e-16
3699.351264188894 5.903403888295385e-16
3704.0020928720855 4.810877117369883e-16
3708.652921555288 3.989658588200311e-16
3713.3037502384796 2.8871548233450996e-16
3717.9545789216813 2.220738747820791e-16
3722.605407604873 1.9992044296805067e-16
3727.2562362880744 1.980514510876678e-16
3731.9070649712667 1.5398719382594914e-16
3736.557893654468 1.2530314214008503e-16
3741.20872233766 1.2441523110346643e-16
3745.8595510208615 6.819289197363121e-17
3750.5103797040533 1.1100358612053528e-17
3755.1612083872556 1.993255648131592e-17
3759.812037070447 6.328332595512667e-17
3764.462865753649 4.108080987546291e-17
3769.1136944368404 2.6581619822403975e-17
3773.764523120042 3.471750684273225e-17
3778.415351803234 5.810578184944555e-17
3783.0661804864358 5.675709570344793e-17
3787.7170091696275 8.011512480252945e-17
3792.3678378528293 5.0230391605238896e-17
3797.018666536031 5.591312637584184e-17
3801.669495219223 3.865500698620442e-17
3806.3203239024147 1.2650890549602132e-16
3810.9711525856164 1.9354848526312254e-16
3815.621981268808 1.9439243728813175e-16
3820.27280995201 1.9669554731517402e-16
3824.923638635212 1.602142282545085e-16
3829.574467318403 1.5966299275017742e-16
3834.2252960016053 2.059046443099149e-16
3838.876124684797 1.8801579497466811e-16
3843.5269533679984 1.6524537010676818e-16
3848.1777820511907 2.003021341170734e-16
3852.828610734392 3.450030536965596e-16
3857.479439417584 4.335268066782172e-16
3862.1302681007855 4.977299405838784e-16
3866.781096783978 5.732381722369294e-16
3871.431925467179 6.672954836666525e-16
3876.082754150371 8.552918025145425e-16
3880.733582833573 9.672625051683739e-16
3885.3844115167644 1.0203909691010475e-15
3890.0352401999667 1.0637722022681894e-15
3894.686068883158 1.0229015769546301e-15
3899.3368975663598 1.0287379172547295e-15
3903.9877262495515 9.640915602474207e-16
3908.6385549327533 9.464372195993004e-16
3913.2893836159546 8.949696475576591e-16
3917.940212299147 8.76149201056116e-16
3922.5910409823387 9.151103771959138e-16
3927.2418696655404 9.75518037087328e-16
3931.892698348742 1.069142837038645e-15
3936.543527031934 1.1480583078416305e-15
3941.1943557151358 1.250963135283242e-15
3945.845184398327 1.3325214588140296e-15
3950.4960130815293 1.3534376806434732e-15
3955.1468417647206 1.4592984701399719e-15
3959.797670447923 1.5352807445009284e-15
3964.4484991311147 1.5704843666871625e-15
3969.099327814316 1.6664322912058105e-15
3973.750156497508 1.7648750270059602e-15
3978.4009851807095 1.818406219775907e-15
3983.0518138639018 1.8702834877693142e-15
3987.702642547103 1.9805679675465173e-15
3992.353471230295 2.0399425590673015e-15
3997.0042999134967 2.0091740700523e-15
4001.6551285966884 1.970757754860994e-15
4006.3059572798907 1.902155970511487e-15
4010.956785963082 1.918885063082865e-15
4015.6076146462838 1.8672473546087082e-15
4020.2584433294755 1.843136221139689e-15
4024.9092720126773 1.8101153336945436e-15
4029.560100695879 1.8112094621978105e-15
4034.210929379071 1.8780580444182983e-15
4038.861758062262 1.880506294295909e-15
4043.5125867454644 1.8358683344730026e-15
4048.163415428666 1.8168615279938287e-15
4052.814244111858 1.861040637959844e-15
4057.4650727950598 1.904367409104476e-15
4062.115901478251 1.979657776079273e-15
4066.7667301614533 1.9459565055888472e-15
4071.4175588446446 1.946065792696362e-15
4076.068387527847 1.997655113607954e-15
4080.7192162110387 1.953128521718531e-15
4085.3700448942404 1.9091001913783958e-15
4090.0208735774318 1.953397574052094e-15
4094.6717022606335 1.9411882508025502e-15
4099.322530943826 2.0493461394351692e-15
4103.973359627028 2.0554901026768762e-15
4108.624188310218 2.07161151235494e-15
4113.275016993421 2.071240283442951e-15
4117.925845676613 2.0450725836483735e-15
4122.576674359814 2.0218141756877905e-15
4127.227503043006 1.996694238104661e-15
4131.878331726208 1.9428818320266935e-15
4136.529160409399 1.9462591433905636e-15
4141.179989092601 1.98167624713073e-15
4145.830817775794 1.952128427058135e-15
4150.481646458995 1.988123493535592e-15
4155.132475142196 1.9785065040518654e-15
4159.783303825388 1.933196944991822e-15
4164.434132508591 1.923820533089847e-15
4169.084961191782 1.8817836378247588e-15
4173.735789874983 1.9063194789777426e-15
4178.3866185581755 1.9272365747025596e-15
4183.037447241377 1.88344807714676e-15
4187.688275924569 1.9172324450744505e-15
4192.33910460777 1.952377493779417e-15
4196.989933290963 1.9309262761889127e-15
4201.640761974164 1.889642256817136e-15
4206.291590657356 1.8908447426788984e-15
4210.942419340558 1.853568521347074e-15
4215.593248023749 1.8046391762782286e-15
4220.244076706951 1.7540593266621894e-15
4224.894905390143 1.7677098092688158e-15
4229.545734073345 1.7987343422546354e-15
4234.196562756536 1.7664210059028237e-15
4238.847391439738 1.7296881689718496e-15
4243.49822012293 1.7662801757104988e-15
4248.149048806132 1.7467676286947805e-15
4252.799877489324 1.6993201392928059e-15
4257.450706172525 1.6976286234451198e-15
4262.101534855727 1.5862261225095127e-15
4266.752363538919 1.6358496839425038e-15
4271.403192222121 1.6339831628522635e-15
4276.0540209053115 1.586057209339221e-15
4280.704849588514 1.5082979604792376e-15
4285.355678271706 1.5043889066542947e-15
4290.006506954908 1.5500230781376435e-15
4294.6573356380995 1.5643095584876413e-15
4299.308164321301 1.5905768712903186e-15
4303.958993004493 1.52310800273355e-15
4308.609821687694 1.4856707149177573e-15
4313.260650370887 1.4163747123943768e-15
4317.911479054088 1.3566052649216553e-15
4322.562307737279 1.2207857176376488e-15
4327.2131364204815 1.121149595020847e-15
4331.863965103674 1.0036941181758041e-15
4336.514793786876 9.336790537242697e-16
4341.165622470066 8.721812265276066e-16
4345.816451153269 8.804733650152228e-16
4350.467279836461 8.578715934260676e-16
4355.118108519662 8.375723325662901e-16
4359.7689372028635 8.698704704987033e-16
4364.419765886056 9.594356696126735e-16
4369.070594569257 1.0971724223678538e-15
4373.721423252449 1.2659797458888703e-15
4378.372251935652 1.4284100030236562e-15
4383.023080618843 1.5271732909200993e-15
4387.673909302044 1.6082332737734512e-15
4392.324737985236 1.678351761378284e-15
4396.975566668429 1.701526293959556e-15
4401.626395351629 1.8245069507887425e-15
4406.277224034831 1.8995975878771887e-15
4410.9280527180235 1.9086408953773213e-15
4415.578881401225 1.9794714519256315e-15
4420.229710084417 2.0356281208091747e-15
4424.880538767618 2.1329157490250018e-15
4429.531367450811 2.1508978919528515e-15
4434.182196134012 2.173676261833036e-15
4438.833024817204 2.1452739898757524e-15
4443.4838535004055 2.1427732320531254e-15
4448.134682183597 2.124034761372552e-15
4452.785510866799 2.1120977020668284e-15
4457.436339549991 2.0806566298785174e-15
4462.087168233194 2.0906402825858174e-15
4466.737996916384 2.095177037424175e-15
4471.388825599586 2.0504846818265846e-15
4476.039654282788 2.0627463787950987e-15
4480.69048296598 2.0432012671969282e-15
4485.341311649171 2.0704647885744164e-15
4489.992140332373 2.1282336575025334e-15
4494.642969015575 2.24324608802693e-15
4499.293797698767 2.310024007854278e-15
4503.944626381969 2.3921075044927887e-15
4508.59545506516 2.4823111357153668e-15
4513.246283748362 2.5763770294717776e-15
4517.897112431554 2.5710313809543533e-15
4522.547941114756 2.6179316131950464e-15
4527.198769797947 2.6122099624708854e-15
4531.849598481149 2.741698954076671e-15
4536.500427164341 2.8287870708250354e-15
4541.151255847542 2.8855681931968395e-15
4545.802084530735 2.9970526055662065e-15
4550.452913213936 3.0390381283384508e-15
4555.103741897128 2.98185075667508e-15
4559.7545705803295 2.9021684363515103e-15
4564.405399263522 2.8235787878548965e-15
4569.056227946723 2.6175712489528004e-15
4573.707056629914 2.5846269839585254e-15
4578.357885313117 2.5409692736192016e-15
4583.008713996309 2.480892441843837e-15
4587.65954267951 2.3405294144135323e-15
4592.3103713627015 2.346034875365133e-15
4596.961200045904 2.2588919948928766e-15
4601.612028729106 2.3090933381218875e-15
4606.262857412297 2.336938444630967e-15
4610.913686095499 2.4583771374994873e-15
4615.564514778691 2.6316174778337193e-15
4620.215343461892 2.7707045612450294e-15
4624.866172145084 2.8581326134888207e-15
4629.517000828287 2.918409686778714e-15
4634.167829511477 2.9415831265552663e-15
4638.818658194679 3.03132537353186e-15
4643.4694868778715 3.052315149118945e-15
4648.120315561074 3.1973876047303024e-15
4652.771144244264 3.2836591860516142e-15
4657.421972927466 3.3485497753202673e-15
4662.072801610659 3.4515624933870145e-15
4666.72363029386 3.561620828632416e-15
4671.374458977052 3.58318124368133e-15
4676.0252876602535 3.588537304234715e-15
4680.676116343445 3.686272375257801e-15
4685.326945026647 3.690064931451167e-15
4689.977773709839 3.727754669749646e-15
4694.628602393041 3.6888067826112265e-15
4699.279431076232 3.6969009850093145e-15
4703.930259759434 3.6132678348898506e-15
4708.581088442626 3.518187567457035e-15
4713.231917125828 3.4931543218954505e-15
4717.882745809029 3.4629951975396676e-15
4722.533574492221 3.41519656275734e-15
4727.184403175423 3.3759003235797635e-15
4731.835231858615 3.340181126410865e-15
4736.486060541816 3.3505211961315914e-15
4741.136889225008 3.2764200451125776e-15
4745.78771790821 3.3047493486186375e-15
4750.438546591402 3.2755967338925127e-15
4755.089375274604 3.1793700724501643e-15
4759.740203957795 3.134401344326013e-15
4764.391032640997 3.0129822289345995e-15
4769.041861324189 2.837320678125894e-15
4773.69269000739 2.697827970165604e-15
4778.343518690582 2.5163797924765362e-15
4782.994347373784 2.372561603070203e-15
4787.645176056976 2.2612911599004263e-15
4792.2960047401775 2.1396352546308327e-15
4796.94683342337 2.0378973224903403e-15
4801.597662106571 1.9810458920138006e-15
4806.248490789762 1.9216997995015414e-15
4810.899319472965 1.8774398917448673e-15
4815.550148156167 1.830251390698529e-15
4820.200976839358 1.7196955142092258e-15
4824.8518055225495 1.603314932518359e-15
4829.502634205752 1.5362548106753911e-15
4834.153462888954 1.4898058575199807e-15
4838.804291572145 1.3786206571493848e-15
4843.455120255347 1.3096142951374673e-15
4848.105948938539 1.3180348504447053e-15
4852.75677762174 1.2822283409440498e-15
4857.407606304932 1.2783897912853024e-15
4862.058434988134 1.341149141709005e-15
4866.709263671326 1.3859013023290872e-15
4871.360092354527 1.4587629422427786e-15
4876.0109210377195 1.5279920382988605e-15
4880.661749720922 1.5838191295823375e-15
4885.312578404112 1.7355929439167198e-15
4889.963407087314 1.863306275378439e-15
4894.614235770507 2.032545081091285e-15
4899.265064453708 2.211846971246822e-15
4903.915893136899 2.367857758831614e-15
4908.5667218201015 2.529088508335257e-15
4913.217550503303 2.7413935766577323e-15
4917.868379186495 2.9628992636661985e-15
4922.519207869697 3.1319621774529383e-15
4927.170036552889 3.2633784593575876e-15
4931.82086523609 3.456793350813965e-15
4936.471693919282 3.708701277160524e-15
4941.122522602484 3.924887096314743e-15
4945.773351285675 4.1536698324230055e-15
4950.424179968877 4.4161888825427905e-15
4955.075008652069 4.56275956723156e-15
4959.7258373352715 4.745757948243606e-15
4964.376666018463 4.8682681569327235e-15
4969.027494701664 4.886323144721789e-15
4973.678323384856 4.9271696667100785e-15
4978.329152068058 5.025559037829223e-15
4982.97998075125 5.142646406216909e-15
4987.630809434451 5.122167134705135e-15
4992.281638117643 5.130659158578144e-15
4996.932466800845 5.151643553860346e-15
5001.583295484037 5.196901797904587e-15
5006.234124167239 5.175710391923085e-15
5010.88495285043 5.0946414568751074e-15
5015.535781533632 4.892643997405702e-15
5020.186610216834 4.72775600643391e-15
5024.8374389000255 4.544133846789683e-15
5029.488267583217 4.455451666067322e-15
5034.139096266419 4.2977739484193386e-15
5038.78992494961 4.106310117352618e-15
5043.440753632813 3.896550494962067e-15
5048.091582316015 3.6755428384299996e-15
5052.742410999206 3.554032512646665e-15
5057.3932396824075 3.4827046614250073e-15
5062.0440683656 3.496922148135905e-15
5066.694897048802 3.474098750104288e-15
5071.345725731992 3.516433586001142e-15
5075.996554415195 3.4884885822437404e-15
5080.647383098387 3.391235816340418e-15
5085.298211781588 3.4181077080208145e-15
5089.94904046478 3.436861202515494e-15
5094.599869147982 3.483770600323686e-15
5099.250697831174 3.595220654011515e-15
5103.901526514375 3.7055449941914426e-15
5108.5523551975675 3.8037768981747875e-15
5113.203183880769 3.861866638520363e-15
5117.85401256396 3.889857293562565e-15
5122.504841247162 3.858298043855973e-15
5127.155669930355 3.9001098251636005e-15
5131.806498613556 3.949375090405264e-15
5136.457327296747 3.972471183073961e-15
5141.1081559799495 4.019550658550183e-15
5145.758984663142 4.098234219877193e-15
5150.409813346343 4.100367006604667e-15
5155.060642029544 3.947492945087177e-15
5159.711470712737 3.901965629175594e-15
5164.362299395938 3.869593962919253e-15
5169.01312807913 3.8714994292541415e-15
5173.663956762332 3.875984119402405e-15
5178.314785445524 3.924676023999324e-15
5182.965614128725 4.006672271718424e-15
5187.616442811917 4.019772708607853e-15
5192.2672714951195 3.991952790671713e-15
5196.91810017831 3.90698760417999e-15
5201.568928861512 3.765794560722068e-15
5206.219757544704 3.7417000411615496e-15
5210.870586227906 3.7416585964365745e-15
5215.521414911098 3.810564077082299e-15
5220.172243594299 3.8525521437865855e-15
5224.8230722774915 3.869634601598395e-15
5229.473900960693 3.924104663930812e-15
5234.124729643885 3.9706761834890844e-15
5238.775558327086 3.987555459063048e-15
5243.426387010278 3.976574276083431e-15
5248.07721569348 3.9994790998897506e-15
5252.728044376682 4.018055087295987e-15
5257.3788730598735 4.137050836603944e-15
5262.029701743065 4.275244561467242e-15
5266.680530426267 4.3304097930141596e-15
5271.331359109468 4.405771601714027e-15
5275.982187792661 4.448384642316605e-15
5280.633016475862 4.514214850513733e-15
5285.283845159054 4.586579490338426e-15
5289.9346738422555 4.564626690183925e-15
5294.585502525448 4.550991589861262e-15
5299.23633120865 4.522836383616653e-15
5303.88715989184 4.490100330682909e-15
5308.537988575043 4.548724433234819e-15
5313.188817258235 4.576405894093828e-15
5317.839645941437 4.63444833418922e-15
5322.4904746246275 4.719177977156329e-15
5327.14130330783 4.81008886792464e-15
5331.792131991022 4.886836020197576e-15
5336.442960674223 4.889181231495904e-15
5341.0937893574155 4.929670699204812e-15
5345.744618040617 4.943167246496246e-15
5350.395446723808 5.002323542521641e-15
5355.04627540701 5.050401168821575e-15
5359.697104090203 4.990199854093762e-15
5364.347932773404 4.978410046348438e-15
5368.998761456595 4.964506493525981e-15
5373.6495901397975 4.992266335039016e-15
5378.300418823 4.970982477638388e-15
5382.951247506191 4.893334232632394e-15
5387.602076189392 4.918792287109635e-15
5392.252904872585 4.911382695582568e-15
5396.903733555786 4.878664246732922e-15
5401.554562238978 4.8661690428622265e-15
5406.2053909221795 4.7750355416778815e-15
5410.856219605372 4.6993669897121796e-15
5415.507048288573 4.6817296697512624e-15
5420.157876971765 4.651884072356852e-15
5424.8087056549675 4.687271833017235e-15
5429.459534338158 4.8229010040616e-15
5434.11036302136 4.917119110466133e-15
5438.761191704552 5.01044251333794e-15
5443.412020387754 5.015673018433512e-15
5448.062849070945 5.1539794866652154e-15
5452.713677754147 5.309780331510036e-15
5457.3645064373395 5.375880530070577e-15
5462.015335120541 5.441291807936969e-15
5466.666163803733 5.4621631313651615e-15
5471.316992486934 5.551087443131197e-15
5475.967821170136 5.612792221406712e-15
5480.618649853328 5.741703204579127e-15
5485.26947853653 5.809886913480645e-15
5489.9203072197215 5.8241895357574624e-15
5494.571135902923 5.8887295815951925e-15
5499.221964586115 5.883238867474624e-15
5503.872793269317 5.874247704582229e-15
5508.523621952509 5.8782341088353046e-15
5513.17445063571 5.7717311385262976e-15
5517.825279318902 5.627478978327808e-15
5522.4761080021035 5.5563882607539876e-15
5527.126936685296 5.479404878977625e-15
5531.777765368498 5.437831591297337e-15
5536.428594051688 5.34710688721702e-15
5541.079422734891 5.18141545491009e-15
5545.730251418083 5.113785779085888e-15
5550.381080101285 5.09915914095539e-15
5555.0319087844755 5.089071728763519e-15
5559.682737467678 5.034934655640797e-15
5564.33356615087 4.984545896821203e-15
5568.984394834071 5.004322000859129e-15
5573.6352235172635 4.9641065839636544e-15
5578.286052200465 4.9835597317606296e-15
5582.936880883657 5.038793645348587e-15
5587.587709566858 5.0715660863442005e-15
5592.238538250061 5.035594767682363e-15
5596.889366933252 5.051906402318078e-15
5601.540195616443 5.008801281204838e-15
5606.1910242996455 4.8862626173991676e-15
5610.841852982848 4.823689976360166e-15
5615.492681666039 4.7434363824596205e-15
5620.14351034924 4.569759662245892e-15
5624.794339032433 4.48960553864389e-15
5629.445167715634 4.258785983571783e-15
5634.095996398826 4.056955340798512e-15
5638.7468250820275 3.784046934157311e-15
5643.39765376522 3.380636538562281e-15
5648.048482448421 3.0867489356011472e-15
5652.699311131613 2.746648258343673e-15
5657.3501398148155 2.4116799088004985e-15
5662.000968498006 2.214864723449772e-15
5666.651797181208 1.963681777701992e-15
5671.3026258644 1.7500163707413705e-15
5675.953454547603 1.6271622821540687e-15
5680.604283230793 1.5983241643245526e-15
5685.255111913995 1.5640297602227431e-15
5689.9059405971875 1.5757718627400609e-15
5694.556769280389 1.5855167193290456e-15
5699.207597963581 1.5991055238815207e-15
5703.858426646782 1.6908824154802979e-15
5708.509255329974 1.8181158414783865e-15
5713.160084013176 1.9072623086064687e-15
5717.810912696378 2.0335430034858976e-15
5722.4617413795695 2.2202832871885787e-15
5727.112570062771 2.382224499220375e-15
5731.763398745963 2.5868821223368075e-15
5736.414227429165 2.8959427839515914e-15
5741.065056112357 3.2114623443839437e-15
5745.715884795558 3.517730406355948e-15
5750.36671347875 3.891933309942233e-15
5755.0175421619515 4.248399514741034e-15
5759.668370845144 4.608682928870626e-15
5764.319199528345 4.937932079303518e-15
5768.970028211537 5.248087479297555e-15
5773.620856894739 5.528916854711636e-15
5778.271685577931 5.82011815798768e-15
5782.922514261133 6.136857353080967e-15
5787.5733429443235 6.336579084058519e-15
5792.224171627526 6.641305954135705e-15
5796.875000310718 6.860835394790519e-15
5801.525828993919 7.078190655400415e-15
5806.176657677111 7.3941312296663e-15
5810.827486360313 7.510348991446034e-15
5815.478315043515 7.762759050011177e-15
5820.129143726706 8.005211797328956e-15
5824.779972409909 8.096198524434788e-15
5829.4308010931 8.281514182432614e-15
5834.081629776301 8.495508114330884e-15
5838.7324584594935 8.609957738554288e-15
5843.383287142696 8.689156265989375e-15
5848.034115825886 8.663135753795945e-15
5852.684944509088 8.487029881797025e-15
5857.335773192281 8.193922435920026e-15
5861.986601875483 7.632079510021922e-15
5866.637430558674 7.300197216870294e-15
5871.2882592418755 7.49554791575704e-15
5875.939087925068 7.847032203308836e-15
5880.589916608269 7.969048595949293e-15
5885.240745291461 7.88858741060853e-15
5889.891573974663 7.824936805620408e-15
5894.542402657854 7.766949942033349e-15
5899.193231341056 7.650544444413453e-15
5903.844060024248 7.542449203421354e-15
5908.494888707451 7.463649172608602e-15
5913.145717390641 7.323253545537646e-15
5917.796546073843 7.142241233906637e-15
5922.4473747570355 7.00732359913191e-15
5927.098203440237 6.943718592640989e-15
5931.749032123438 6.871430824836468e-15
5936.39986080663 6.840024398781193e-15
5941.050689489823 6.671212349199468e-15
5945.701518173024 6.5725164469611615e-15
5950.352346856226 6.3358208089823185e-15
5955.0031755394175 6.296983363139767e-15
5959.654004222619 6.244047082850372e-15
5964.304832905811 6.0377917497705215e-15
5968.955661589013 6.003973312260643e-15
5973.606490272204 5.9645883172584856e-15
5978.257318955406 5.9230408403127375e-15
5982.908147638598 5.802094841301952e-15
5987.5589763217995 5.813633193406448e-15
5992.209805004992 5.734042390307964e-15
5996.860633688193 5.713454759839175e-15
6001.511462371385 5.709218978675557e-15
6006.162291054587 5.640022936593695e-15
6010.813119737779 5.508553019977828e-15
6015.46394842098 5.35735114803105e-15
6020.1147771041715 5.2084509754817845e-15
6024.765605787374 5.138360356590731e-15
6029.416434470576 5.1293943551167825e-15
6034.067263153767 5.083295264241798e-15
6038.718091836959 5.0949586318138016e-15
6043.368920520161 5.106929972020336e-15
6048.019749203363 5.177205493555661e-15
6052.670577886554 5.1952582876376695e-15
6057.321406569756 5.2029937903121056e-15
6061.972235252948 5.292486554285062e-15
6066.623063936149 5.26052632156292e-15
6071.2738926193415 5.225400601229576e-15
6075.924721302544 5.216132974433973e-15
6080.575549985735 5.234152670888696e-15
6085.226378668936 5.239823483824777e-15
6089.877207352129 5.220976476989785e-15
6094.528036035331 5.1924447976867375e-15
6099.178864718521 5.187655924916097e-15
6103.8296934017235 5.1269765133474675e-15
6108.480522084916 4.982926249312442e-15
6113.131350768117 4.948961878703312e-15
6117.782179451309 4.9052450898681015e-15
6122.433008134511 4.9177680686779604e-15
6127.083836817703 4.9127157443290255e-15
6131.734665500904 4.939755823028895e-15
6136.385494184096 5.007566644394409e-15
6141.036322867298 5.026981921138652e-15
6145.687151550489 4.9762890070422824e-15
6150.337980233691 4.960024278590431e-15
6154.9888089168935 4.98023691485461e-15
6159.639637600085 4.985387512052128e-15
6164.290466283276 4.934319199637102e-15
6168.941294966478 4.901727047081129e-15
6173.592123649681 4.862573586180655e-15
6178.242952332872 4.811679587488346e-15
6182.893781016073 4.8687652082480524e-15
6187.5446096992655 4.8794347108894655e-15
6192.195438382467 4.877208024049522e-15
6196.846267065659 4.830653079931981e-15
6201.497095748861 4.7084744092065035e-15
6206.147924432052 4.533135150969199e-15
6210.798753115254 4.4253673034512e-15
6215.449581798446 4.331403159301646e-15
6220.100410481648 4.2052002242615155e-15
6224.751239164839 4.113841420661493e-15
6229.402067848041 4.004598456301302e-15
6234.052896531233 3.825101435471262e-15
6238.703725214435 3.710443394505376e-15
6243.354553897627 3.688450773665549e-15
6248.005382580828 3.625758028154939e-15
6252.6562112640195 3.690490090041764e-15
6257.307039947222 3.719666200319474e-15
6261.957868630414 3.846630824945057e-15
6266.608697313615 3.974256623058484e-15
6271.259525996807 4.052379609404109e-15
6275.910354680009 4.058934756412736e-15
6280.561183363211 4.04550261246156e-15
6285.212012046402 3.922371683565274e-15
6289.862840729604 3.945395358192853e-15
6294.513669412796 4.127469339362318e-15
6299.164498095997 4.280542552342166e-15
6303.8153267791895 4.507033073960573e-15
6308.466155462391 4.6309472196318825e-15
6313.116984145583 4.707973504056318e-15
6317.767812828784 4.725568819096722e-15
6322.418641511977 4.848428987006567e-15
6327.069470195179 4.900038245889501e-15
6331.720298878369 4.967995563397991e-15
6336.3711275615715 5.085368120141654e-15
6341.021956244764 5.178979402526995e-15
6345.672784927965 5.20210940400515e-15
6350.323613611156 5.21429753337014e-15
6354.974442294359 5.2897995521076756e-15
6359.625270977551 5.257702817732938e-15
6364.276099660752 5.265562983521904e-15
6368.926928343944 5.27936709283738e-15
6373.577757027146 5.209413761439178e-15
6378.228585710337 5.182694983060068e-15
6382.879414393539 5.20907915449792e-15
6387.5302430767415 5.242247941901629e-15
6392.181071759933 5.294980291685058e-15
6396.831900443134 5.392317428285338e-15
6401.482729126326 5.411063213033e-15
6406.133557809529 5.382587249283939e-15
6410.78438649272 5.3751713416954805e-15
6415.435215175921 5.242330884018498e-15
6420.0860438591135 5.129952213585914e-15
6424.736872542315 5.0179138343410215e-15
6429.387701225507 4.828471523228271e-15
6434.038529908708 4.689304206811231e-15
6438.689358591901 4.51766728337506e-15
6443.340187275102 4.295618103193713e-15
6447.991015958294 4.102309674957017e-15
6452.641844641496 3.792409958963794e-15
6457.292673324687 3.579454232804807e-15
6461.943502007889 3.364736762670382e-15
6466.594330691081 3.1948402580069847e-15
6471.245159374283 3.097873092558919e-15
6475.895988057484 2.9740694491060087e-15
6480.546816740676 2.839257787687733e-15
6485.1976454238775 2.830041953525255e-15
6489.84847410707 2.8399140590142162e-15
6494.499302790262 2.833553488481728e-15
6499.150131473463 2.8758715528548707e-15
6503.800960156655 2.9742136375831858e-15
6508.451788839857 3.09325998294489e-15
6513.102617523059 3.2483041854214533e-15
6517.7534462062495 3.429729716661223e-15
6522.404274889452 3.65728438371459e-15
6527.055103572644 3.9540231048070775e-15
6531.705932255846 4.252720234740658e-15
6536.3567609390375 4.481892027162493e-15
6541.007589622239 4.733128360832869e-15
6545.658418305431 5.045779648793601e-15
6550.309246988632 5.2178770461368575e-15
6554.960075671825 5.312783632126182e-15
6559.610904355026 5.5346390204877824e-15
6564.261733038217 5.7690774658468926e-15
6568.9125617214195 5.900495114710996e-15
6573.563390404612 6.038700181413529e-15
6578.214219087814 6.219328670479355e-15
6582.865047771004 6.363169824975931e-15
6587.515876454207 6.502518943588468e-15
6592.166705137409 6.6722005600570265e-15
6596.8175338206 6.871607949487224e-15
6601.4683625038015 7.079274260822361e-15
6606.119191186994 7.214677228766037e-15
6610.770019870195 7.340790465024985e-15
6615.420848553387 7.423443460080554e-15
6620.0716772365895 7.445824546129178e-15
6624.722505919781 7.472899248476079e-15
6629.373334602982 7.479951395702355e-15
6634.024163286174 7.478799055173254e-15
6638.674991969377 7.40861015334293e-15
6643.325820652567 7.365948296416042e-15
6647.976649335769 7.23840200517237e-15
6652.6274780189615 7.099212913963708e-15
6657.278306702163 6.948322782997927e-15
6661.929135385355 6.889919118033865e-15
6666.579964068556 6.839218739745989e-15
6671.230792751749 6.6997536982231e-15
6675.88162143495 6.61627569986705e-15
6680.532450118142 6.5523240247657785e-15
6685.1832788013435 6.512888263403805e-15
6689.834107484535 6.494677498778974e-15
6694.484936167737 6.458577777001764e-15
6699.135764850929 6.45803439467028e-15
6703.786593534131 6.398809101209547e-15
6708.437422217332 6.30244539151022e-15
6713.088250900524 6.1680610117017585e-15
6717.739079583716 6.110096318650149e-15
6722.389908266918 6.0335605034730454e-15
6727.040736950119 5.9862051745619006e-15
6731.691565633311 5.908823130697994e-15
6736.342394316513 5.8923743059849914e-15
6740.993222999705 5.872060940617698e-15
6745.644051682907 5.77378847550822e-15
6750.2948803660975 5.718641037888574e-15
6754.9457090493 5.688803325664694e-15
6759.596537732492 5.540516828562594e-15
6764.247366415694 5.451202028470873e-15
6768.898195098885 5.412481500394396e-15
6773.549023782087 5.253917920180699e-15
6778.199852465279 5.196043726346232e-15
6782.85068114848 5.1584351718341445e-15
6787.501509831673 5.067473475500086e-15
6792.152338514874 4.975137242058982e-15
6796.803167198066 4.892588434679325e-15
6801.4539958812675 4.687000879754903e-15
6806.10482456446 4.5967527142832314e-15
6810.755653247661 4.378119694084988e-15
6815.406481930852 4.220772246125974e-15
6820.057310614055 4.055900275416578e-15
6824.708139297247 3.8377731680318665e-15
6829.358967980448 3.6124681024595315e-15
6834.0097966636395 3.4593868707132965e-15
6838.660625346842 3.277249973789614e-15
6843.311454030043 2.9872375641899235e-15
6847.962282713235 2.9680123204959504e-15
6852.613111396437 2.945971215303728e-15
6857.263940079629 2.888181395648389e-15
6861.91476876283 2.9261665245257307e-15
6866.565597446022 2.9480233332031633e-15
6871.216426129225 3.0542646800070974e-15
6875.867254812415 3.1912933593212933e-15
6880.518083495617 3.3982975446917187e-15
6885.1689121788095 3.659593517166977e-15
6889.819740862012 3.885914333589e-15
6894.470569545202 4.190921839029734e-15
6899.121398228404 4.450368380772217e-15
6903.772226911597 4.738825352441248e-15
6908.423055594798 5.03092661957822e-15
6913.07388427799 5.277720257908384e-15
6917.7247129611915 5.519513684958738e-15
6922.375541644383 5.7775008591596055e-15
6927.026370327585 5.987517134532301e-15
6931.677199010777 6.075217773665827e-15
6936.328027693979 6.264010124249744e-15
6940.97885637718 6.494220894076255e-15
6945.629685060372 6.673846636686253e-15
6950.280513743564 6.873214104991319e-15
6954.931342426766 7.037134992987886e-15
6959.582171109967 7.16047778788701e-15
6964.232999793159 7.301004557571183e-15
6968.883828476361 7.400133945084453e-15
6973.534657159553 7.524649477418322e-15
6978.185485842754 7.726530584255403e-15
6982.836314525946 7.902524131472787e-15
6987.487143209148 8.081860813632258e-15
6992.13797189234 8.125050602924046e-15
6996.788800575542 8.09488681096057e-15
7001.439629258733 8.156924404022332e-15
7006.090457941935 8.065428358815985e-15
7010.741286625127 8.040887708259419e-15
7015.392115308328 8.073426958920479e-15
7020.042943991521 7.965793653410129e-15
7024.693772674722 7.837003451093612e-15
7029.344601357914 7.730029620300543e-15
7033.9954300411155 7.50889350251834e-15
7038.646258724318 7.301023867108948e-15
7043.297087407509 7.126557178924679e-15
7047.94791609071 6.8610491209023605e-15
7052.598744773903 6.748945090447394e-15
7057.249573457105 6.569148026755498e-15
7061.900402140296 6.358982039424369e-15
7066.5512308234875 6.1705336319603145e-15
7071.20205950669 5.990033865094252e-15
7075.852888189882 5.839196987032901e-15
7080.503716873083 5.713431821286587e-15
7085.154545556285 5.604107273168587e-15
7089.805374239477 5.451772967667289e-15
7094.456202922678 5.343362735687455e-15
7099.10703160587 5.4010346536271076e-15
7103.757860289073 5.346090375878755e-15
7108.408688972263 5.365910371029233e-15
7113.059517655465 5.4265457367826124e-15
7117.7103463386575 5.47179393015237e-15
7122.36117502186 5.5594866436998844e-15
7127.01200370505 5.7045969948253125e-15
7131.662832388252 5.903522890276376e-15
7136.313661071445 6.0056329316069215e-15
7140.964489754646 5.971031013075711e-15
7145.615318437838 5.9640212270709894e-15
7150.2661471210395 5.875886567322102e-15
7154.916975804241 5.864199415934271e-15
7159.567804487433 5.908862479189083e-15
7164.218633170625 5.913518629010662e-15
7168.869461853827 6.004408997337529e-15
7173.520290537028 6.067256083575074e-15
7178.17111922022 6.062381705323693e-15
7182.821947903422 6.181928340312689e-15
7187.472776586614 6.413801604382021e-15
7192.123605269815 6.575171168054281e-15
7196.774433953007 6.648357547331398e-15
7201.425262636209 6.753100571517551e-15
7206.076091319401 6.7980750588497315e-15
7210.726920002602 6.83839999982239e-15
7215.377748685794 6.854616476952051e-15
7220.028577368996 6.90668194441894e-15
7224.679406052188 7.031301204292898e-15
7229.33023473539 7.021989747857866e-15
7233.981063418581 6.9497075836562436e-15
7238.631892101783 6.979650006632449e-15
7243.282720784975 6.9950070225650836e-15
7247.933549468176 6.899451274451656e-15
7252.584378151368 6.752895790387053e-15
7257.23520683457 6.6696628302687e-15
7261.886035517762 6.684630935616481e-15
7266.5368642009635 6.603075835169495e-15
7271.187692884166 6.4462735254495615e-15
7275.838521567357 6.335905175272408e-15
7280.489350250558 6.316437540933179e-15
7285.140178933751 6.182819195126407e-15
7289.791007616953 6.161628069462618e-15
7294.441836300144 6.111608303541613e-15
7299.092664983335 6.009489786310021e-15
7303.743493666538 5.895101821224216e-15
7308.39432234974 5.731491953140232e-15
7313.045151032931 5.604443209876516e-15
7317.695979716133 5.599971262939898e-15
7322.346808399325 5.461477251844165e-15
7326.997637082526 5.441044127309183e-15
7331.648465765718 5.455182530382619e-15
7336.29929444892 5.47073177001514e-15
7340.950123132112 5.444888479189073e-15
7345.600951815313 5.445041422637329e-15
7350.2517804985055 5.418145138976809e-15
7354.902609181708 5.327600314429242e-15
7359.553437864898 5.297852473136486e-15
7364.2042665481 5.208110288073381e-15
7368.855095231293 5.144044486575412e-15
7373.505923914494 5.1472348890982615e-15
7378.156752597685 5.110503227953947e-15
7382.8075812808875 5.094576154616938e-15
7387.45840996408 5.0765187734619454e-15
7392.109238647281 5.107230963118015e-15
7396.760067330483 5.17626253690229e-15
7401.410896013675 5.163873457433641e-15
7406.061724696876 5.208103374548234e-15
7410.712553380068 5.2542670562764635e-15
7415.36338206327 5.199060463617539e-15
7420.014210746461 5.137010587035105e-15
7424.665039429663 5.136922228221516e-15
7429.315868112855 5.109122907504079e-15
7433.9666967960575 5.112366126953031e-15
7438.617525479249 5.138914360110923e-15
7443.26835416245 5.069420164855965e-15
7447.919182845642 5.054098784295418e-15
7452.570011528844 5.082111463774957e-15
7457.220840212036 5.016717438546464e-15
7461.871668895237 5.006583205859168e-15
7466.522497578429 5.066066460886273e-15
7471.173326261631 5.0637120527628686e-15
7475.824154944833 4.9390193073725265e-15
7480.474983628025 4.903664863846746e-15
7485.125812311216 4.8697615575514446e-15
7489.776640994418 4.818956699243007e-15
7494.42746967762 4.743093158186559e-15
7499.0782983608115 4.704398486074992e-15
7503.729127044003 4.677967470862568e-15
7508.379955727205 4.608236780315401e-15
7513.030784410406 4.571405153983042e-15
7517.681613093599 4.607972587119604e-15
7522.332441776801 4.621511211644519e-15
7526.983270459992 4.5635166586497836e-15
7531.634099143193 4.567820879850092e-15
7536.284927826386 4.510686416153583e-15
7540.935756509588 4.521537370708098e-15
7545.586585192778 4.53277786192553e-15
7550.237413875981 4.492642228885701e-15
7554.888242559173 4.496608990422341e-15
7559.539071242374 4.5407631794058744e-15
7564.189899925566 4.4707761700456375e-15
7568.840728608768 4.579851540750906e-15
7573.49155729196 4.579248256353013e-15
7578.142385975161 4.459497322330848e-15
7582.7932146583535 4.5243452122356905e-15
7587.444043341555 4.512661761581467e-15
7592.094872024756 4.445098878310765e-15
7596.745700707948 4.3750233187033186e-15
7601.396529391141 4.326740314740943e-15
7606.047358074342 4.268828803657966e-15
7610.698186757543 4.1498976158815626e-15
7615.3490154407355 4.191933458998618e-15
7619.999844123928 4.298244546425954e-15
7624.650672807129 4.314500131249739e-15
7629.30150149033 4.370966277591457e-15
7633.952330173523 4.4186742457627004e-15
7638.603158856724 4.442079599468491e-15
7643.253987539916 4.485979266030488e-15
7647.904816223118 4.531480094996213e-15
7652.55564490631 4.518694434499236e-15
7657.206473589511 4.437105660256448e-15
7661.857302272703 4.412244411300584e-15
7666.5081309559055 4.3916542709249815e-15
7671.158959639096 4.3490722578623154e-15
7675.809788322298 4.3960309850509955e-15
7680.46061700549 4.469451466956939e-15
7685.111445688692 4.544566445422424e-15
7689.762274371884 4.6420684997262104e-15
7694.413103055085 4.695986919075499e-15
7699.0639317382775 4.757964013468029e-15
7703.714760421479 4.7830235801681855e-15
7708.365589104671 4.854782553457621e-15
7713.016417787872 4.9045043904403855e-15
7717.667246471064 4.939082259179452e-15
7722.318075154266 4.904204203567291e-15
7726.968903837458 4.901796512795749e-15
7731.619732520659 4.862440819814419e-15
7736.270561203861 4.9011009543485395e-15
7740.921389887053 4.925569627490156e-15
7745.572218570255 4.946097141874944e-15
7750.223047253447 4.9481205541700295e-15
7754.873875936648 4.8702835648747045e-15
7759.52470461984 4.896127126084556e-15
7764.175533303031 4.911778717824813e-15
7768.826361986234 4.8859124918393666e-15
7773.477190669436 4.802741666586544e-15
7778.128019352626 4.72501163448847e-15
7782.778848035829 4.65742295462697e-15
7787.429676719021 4.606021398867831e-15
7792.080505402223 4.581906869711047e-15
7796.731334085413 4.569207633349562e-15
7801.382162768616 4.613337905343965e-15
7806.032991451808 4.6131959723842974e-15
7810.683820135009 4.570526045087518e-15
7815.3346488182015 4.566026292064231e-15
7819.985477501403 4.520402983161386e-15
7824.636306184594 4.5299881258479896e-15
7829.287134867796 4.49209279591208e-15
7833.937963550999 4.498384690716942e-15
7838.58879223419 4.4438226370230165e-15
7843.239620917381 4.4631630915700036e-15
7847.890449600583 4.4275307378950606e-15
7852.541278283786 4.382502898284544e-15
7857.192106966977 4.398820462490483e-15
7861.842935650178 4.333051818695438e-15
7866.493764333371 4.288548326931041e-15
7871.144593016572 4.266261837708555e-15
7875.795421699764 4.3087834533347935e-15
7880.446250382965 4.307752969144746e-15
7885.097079066158 4.252438728625607e-15
7889.747907749359 4.247348688969109e-15
7894.398736432551 4.28597924942495e-15
7899.0495651157535 4.277414757211917e-15
7903.700393798944 4.241098445527121e-15
7908.351222482146 4.169333799310294e-15
7913.002051165338 4.087882697468227e-15
7917.65287984854 4.130865567364887e-15
7922.303708531731 4.090340115158674e-15
7926.954537214933 4.0742840654011504e-15
7931.6053658981255 4.094445358346727e-15
7936.256194581327 4.066800452081814e-15
7940.907023264519 4.046130647295541e-15
7945.55785194772 4.0463400252227224e-15
7950.208680630912 3.997071264777044e-15
7954.859509314114 4.0405593205540885e-15
7959.510337997316 4.053882403480127e-15
7964.1611666805065 3.977375331837216e-15
7968.811995363709 3.947999226254936e-15
7973.462824046901 4.010755934477377e-15
7978.113652730103 4.015258074595919e-15
7982.764481413295 3.968260277266445e-15
7987.415310096496 3.977874443173467e-15
7992.066138779688 3.9877930971328246e-15
7996.716967462889 3.960633694646088e-15
8001.367796146082 3.948230325895209e-15
8006.018624829283 3.912873675146453e-15
8010.669453512475 3.8977860302439794e-15
8015.320282195677 3.961770322615892e-15
8019.971110878869 3.9447237928515184e-15
8024.621939562071 3.883691477481089e-15
8029.272768245261 3.89156823023326e-15
8033.923596928464 3.895446852842858e-15
8038.574425611656 3.781071504605915e-15
8043.225254294857 3.753621582943555e-15
8047.8760829780485 3.7979093284240046e-15
8052.526911661251 3.762192371540351e-15
8057.177740344452 3.712358668804903e-15
8061.828569027644 3.6821601732219145e-15
8066.479397710837 3.7418230360004925e-15
8071.130226394038 3.72669186831829e-15
8075.781055077239 3.658944092688609e-15
8080.431883760431 3.643739721164743e-15
8085.082712443634 3.659142880988243e-15
8089.733541126824 3.749772227328368e-15
8094.384369810026 3.8031567777766956e-15
8099.035198493219 3.760322086870181e-15
8103.686027176421 3.726873998388998e-15
8108.336855859612 3.65655086979293e-15
8112.987684542813 3.731078925402894e-15
8117.638513226006 3.791951363944983e-15
8122.289341909207 3.746666840348889e-15
8126.940170592399 3.74946331278716e-15
8131.590999275601 3.783944629206221e-15
8136.241827958792 3.773207224842215e-15
8140.892656641995 3.8825107195202526e-15
8145.543485325185 3.8684601488511705e-15
8150.194314008389 3.781315204471872e-15
8154.84514269158 3.708012323212575e-15
8159.495971374781 3.737528511433395e-15
8164.146800057973 3.806882173636832e-15
8168.797628741174 3.89226528648116e-15
8173.448457424366 3.881489035333738e-15
8178.099286107569 3.789262544219044e-15
8182.750114790761 3.8154718589134886e-15
8187.400943473962 3.852616055293273e-15
8192.051772157163 3.7819656371712996e-15
8196.702600840355 3.7423372227091555e-15
8201.353429523548 3.6578058167745546e-15
8206.004258206747 3.641436916610558e-15
8210.65508688995 3.556766094035972e-15
8215.305915573143 3.4631302620751936e-15
8219.956744256344 3.4497830976301274e-15
8224.607572939536 3.4500755474288127e-15
8229.258401622737 3.389877645831252e-15
8233.90923030593 3.415155319983451e-15
8238.560058989131 3.3524145260603063e-15
8243.210887672323 3.3440555293798115e-15
8247.861716355525 3.244938621092174e-15
8252.512545038717 3.1900843516185213e-15
8257.163373721918 3.0741809645804286e-15
8261.81420240511 2.978330747907587e-15
8266.465031088313 2.847557513467186e-15
8271.115859771502 2.744495361048222e-15
8275.766688454705 2.5461676823845152e-15
8280.417517137907 2.4057496010135886e-15
8285.068345821099 2.266154876161718e-15
8289.719174504291 2.137349325348737e-15
8294.370003187492 2.0252698368071532e-15
8299.020831870685 1.9831578883611025e-15
8303.671660553886 1.938820671224828e-15
8308.322489237087 1.788192196133462e-15
8312.97331792028 1.745826157282175e-15
8317.62414660348 1.7355879334538585e-15
8322.274975286673 1.750767068733331e-15
8326.925803969876 1.7701402513829948e-15
8331.576632653065 1.8269251003313697e-15
8336.227461336268 1.864696415102973e-15
8340.87829001946 1.963869624573903e-15
8345.529118702661 2.015572142343256e-15
8350.179947385854 2.208950892042749e-15
8354.830776069055 2.3618591520780275e-15
8359.481604752247 2.4860284623142755e-15
8364.132433435449 2.698536599819946e-15
8368.78326211864 2.9151044066194845e-15
8373.434090801842 3.1498088473692893e-15
8378.084919485034 3.2939662192030226e-15
8382.735748168236 3.4035472405351857e-15
8387.386576851428 3.4790802088213e-15
8392.03740553463 3.606357212366629e-15
8396.68823421782 3.705220308580087e-15
8401.339062901023 3.698678331201987e-15
8405.989891584224 3.644600410255936e-15
8410.640720267416 3.683258839532478e-15
8415.291548950618 3.70378629373212e-15
8419.94237763381 3.60711745956249e-15
8424.593206317 3.539423630626237e-15
8429.244035000203 3.4910144564560194e-15
8433.894863683405 3.366478589507555e-15
8438.545692366597 3.3406013486906503e-15
8443.196521049798 3.340941228541992e-15
8447.84734973299 3.2937247253471088e-15
8452.498178416194 3.242723278395035e-15
8457.149007099382 3.240618962487753e-15
8461.799835782585 3.2960147239591426e-15
8466.450664465778 3.389242271037694e-15
8471.101493148979 3.4478530779620753e-15
8475.752321832171 3.570714564986611e-15
8480.403150515373 3.6998397320553895e-15
8485.053979198565 3.8780926650529075e-15
8489.704807881766 4.0529119740836066e-15
8494.355636564958 4.17640708257312e-15
8499.00646524816 4.2127134904716654e-15
8503.657293931352 4.288368121143844e-15
8508.308122614553 4.419168800262716e-15
8512.958951297756 4.5437833365749624e-15
8517.609779980947 4.659835280958354e-15
8522.260608664148 4.678100280237979e-15
8526.91143734734 4.7992785019548175e-15
8531.562266030542 4.842312816490075e-15
8536.213094713734 4.9468589014307494e-15
8540.863923396935 5.0989666717509595e-15
8545.514752080127 5.1856829438899604e-15
8550.165580763329 5.200291364691825e-15
8554.816409446521 5.236123992704376e-15
8559.467238129722 5.341271537295708e-15
8564.118066812915 5.5225943117222456e-15
8568.768895496116 5.553282917591248e-15
8573.419724179308 5.573533021559507e-15
8578.070552862511 5.5937823133077864e-15
8582.7213815457 5.568737040570249e-15
8587.372210228903 5.625011995339359e-15
8592.023038912095 5.6851041499957505e-15
8596.673867595297 5.6251559206790854e-15
8601.324696278489 5.576713980661142e-15
8605.97552496169 5.630057354113825e-15
8610.62635364488 5.5522119681934636e-15
8615.277182328084 5.481659872752162e-15
8619.928011011276 5.4192426989898995e-15
8624.578839694477 5.363738475265899e-15
8629.229668377679 5.286824314027132e-15
8633.88049706087 5.240499609464657e-15
8638.531325744074 5.1037784071486e-15
8643.182154427264 5.1004846455355075e-15
8647.832983110455 5.036713612341602e-15
8652.483811793658 5.007622854351856e-15
8657.13464047686 4.966353995658123e-15
8661.785469160051 4.948306476678801e-15
8666.436297843253 4.876798714113263e-15
8671.087126526445 4.892829066921243e-15
8675.737955209646 4.805249172809314e-15
8680.388783892839 4.684038668448587e-15
8685.03961257604 4.725775764203721e-15
8689.690441259232 4.603362574952443e-15
8694.341269942433 4.5287432941843065e-15
8698.992098625626 4.429995677082398e-15
8703.642927308827 4.428766093780983e-15
8708.293755992017 4.4200938668213225e-15
8712.94458467522 4.317679313538538e-15
8717.595413358413 4.315693756525958e-15
8722.246242041614 4.245380833363284e-15
8726.897070724806 4.137187283415603e-15
8731.547899408008 4.1293177877988795e-15
8736.198728091209 4.084890449951673e-15
8740.849556774401 4.044107642157506e-15
8745.500385457593 4.004995666246425e-15
8750.151214140795 3.955796659035359e-15
8754.802042823987 3.905165751999143e-15
8759.452871507188 3.8204005674784205e-15
8764.10370019038 3.8240362927283594e-15
8768.754528873582 3.707800821770798e-15
8773.405357556783 3.629709382648356e-15
8778.056186239975 3.6173364970838364e-15
8782.707014923177 3.530088748884401e-15
8787.357843606369 3.4971802793011277e-15
8792.00867228957 3.4499979738594065e-15
