5938.931674868758 9.643779921979007e-15
5943.0987011853385 9.566157044801664e-15
5947.265727501918 9.53729044644988e-15
5951.432753818499 9.583739170699864e-15
5955.599780135079 9.458189787906746e-15
5959.766806451659 9.401644542375232e-15
5963.93383276824 9.387151394611176e-15
5968.10085908482 9.336325847060995e-15
5972.2678854014 9.318220789453419e-15
5976.43491171798 9.284016476385765e-15
5980.601938034561 9.306879100153977e-15
5984.76896435114 9.245546653143445e-15
5988.935990667721 9.182453508674725e-15
5993.103016984301 9.207338256376777e-15
5997.270043300881 9.179261337628267e-15
6001.437069617462 9.167641915521984e-15
6005.604095934042 9.162498488549195e-15
6009.771122250622 9.152972493805868e-15
6013.938148567202 9.034317086038111e-15
6018.105174883783 9.061207246944724e-15
6022.272201200362 8.969851013748767e-15
6026.439227516933 8.987413854106336e-15
6030.606253833523 8.936108387529197e-15
6034.773280150093 8.964091244867504e-15
6038.940306466683 9.013740915721627e-15
6043.107332783264 9.008653766905532e-15
6047.274359099844 8.796208266461585e-15
6051.441385416424 8.770874360880443e-15
6055.608411733005 8.833461514412822e-15
6059.775438049584 8.816083494518711e-15
6063.942464366165 8.82000685258519e-15
6068.109490682745 8.79648379116348e-15
6072.276516999325 8.711181680860794e-15
6076.443543315905 8.693223954699327e-15
6080.610569632486 8.786968081209948e-15
6084.7775959490655 8.706362995965093e-15
6088.944622265646 8.692044477865833e-15
6093.111648582227 8.717535432218482e-15
6097.2786748988065 8.712650828476267e-15
6101.445701215387 8.658509334084423e-15
6105.612727531967 8.645798685949083e-15
6109.779753848537 8.649373114961756e-15
6113.946780165127 8.619131826654601e-15
6118.113806481708 8.593082299904672e-15
6122.2808327982875 8.582308468314596e-15
6126.447859114868 8.58857653698868e-15
6130.614885431449 8.555194905711456e-15
6134.7819117480285 8.559461365514473e-15
6138.948938064609 8.388386810760406e-15
6143.115964381189 8.455839052157098e-15
6147.2829906977695 8.461842141542774e-15
6151.450017014349 8.463003438221164e-15
6155.61704333093 8.400418222777651e-15
6159.78406964751 8.351662872862591e-15
6163.95109596409 8.260764502194298e-15
6168.11812228067 8.30611491934954e-15
6172.285148597251 8.277329307726441e-15
6176.452174913831 8.204773913114484e-15
6180.619201230411 8.223780860213536e-15
6184.7862275469915 8.224065643366671e-15
6188.953253863571 8.225399593468123e-15
6193.120280180152 8.195627803909551e-15
6197.287306496732 8.183592912826422e-15
6201.454332813302 8.181791687233478e-15
6205.621359129892 8.17663331431549e-15
6209.788385446473 7.980130656322529e-15
6213.955411763043 7.966895142138935e-15
6218.122438079633 7.874748816146912e-15
6222.289464396214 7.894077573882418e-15
6226.456490712793 7.937096398529684e-15
6230.623517029374 7.852965641688267e-15
6234.790543345954 7.865824759413439e-15
6238.957569662534 7.853059129533453e-15
6243.124595979114 7.800085354365014e-15
6247.291622295695 7.74353051370093e-15
6251.458648612274 7.802590929940807e-15
6255.625674928855 7.809799930368436e-15
6259.792701245436 7.707773224818502e-15
6263.959727562015 7.684896149655018e-15
6268.126753878596 7.796298519459122e-15
6272.293780195176 7.72295913182619e-15
6276.460806511756 7.711040222982868e-15
6280.627832828336 7.701069008461857e-15
6284.794859144917 7.738840775908394e-15
6288.961885461496 7.748932054036178e-15
6293.128911778077 7.767408219818172e-15
6297.295938094657 7.761545488964498e-15
6301.462964411237 7.721597777395123e-15
6305.629990727818 7.672227891188799e-15
6309.797017044398 7.743546619963417e-15
6313.964043360978 7.769475920004906e-15
6318.131069677558 7.766031753177347e-15
6322.298095994139 7.75011409137651e-15
6326.4651223107185 7.74920189426045e-15
6330.632148627299 7.68348799538397e-15
6334.799174943879 7.652649535702617e-15
6338.9662012604595 7.656296446237061e-15
6343.133227577039 7.732575523190277e-15
6347.30025389362 7.71509830580658e-15
6351.4672802102 7.643986769617489e-15
6355.63430652678 7.623693247073934e-15
6359.801332843361 7.617303190589526e-15
6363.9683591599405 7.590898759581452e-15
6368.135385476521 7.572618551487249e-15
6372.302411793101 7.616274174965204e-15
6376.4694381096815 7.534261739591746e-15
6380.636464426261 7.689939017573778e-15
6384.803490742842 7.623064038571047e-15
6388.970517059422 7.598136869926817e-15
6393.137543376002 7.604436738165012e-15
6397.304569692583 7.691064285598684e-15
6401.471596009163 7.59635629433893e-15
6405.638622325743 7.656732764651683e-15
6409.805648642323 7.731837365747807e-15
6413.972674958904 7.685462054536322e-15
6418.139701275483 7.679254134960203e-15
6422.306727592064 7.760332757545066e-15
6426.473753908644 7.697850881065757e-15
6430.640780225224 7.759289216086654e-15
6434.807806541805 7.678275446625892e-15
6438.974832858385 7.763358003233608e-15
6443.141859174965 7.722251955397225e-15
6447.308885491545 7.719867072569009e-15
6451.475911808126 7.736068733444446e-15
6455.642938124705 7.738599904594842e-15
6459.809964441286 7.835780985951028e-15
6463.976990757866 7.834102363277068e-15
6468.144017074446 7.880840873323807e-15
6472.311043391026 7.948033234400856e-15
6476.478069707607 7.968591012567169e-15
6480.645096024187 8.057743277106294e-15
6484.812122340767 8.147769052094285e-15
6488.979148657348 8.248227928494899e-15
6493.146174973927 8.440250059172883e-15
6497.313201290508 8.564801382619609e-15
6501.480227607088 8.846775793324955e-15
6505.647253923668 9.243002686314771e-15
6509.814280240248 9.695715629146609e-15
6513.981306556829 1.0272958224946858e-14
6518.148332873408 1.1247183125163005e-14
6522.315359189979 1.3207924484507412e-14
6526.48238550657 1.882926560744165e-14
6530.649411823149 2.8256275230672675e-14
6534.81643813973 3.300665399975217e-14
6538.98346445631 3.103862310641105e-14
6543.15049077289 2.232786639265303e-14
6547.31751708947 1.4706229532408702e-14
6551.484543406051 1.226152223765228e-14
6555.6515697226305 1.1143149081609484e-14
6559.818596039211 1.0392231042818655e-14
6563.985622355792 9.66040246496843e-15
6568.1526486723715 9.263425271371359e-15
6572.319674988952 8.972226895441581e-15
6576.486701305532 8.67802460942824e-15
6580.6537276221125 8.447562567449221e-15
6584.820753938692 8.277389292046477e-15
6588.987780255273 8.168222982368812e-15
6593.1548065718525 8.016947135773216e-15
6597.321832888433 7.931940524497706e-15
6601.488859205013 7.78244232569714e-15
6605.6558855215935 7.728833834970465e-15
6609.822911838174 7.705688993447752e-15
6613.989938154754 7.6449010378412e-15
6618.1569644713345 7.600713595741306e-15
6622.323990787914 7.63592154891138e-15
6626.491017104495 7.532574700197355e-15
6630.658043421075 7.577669481879426e-15
6634.825069737655 7.678250168605574e-15
6638.992096054235 7.591264513575141e-15
6643.159122370816 7.92865075491729e-15
6647.326148687395 8.296991559381314e-15
6651.493175003976 8.305714011766837e-15
6655.660201320557 8.10326914099331e-15
6659.827227637136 7.714148752024752e-15
6663.994253953717 7.451296514204008e-15
6668.161280270297 7.408039780867264e-15
6672.328306586877 7.2699370277845e-15
6676.495332903457 7.20895230740823e-15
6680.662359220038 7.161077670838799e-15
6684.829385536617 7.093032652864777e-15
6688.996411853198 7.068660301733854e-15
6693.163438169778 7.0854288042353665e-15
6697.330464486358 7.011273765877803e-15
6701.497490802939 6.9941374664565174e-15
6705.664517119519 6.914421294745918e-15
6709.831543436099 6.90950154957988e-15
6713.998569752679 6.944509760789595e-15
6718.16559606926 6.944030958086013e-15
6722.332622385839 6.876353619907596e-15
6726.49964870242 6.841638337365707e-15
6730.666675019 6.8418221265072245e-15
6734.83370133558 6.803019546472912e-15
6739.000727652161 6.845267705903952e-15
6743.167753968741 6.739516102652059e-15
6747.334780285321 6.7817378782053785e-15
6751.501806601901 6.719852280868828e-15
6755.668832918482 6.702185861356363e-15
6759.835859235061 6.709551160590382e-15
6764.002885551642 6.686605328814019e-15
6768.169911868222 6.740946386385707e-15
6772.336938184802 6.720992053282522e-15
6776.503964501382 6.646169043171212e-15
6780.670990817963 6.6516825310150995e-15
6784.838017134543 6.7116026240778405e-15
6789.005043451123 6.691726521506029e-15
6793.172069767704 6.508894683272097e-15
6797.3390960842835 6.169736344980172e-15
6801.506122400864 5.8224705673025596e-15
6805.673148717444 5.896806628876698e-15
6809.8401750340245 6.4258854760181765e-15
6814.007201350604 6.6415676561985274e-15
6818.174227667185 6.574523285106173e-15
6822.341253983765 6.402293655078635e-15
6826.508280300345 6.364917013865231e-15
6830.675306616926 6.4100684651567024e-15
6834.8423329335055 6.423475250583707e-15
6839.009359250086 6.4952394523035846e-15
6843.176385566666 6.476942012611956e-15
6847.3434118832465 6.44753552043354e-15
6851.510438199826 6.454058866950077e-15
6855.677464516407 6.435778070967262e-15
6859.844490832987 6.4323657847828455e-15
6864.011517149567 6.4536986730654916e-15
6868.178543466148 6.4542960636553305e-15
6872.345569782728 6.45726414949687e-15
6876.512596099308 6.446887940817091e-15
6880.679622415888 6.408450859654656e-15
6884.846648732469 6.3765298349535325e-15
6889.013675049048 6.306456436868913e-15
6893.180701365629 6.412379490746764e-15
6897.347727682209 6.445467175519318e-15
6901.514753998789 6.288109058677382e-15
6905.681780315369 6.266489008204042e-15
6909.84880663195 6.296335655896927e-15
6914.01583294853 6.296562226276127e-15
6918.18285926511 6.213937987821074e-15
6922.349885581691 6.300505998913593e-15
6926.516911898271 6.327618119477534e-15
6930.683938214852 6.280249343480558e-15
6934.850964531432 6.244473047971665e-15
6939.017990848012 6.267243103504087e-15
6943.185017164592 6.271039077728278e-15
6947.352043481173 6.26920897406019e-15
6951.519069797752 6.236190582501205e-15
6955.686096114333 6.20993509592342e-15
6959.853122430914 6.247436290706558e-15
6964.020148747493 6.210411004023153e-15
6968.187175064074 6.160739985232505e-15
6972.354201380654 6.219435558435427e-15
6976.521227697234 6.172018345482658e-15
6980.688254013814 6.182602743392629e-15
6984.855280330395 6.21199945731753e-15
6989.022306646974 6.212883471064074e-15
6993.189332963555 6.241126570929862e-15
6997.356359280135 6.184671893883115e-15
7001.523385596715 6.152372834500507e-15
7005.690411913296 6.2116927985756e-15
7009.857438229876 6.2823120956602385e-15
7014.024464546456 6.325823484903136e-15
7018.191490863036 6.414501554796326e-15
7022.358517179617 6.486495104198383e-15
7026.525543496196 6.709106232854177e-15
7030.692569812777 7.252687129082411e-15
7034.859596129357 7.626784921264805e-15
7039.026622445937 7.557724192530293e-15
7043.193648762518 7.010513138954456e-15
7047.360675079098 6.595757956013014e-15
7051.527701395678 6.4138320301888525e-15
7055.694727712258 6.30448551798473e-15
7059.861754028839 6.288897732141966e-15
7064.028780345418 6.23521475711937e-15
7068.195806661999 6.191809297389138e-15
7072.362832978579 6.138045634226877e-15
7076.529859295159 6.0126202747142874e-15
7080.696885611739 6.0230034710195345e-15
7084.86391192832 6.007379050553726e-15
7089.0309382449 5.9654747474973966e-15
7093.19796456148 5.917732256979616e-15
7097.364990878061 5.88743745493303e-15
7101.5320171946405 5.827572394569818e-15
7105.699043511221 5.828690804376791e-15
7109.866069827801 5.885145995445383e-15
7114.0330961443815 5.857464239138065e-15
7118.200122460961 5.846197219801893e-15
7122.367148777542 5.964396914678365e-15
7126.534175094122 5.92905269520796e-15
7130.701201410702 5.820541055244273e-15
7134.868227727283 5.890592458417138e-15
7139.035254043863 5.986939950110221e-15
7143.202280360443 5.957745257874902e-15
7147.369306677023 5.941910294573643e-15
7151.5363329936035 5.927967723979796e-15
7155.703359310183 5.855180445537923e-15
7159.870385626764 5.771584206893066e-15
7164.037411943344 5.722976267289494e-15
7168.204438259924 5.739299174587666e-15
7172.371464576505 5.804916572126517e-15
7176.538490893085 5.77355982699871e-15
7180.705517209665 5.792519588524005e-15
7184.872543526245 5.701762702422665e-15
7189.039569842826 5.761605964663758e-15
7193.206596159405 5.750348086411108e-15
7197.373622475986 5.745275238310307e-15
7201.540648792566 5.680811574241993e-15
7205.707675109146 5.714282431675817e-15
7209.874701425726 5.8214528686164116e-15
7214.041727742307 5.777984923300009e-15
7218.208754058887 5.786276160926247e-15
7222.375780375467 5.664041186562476e-15
7226.542806692048 5.7887753308495324e-15
7230.709833008627 5.722719591070398e-15
7234.876859325208 5.752791624488396e-15
7239.043885641788 5.805528707477345e-15
7243.210911958368 5.8825191310680744e-15
7247.377938274948 6.015212421664271e-15
7251.544964591529 6.1369004550822505e-15
7255.711990908108 5.972797916362969e-15
7259.879017224689 5.856639588709421e-15
7264.04604354127 5.720073516809517e-15
7268.213069857849 5.7140062074620166e-15
7272.38009617443 5.670092652423551e-15
7276.54712249101 5.615688474624981e-15
7280.71414880759 5.5732217430101496e-15
7284.88117512417 5.569856178875185e-15
7289.048201440751 5.61818908476873e-15
7293.2152277573305 5.607813691133478e-15
7297.382254073911 5.614605055591699e-15
7301.549280390491 5.595250673624623e-15
7305.716306707071 5.559848863102486e-15
7309.883333023652 5.465712303394168e-15
7314.050359340232 5.457585513682303e-15
7318.217385656812 5.44802009108049e-15
7322.384411973392 5.461780030389915e-15
7326.551438289973 5.486141678734535e-15
7330.7184646065525 5.5036002176196506e-15
7334.885490923133 5.429535565709124e-15
7339.052517239713 5.374550939899351e-15
7343.2195435562935 5.377453346895599e-15
7347.386569872874 5.387929379642646e-15
7351.553596189454 5.419029228736927e-15
7355.7206225060345 5.455196003895806e-15
7359.887648822614 5.431331030598188e-15
7364.054675139195 5.390393364118653e-15
7368.221701455775 5.3270109013408636e-15
7372.388727772355 5.378543469849632e-15
7376.555754088935 5.41489992088774e-15
7380.722780405516 5.408351651794045e-15
7384.889806722095 5.387525004036918e-15
7389.056833038676 5.341013628349064e-15
7393.2238593552565 5.3172467534287926e-15
7397.390885671836 5.308550337393201e-15
7401.557911988417 5.288737791641841e-15
7405.724938304997 5.2614593057813204e-15
7409.891964621577 5.275791391568337e-15
7414.058990938157 5.334662316539372e-15
7418.226017254738 5.33096619733806e-15
7422.393043571317 5.262408344221895e-15
7426.560069887898 5.234361187567654e-15
7430.727096204478 5.284281360942975e-15
7434.894122521058 5.286220550597615e-15
7439.061148837639 5.305757620816693e-15
7443.228175154219 5.346038069818301e-15
7447.395201470799 5.238609412851007e-15
7451.562227787379 5.194119880290984e-15
7455.72925410396 5.186135445654188e-15
7459.896280420539 5.2176141464577495e-15
7464.06330673712 5.20524236550316e-15
7468.2303330537 5.241343977748421e-15
7472.39735937028 5.298926679638638e-15
7476.564385686861 5.323191922524971e-15
7480.731412003441 5.185331241395529e-15
7484.898438320021 5.126103550351229e-15
7489.065464636601 5.1008524007059725e-15
7493.232490953182 5.075649744619716e-15
7497.399517269761 5.1632223085558575e-15
7501.566543586342 5.147715279320618e-15
7505.733569902922 5.179166300103025e-15
7509.900596219502 5.235331463018438e-15
7514.067622536082 5.057568766389392e-15
7518.234648852663 4.485663607190595e-15
7522.401675169243 3.558583649537225e-15
7526.568701485823 2.794128077702906e-15
7530.735727802404 2.8413096412375477e-15
7534.9027541189835 4.1821396984800944e-15
7539.069780435564 5.203224568733339e-15
7543.236806752144 5.380995884038894e-15
7547.403833068724 4.898772067703187e-15
7551.570859385304 4.328743665397462e-15
7555.737885701885 4.0229382775112876e-15
7559.9049120184645 4.229141737089604e-15
7564.071938335045 4.440371149906247e-15
7568.238964651626 4.644629708011931e-15
7572.4059909682055 4.854975015698063e-15
7576.573017284786 4.947469003034401e-15
7580.740043601366 4.971908390115709e-15
7584.9070699179465 4.9526221399425126e-15
7589.074096234526 4.956984107580061e-15
7593.241122551107 4.9207813318524545e-15
7597.408148867687 4.9829723302186874e-15
7601.575175184267 4.924391936357918e-15
7605.742201500848 4.924598490630316e-15
7609.909227817428 4.982379698468321e-15
7614.076254134008 4.9849581257700316e-15
7618.243280450588 4.986791343474381e-15
7622.410306767169 4.985750977722913e-15
7626.577333083748 4.904340406583963e-15
7630.744359400329 4.83941878289552e-15
7634.911385716909 4.944691977899158e-15
7639.078412033489 4.832864217975932e-15
7643.245438350069 4.8598632854383734e-15
7647.41246466665 4.895954055324033e-15
7651.57949098323 4.8917249499194814e-15
7655.74651729981 4.9313761279613925e-15
7659.913543616391 4.9158494249703575e-15
7664.08056993297 4.828196211051247e-15
7668.247596249551 4.846639145501321e-15
7672.414622566131 4.884463958677105e-15
7676.581648882711 4.816667498511545e-15
7680.748675199291 4.837544264911753e-15
7684.915701515872 4.847683390309561e-15
7689.082727832451 4.813580322405168e-15
7693.249754149032 4.846648496228821e-15
7697.416780465613 4.7831666575453195e-15
7701.583806782192 4.7837613229158106e-15
7705.750833098773 4.812820074738408e-15
7709.917859415353 4.840904831684886e-15
7714.084885731933 4.867336437045914e-15
7718.251912048513 4.806543794558827e-15
7722.418938365094 4.859096900432945e-15
7726.585964681673 4.795094131554067e-15
7730.752990998254 4.731732485481379e-15
7734.920017314834 4.774953637588481e-15
7739.087043631414 4.804155342379041e-15
7743.254069947995 4.750126596290216e-15
7747.421096264575 4.7989423776225186e-15
7751.588122581155 4.780601133160649e-15
7755.755148897735 4.744692876357008e-15
7759.922175214316 4.78210210541078e-15
7764.0892015308955 4.760100865728755e-15
7768.256227847476 4.692498520005776e-15
7772.423254164056 4.644399139053589e-15
7776.5902804806365 4.677189023859346e-15
7780.757306797217 4.738559782455913e-15
7784.924333113797 4.755779203198422e-15
7789.091359430377 4.737062189058204e-15
7793.258385746957 4.720168823069839e-15
7797.425412063538 4.68352557591447e-15
7801.5924383801175 4.691010378215468e-15
7805.759464696698 4.6515050197111876e-15
7809.926491013278 4.643014755100273e-15
7814.0935173298585 4.722133995060734e-15
7818.260543646438 4.7071769663369495e-15
7822.427569963019 4.650313621795556e-15
7826.5945962795995 4.604694932467578e-15
7830.761622596179 4.6176383696698255e-15
7834.92864891276 4.700617366745432e-15
7839.09567522934 4.677579403025141e-15
7843.26270154592 4.653387030048596e-15
7847.4297278625 4.6590730441898056e-15
7851.596754179081 4.587417642528677e-15
7855.76378049566 4.59792229153343e-15
7859.930806812241 4.673285834168505e-15
7864.097833128821 4.6488095362171635e-15
7868.264859445401 4.6272484802432436e-15
7872.431885761982 4.654448650384373e-15
7876.598912078562 4.577850678333871e-15
7880.765938395142 4.537038016836215e-15
7884.932964711722 4.510974045349675e-15
7889.099991028303 4.520885289676432e-15
7893.267017344882 4.541208157674156e-15
7897.434043661463 4.49088293267124e-15
7901.601069978043 4.482981303317357e-15
7905.768096294623 4.580885661316454e-15
7909.935122611204 4.4956188248345085e-15
7914.102148927784 4.458283336662538e-15
7918.269175244364 4.5110553457461934e-15
7922.436201560944 4.485192419054491e-15
7926.603227877525 4.488847599582239e-15
7930.770254194104 4.485181401937796e-15
7934.937280510685 4.503687755631148e-15
7939.104306827265 4.487602593764959e-15
7943.271333143845 4.438198843923113e-15
7947.438359460425 4.4300757756613285e-15
7951.605385777006 4.384795484690657e-15
7955.772412093586 4.382004644063072e-15
7959.939438410166 4.41719359643861e-15
7964.106464726747 4.414989147675061e-15
7968.273491043326 4.423962837029372e-15
7972.440517359907 4.385081088059984e-15
7976.607543676487 4.352421991461866e-15
7980.774569993067 4.364332714532068e-15
7984.941596309647 4.383972131251164e-15
7989.108622626228 4.35247370932372e-15
7993.2756489428075 4.305222445036013e-15
7997.442675259388 4.330516173376014e-15
8001.609701575969 4.282325211598994e-15
8005.7767278925485 4.223360037258205e-15
8009.943754209129 4.265183911972667e-15
8014.110780525709 4.24103436064248e-15
8018.2778068422895 4.235162287931335e-15
8022.444833158869 4.221956664481805e-15
8026.61185947545 4.2894099307655655e-15
8030.7788857920295 4.2615740432395445e-15
8034.94591210861 4.272495507671529e-15
8039.11293842519 4.260549994153895e-15
8043.2799647417705 4.140528551595596e-15
8047.446991058351 4.23567491689691e-15
8051.614017374931 4.186766925532136e-15
8055.7810436915115 4.106527896767276e-15
8059.948070008091 4.1490953902460555e-15
8064.115096324672 4.184159578030502e-15
8068.282122641252 4.217688122910312e-15
8072.449148957832 4.190791911089997e-15
8076.616175274412 4.212431971903068e-15
8080.783201590993 4.168184313367998e-15
8084.950227907573 4.1634702384964356e-15
8089.117254224153 4.099871889522764e-15
8093.284280540734 4.117698653578062e-15
8097.451306857313 4.119171567431243e-15
8101.618333173894 4.0887671917747265e-15
8105.785359490474 4.103730238999672e-15
8109.952385807054 4.1790593827195276e-15
8114.119412123633 4.185011819272345e-15
8118.286438440215 4.192838075690566e-15
8122.453464756793 4.1949468051183834e-15
8126.620491073375 4.148259604675075e-15
8130.787517389955 4.0412234896540095e-15
8134.954543706535 4.048578718893859e-15
8139.121570023115 3.992489362656887e-15
8143.288596339696 3.943448395458475e-15
8147.455622656275 3.976885701188938e-15
8151.622648972856 4.084125520614443e-15
8155.789675289436 4.145145320951591e-15
8159.956701606016 4.145282660435896e-15
8164.123727922596 4.150822754127115e-15
8168.290754239177 4.10856370411265e-15
8172.4577805557565 4.0802328389197314e-15
8176.624806872338 4.045988717840395e-15
8180.791833188917 4.092640442489693e-15
8184.958859505498 4.118081397102764e-15
8189.125885822077 4.041692366696727e-15
8193.292912138659 4.0852099583212314e-15
8197.459938455238 4.0906611077134534e-15
8201.626964771818 4.079244836350353e-15
8205.793991088398 4.091345158169473e-15
8209.96101740498 4.016391145347606e-15
8214.12804372156 3.968136308920024e-15
8218.29507003814 3.999398397404962e-15
8222.462096354719 3.9958447779746294e-15
8226.6291226713 3.9328975216810856e-15
8230.79614898788 3.9432964347848846e-15
8234.963175304461 3.963484975190173e-15
8239.13020162104 4.0018399274607644e-15
8243.29722793762 3.97545426581858e-15
8247.4642542542 3.998622085659113e-15
8251.631280570782 3.992744122604963e-15
8255.798306887362 3.934820936811516e-15
8259.965333203942 3.868406833650155e-15
8264.132359520521 3.893004122929227e-15
8268.299385837103 3.878984609502148e-15
8272.466412153683 3.9093347358328895e-15
8276.633438470262 3.897053259382904e-15
8280.800464786842 3.862550641198145e-15
8284.967491103424 3.94868538603603e-15
8289.134517420003 3.9333408432806705e-15
8293.301543736583 3.945571625403797e-15
8297.468570053163 3.900621353141682e-15
8301.635596369744 3.847521466138458e-15
8305.802622686324 3.804439373033276e-15
8309.969649002905 3.800089752502494e-15
8314.136675319483 3.846474974172421e-15
8318.303701636065 3.8248536662686784e-15
8322.470727952645 3.8628980350672165e-15
8326.637754269226 3.859405052788256e-15
8330.804780585804 3.893110748002624e-15
8334.971806902386 3.919860772792795e-15
8339.138833218965 3.7961727376947045e-15
8343.305859535547 3.847906388695824e-15
8347.472885852127 3.750231446055707e-15
8351.639912168706 3.715816406836912e-15
8355.806938485286 3.7175456592930716e-15
8359.973964801868 3.6977630749338436e-15
8364.140991118447 3.7915879752333775e-15
8368.308017435027 3.797906197733638e-15
8372.475043751607 3.790937073733871e-15
8376.642070068188 3.828758072143497e-15
8380.809096384768 3.758788626844458e-15
8384.976122701348 3.744982662811263e-15
8389.143149017927 3.7047193691937164e-15
8393.310175334509 3.677688734798211e-15
8397.47720165109 3.7066730285939645e-15
8401.64422796767 3.730381677794813e-15
8405.81125428425 3.856769005558051e-15
8409.97828060083 3.931833994266542e-15
8414.145306917411 3.925880766692726e-15
8418.312333233991 3.8498065756372805e-15
8422.47935955057 3.7975299860380195e-15
8426.64638586715 3.844866239124663e-15
8430.813412183732 3.7350179090663406e-15
8434.980438500312 3.704360699582883e-15
8439.147464816893 3.67219776720287e-15
8443.314491133471 3.556908041512666e-15
8447.481517450053 3.629787500112701e-15
8451.648543766632 3.611779227592164e-15
8455.815570083214 3.661888819374473e-15
8459.982596399792 3.6593483456480154e-15
8464.149622716373 3.702271315838484e-15
8468.316649032953 3.666734502894151e-15
8472.483675349535 3.664856156693808e-15
8476.650701666114 3.6359188584535695e-15
8480.817727982694 3.5755322954302395e-15
8484.984754299274 3.510225188150159e-15
8489.151780615855 3.538354302051401e-15
8493.318806932435 3.5350068002734965e-15
8497.485833249015 3.584520075366283e-15
8501.652859565595 3.672251831861073e-15
8505.819885882176 3.714505689485758e-15
8509.986912198756 3.652476555038067e-15
8514.153938515336 3.677407365756024e-15
8518.320964831915 3.610774211247489e-15
8522.487991148497 3.521765949174383e-15
8526.655017465077 3.4920843071609103e-15
8530.822043781658 3.489771464815257e-15
8534.989070098236 3.5159511008503223e-15
8539.156096414818 3.5498272473602115e-15
8543.323122731397 3.508929490901218e-15
8547.490149047979 3.5435882386292733e-15
8551.657175364557 3.625845100627751e-15
8555.824201681138 3.610700774259991e-15
8559.991227997718 3.544666706336659e-15
8564.1582543143 3.563644383124823e-15
8568.32528063088 3.5699510304655985e-15
8572.492306947459 3.465982386899588e-15
8576.659333264039 3.465378478683282e-15
8580.82635958062 3.4339889396089477e-15
8584.9933858972 3.422133624221437e-15
8589.16041221378 3.514624384357059e-15
8593.32743853036 3.4325972350954328e-15
8597.49446484694 3.4276795578816298e-15
8601.66149116352 3.3896684769482206e-15
8605.828517480102 3.3854506547068412e-15
8609.99554379668 3.340469753937352e-15
8614.162570113262 3.325749849774474e-15
8618.329596429841 3.411385025382273e-15
8622.496622746423 3.5256829625842038e-15
8626.663649063 3.5610331169205415e-15
8630.830675379582 3.5875961394419054e-15
8634.997701696162 3.555710670407866e-15
8639.164728012744 3.456396183691047e-15
8643.331754329321 3.419347188687823e-15
8647.498780645903 3.3679663725289232e-15
8651.665806962483 3.307526568285634e-15
8655.832833279064 3.3587957519325756e-15
8659.999859595644 3.3160933458447355e-15
8664.166885912224 3.3738219564888224e-15
8668.333912228803 3.4546334074982172e-15
8672.500938545385 3.3915797251702388e-15
8676.667964861965 3.362361362730942e-15
8680.834991178544 3.32189105833676e-15
8685.002017495124 3.3209356333342605e-15
8689.169043811706 3.3046173317514883e-15
8693.336070128285 3.3092581921884993e-15
8697.503096444867 3.2992420981564494e-15
8701.670122761445 3.2920609667261487e-15
8705.837149078026 3.285626047878274e-15
8710.004175394606 3.37025957052469e-15
8714.171201711188 3.4875330248943604e-15
8718.338228027766 3.463134540371147e-15
8722.505254344347 3.3634683838694646e-15
8726.672280660927 3.289804888840109e-15
8730.839306977508 3.2370432110128048e-15
8735.006333294088 3.1436515354077127e-15
8739.173359610668 3.1210592564782883e-15
8743.340385927248 3.1636139827893205e-15
8747.50741224383 3.163444009929344e-15
8751.674438560409 3.2185478667690156e-15
8755.841464876989 3.1855364603175886e-15
8760.008491193568 3.271485863687983e-15
8764.17551751015 3.2610188627692805e-15
8768.34254382673 3.2287813073644415e-15
8772.50957014331 3.1893485435758744e-15
8776.676596459889 3.1734693667593487e-15
8780.84362277647 3.2007653763963877e-15
8785.01064909305 3.116304848135601e-15
8789.177675409632 3.159977374938698e-15
8793.34470172621 3.1574641640207174e-15
8797.511728042791 3.1985906603169245e-15
8801.678754359371 3.1952621557215855e-15
8805.845780675952 3.1583648511094806e-15
8810.01280699253 3.2223271323715634e-15
8814.179833309112 3.234034051726059e-15
8818.346859625692 3.34019794805576e-15
8822.513885942273 3.3098155600571027e-15
8826.680912258853 3.3054260169120163e-15
8830.847938575433 3.3689888580440736e-15
8835.014964892012 3.2459463584685603e-15
8839.181991208594 3.082145356432758e-15
8843.349017525174 3.071202427694751e-15
8847.516043841753 3.1274956726194395e-15
8851.683070158333 3.120461063044661e-15
8855.850096474915 3.0931087255596654e-15
8860.017122791494 3.0567476382922738e-15
8864.184149108074 3.080043630317951e-15
8868.351175424654 3.084237501727945e-15
8872.518201741235 3.09087174604906e-15
8876.685228057815 3.100300761793422e-15
8880.852254374397 3.075527094325308e-15
8885.019280690974 3.0491110155411698e-15
8889.186307007556 3.049048112963983e-15
8893.353333324136 3.004625982240511e-15
8897.520359640717 2.853380039059041e-15
8901.687385957295 2.904097851253219e-15
8905.854412273877 2.9440147737661796e-15
8910.021438590456 3.0539795725649706e-15
8914.188464907038 3.0257283075577476e-15
8918.355491223618 3.0271152139503877e-15
8922.522517540197 2.9881366576022027e-15
8926.689543856777 3.0835691918267777e-15
8930.856570173359 2.986814691088358e-15
8935.023596489938 2.9015393858255693e-15
8939.190622806518 2.9715625624798845e-15
8943.357649123098 2.9372916838260343e-15
8947.52467543968 2.8925206519828317e-15
8951.69170175626 2.9591893258869774e-15
8955.85872807284 2.927069982841427e-15
8960.025754389419 2.9580875436727506e-15
8964.192780706 3.0579357258789608e-15
8968.35980702258 3.095652282082915e-15
8972.526833339161 3.171609032743633e-15
8976.69385965574 3.256371875373931e-15
8980.86088597232 3.222699207894385e-15
8985.0279122889 3.0615462889896764e-15
8989.194938605482 2.9628666965799154e-15
8993.36196492206 2.9208303120542953e-15
8997.528991238642 2.882175764390426e-15
9001.696017555221 2.9078140654341226e-15
9005.863043871803 2.9015811828822854e-15
9010.030070188383 2.9592264643360438e-15
9014.197096504962 2.9676905472639383e-15
9018.364122821542 2.9421485823503643e-15
9022.531149138124 3.000619627401243e-15
9026.698175454703 2.9730866021322143e-15
9030.865201771283 2.946015327480413e-15
9035.032228087863 2.9106446514764745e-15
9039.199254404444 2.8642048150158843e-15
9043.366280721024 2.8420670667756847e-15
9047.533307037605 2.8953738069755456e-15
9051.700333354183 2.9455213103703883e-15
9055.867359670765 2.8519746837770585e-15
9060.034385987345 2.8272363533123434e-15
9064.201412303926 2.8472915574035948e-15
9068.368438620504 2.922998368312702e-15
9072.535464937086 2.9376438237200513e-15
9076.702491253665 2.8375895880792603e-15
9080.869517570247 2.892671662840183e-15
9085.036543886827 2.8401935900288856e-15
9089.203570203406 2.7994815873897717e-15
9093.370596519986 2.8115166794358755e-15
9097.537622836568 2.751554419343461e-15
9101.704649153147 2.7087687392811354e-15
9105.871675469727 2.731578016267898e-15
9110.038701786307 2.7723533304735125e-15
9114.205728102888 2.792265495244183e-15
9118.372754419468 2.784239642590723e-15
9122.539780736048 2.7989801502196078e-15
9126.706807052627 2.8572824455050604e-15
9130.873833369209 2.897515322728762e-15
9135.040859685789 2.856023138161329e-15
9139.20788600237 2.868342549137863e-15
9143.374912318948 2.8669695225363024e-15
9147.54193863553 2.8045367750708407e-15
9151.70896495211 2.7669187870440355e-15
9155.875991268691 2.804061527093843e-15
9160.043017585269 2.8619172407697313e-15
9164.21004390185 2.8573527542632572e-15
9168.37707021843 2.8639850248234355e-15
9172.544096535012 3.005785664380784e-15
9176.711122851591 3.0364942805449694e-15
9180.878149168171 3.0178792036964935e-15
9185.04517548475 3.0693276163454636e-15
9189.212201801332 3.2305199390209557e-15
9193.379228117912 3.1718734757125786e-15
9197.546254434492 2.9995308815171052e-15
9201.713280751072 2.8503305454405483e-15
9205.880307067653 2.8655541097953725e-15
9210.047333384233 2.7490306737379428e-15
9214.214359700814 2.7764377185085715e-15
9218.381386017392 2.528143901224773e-15
9222.548412333974 2.550973511625047e-15
9226.715438650554 2.5486776921359926e-15
9230.882464967135 2.544935066386679e-15
9235.049491283713 2.56751670954867e-15
9239.216517600295 2.6369718084730635e-15
9243.383543916874 2.530881620905422e-15
9247.550570233456 2.450955828799964e-15
9251.717596550034 2.4859429668115518e-15
9255.884622866615 2.4636085014655703e-15
9260.051649183195 2.5572233303278174e-15
9264.218675499777 2.623644178801508e-15
9268.385701816356 2.541001732553788e-15
9272.552728132936 2.607237029003709e-15
9276.719754449516 2.5558826738203606e-15
9280.886780766097 2.46492393618343e-15
9285.053807082677 2.663879696643085e-15
9289.220833399257 2.7303696851115152e-15
9293.387859715836 2.6964727258575866e-15
9297.554886032418 2.726152629398783e-15
9301.721912348998 2.6294902553397892e-15
9305.88893866558 2.644423784948954e-15
9310.055964982157 2.528479181109763e-15
9314.222991298739 2.5052616766523063e-15
9318.390017615318 2.503487528594461e-15
9322.5570439319 2.576927185022207e-15
9326.724070248478 2.6420317999588326e-15
9330.89109656506 2.4387870160832367e-15
9335.058122881639 2.5198870612543107e-15
9339.22514919822 2.425298092761056e-15
9343.3921755148 2.3139470604420345e-15
9347.55920183138 2.4626519229581447e-15
9351.72622814796 2.4721332850578132e-15
9355.893254464541 2.591027724502393e-15
9360.060280781121 2.550642382084612e-15
9364.2273070977 2.463225311890828e-15
9368.39433341428 2.342508854384797e-15
9372.561359730862 2.5270296760896974e-15
9376.728386047442 2.622398758134832e-15
9380.895412364021 2.458435958788754e-15
9385.062438680601 2.4971652658551595e-15
9389.229464997183 2.5879106688313966e-15
9393.396491313762 2.560864734463856e-15
9397.563517630344 2.437910464324685e-15
9401.730543946922 2.3621627820200767e-15
9405.897570263503 2.28607418895216e-15
9410.064596580083 2.3377539723632173e-15
9414.231622896665 2.506757136185001e-15
9418.398649213243 2.5289671448873604e-15
9422.565675529824 2.3907032639616064e-15
9426.732701846404 2.4530803930339677e-15
9430.899728162985 2.4376804983839034e-15
9435.066754479565 2.4161722665690234e-15
9439.233780796145 2.512449629101954e-15
9443.400807112725 2.4016576608373775e-15
9447.567833429306 2.3832890076701738e-15
9451.734859745886 2.410284039868818e-15
9455.901886062466 2.3587745152523048e-15
9460.068912379045 2.4059881825171773e-15
9464.235938695627 2.4144395417387566e-15
9468.402965012207 2.4254157798977236e-15
9472.569991328788 2.5272538360454997e-15
9476.737017645366 2.5384280284339704e-15
9480.904043961948 2.6224191934018734e-15
9485.071070278527 2.5372406145399273e-15
9489.238096595109 2.4640624753631833e-15
9493.405122911687 2.482858132127998e-15
9497.572149228268 2.6232911484494417e-15
9501.739175544848 2.858747048126727e-15
9505.90620186143 2.8758274295162785e-15
9510.073228178007 2.843879222640014e-15
9514.240254494589 2.7489825164918073e-15
9518.407280811169 2.5548616014829145e-15
9522.57430712775 2.472353230823245e-15
9526.74133344433 2.4485160785754577e-15
9530.90835976091 2.5818174236076442e-15
9535.07538607749 2.4366711349354396e-15
9539.242412394071 2.427020613928043e-15
9543.40943871065 2.336841659250337e-15
9547.57646502723 2.2690362810864537e-15
9551.74349134381 2.290461942200648e-15
9555.910517660392 2.2956405580425626e-15
9560.077543976971 2.3359314586557146e-15
9564.244570293553 2.3696473316510096e-15
9568.41159661013 2.5049382448043826e-15
9572.578622926712 2.39623167748008e-15
9576.745649243292 2.4922759458342684e-15
9580.912675559874 2.446728402640848e-15
9585.079701876452 2.411492648152871e-15
9589.246728193033 2.3270157383208733e-15
9593.413754509613 2.3113075221488395e-15
9597.580780826194 2.289552432686688e-15
9601.747807142774 2.347437429194204e-15
9605.914833459354 2.34410139471361e-15
9610.081859775933 2.286530002278765e-15
9614.248886092515 2.4373087695931126e-15
9618.415912409095 2.403527767702378e-15
9622.582938725674 2.246853102709224e-15
9626.749965042254 2.3240712959895815e-15
9630.916991358836 2.28329389638833e-15
9635.084017675415 2.280003802870015e-15
9639.251043991995 2.335469105596583e-15
9643.418070308575 2.2134517495531763e-15
9647.585096625156 2.276709239942575e-15
9651.752122941736 2.2602144230285152e-15
9655.919149258318 2.2403189581006236e-15
9660.086175574896 2.2560057544099586e-15
9664.253201891477 2.3065684505269707e-15
9668.420228208057 2.3947872821173473e-15
9672.587254524638 2.393344648695858e-15
9676.754280841216 2.4352477595429303e-15
9680.921307157798 2.3963805291616235e-15
9685.088333474378 2.434079023083649e-15
9689.25535979096 2.3276353514974246e-15
9693.422386107539 2.263394437262075e-15
9697.589412424119 2.322943802233222e-15
9701.756438740698 2.4035884752302878e-15
9705.92346505728 2.409651995742358e-15
9710.09049137386 2.353148232755763e-15
9714.25751769044 2.35592937345457e-15
9718.424544007019 2.3217065589431033e-15
9722.5915703236 2.3398418522202595e-15
9726.75859664018 2.3876843707002582e-15
9730.92562295676 2.2871199026754995e-15
9735.09264927334 2.3567310835596967e-15
9739.259675589921 2.371339101661175e-15
9743.426701906501 2.291876484599817e-15
9747.593728223083 2.276127597197945e-15
9751.76075453966 2.287348624158819e-15
9755.927780856242 2.269308641716617e-15
9760.094807172822 2.3491272611731203e-15
9764.261833489403 2.469822278660964e-15
9768.428859805981 2.3956964472367982e-15
9772.595886122563 2.3016717042796137e-15
9776.762912439142 2.238001055799424e-15
9780.929938755724 2.1833098639716843e-15
9785.096965072304 2.332724914972009e-15
9789.263991388883 2.3239358664015727e-15
9793.431017705463 2.266129626884675e-15
9797.598044022045 2.3838635884811578e-15
9801.765070338624 2.2698983686229517e-15
9805.932096655204 2.1377760128015414e-15
9810.099122971784 2.227774723276408e-15
9814.266149288365 2.35454389432873e-15
9818.433175604945 2.3177762563650148e-15
9822.600201921527 2.26003703332259e-15
9826.767228238105 2.1595515633912766e-15
9830.934254554686 2.0941955098871637e-15
9835.101280871266 2.2518329790526984e-15
9839.268307187847 2.183367922715297e-15
9843.435333504425 2.246647349650218e-15
9847.602359821007 2.1452315167603937e-15
9851.769386137586 2.1852853004024245e-15
9855.936412454168 2.31146360682139e-15
9860.103438770746 2.323901969648022e-15
9864.270465087327 2.4237306037137547e-15
9868.437491403907 2.1659848486897987e-15
9872.604517720489 2.122674161856763e-15
9876.771544037068 2.2670787804081866e-15
9880.938570353648 2.2759631338850144e-15
9885.105596670228 2.3220550283550438e-15
9889.27262298681 2.2727664147663385e-15
9893.43964930339 2.2849869857389586e-15
