3351.1333205002793 1.9159219546989102e-17
3355.2131737403174 -3.517308000968249e-17
3359.293026980356 6.969023954209867e-18
3363.3728802104124 9.366553003241806e-17
3367.452733450451 2.799727979458554e-17
3371.532586690489 8.232752215002622e-18
3375.6124399305277 4.610538494696565e-18
3379.692293170566 -1.7064336772536683e-17
3383.7721464106044 1.643414850559535e-17
3387.8519996406612 -4.720110310187517e-18
3391.9318528806994 1.694471822203843e-17
3396.011706120738 1.3887745417234177e-17
3400.091559360776 5.605385203936296e-17
3404.1714126008146 -1.131633766224507e-17
3408.2512658408527 5.350387747165684e-17
3412.331119070909 3.358012549641928e-17
3416.4109723109477 -2.6314838318163616e-17
3420.490825550986 -2.7202234623072474e-17
3424.570678791024 8.938132320230977e-18
3428.6505320310625 5.019804372155196e-17
3432.7303852611194 -2.4815780661348878e-17
3436.8102385011575 6.372581081444767e-17
3440.890091741196 2.9267183634937433e-17
3444.969944981234 -4.7536960410333026e-18
3449.049798221273 1.908951885386588e-17
3453.129651461311 -1.3951440430560572e-17
3457.209504691368 -8.714966400115622e-18
3461.2893579314064 -8.663722580443003e-18
3465.3692111714445 5.509280795771665e-17
3469.449064411483 1.3029230323324252e-17
3473.528917651521 2.827729807319295e-17
3477.6087708815776 -3.578385910302537e-18
3481.6886241216157 2.34469165753403e-17
3485.7684773616543 -2.4481877434384642e-17
3489.8483306016924 1.7817699104440358e-17
3493.928183841731 1.397593214652405e-17
3498.008037081769 -1.6048904567195926e-17
3502.087890311826 1.0810504197458537e-17
3506.1677435518645 1.8212167763031968e-17
3510.2475967919027 8.848727964545699e-18
3514.327450031941 4.72755450555658e-17
3518.4073032719793 2.2793042336528802e-17
3522.487156512018 -8.474633589639045e-18
3526.5670097420743 1.6148980118009465e-17
3530.6468629821125 5.726964787946774e-17
3534.726716222151 -1.5357360298022032e-17
3538.806569462189 5.315950600953481e-17
3542.8864227022277 -9.161144812631356e-18
3546.966275932284 -1.2860612204580806e-17
3551.0461291723227 3.420640486551042e-17
3555.125982412361 1.36808408497899e-17
3559.2058356523994 2.884484096173577e-17
3563.2856888924375 -6.621957826047918e-18
3567.365542132476 3.010084428379261e-17
3571.445395362533 1.6947540022986534e-17
3575.525248602571 8.119472290457333e-18
3579.6051018426097 1.8572952361856956e-18
3583.684955082648 2.6308550667242877e-17
3587.7648083226863 1.6675455936006255e-18
3591.8446615527423 3.195764140655864e-17
3595.924514792781 6.139474994529897e-18
3600.004368032819 3.016564536992495e-17
3604.0842212728576 1.2961981090943576e-17
3608.1640745128957 3.195885210175623e-17
3612.2439277529343 9.031811626024144e-18
3616.323780982991 7.968880093562286e-19
3620.4036342230293 4.151111098975527e-17
3624.483487463068 1.3794036272338195e-17
3628.563340703106 -4.509340516666027e-18
3632.6431939431445 9.685248134260872e-18
3636.7230471831826 1.467186789577104e-18
3640.8029004132395 -3.524119435944539e-18
3644.882753653278 3.3307446903582275e-18
3648.962606893316 1.2466427305041597e-17
3653.042460133355 1.5674661780283652e-17
3657.122313373393 1.904109113512163e-17
3661.2021666034493 -1.8524114853273144e-19
3665.2820198434874 1.857997272064215e-17
3669.361873083526 1.0448142736194245e-17
3673.441726323564 1.6703786475572136e-17
3677.5215795636027 1.624819920267422e-17
3681.601432803641 2.0901877402812302e-17
3685.6812860336977 5.303976105293959e-18
3689.7611392737363 -5.6866088617615516e-18
3693.8409925137744 2.4785680475158422e-17
3697.920845753813 1.0750016352212905e-17
3702.000698993851 4.556146187759498e-18
3706.080552223908 5.113541380997064e-18
3710.1604054639465 1.6123055487411286e-17
3714.2402587039846 1.4805807462394335e-17
3718.3201119440228 4.089418553097243e-18
3722.399965184061 1.69273288662272e-18
3726.479818424099 1.2205888698267597e-17
3730.559671654156 3.703669779843723e-18
3734.6395248941944 9.859774934512224e-18
3738.7193781342326 7.705808052477847e-18
3742.799231374271 9.2810928013998e-19
3746.8790846143092 2.749839136584072e-17
3750.958937854348 5.620101770333958e-18
3755.0387910844047 7.619007092870412e-18
3759.118644324443 2.099543454336532e-17
3763.1984975644814 4.208335694123486e-18
3767.2783508045195 1.9819445963230796e-17
3771.358204044558 1.2866359951408112e-17
3775.438057274614 1.0949878590382368e-17
3779.5179105146526 1.9532648515304347e-17
3783.5977637546907 1.4549423564876584e-17
3787.6776169947293 1.4507842167642384e-17
3791.7574702347674 5.655880920492268e-18
3795.837323474806 1.3079927078344451e-17
3799.917176704863 1.0362136737246082e-17
3803.997029944901 -2.928503696376196e-18
3808.0768831849396 1.9849198071319234e-17
3812.1567364249777 1.1250136091938328e-17
3816.2365896650163 1.4004042559754662e-17
3820.3164429050544 1.3857807063482816e-17
3824.3962961351112 1.3809710754828524e-17
3828.47614937515 3.212237208410072e-18
3832.556002615188 2.4994597383950904e-18
3836.6358558552265 6.6373612643785714e-18
3840.7157090952646 7.513815741055741e-18
3844.795562325321 1.531765087224347e-17
3848.875415565359 2.310228623504342e-18
3852.9552688053977 1.7878905666158476e-17
3857.035122045436 1.9814142337363267e-17
3861.1149752854744 -7.586505185511806e-19
3865.1948285255125 1.235891349956862e-17
3869.2746817555694 1.300908964898116e-17
3873.354534995608 9.406089470234954e-18
3877.434388235646 1.1446173566900632e-17
3881.5142414756847 8.833981163720683e-18
3885.594094715723 3.2250519112454358e-18
3889.6739479457797 7.557631031318719e-19
3893.753801185818 -5.117694383694732e-19
3897.8336544258564 6.6809341671696776e-18
3901.9135076658945 1.1524597702822525e-17
3905.993360905933 8.169455956813131e-18
3910.073214145971 5.727949094676637e-18
3914.1530673760276 1.4161814395268182e-18
3918.232920616066 2.6061667890622586e-18
3922.3127738561043 5.102666907413323e-18
3926.392627096143 8.626827470646013e-18
3930.472480336181 6.136428126673905e-18
3934.5523335762196 7.819589530591541e-18
3938.6321868062764 1.4644509150572799e-18
3942.7120400463145 1.0605443953829593e-17
3946.791893286353 6.670085460473892e-18
3950.8717465263912 1.6093859105873938e-17
3954.95159976643 2.583332660903488e-18
3959.031452996486 5.412011299212242e-19
3963.111306236525 7.313208111011688e-18
3967.191159476563 4.291399765636429e-18
3971.271012716601 1.1408116307658456e-18
3975.350865956639 1.3563281254942173e-18
3979.4307191966777 1.2329457126125285e-17
3983.5105724267346 1.727312763843911e-17
3987.5904256667727 1.3166819520340062e-17
3991.6702789068113 9.06009403471466e-18
3995.7501321468494 1.2614781345814052e-17
3999.829985386888 6.1879062330812374e-18
4003.909838616945 1.476819781806181e-17
4007.989691856983 1.422450636620099e-17
4012.0695450970215 1.2970232260688317e-17
4016.1493983370597 5.6491940327725536e-18
4020.229251577098 1.0431821200472996e-17
4024.3091048171364 8.071564428389548e-18
4028.388958047193 9.986490794877987e-18
4032.468811287231 1.5681162555301082e-17
4036.5486645272695 1.483787384578336e-17
4040.6285177673076 2.074930562541079e-17
4044.708371007346 1.2952888825957412e-17
4048.7882242473843 8.299694150060561e-18
4052.868077477441 1.084210014276594e-17
4056.9479307174797 9.661045657273516e-18
4061.027783957518 8.981653932720261e-18
4065.1076371975564 5.8127314733864784e-18
4069.1874904375945 1.406493037736446e-17
4073.2673436676514 9.319994103681957e-18
4077.3471969076895 2.9658923519688093e-18
4081.427050147728 1.3544200386044606e-17
4085.506903387766 1.1217306126951279e-17
4089.5867566278043 1.3735783675835057e-17
4093.666609867843 9.90050288363801e-18
4097.746463097899 6.5249268899096294e-18
4101.826316337938 1.0959585504320929e-17
4105.9061695779765 -5.023297869885332e-19
4109.986022818015 9.766020306415713e-18
4114.065876058053 1.4528685885391967e-17
4118.14572928811 1.5359799620360564e-17
4122.225582528148 1.2147253021770493e-17
4126.305435768186 5.686166929660996e-18
4130.385289008224 1.0506159562208006e-17
4134.465142248263 8.859583144678898e-18
4138.5449954883015 1.3288763131194586e-17
4142.6248487183575 9.13691276042131e-18
4146.704701958396 5.051683665868962e-18
4150.784555198435 1.0064990170723957e-17
4154.864408438473 1.3940254967565548e-17
4158.944261678511 6.4528133224764695e-18
4163.0241149185495 1.5099040567988682e-17
4167.103968148606 5.099135597075591e-18
4171.183821388645 3.9432082222491315e-18
4175.263674628683 1.8406882533552917e-17
4179.343527868722 1.3039885322626186e-17
4183.42338110876 1.2212975668682368e-17
4187.503234338816 1.9550307344192802e-17
4191.583087578854 2.0659667901382287e-17
4195.662940818893 2.5260061851549628e-17
4199.742794058931 2.1922026103246738e-17
4203.822647298969 2.119798998596275e-17
4207.902500539008 1.6949971938632518e-17
4211.9823537690645 8.646979980974113e-18
4216.062207009103 1.092623492609007e-17
4220.142060249141 1.0508817352518059e-17
4224.22191348918 7.36103657338383e-18
4228.301766729218 9.511438421344669e-18
4232.3816199692565 6.284650520631355e-18
4236.461473199313 7.576012527618348e-18
4240.541326439352 1.3088422228607278e-17
4244.62117967939 1.745863956223765e-17
4248.701032919428 2.547433885987621e-17
4252.780886159467 1.798668355770529e-17
4256.860739389523 1.8114886947359294e-17
4260.940592629561 3.063262979184004e-17
4265.020445869599 1.8404527215821042e-17
4269.100299109638 2.1412071442708864e-17
4273.180152349676 1.1630875240573818e-17
4277.260005589715 5.572675964825496e-18
4281.3398588197715 6.019329577216754e-18
4285.41971205981 1.1938748617100123e-17
4289.499565299848 1.0483701594365417e-17
4293.579418539886 1.4915264755954656e-17
4297.659271779925 1.5661120150470306e-17
4301.739125009982 2.4126295836405054e-17
4305.818978250019 1.5801514235961125e-17
4309.898831490059 1.3746437626813015e-17
4313.978684730097 1.9824376637538556e-17
4318.058537970134 1.996929331778639e-17
4322.138391210173 2.791441703874025e-17
4326.21824444023 1.9750865087098855e-17
4330.298097680268 2.0828127709383054e-17
4334.377950920306 1.9061019466056048e-17
4338.4578041603445 1.306995260711612e-17
4342.537657400383 1.3810699783448009e-17
4346.617510640422 1.8857905493701727e-17
4350.697363870478 2.498659392591931e-17
4354.777217110517 2.1469131799793246e-17
4358.857070350555 2.256694752679684e-17
4362.936923590593 3.7055092044161176e-17
4367.016776830631 4.682448862571406e-17
4371.096630060688 4.40126109262522e-17
4375.176483300726 3.1517004688006574e-17
4379.256336540764 2.5523333577350014e-17
4383.336189780803 1.8933234798294738e-17
4387.416043020841 1.5092810615408507e-17
4391.49589626088 1.0531307135203462e-17
4395.575749490936 9.579835572761348e-18
4399.655602730975 1.2381211773103781e-17
4403.735455971013 1.2679476143622758e-17
4407.8153092110515 1.745365976854245e-17
4411.895162451089 2.0488618085983482e-17
4415.975015681147 1.8497528022829725e-17
4420.054868921185 1.905562141682165e-17
4424.134722161223 1.813752056355849e-17
4428.214575401262 2.662396909488487e-17
4432.2944286413 2.7021565694741154e-17
4436.374281881338 1.9988133651210606e-17
4440.454135111394 1.7222766057884116e-17
4444.533988351433 1.6208369118215218e-17
4448.613841591471 1.3206532256251853e-17
4452.69369483151 1.0438572765554544e-17
4456.773548071547 2.2299086879450338e-17
4460.853401311587 8.735860914298216e-18
4464.933254541643 1.440583183109768e-17
4469.013107781681 2.225243073845649e-17
4473.09296102172 2.0230078516245337e-17
4477.1728142617585 9.062690039196119e-18
4481.252667501796 1.7541115572475506e-17
4485.332520731854 2.337759395122791e-17
4489.412373971892 1.6583525277255858e-17
4493.49222721193 1.9352401451596903e-17
4497.572080451968 1.876180290106506e-17
4501.651933692006 2.3580114853879856e-17
4505.731786932045 1.6066209715174248e-17
4509.811640162101 1.3373526214724373e-17
4513.8914934021395 1.3238555674015e-17
4517.971346642178 1.238306826967572e-17
4522.051199882217 1.689653149745852e-17
4526.131053122254 1.5355338627649285e-17
4530.210906352312 1.773422542937721e-17
4534.29075959235 1.854315764874049e-17
4538.370612832388 1.238672899085045e-17
4542.450466072426 1.3819079115971992e-17
4546.5303193124655 1.455241390390365e-17
4550.610172552503 1.8939185206220315e-17
4554.69002578256 2.0619251410102694e-17
4558.769879022598 2.0942535531536485e-17
4562.849732262636 2.2561655423927944e-17
4566.929585502675 2.1326074178905327e-17
4571.0094387427125 2.4127822809231195e-17
4575.089291982751 2.1581493125176745e-17
4579.169145212808 1.3968811703428925e-17
4583.2489984528465 2.0609648832494358e-17
4587.328851692884 2.3841686536657512e-17
4591.408704932924 2.1208105017007696e-17
4595.488558172961 3.468727742449606e-17
4599.568411403018 2.790785750301827e-17
4603.648264643057 2.833615722052408e-17
4607.728117883095 2.677694577334809e-17
4611.807971123133 2.2838572199865333e-17
4615.887824363172 1.9121331627242798e-17
4619.967677603209 1.0777382937632036e-17
4624.047530833266 1.4999111492511207e-17
4628.127384073305 6.4187125073367905e-18
4632.207237313342 1.1862174268988966e-17
4636.287090553382 1.2989973549636825e-17
4640.3669437934195 1.943468207250557e-17
4644.446797033458 2.1273237804354e-17
4648.526650263515 1.808859390645986e-17
4652.6065035035535 1.4535959271411887e-17
4656.686356743591 1.2731915709835158e-17
4660.76620998363 9.967469149874788e-18
4664.846063223668 1.2699923581903967e-17
4668.925916453725 4.266539512715883e-18
4673.005769693763 1.3507037332732673e-17
4677.0856229338015 1.073125736673339e-17
4681.16547617384 8.891707406658143e-18
4685.245329413879 7.269799829366449e-18
4689.325182653916 1.0027052336652137e-17
4693.405035883973 1.1275090105081902e-17
4697.484889124012 1.4720899494520427e-17
4701.564742364049 8.847868350669487e-18
4705.644595604088 6.390654829756602e-18
4709.7244488441265 8.539261760923619e-18
4713.804302074183 3.3062589226648727e-18
4717.884155314221 5.750401102953101e-18
4721.9640085542605 6.730339551122536e-18
4726.043861794298 5.810289230887065e-18
4730.123715034337 6.7303908589693546e-18
4734.203568274374 5.76710695893804e-18
4738.283421504432 4.7569433066338664e-18
4742.36327474447 8.319763932074406e-18
4746.4431279845085 7.519570446960517e-18
4750.522981224546 1.1392000586873649e-17
4754.602834464585 7.511722498758454e-18
4758.682687704623 1.0880994535626155e-17
4762.762540934679 8.813718505503568e-19
4766.842394174719 2.3603057786212514e-18
4770.922247414756 8.812607706913514e-18
4775.002100654795 5.6716356115657924e-18
4779.081953894833 1.1250057658207027e-17
4783.16180712489 1.0542651622873209e-17
4787.241660364928 1.5007622327560666e-17
4791.321513604967 1.3735128750592955e-17
4795.401366845004 9.87110986874318e-18
4799.481220085044 8.248015956425502e-18
4803.561073325081 1.1120168777409325e-17
4807.640926555137 5.555490715475064e-18
4811.720779795177 6.592808555777356e-18
4815.800633035215 1.5868040360198214e-17
4819.880486275253 9.921275201036482e-18
4823.960339515291 1.7378239979531442e-17
4828.040192745349 1.7518588751756473e-17
4832.120045985386 7.757214808213321e-18
4836.199899225425 1.5859344267877402e-17
4840.279752465463 1.3638593338424224e-17
4844.359605705502 1.0482547809461132e-17
4848.43945894554 2.780132509484315e-18
4852.5193121755965 1.0739646241656806e-17
4856.599165415635 1.8686739284088933e-18
4860.679018655674 3.8097034504912795e-18
4864.758871895711 9.193433847696612e-18
4868.83872513575 3.248294805212262e-17
4872.9185783757885 4.738442977171109e-17
4876.998431605844 6.21875556025008e-17
4881.078284845883 7.846004180847091e-17
4885.158138085922 7.882256221041998e-17
4889.23799132596 6.433344267045111e-17
4893.317844565998 4.107982427930909e-17
4897.397697796056 3.136209128807728e-17
4901.477551036093 1.679432270509065e-17
4905.557404276132 9.932235242686445e-18
4909.6372575161695 1.1041351944792264e-17
4913.717110756209 1.1871899619558962e-17
4917.796963996247 1.382513917017451e-17
4921.8768172263035 1.53875457508493e-17
4925.956670466341 9.11302011576476e-18
4930.036523706381 1.9711536430088654e-17
4934.116376946418 1.9808679840172185e-17
4938.196230186457 2.4305861729406895e-17
4942.276083416514 2.7247909912805025e-17
4946.355936656551 3.128464862985428e-17
4950.43578989659 2.0022859481587662e-17
4954.515643136628 1.2811339498245683e-17
4958.595496376667 8.26297375540081e-18
4962.675349616705 1.2259517073864878e-17
4966.755202846762 8.602883485655307e-18
4970.835056086799 1.1393815574968816e-17
4974.914909326839 9.965853704035749e-18
4978.9947625668765 5.6815291753589935e-18
4983.074615806915 3.992958485302734e-18
4987.154469046953 1.0752266051254959e-17
4991.2343222770105 7.278139184222539e-18
4995.314175517048 4.018021531036449e-18
4999.394028757087 5.6175383238776756e-18
5003.473881997125 1.0123695453128458e-18
5007.553735237163 7.24729147255426e-18
5011.63358846722 5.188125716566023e-18
5015.713441707258 9.887890946971224e-18
5019.793294947297 1.4943106563934202e-17
5023.873148187335 2.260479528627086e-17
5027.953001427373 2.2312687127988656e-17
5032.032854667412 3.1839908326530346e-17
5036.112707897469 3.678928656806558e-17
5040.192561137506 3.173900410584963e-17
5044.272414377545 2.5896874590980857e-17
5048.3522676175835 2.1902753905376428e-17
5052.432120857622 1.3120985725492005e-17
5056.51197409766 1.145346109219033e-17
5060.591827327717 1.3916026714415672e-17
5064.671680567755 1.0821149768535509e-17
5068.751533807793 1.2106898552721911e-17
5072.831387047831 1.1186879802997702e-17
5076.91124028787 8.77516630155945e-18
5080.991093517927 8.449150718771242e-18
5085.0709467579645 8.603685058136569e-18
5089.150799998004 8.078646666146005e-18
5093.230653238042 7.015964627163532e-18
5097.31050647808 3.0757489329109947e-18
5101.390359718118 2.0019491204888602e-18
5105.470212948176 2.6414839511992173e-18
5109.550066188213 3.702023716882405e-18
5113.629919428252 7.699626191499012e-18
5117.70977266829 6.3873561709870644e-18
5121.789625908329 6.177180183000923e-18
5125.869479138385 1.2630114325371553e-17
5129.949332378423 9.418855049745561e-18
5134.029185618462 1.0315769355765337e-17
5138.1090388585 1.1854257373553658e-17
5142.188892098538 6.131306875606963e-18
5146.268745338576 1.0885569628354968e-17
5150.348598568634 1.160598706184343e-17
5154.4284518086715 1.3384089670595345e-17
5158.50830504871 9.973577441674093e-18
5162.588158288748 1.9477733047127845e-17
5166.668011528787 1.3322611654902693e-17
5170.747864768825 2.0113409341468584e-17
5174.827717998882 2.4006686194838605e-17
5178.90757123892 2.815247370706183e-17
5182.987424478959 3.351683213849117e-17
5187.067277718997 3.893024989757678e-17
5191.147130959035 3.150409091682145e-17
5195.226984189092 2.4328300775554332e-17
5199.30683742913 2.4479642348465116e-17
5203.386690669168 2.5352969114151672e-17
5207.466543909207 2.1034046918171998e-17
5211.546397149245 2.0386561152332385e-17
5215.626250389283 1.867063256227258e-17
5219.70610361934 1.9996282583677307e-17
5223.7859568593785 1.2051362872874316e-17
5227.865810099417 1.3180173156855942e-17
5231.945663339455 1.7503697860967784e-17
5236.025516579493 1.7575260594567136e-17
5240.10536980955 1.846557059766546e-17
5244.185223049589 1.617334596351402e-17
5248.265076289626 1.8015052159879873e-17
5252.344929529665 1.9834130230469136e-17
5256.424782769704 1.6957260834447263e-17
5260.504636009741 1.578158501445864e-17
5264.584489239798 1.555840068162512e-17
5268.664342479837 1.3915050764328752e-17
5272.744195719875 1.8666406318064897e-17
5276.824048959913 1.782363096679465e-17
5280.9039021999515 1.3844624135321728e-17
5284.98375543999 2.4158035323060928e-17
5289.063608670047 2.598814832894805e-17
5293.143461910085 1.9366473663090086e-17
5297.223315150124 1.6399161510192906e-17
5301.303168390162 1.941974277194698e-17
5305.3830216302 1.874162217539393e-17
5309.462874860257 1.1739016596256274e-17
5313.542728100295 6.8349540193371574e-18
5317.622581340333 1.425500917718948e-17
5321.702434580371 1.389697344641113e-17
5325.782287820411 1.485104777772772e-17
5329.862141060448 1.8294912666127676e-17
5333.941994290505 1.9017955482310193e-17
5338.021847530543 2.292809269988378e-17
5342.101700770582 2.2056660454432158e-17
5346.18155401062 1.8135212018402716e-17
5350.2614072506585 1.751736427570926e-17
5354.341260480715 1.181322752497371e-17
5358.421113720754 1.0027372741268701e-17
5362.500966960792 1.1561252558716126e-17
5366.58082020083 7.322712901536098e-18
5370.660673440869 3.1756940484589533e-18
5374.740526680907 7.689087665971048e-18
5378.820379910963 1.00707829883862e-17
5382.900233151002 5.3846210952463435e-18
5386.9800863910405 9.737616163714678e-18
5391.059939631078 1.4183700638802763e-17
5395.139792871117 8.804972104525298e-18
5399.219646111154 2.694086616192827e-18
5403.299499341212 2.8117762238552726e-18
5407.37935258125 2.9565885562062304e-18
5411.459205821288 7.227953338342903e-18
5415.539059061327 2.7107415966078345e-18
5419.6189123013655 7.077256764016723e-18
5423.6987655314215 2.1397556986319944e-18
5427.778618771461 9.135431572231296e-18
5431.858472011499 1.4157523852127336e-17
5435.938325251537 1.0765550290488185e-17
5440.018178491575 5.324019151479615e-18
5444.098031731613 4.289941477530382e-18
5448.17788496167 8.001476097258017e-18
5452.257738201708 1.0031426587937612e-17
5456.337591441747 1.6256471267258803e-18
5460.417444681785 7.187606564590796e-18
5464.497297921824 1.0238491146971774e-17
5468.577151161861 1.6013396391070688e-18
5472.657004391919 8.357841753174571e-19
5476.736857631957 2.2710596165262858e-18
5480.816710871995 3.2989531566230705e-18
5484.896564112033 3.805847669379283e-18
5488.9764173520725 4.4418780385352376e-18
5493.0562705821285 5.227724013053037e-18
5497.136123822166 4.575928397824801e-18
5501.215977062206 2.867996850866726e-18
5505.295830302243 7.589133810100162e-18
5509.375683542282 1.2142552303097817e-18
5513.4555367823195 4.802795180263325e-18
5517.535390012377 9.600660525087703e-18
5521.615243252415 1.5885406470836414e-17
5525.695096492454 3.4195798880883036e-18
5529.774949732491 1.6211028201238461e-18
5533.854802972531 1.2444349407350908e-17
5537.934656202587 8.801869859320776e-18
5542.014509442625 9.453290398398419e-18
5546.094362682664 2.0822123795248268e-17
5550.174215922702 1.9543759416467022e-17
5554.25406916274 9.46288492623827e-19
5558.333922402779 5.1965158006935265e-18
5562.4137756328355 8.268016468684747e-18
5566.493628872873 -2.1884592112433333e-18
5570.573482112912 -2.18811808401446e-18
5574.653335352949 1.2960560134151327e-18
5578.733188592989 1.1966016853125914e-17
5582.813041833027 5.137566711582053e-18
5586.892895063083 1.6224640325992345e-17
5590.972748303122 3.7064477989669144e-18
5595.052601543161 8.13584201958549e-18
5599.132454783198 8.760867771585066e-18
5603.212308023237 8.385413770459286e-19
5607.292161253294 -2.7648136701216947e-19
5611.372014493332 -4.162601044361617e-20
5615.45186773337 1.4085936846371827e-17
5619.531720973409 3.80029755548562e-19
5623.611574213447 -1.657758631077683e-18
5627.691427453486 3.4532524441294634e-18
5631.771280683542 7.184220721657977e-18
5635.85113392358 1.0160784219174692e-19
5639.930987163619 -1.2837354901456e-18
5644.010840403656 6.729868090924046e-18
5648.090693643695 7.128182092237424e-18
5652.170546873752 5.815818514013327e-18
5656.25040011379 2.5816017521303587e-18
5660.330253353828 -5.064368250272996e-18
5664.410106593868 5.383015670214634e-19
5668.489959833905 8.446491438901453e-18
5672.569813073944 9.605469991029326e-18
5676.649666304001 2.7608472997971386e-18
5680.729519544039 5.686107871026576e-18
5684.809372784077 -1.820730582504662e-18
5688.8892260241155 4.352640084936775e-18
5692.969079264153 7.830636031431468e-18
5697.048932504192 8.274000885902949e-18
5701.128785734249 1.1273793255050384e-17
5705.208638974286 3.0285776793334282e-18
5709.288492214326 4.317073430533444e-18
5713.368345454363 1.0503120345771286e-17
5717.448198694402 1.0451699233659408e-17
5721.528051924459 9.65313441305272e-18
5725.607905164497 8.544583671267243e-18
5729.687758404535 3.125643689644133e-18
5733.767611644574 9.738271794783579e-18
5737.847464884612 7.21997256356187e-18
5741.927318124651 -6.061926439681515e-19
5746.007171354707 5.421325866229391e-18
5750.087024594744 1.1659561353218319e-18
5754.166877834784 4.896532952267841e-18
5758.246731074822 6.072953189989318e-18
5762.32658431486 6.4507984085763455e-18
5766.406437544917 3.3609699813175386e-18
5770.486290784956 1.0223322975060187e-17
5774.566144024993 1.1754638985810383e-17
5778.645997265032 1.4592711408817624e-17
5782.72585050507 1.0557733450222202e-17
5786.805703745109 2.818518927542175e-18
5790.885556975165 2.6102854650232006e-18
5794.965410215204 4.958800062168756e-18
5799.045263455242 4.087223435185807e-18
5803.125116695281 3.0723957812067143e-18
5807.204969935318 7.702138720424102e-18
5811.284823175358 6.3726696038513575e-18
5815.364676405414 2.5607723772815268e-18
5819.444529645451 5.90358005904079e-18
5823.52438288549 7.09136702129589e-18
5827.604236125529 -1.9693527479278077e-19
5831.684089365567 -2.413935085513638e-18
5835.763942595623 -3.077865375041396e-18
5839.843795835663 1.240653441097446e-17
5843.9236490757 4.980784478317456e-18
5848.003502315739 3.8301870039401384e-18
5852.0833555557765 5.4502801275397085e-18
5856.163208795816 -8.117444592323021e-19
5860.243062025872 -1.4772880905286854e-18
5864.3229152659105 5.496978398351057e-18
5868.402768505948 3.5454770755997505e-18
5872.482621745988 -3.632202311107391e-18
5876.562474986025 -3.327091654455923e-18
5880.642328226064 1.0091526592518799e-17
5884.722181456121 1.0227534259911925e-18
5888.802034696158 1.0870286284790756e-17
5892.881887936197 1.3859651957585142e-17
5896.961741176235 1.5723081350364458e-17
5901.041594416274 1.6156249197801485e-17
5905.12144764633 1.9158625158159892e-17
5909.201300886369 2.1131242435231517e-17
5913.281154126407 1.8268611241401508e-17
5917.361007366446 2.855394342927236e-17
5921.4408606064835 2.550371202151703e-17
5925.520713846522 1.8963806031787176e-17
5929.600567076579 1.9476995294245962e-17
5933.6804203166175 1.3642971553893912e-17
5937.760273556655 9.781717349815991e-18
5941.840126796693 9.967641998810874e-18
5945.919980036732 9.830223553832828e-18
5949.999833266788 1.6889162686430714e-17
5954.079686506827 6.750146093325127e-18
5958.159539746865 6.3530341991497856e-18
5962.239392986904 1.0194704190328715e-17
5966.319246226942 -1.4078122619858216e-18
5970.39909946698 3.5658609798271875e-18
5974.478952697037 7.25475674107183e-18
5978.558805937076 2.2253901990534448e-18
5982.638659177113 1.9795382773495452e-18
5986.718512417153 1.0405858258405714e-17
5990.7983656571905 8.606252147950099e-18
5994.878218897229 -6.533505631695134e-19
5998.958072127285 -3.6782393878841747e-19
6003.037925367324 6.962724712131813e-18
6007.117778607362 7.797696071935242e-18
6011.1976318474 6.189759080061115e-18
6015.277485087438 1.048091992758302e-17
6019.357338317495 9.661023624492164e-18
6023.437191557534 1.0453960994254133e-17
6027.5170447975715 1.3114122635393759e-17
6031.596898037611 5.677838777283936e-18
6035.676751277649 -2.926908500947368e-18
6039.756604517687 4.129066724051699e-18
6043.836457747743 6.826872185813361e-18
6047.916310987783 8.709343247618714e-18
6051.99616422782 4.4653246340014886e-18
6056.076017467859 4.185882541645585e-18
6060.155870707897 1.2448817947943823e-18
6064.2357239379535 2.2829414197081637e-18
6068.315577177992 1.3773856815247662e-17
6072.39543041803 1.2591267445819627e-18
6076.475283658069 -2.2106533633419485e-19
6080.555136898107 1.1450057162377896e-18
6084.634990138145 2.3027665705468304e-18
6088.714843368202 5.926446838185015e-18
6092.794696608241 3.8850710411573214e-18
6096.874549848279 5.026167624666942e-18
6100.954403088317 6.260874689955082e-18
6105.034256328356 4.335715157679497e-18
6109.114109568394 3.109876712731492e-18
6113.19396279845 4.770074284266514e-18
6117.273816038489 4.29136641011674e-18
6121.353669278527 6.998583761548426e-18
6125.433522518566 5.570799486789574e-18
6129.513375758604 -3.7945082927721734e-18
6133.5932289886605 -1.5259786695669376e-18
6137.673082228699 9.991844028855845e-19
6141.752935468737 7.122771856078844e-18
6145.832788708775 4.0117264985444786e-18
6149.912641948814 -3.2574301513861302e-18
6153.992495188852 3.916843792275131e-18
6158.072348418908 8.526537204618477e-18
6162.152201658948 3.6837127871937704e-18
6166.232054898986 3.4447489519761855e-18
6170.311908139024 8.927894479671676e-18
6174.391761379062 5.3640733730891635e-18
6178.47161460912 5.043775404217979e-18
6182.551467849157 3.66890180161543e-18
6186.631321089195 1.2078014089170615e-18
6190.7111743292335 3.258287873912397e-18
6194.791027569272 3.1387412518353e-18
6198.870880809311 7.646123817552326e-18
6202.950734039367 2.4226847911535383e-18
6207.030587279406 1.6957972617864169e-18
6211.110440519444 1.1329175488784135e-17
6215.190293759482 8.833401259988887e-18
6219.27014699952 3.401603448949596e-18
6223.350000239559 -4.253277969648169e-18
6227.429853469615 6.6996268936206325e-18
6231.509706709654 1.0305292259362441e-17
6235.589559949692 8.186458047572697e-18
6239.669413189731 3.2841919602933064e-18
6243.749266429769 5.0405528694198896e-18
6247.829119659825 5.631334698019463e-18
6251.908972899864 6.122331302286582e-18
6255.988826139902 1.2203578354343e-17
6260.0686793799405 7.78254493606678e-18
6264.148532619978 1.2763860386890044e-17
6268.228385860018 1.7914716302601007e-17
6272.308239090074 6.727016407562977e-18
6276.388092330112 2.033424314989744e-18
6280.467945570151 -9.748763756488438e-19
6284.547798810189 9.230022788146972e-18
6288.627652050227 8.525034942774317e-18
6292.7075052902655 7.009669312908727e-19
6296.787358520322 3.2273117287219275e-18
6300.867211760361 5.832531147301442e-18
6304.947065000399 5.9598779479326335e-18
6309.026918240437 7.332212491047867e-18
6313.106771480476 3.762514062352411e-18
6317.186624710532 1.5397383081601724e-17
6321.26647795057 8.464908507772124e-18
6325.346331190609 1.2211249510085297e-17
6329.4261844306475 5.505505603050582e-18
6333.506037670685 5.9033853282740566e-18
6337.585890910724 8.304408242777242e-18
6341.665744140781 4.926156217838219e-18
6345.745597380819 8.124421529715094e-18
6349.825450620857 7.823096389786066e-18
6353.905303860895 3.64360885604286e-18
6357.985157100934 5.497585001886125e-18
6362.065010330991 6.82417077779749e-18
6366.1448635710285 6.810809511001214e-18
6370.224716811068 7.507583812534791e-18
6374.304570051106 6.8728594647820525e-18
6378.384423291143 8.276099237777939e-18
6382.464276531182 8.268924577505275e-18
6386.544129761239 4.157825282713809e-18
6390.623983001277 4.601804568531165e-18
6394.703836241315 5.501755139267062e-18
6398.7836894813545 6.048605836389203e-18
6402.863542721392 3.3666521555301058e-18
6406.943395961431 4.148513956594264e-18
6411.023249191487 3.448946143753297e-18
6415.103102431526 5.136082480179663e-18
6419.182955671564 9.092620507388657e-18
6423.262808911602 4.978719062273504e-18
6427.34266215164 2.8785686955057853e-18
6431.422515381697 2.7270067000877486e-18
6435.5023686217355 7.261924059946767e-18
6439.582221861773 3.1849382209688387e-18
6443.662075101813 6.304511769623032e-18
6447.74192834185 6.7751818489082824e-18
6451.821781581889 7.297837700123189e-18
6455.901634811946 5.451446813532737e-18
6459.981488051984 7.57206245372173e-18
6464.061341292022 1.0089446211576703e-17
6468.141194532061 1.1934188797541134e-17
6472.221047772098 1.2873571630866195e-17
6476.300901002156 7.111602516556788e-18
6480.380754242194 5.2396397113432985e-18
6484.460607482232 8.625096219287463e-18
6488.540460722271 9.200605787011432e-18
6492.620313962309 6.5386520776402974e-18
6496.700167202347 9.876641390540795e-18
6500.780020432404 7.732661234395781e-18
6504.8598736724425 1.0622603320087797e-17
6508.93972691248 7.91889246520084e-18
6513.019580152519 6.2829212876485715e-18
6517.099433392557 6.537176469712248e-18
6521.179286632596 5.931292105666227e-18
6525.259139862652 1.0715135826712238e-17
6529.33899310269 1.3252052522191737e-17
6533.418846342729 1.1643435778796671e-17
6537.498699582768 1.3862456118246239e-17
6541.578552822805 1.5044558128456778e-17
6545.658406052863 1.520360908644119e-17
6549.738259292901 1.496614639295352e-17
6553.818112532939 2.1005211236591442e-17
6557.897965772977 3.183099133846857e-17
6561.977819013016 5.883369835199018e-17
6566.057672253054 1.1222826672333172e-16
6570.13752548311 2.1635096371812482e-16
6574.2173787231495 3.7599225303514155e-16
6578.297231963187 5.978638155530085e-16
6582.377085203226 8.752267340899387e-16
6586.456938443263 1.1203587480347301e-15
6590.536791673321 1.24903494701379e-15
6594.616644913359 1.2113233127436057e-15
6598.696498153397 1.0849769254896593e-15
6602.776351393435 8.870242463725818e-16
6606.856204633475 6.396152254554998e-16
6610.936057873512 3.8784487080845145e-16
6615.015911103569 2.107282690527158e-16
6619.095764343608 1.1372844492752065e-16
6623.175617583646 6.433579029777497e-17
6627.255470823684 4.575418273724307e-17
6631.335324063722 3.356652745165569e-17
6635.415177303761 2.1315003721504172e-17
6639.495030533817 2.5264319965796145e-17
6643.574883773856 2.0050740839520008e-17
6647.654737013893 1.1912268589846915e-17
6651.734590253933 1.5910522442069942e-17
6655.81444349397 1.382450475333615e-17
6659.894296724027 1.3407809318739422e-17
6663.974149964066 6.584064847224318e-18
6668.054003204104 1.193198970278453e-17
6672.133856444142 1.2523693164548625e-17
6676.213709684181 6.155616141465529e-18
6680.293562924219 4.864136897156322e-18
6684.373416154275 6.446892741441574e-18
6688.453269394314 1.0427797583827199e-17
6692.533122634352 1.3896542924024802e-17
6696.612975874391 8.230840670454056e-18
6700.692829114429 8.455491971618113e-18
6704.772682354467 1.375825999417238e-17
6708.852535584524 1.8165596207477543e-17
6712.932388824563 1.501665133861319e-17
6717.0122420646 5.6827770252756e-18
6721.092095304639 6.854421868356671e-18
6725.171948544677 7.554568967562019e-18
6729.251801774734 1.2735084471203916e-17
6733.331655014772 1.0647994618770945e-17
6737.411508254811 1.64884981994867e-19
6741.491361494849 2.903747777295026e-19
6745.571214734888 2.1216065162802185e-18
6749.651067974925 5.1581493771723726e-18
6753.730921204982 4.338692927094351e-18
6757.810774445021 8.169705621040562e-18
6761.8906276850585 1.6923857946094024e-18
6765.970480925097 1.1237606555211927e-17
6770.050334165136 -2.1227539566546926e-18
6774.1301873951925 -1.90946195677407e-18
6778.21004063523 1.0116016256085158e-17
6782.28989387527 5.149811971153556e-18
6786.369747115307 2.5503597387354356e-18
6790.449600355346 7.599407210560922e-18
6794.5294535953835 2.5592693837979955e-18
6798.609306825441 2.246660231772536e-18
6802.689160065479 4.655959260323356e-18
6806.769013305518 1.6530851538742345e-18
6810.848866545556 5.8126604381539775e-18
6814.928719785595 5.159701726042552e-18
6819.008573025632 1.0984165414726506e-18
6823.088426255688 1.4841793103112362e-18
6827.168279495728 3.1770151875443495e-18
6831.2481327357655 1.0924634122243138e-17
6835.327985975804 8.783377728223572e-18
6839.407839215842 3.4394009581263296e-19
6843.4876924458995 9.438968018546119e-19
6847.567545685937 7.198883689262732e-18
6851.647398925976 8.744538026539507e-18
6855.727252166014 3.781655042839122e-18
6859.807105406053 3.799491044536951e-18
6863.8869586460905 5.856663099339029e-18
6867.966811876148 -2.9714151615979056e-20
6872.046665116186 9.236319886771821e-18
6876.126518356224 5.325624806343241e-18
6880.206371596262 1.0296832892248483e-17
6884.286224836301 1.1988933772122736e-17
6888.366078066358 6.974151898054476e-18
6892.445931306395 1.6241009153370616e-18
6896.525784546434 4.697590642052091e-18
6900.6056377864725 5.957227405908073e-18
6904.685491026511 1.498526575693117e-18
6908.765344266549 1.252481396811483e-18
6912.8451974966065 1.11412779019892e-17
6916.925050736644 7.135740370269503e-18
6921.004903976683 2.4567145859598067e-18
6925.08475721672 9.642532359516402e-18
6929.16461045676 2.9042656328894384e-18
6933.2444636967975 1.019137187373065e-18
6937.3243169268535 1.1780742416964513e-17
6941.404170166892 5.657661269110078e-18
6945.484023406931 9.01671414651933e-20
6949.563876646969 9.495701729704295e-19
6953.643729887007 5.5332553983580756e-18
6957.723583117065 8.181249718347687e-18
6961.803436357102 1.964892025576776e-19
6965.883289597141 4.006639395266983e-18
6969.963142837179 -1.1306983854857746e-18
6974.042996077218 2.1158651436315718e-17
6978.122849317256 1.1231715653947484e-17
6982.202702547313 1.7113100982817586e-17
6986.282555787351 8.088160303500344e-18
6990.36240902739 7.771933814360685e-18
6994.442262267427 8.679559361986024e-18
6998.522115507466 1.0146248856722654e-17
7002.601968737523 8.667091223466649e-18
7006.6818219775605 1.0077793362148772e-17
7010.761675217599 1.0571812499114593e-17
7014.841528457637 1.772575549192364e-18
7018.921381697676 9.643461416890492e-18
7023.001234937714 5.268811972021845e-18
7027.081088167771 3.687349962824535e-18
7031.160941407809 2.2067151243903416e-18
7035.240794647848 -2.7388879987298883e-19
7039.320647887886 1.2195360638333754e-17
7043.400501127924 4.818707822628059e-18
7047.480354367963 2.343193388863972e-18
7051.56020759802 6.112352967608951e-18
7055.640060838057 4.76233137588446e-18
7059.719914078097 9.266751792886122e-18
7063.799767318134 3.3132271323809226e-18
7067.879620558172 1.56343150821683e-18
7071.959473788229 1.0223938830403208e-17
7076.0393270282675 3.1799437628716683e-18
7080.119180268306 2.016194162861078e-18
7084.199033508344 3.893629130317358e-18
7088.278886748382 1.0450465267681063e-17
7092.358739988421 1.850790016622207e-17
7096.438593218478 1.3356040834177716e-17
7100.518446458515 1.513746694547983e-17
7104.598299698555 1.1159557832685502e-17
7108.678152938593 9.262714283407123e-19
7112.758006178631 7.463291950566366e-18
7116.837859418669 1.0491910715927821e-17
7120.917712648726 1.922015332014962e-18
7124.997565888764 2.1787776026215548e-18
7129.077419128802 2.1260214053615948e-18
7133.1572723688405 3.0081537646702033e-18
7137.237125608879 6.0565398794633046e-18
7141.316978838936 8.061329378826366e-18
7145.396832078974 5.6719261392274365e-18
7149.476685319013 3.2211503524959778e-18
7153.556538559051 6.488237451527912e-18
7157.636391799089 1.8738153656829665e-18
7161.716245039127 3.7931823555492646e-18
7165.796098269185 1.5149788178162894e-17
7169.875951509222 8.959239197082487e-18
7173.955804749261 5.9017169751978635e-18
7178.0356579893 1.1466684792698722e-17
7182.115511229338 1.2514480818552369e-17
7186.195364459394 1.2677416363346438e-17
7190.275217699432 5.573754577406181e-18
7194.355070939471 1.4135040109130315e-17
7198.434924179509 1.3051768117392838e-17
7202.5147774195475 1.0477505239727306e-17
7206.594630659585 1.1746150390715937e-17
7210.674483889643 9.141489750106523e-18
7214.754337129681 2.8809275153374315e-18
7218.834190369719 3.8239036486074115e-18
7222.914043609758 1.0974331279240428e-18
7226.993896849796 -1.8652106470027288e-18
7231.073750089834 9.934641455584683e-18
7235.153603319892 4.187067600841354e-19
7239.233456559929 7.002359995715257e-18
7243.313309799968 1.1424091007304735e-17
7247.393163040006 1.4024193864568575e-17
7251.473016280044 1.2196311485455346e-17
7255.552869510101 1.0343267391605983e-17
7259.632722750139 2.1385963680627677e-17
7263.712575990177 1.9725292518849846e-17
7267.792429230216 1.8254664518618928e-17
7271.8722824702545 3.089526038444362e-19
7275.952135710292 5.961491776992576e-18
7280.03198894035 5.473844928692221e-18
7284.111842180388 7.327146739361457e-18
7288.191695420426 4.1802904000876025e-18
7292.271548660464 3.281477103201029e-18
7296.351401900503 8.03508266680958e-18
7300.431255130559 2.195514275736488e-19
7304.511108370598 1.7863544399951093e-17
7308.5909616106355 1.0926806002075373e-17
7312.670814850675 1.147427541369119e-17
7316.750668090713 1.9385293834356643e-17
7320.83052133075 1.806112536580368e-17
7324.910374560808 1.4566344731443272e-17
7328.990227800846 1.6158997511588298e-17
7333.070081040884 1.866737935070596e-17
7337.149934280922 1.504598331492045e-17
7341.2297875209615 1.6671295665477494e-17
7345.309640760999 9.744839296885518e-18
7349.389493991056 -1.3306483352744212e-18
7353.469347231095 1.6657611477586215e-17
7357.549200471133 1.183818118512943e-17
7361.629053711171 1.0656731398034664e-17
7365.708906951209 1.5883567762769346e-17
7369.788760181266 5.427404856805191e-18
7373.868613421304 1.1489181542803372e-17
7377.9484666613425 1.2751460532119449e-17
7382.02831990138 1.3592393340651012e-19
7386.10817314142 5.376357376739977e-18
7390.188026381457 1.139202535837259e-17
7394.267879611514 1.3723135669484225e-18
7398.347732851553 8.673284324521038e-18
7402.427586091591 1.2953170878096683e-17
7406.507439331629 8.481085225538482e-18
7410.587292571668 1.0696363216591922e-17
7414.6671458017245 1.201017143067267e-17
7418.746999041763 2.9572156729915675e-18
7422.826852281801 2.6486691615187574e-18
7426.906705521839 7.289335958332732e-18
7430.986558761878 5.841395520646231e-18
7435.066412001916 4.6619305688852166e-18
7439.146265231972 5.5906746329293564e-18
7443.226118472011 8.649095913744282e-18
7447.3059717120495 8.74464903180042e-18
7451.385824952087 3.2337940897176526e-18
7455.465678192126 -7.571950855494471e-19
7459.545531432164 6.348560229350971e-18
7463.625384662221 -1.7499611892202933e-18
7467.705237902259 9.353586350020209e-18
7471.785091142298 2.0012455782122434e-18
