3915.621176	7.23849E-15
3917.829889	8.38902E-15
3920.058501	8.72583E-15
3922.277164	9.54213E-15
3924.505775	9.968e-15
3926.734387	1.05638E-14
3928.972948	1.15517E-14
3931.20156	1.19318E-14
3933.440121	1.30157E-14
3935.688631	1.30941E-14
3937.927192	1.26138E-14
3940.175702	1.19326E-14
3942.434161	1.25828E-14
3944.682672	1.28776E-14
3946.941131	1.47691E-14
3949.19959	1.54397E-14
3951.467999	1.40421E-14
3953.736407	1.47532E-14
3956.004815	1.48558E-14
3958.273224	1.497e-14
3960.551581	1.42619E-14
3962.829939	1.49021E-14
3965.118246	1.4059e-14
3967.406553	1.42396E-14
3969.694859	1.41394E-14
3971.983166	1.5785e-14
3974.281422	1.67407E-14
3976.579678	1.60792E-14
3978.877934	1.53732E-14
3981.186139	1.51312E-14
3983.494344	1.57158E-14
3985.802549	1.57518E-14
3988.120703	1.56277E-14
3990.438857	1.44392E-14
3992.757012	1.44399E-14
3995.075166	1.50209E-14
3997.403269	1.45903E-14
3999.741322	1.42733E-14
4002.069425	1.51655E-14
4004.407478	1.45854E-14
4006.74553	1.42049E-14
4009.093532	1.43132E-14
4011.431585	1.36609E-14
4013.789535	1.40259E-14
4016.137537	1.33097E-14
4018.495488	1.35965E-14
4020.853439	1.3394e-14
4023.21139	1.34617E-14
4025.57929	1.42481E-14
4027.94719	1.41259E-14
4030.325039	1.33934E-14
4032.692939	1.35119E-14
4035.070788	1.30971E-14
4037.458587	1.39837E-14
4039.846385	1.34753E-14
4042.234183	1.29621E-14
4044.621982	1.28792E-14
4047.019729	1.26496E-14
4049.417477	1.27524E-14
4051.815224	1.24538E-14
4054.222921	1.23052E-14
4056.630618	1.17818E-14
4059.038314	1.16073E-14
4061.446011	1.10253E-14
4063.863657	1.07127E-14
4066.291252	1.11054E-14
4068.708898	1.11966E-14
4071.136493	1.14679E-14
4073.574037	1.13358E-14
4076.001632	1.11924E-14
4078.439176	1.10844E-14
4080.87672	1.11363E-14
4083.324213	1.10259E-14
4085.771707	1.12825E-14
4088.2192	1.12927E-14
4090.666693	1.13255E-14
4093.124136	1.08099E-14
4095.591527	1.04546E-14
4098.04897	1.03755E-14
4100.516361	1.02501E-14
4102.983753	9.89664E-15
4105.461094	9.30602E-15
4107.928485	9.18655E-15
4110.415775	9.03042E-15
4112.893116	8.87085E-15
4115.380406	8.95789E-15
4117.867696	9.34997E-15
4120.364935	9.26897E-15
4122.852225	9.31314E-15
4125.349464	9.01094E-15
4127.856653	9.01684E-15
4130.363841	8.78393E-15
4132.871029	9.0144e-15
4135.378217	8.86099E-15
4137.895355	8.84461E-15
4140.412492	9.21869E-15
4142.92963	9.2751e-15
4145.456716	9.14597E-15
4147.983803	9.24427E-15
4150.520839	9.72189E-15
4153.047925	9.69772E-15
4155.584961	9.70156E-15
4158.131946	9.64327E-15
4160.668982	9.58651E-15
4163.215966	9.84844E-15
4165.7729	1.00746E-14
4168.319885	1.03864E-14
4170.876819	1.00198E-14
4173.443703	9.72007E-15
4176.000637	9.83423E-15
4178.56752	9.3986e-15
4181.144352	9.52526E-15
4183.711236	9.3784e-15
4186.288068	9.72524E-15
4188.8649	1.00303E-14
4191.451682	9.82004E-15
4194.038463	9.72947E-15
4196.625245	9.85974E-15
4199.221976	1.01666E-14
4201.818706	1.03002E-14
4204.415437	1.0154e-14
4207.012168	1.03708E-14
4209.618848	1.02061E-14
4212.225528	1.0225e-14
4214.842157	9.96998E-15
4217.458786	9.49144E-15
4220.075415	9.24956E-15
4222.692044	9.43066E-15
4225.318622	9.76669E-15
4227.9452	9.51916E-15
4230.581727	9.58618E-15
4233.208306	9.57494E-15
4235.844833	9.55923E-15
4238.491309	9.69162E-15
4241.127837	9.50588E-15
4243.774313	9.06985E-15
4246.430739	9.14674E-15
4249.077215	8.93985E-15
4251.733641	9.17796E-15
4254.400016	9.53898E-15
4257.056442	9.19734E-15
4259.722816	8.71235E-15
4262.39914	8.78433E-15
4265.065515	8.70708E-15
4267.741839	8.73043E-15
4270.418163	8.80724E-15
4273.104436	8.84281E-15
4275.790709	9.03689E-15
4278.476983	8.96046E-15
4281.163256	8.99198E-15
4283.859478	9.09983E-15
4286.5557	9.14469E-15
4289.261872	9.25472E-15
4291.958094	8.89575E-15
4294.664266	8.6594e-15
4297.380386	8.58032E-15
4300.086558	8.8327e-15
4302.802678	9.01684E-15
4305.528748	9.06739E-15
4308.244869	9.11925E-15
4310.970939	9.18239E-15
4313.697008	9.15004E-15
4316.433027	9.06206E-15
4319.169046	8.90994E-15
4321.905065	8.88282E-15
4324.641084	8.64584E-15
4327.387052	8.60073E-15
4330.13302	8.6178e-15
4332.888938	8.75622E-15
4335.634906	8.67595E-15
4338.390823	8.50023E-15
4341.156689	8.4896e-15
4343.912607	8.38324E-15
4346.678473	8.36728E-15
4349.454289	8.24146E-15
4352.220155	8.14446E-15
4354.995971	8.00143E-15
4357.771786	8.02475E-15
4360.557551	8.00551E-15
4363.333366	7.78193E-15
4366.119131	7.39052E-15
4368.914845	7.54789E-15
4371.70061	7.64487E-15
4374.496324	7.49274E-15
4377.301987	7.26236E-15
4380.097701	7.25913E-15
4382.903364	7.12839E-15
4385.709027	6.95e-15
4388.524639	6.77801E-15
4391.330302	6.7719e-15
4394.155864	6.73269E-15
4396.971476	6.75393E-15
4399.797037	6.73692E-15
4402.622599	6.41383E-15
4405.44816	6.40716E-15
4408.273721	6.37811E-15
4411.109232	6.56353E-15
4413.944742	6.49282E-15
4416.790202	6.672e-15
4419.625713	6.72357E-15
4422.481121	6.5621e-15
4425.326581	6.45235E-15
4428.172041	6.52299E-15
4431.02745	6.83295E-15
4433.892808	6.93133E-15
4436.748217	6.81267E-15
4439.613575	6.83788E-15
4442.478933	6.86658E-15
4445.344291	7.1623e-15
4448.219598	7.18563E-15
4451.094905	6.98813E-15
4453.970212	6.87722E-15
4456.845519	7.01764E-15
4459.730776	7.23322E-15
4462.616032	7.34595E-15
4465.511238	7.54515E-15
4468.396494	7.62001E-15
4471.291699	7.85827E-15
4474.186905	7.85788E-15
4477.09206	8.18161E-15
4479.987265	8.3244e-15
4482.902369	8.77349E-15
4485.807524	8.85838E-15
4488.712678	9.15352E-15
4491.627782	9.05524E-15
4494.542886	9.4497e-15
4497.467939	9.61255E-15
4500.392992	9.69481E-15
4503.318045	9.55874E-15
4506.243098	9.70244E-15
4509.168151	9.83692E-15
4512.103153	9.89935E-15
4515.038155	1.00993E-14
4517.983106	1.03867E-14
4520.918108	1.0756e-14
4523.86306	1.07112E-14
4526.808011	1.08087E-14
4529.762912	1.10433E-14
4532.707863	1.11768E-14
4535.662763	1.12159E-14
4538.627613	1.14435E-14
4541.582513	1.17499E-14
4544.547363	1.18411E-14
4547.512213	1.20204E-14
4550.477062	1.22727E-14
4553.451861	1.2717e-14
4556.42666	1.27197E-14
4559.401459	1.24794E-14
4562.376257	1.25165E-14
4565.361005	1.25688E-14
4568.335804	1.28639E-14
4571.330501	1.30959E-14
4574.315249	1.29964E-14
4577.309946	1.3083e-14
4580.304643	1.3153e-14
4583.29934	1.32086E-14
4586.294037	1.30905E-14
4589.298684	1.27584E-14
4592.30333	1.27729E-14
4595.307976	1.26866E-14
4598.312622	1.27842E-14
4601.327218	1.25794E-14
4604.341813	1.24496E-14
4607.356409	1.2301e-14
4610.380953	1.23959E-14
4613.395549	1.27145E-14
4616.420093	1.29859E-14
4619.444638	1.28301E-14
4622.479132	1.26055E-14
4625.503676	1.26008E-14
4628.53817	1.24519E-14
4631.582613	1.27348E-14
4634.617107	1.28027E-14
4637.661549	1.28064E-14
4640.696043	1.25945E-14
4643.750435	1.25451E-14
4646.794878	1.23034E-14
4649.84927	1.21127E-14
4652.893713	1.24475E-14
4655.958054	1.2516e-14
4659.012446	1.24213E-14
4662.066838	1.23913E-14
4665.13118	1.19749E-14
4668.195521	1.17039E-14
4671.269811	1.16709E-14
4674.334152	1.17491E-14
4677.408443	1.1751e-14
4680.482733	1.17797E-14
4683.557024	1.16181E-14
4686.631314	1.15179E-14
4689.715554	1.15102E-14
4692.799793	1.1316e-14
4695.884033	1.10083E-14
4698.968272	1.09226E-14
4702.062461	1.09714E-14
4705.15665	1.1009e-14
4708.250838	1.05816E-14
4711.345027	1.04141E-14
4714.439216	1.06245E-14
4717.543353	1.05484E-14
4720.647491	1.04227E-14
4723.751629	1.03624E-14
4726.855767	1.01288E-14
4729.969854	9.98556E-15
4733.083941	9.87536E-15
4736.198028	9.68916E-15
4739.312115	9.31724E-15
4742.426202	9.34471E-15
4745.550238	9.12142E-15
4748.674274	8.95679E-15
4751.798311	8.83171E-15
4754.922347	8.60897E-15
4758.046383	8.39931E-15
4761.180368	8.23795E-15
4764.314354	7.95806E-15
4767.448339	7.50381E-15
4770.582324	6.98409E-15
4773.726259	6.7392e-15
4776.860244	6.43399E-15
4780.004179	6.26575E-15
4783.148113	5.94167E-15
4786.301997	5.74825E-15
4789.445931	5.74761E-15
4792.599815	5.79917E-15
4795.753699	5.73779E-15
4798.907582	5.72321E-15
4802.061466	5.74672E-15
4805.225299	5.73996E-15
4808.379182	5.87719E-15
4811.543015	5.92209E-15
4814.706848	5.99514E-15
4817.870681	6.16553E-15
4821.044463	6.11396E-15
4824.208296	6.09497E-15
4827.382078	6.1857e-15
4830.55586	6.34388E-15
4833.729642	6.44091E-15
4836.913373	6.4054e-15
4840.087155	6.25238E-15
4843.270886	6.21991E-15
4846.454617	6.13041E-15
4849.638348	6.09551E-15
4852.822079	5.92571E-15
4856.015759	5.8874e-15
4859.20944	5.77867E-15
4862.393171	5.80456E-15
4865.586851	5.75624E-15
4868.790481	5.67591E-15
4871.984161	5.60369E-15
4875.177841	5.59338E-15
4878.381471	5.73067E-15
4881.5851	5.79478E-15
4884.78873	5.85526E-15
4887.992359	6.02034E-15
4891.205938	6.23654E-15
4894.409567	6.37439E-15
4897.623146	6.47105E-15
4900.836724	6.76011E-15
4904.050303	7.13454E-15
4907.263882	7.34134E-15
4910.47746	7.33643E-15
4913.700988	7.56159E-15
4916.924516	7.75231E-15
4920.138094	7.90902E-15
4923.361622	8.06275E-15
4926.595099	8.06849E-15
4929.818627	8.20369E-15
4933.042155	8.37529E-15
4936.275632	8.50701E-15
4939.509108	8.7688e-15
4942.742585	8.90175E-15
4945.976062	9.21885E-15
4949.209539	9.58754E-15
4952.443016	9.57597E-15
4955.686442	9.68172E-15
4958.929868	9.68038E-15
4962.163345	9.62585E-15
4965.406771	9.65951E-15
4968.660147	9.68518E-15
4971.903573	9.72411E-15
4975.146999	9.61008E-15
4978.400374	9.34834E-15
4981.6438	9.07435E-15
4984.897175	8.9632e-15
4988.150551	8.76207E-15
4991.403926	8.53868E-15
4994.657301	8.39607E-15
4997.920626	8.03113E-15
5001.174001	7.60851E-15
5004.437325	7.38208E-15
5007.70065	7.17274E-15
5010.963974	6.86855E-15
5014.227299	6.70418E-15
5017.490623	6.57875E-15
5020.753947	6.51333E-15
5024.017272	6.34934E-15
5027.290545	6.22798E-15
5030.563819	6.20981E-15
5033.827143	6.2356e-15
5037.100417	6.12828E-15
5040.37369	6.23863E-15
5043.646964	6.29589E-15
5046.930187	6.30144E-15
5050.20346	6.38483E-15
5053.476734	6.53208E-15
5056.759957	6.54186E-15
5060.043179	6.69912E-15
5063.326402	6.95661E-15
5066.599676	7.11171E-15
5069.892848	7.01556E-15
5073.17607	7.00119E-15
5076.459293	6.98991E-15
5079.742516	7.09345E-15
5083.035688	7.2194e-15
5086.31891	7.28833E-15
5089.612082	7.39295E-15
5092.905254	7.51894E-15
5096.198426	7.47037E-15
5099.491598	7.41713E-15
5102.78477	7.4497e-15
5106.077942	7.77496E-15
5109.371114	7.74062E-15
5112.674235	7.7585e-15
5115.967407	7.85134E-15
5119.270528	7.87481E-15
5122.563699	7.81543E-15
5125.866821	7.79768E-15
5129.169942	7.7947e-15
5132.473063	7.85692E-15
5135.776184	7.86206E-15
5139.079305	7.75236E-15
5142.382426	7.89188E-15
5145.685547	7.96085E-15
5148.998617	7.94936E-15
5152.301738	7.97021E-15
5155.614808	7.93118E-15
5158.917929	7.8502e-15
5162.231	7.934e-15
5165.54407	8.03208E-15
5168.85714	7.95457E-15
5172.17021	7.86667E-15
5175.48328	7.94088E-15
5178.796351	8.05196E-15
5182.109421	8.22779E-15
5185.422491	8.4457e-15
5188.735561	8.61586E-15
5192.058581	8.53864E-15
5195.371651	8.60313E-15
5198.69467	8.8367e-15
5202.00774	8.88932E-15
5205.33076	8.99487E-15
5208.64383	8.99984E-15
5211.966849	9.0758e-15
5215.289869	9.30106E-15
5218.612888	9.42558E-15
5221.935908	9.50959E-15
5225.258927	9.51243E-15
5228.581946	9.68267E-15
5231.904966	9.83257E-15
5235.227985	9.76772E-15
5238.551004	1.00128E-14
5241.874024	1.01283E-14
5245.206992	1.00141E-14
5248.530012	9.65876E-15
5251.86298	9.54483E-15
5255.186	9.86132E-15
5258.509019	1.03464E-14
5261.841987	1.0354e-14
5265.174956	1.03861E-14
5268.497975	1.05026E-14
5271.830944	1.06243E-14
5275.163912	1.07339E-14
5278.486932	1.08119E-14
5281.8199	1.074e-14
5285.152869	1.04749E-14
5288.485837	1.05384E-14
5291.818806	1.07e-14
5295.151774	1.08384E-14
5298.484743	1.09014E-14
5301.817711	1.11709E-14
5305.15068	1.09909E-14
5308.483649	1.08348E-14
5311.816617	1.09046E-14
5315.149586	1.09775E-14
5318.482554	1.08785E-14
5321.815523	1.07209E-14
5325.148491	1.0632e-14
5328.491409	1.05722E-14
5331.824377	1.05579E-14
5335.157346	1.05511E-14
5338.490314	1.04197E-14
5341.833232	1.0253e-14
5345.166201	1.02686E-14
5348.499169	1.01955E-14
5351.842087	1.01263E-14
5355.175055	1.02748E-14
5358.508024	1.02519E-14
5361.850942	1.03242E-14
5365.18391	1.03751E-14
5368.526828	1.02761E-14
5371.859796	1.0388e-14
5375.192765	1.02253E-14
5378.535683	1.02764E-14
5381.868651	1.02222E-14
5385.211569	1.0241e-14
5388.544537	1.02555E-14
5391.877506	1.01406E-14
5395.220424	1.00956E-14
5398.553392	1.00459E-14
5401.89631	9.97407E-15
5405.229278	1.00003E-14
5408.562247	1.00106E-14
5411.905165	9.97259E-15
5415.238133	1.00569E-14
5418.581051	1.0093e-14
5421.914019	1.00874E-14
5425.246988	1.00636E-14
5428.589906	1.0101e-14
5431.922874	1.00622E-14
5435.255843	9.84188E-15
5438.59876	9.8915e-15
5441.931729	9.88818E-15
5445.264697	9.89335E-15
5448.607615	9.80346E-15
5451.940584	9.79347E-15
5455.273552	9.81996E-15
5458.606521	9.86177E-15
5461.939489	9.85201E-15
5465.272458	9.86577E-15
5468.615375	9.91168E-15
5471.948344	9.80157E-15
5475.281312	9.58428E-15
5478.614281	9.61323E-15
5481.94725	9.51569E-15
5485.280218	9.48585E-15
5488.613187	9.52543E-15
5491.946155	9.42621E-15
5495.269175	9.39902E-15
5498.602143	9.53233E-15
5501.935112	9.57265E-15
5505.26808	9.45986E-15
5508.601049	9.39382E-15
5511.924068	9.39866E-15
5515.257037	9.36818E-15
5518.580056	9.28114E-15
5521.913024	9.12756E-15
5525.245993	9.08596E-15
5528.569012	8.89513E-15
5531.892032	8.9662e-15
5535.225	9.08952E-15
5538.54802	9.22012E-15
5541.871039	9.29639E-15
5545.204008	9.3866e-15
5548.527027	9.25809E-15
5551.850046	9.20622E-15
5555.173066	9.07715E-15
5558.496085	9.02633E-15
5561.819104	9.04001E-15
5565.142124	9.00264E-15
5568.455194	8.88369E-15
5571.778213	8.87035E-15
5575.101233	8.76681E-15
5578.424252	8.69491E-15
5581.737322	8.42531E-15
5585.060342	8.23019E-15
5588.373412	7.98386E-15
5591.686482	7.87169E-15
5595.009501	7.62444E-15
5598.322572	7.59328E-15
5601.635642	7.51493E-15
5604.948712	7.34669E-15
5608.261782	7.28534E-15
5611.574853	7.1951e-15
5614.887923	7.00979E-15
5618.200993	6.75038E-15
5621.504114	6.60225E-15
5624.817184	6.40013E-15
5628.130254	6.30038E-15
5631.433375	5.90116E-15
5634.736497	5.71861E-15
5638.049567	5.49577E-15
5641.352688	5.28947E-15
5644.655809	5.15507E-15
5647.95893	5.09764E-15
5651.262051	5.17963E-15
5654.565172	5.06313E-15
5657.868293	4.95947E-15
5661.161465	4.89014E-15
5664.464586	4.95787E-15
5667.757758	4.85935E-15
5671.060879	4.86381E-15
5674.354051	4.79158E-15
5677.647223	4.82557E-15
5680.950344	4.87311E-15
5684.243516	4.89538E-15
5687.526738	4.83708E-15
5690.81991	4.82095E-15
5694.113082	4.84655E-15
5697.406254	4.95211E-15
5700.689477	5.10063E-15
5703.9727	5.19236E-15
5707.265871	5.1342e-15
5710.549094	5.13407E-15
5713.832317	5.20499E-15
5717.11554	5.39459E-15
5720.398762	5.59154E-15
5723.681985	5.77889E-15
5726.955259	5.82173E-15
5730.238481	5.80193E-15
5733.511755	5.98738E-15
5736.785029	6.19425E-15
5740.068251	6.35976E-15
5743.341525	6.50087E-15
5746.614798	6.74228E-15
5749.878123	6.77664E-15
5753.151396	6.76916E-15
5756.42467	7.0492e-15
5759.687994	7.2573e-15
5762.951319	7.59141E-15
5766.224592	7.73035E-15
5769.487917	7.82821E-15
5772.751241	8.10579E-15
5776.004616	8.27674E-15
5779.267941	8.29792E-15
5782.531265	8.60115E-15
5785.78464	8.69674E-15
5789.038016	8.77941E-15
5792.291391	8.90602E-15
5795.544766	9.06751E-15
5798.798141	9.18751E-15
5802.051517	9.48162E-15
5805.304892	9.62369E-15
5808.548318	9.43234E-15
5811.791744	9.26438E-15
5815.045119	9.08163E-15
5818.288546	8.98191E-15
5821.531972	9.15687E-15
5824.765449	9.20088E-15
5828.008875	9.46875E-15
5831.242352	9.45576E-15
5834.485778	9.54706E-15
5837.719255	9.8112e-15
5840.952732	9.66565E-15
5844.186208	9.79123E-15
5847.409736	9.73523E-15
5850.643213	9.43892E-15
5853.866741	9.18529E-15
5857.100218	9.01007E-15
5860.323746	8.97961E-15
5863.547273	9.11888E-15
5866.760852	9.26649E-15
5869.98438	9.36676E-15
5873.207908	9.61036E-15
5876.421486	9.67564E-15
5879.635065	9.75082E-15
5882.848643	9.88896E-15
5886.062222	9.90797E-15
5889.265851	9.67437E-15
5892.47943	9.64204E-15
5895.68306	9.51309E-15
5898.886689	9.71921E-15
5902.090318	9.6711e-15
5905.293948	9.53498E-15
5908.497577	9.48773E-15
5911.691258	9.28745E-15
5914.894887	9.1439e-15
5918.088567	9.20008E-15
5921.282248	9.16913E-15
5924.465979	9.21079E-15
5927.659659	9.05464E-15
5930.84339	9.03345E-15
5934.037071	8.93029E-15
5937.220802	8.76465E-15
5940.404533	8.61014E-15
5943.578315	8.56874E-15
5946.762046	8.55233E-15
5949.935828	8.55237E-15
5953.10961	8.64013E-15
5956.283392	8.56778E-15
5959.457174	8.35946E-15
5962.630956	8.1574e-15
5965.794789	8.22418E-15
5968.958621	8.28427E-15
5972.122454	8.29603E-15
5975.286287	8.44656E-15
5978.45012	8.20097E-15
5981.604004	8.00337E-15
5984.757887	7.83795E-15
5987.911771	7.87096E-15
5991.065655	7.83279E-15
5994.219538	7.846e-15
5997.363473	7.89382E-15
6000.517356	7.83061E-15
6003.661291	7.86932E-15
6006.805225	7.7619e-15
6009.939211	7.85419E-15
6013.083145	8.01419E-15
6016.21713	8.00443E-15
6019.351116	7.83221E-15
6022.485101	7.8835e-15
6025.619086	8.05738E-15
6028.743123	8.01418E-15
6031.867159	7.9526e-15
6034.991195	7.69127E-15
6038.115231	7.37807E-15
6041.239267	7.38703E-15
6044.353354	7.46267E-15
6047.467441	7.36971E-15
6050.581528	7.25849E-15
6053.695615	7.24523E-15
6056.809702	7.24189E-15
6059.91384	7.36403E-15
6063.017978	7.23666E-15
6066.122116	7.148e-15
6069.226254	7.01596E-15
6072.320443	7.0356e-15
6075.42458	7.2189e-15
6078.518769	7.28038E-15
6081.603009	7.28065E-15
6084.697197	7.35415E-15
6087.781437	7.25298E-15
6090.875626	7.21281E-15
6093.959865	7.20219E-15
6097.034155	7.29847E-15
6100.118395	7.38012E-15
6103.192685	7.19428E-15
6106.266976	7.20918E-15
6109.341266	7.20252E-15
6112.405607	7.04755E-15
6115.479898	6.79092E-15
6118.544239	7.05207E-15
6121.60858	7.37071E-15
6124.662972	7.30375E-15
6127.727313	7.41412E-15
6130.781705	7.34996E-15
6133.836098	7.10654E-15
6136.88054	6.96869E-15
6139.934932	7.13565E-15
6142.979375	7.07631E-15
6146.023818	7.12733E-15
6149.068261	6.91576E-15
6152.102755	6.81739E-15
6155.147198	6.66701E-15
6158.181692	6.50541E-15
6161.216185	6.36368E-15
6164.24073	6.31369E-15
6167.265274	6.05913E-15
6170.289819	6.12769E-15
6173.314364	6.05456E-15
6176.338908	6.06882E-15
6179.353504	5.91093E-15
6182.368099	5.90409E-15
6185.382694	5.86977E-15
6188.39729	5.78126E-15
6191.401936	5.60737E-15
6194.406582	5.62934E-15
6197.411229	5.73787E-15
6200.415875	5.67487E-15
6203.410572	5.56738E-15
6206.405269	5.24014E-15
6209.399966	5.34915E-15
6212.384714	5.35501E-15
6215.379411	5.2504e-15
6218.364159	5.20704E-15
6221.348907	5.18169E-15
6224.323706	5.13571E-15
6227.298505	5.11052E-15
6230.273303	5.05586E-15
6233.248102	5.23787E-15
6236.222901	5.12163E-15
6239.187751	5.17719E-15
6242.1526	5.24806E-15
6245.11745	4.98485E-15
6248.07235	5.11635E-15
6251.027251	5.27345E-15
6253.982151	5.4521e-15
6256.937052	5.269e-15
6259.882003	5.17234E-15
6262.836903	5.2466e-15
6265.781855	5.11148E-15
6268.716857	5.09904E-15
6271.661808	5.1253e-15
6274.59681	5.23148E-15
6277.521863	5.33498E-15
6280.456865	5.27853E-15
6283.381918	5.40503E-15
6286.306971	5.53196E-15
6289.232024	5.5122e-15
6292.147128	5.54086E-15
6295.072181	5.6744e-15
6297.987285	5.65692E-15
6300.89244	5.56315E-15
6303.807543	5.59061E-15
6306.712698	5.67577E-15
6309.607904	5.9108e-15
6312.513058	5.87196E-15
6315.408264	6.07606E-15
6318.303469	6.08652E-15
6321.198675	6.01118E-15
6324.083931	6.18129E-15
6326.979137	6.13026E-15
6329.854444	6.03582E-15
6332.7397	6.02769E-15
6335.615007	6.28878E-15
6338.490314	6.43861E-15
6341.365622	6.36599E-15
6344.240929	6.44835E-15
6347.106287	6.3607e-15
6349.971645	6.34475E-15
6352.827054	6.49366E-15
6355.692412	6.3335e-15
6358.547821	6.39525E-15
6361.403229	6.46622E-15
6364.248689	6.50806E-15
6367.094149	6.44287E-15
6369.939609	6.43231E-15
6372.785068	6.4748e-15
6375.620579	6.43808E-15
6378.456089	6.70191E-15
6381.2916	6.81192E-15
6384.117161	6.7613e-15
6386.952672	6.77637E-15
6389.778233	6.5918e-15
6392.593845	6.6134e-15
6395.409458	6.39519E-15
6398.22507	6.36458E-15
6401.040682	6.28817E-15
6403.856294	6.23165E-15
6406.661957	6.4117e-15
6409.46762	6.29806E-15
6412.263334	6.12246E-15
6415.059048	6.03649E-15
6417.854762	5.96356E-15
6420.650476	6.03962E-15
6423.436241	5.91486E-15
6426.231955	5.97598E-15
6429.00777	5.80948E-15
6431.793535	5.72233E-15
6434.569351	5.42217E-15
6437.345166	5.32392E-15
6440.120982	5.28694E-15
6442.886848	5.14396E-15
6445.652715	5.33633E-15
6448.418581	5.37755E-15
6451.174498	5.14406E-15
6453.930416	5.24287E-15
6456.686333	5.33385E-15
6459.432301	5.4992e-15
6462.188218	5.47206E-15
6464.924237	5.25791E-15
6467.670205	4.82673E-15
6470.406224	4.95897E-15
6473.142243	5.01469E-15
6475.878262	4.9109e-15
6478.604332	4.94201E-15
6481.340351	4.87453E-15
6484.056471	4.8261e-15
6486.782541	4.84008E-15
6489.498662	4.98324E-15
6492.214782	5.10657E-15
6494.920954	5.1517e-15
6497.637075	5.06742E-15
6500.343246	5.09968E-15
6503.039468	5.16731E-15
6505.74564	5.20308E-15
6508.441862	5.08926E-15
6511.128135	4.84485E-15
6513.824358	4.87451E-15
6516.510631	5.07276E-15
6519.196904	5.13366E-15
6521.873228	5.22993E-15
6524.559501	5.46072E-15
6527.225876	5.6406e-15
6529.9022	5.46821E-15
6532.568575	5.63783E-15
6535.234949	5.51633E-15
6537.901324	5.53574E-15
6540.55775	5.73789E-15
6543.214176	5.73545E-15
6545.870601	5.92872E-15
6548.517078	6.0005e-15
6551.173503	6.07652E-15
6553.810031	6.04819E-15
6556.456507	6.12887E-15
6559.093035	6.16513E-15
6561.729562	6.16156E-15
6564.35614	6.273e-15
6566.992667	6.22052E-15
6569.619246	5.99514E-15
6572.235875	6.14388E-15
6574.862453	6.35275E-15
6577.479082	6.46458E-15
6580.085762	6.56933E-15
6582.702391	6.8888e-15
6585.309071	7.00322E-15
6587.905801	6.90547E-15
6590.512481	6.84716E-15
6593.109212	6.75892E-15
6595.705943	6.8535e-15
6598.292724	6.94375E-15
6600.889455	6.99573E-15
6603.466287	6.86533E-15
6606.053069	6.73575E-15
6608.629901	6.97453E-15
6611.206734	7.00014E-15
6613.783566	6.83761E-15
6616.350449	6.58117E-15
6618.917332	6.58695E-15
6621.484216	6.49789E-15
6624.04115	6.80401E-15
6626.598084	6.99568E-15
6629.155018	7.12702E-15
6631.702003	6.89591E-15
6634.258937	6.88713E-15
6636.795973	6.79403E-15
6639.342957	6.75573E-15
6641.879993	6.53932E-15
6644.417029	6.5782e-15
6646.954065	6.55541E-15
6649.481151	6.73288E-15
6652.008238	6.72173E-15
6654.525375	6.91765E-15
6657.052462	6.74631E-15
6659.569599	6.6936e-15
6662.076788	6.62977E-15
6664.593925	6.5953e-15
6667.101113	6.76959E-15
6669.598352	6.96353E-15
6672.105541	6.74913E-15
6674.60278	6.87096E-15
6677.100019	6.78327E-15
6679.587309	6.81669E-15
6682.074599	6.81584E-15
6684.561889	6.6131e-15
6687.049179	6.56331E-15
6689.526519	6.63832E-15
6692.00386	6.74344E-15
6694.481201	6.87517E-15
6696.948593	6.8669e-15
6699.415984	6.88077E-15
6701.873427	6.72652E-15
6704.340818	6.71168E-15
6706.798261	6.92117E-15
6709.255703	6.69241E-15
6711.703197	6.6569e-15
6714.15069	6.63296E-15
6716.598183	6.58428E-15
6719.035727	6.69233E-15
6721.483221	6.59e-15
6723.910816	6.47202E-15
6726.34836	6.32295E-15
6728.775955	6.40533E-15
6731.20355	6.64572E-15
6733.631145	6.46838E-15
6736.048791	6.33223E-15
6738.466437	6.53375E-15
6740.884082	6.60614E-15
6743.291779	6.40738E-15
6745.699476	6.38167E-15
6748.107172	6.42199E-15
6750.50492	6.50769E-15
6752.912617	6.49718E-15
6755.300415	6.41735E-15
6757.698162	6.39224E-15
6760.085961	6.30176E-15
6762.473759	6.26133E-15
6764.861557	6.27977E-15
6767.239407	6.20845E-15
6769.617256	6.20903E-15
6771.995105	6.28157E-15
6774.363005	6.3216e-15
6776.730905	6.24803E-15
6779.098805	6.21516E-15
6781.456756	6.01857E-15
6783.824656	5.82775E-15
6786.172658	5.9008e-15
6788.530609	5.79861E-15
6790.87861	5.54187E-15
6793.226612	5.68522E-15
6795.574614	5.68232E-15
6797.912666	5.8444e-15
6800.250719	5.97603E-15
6802.588771	6.05479E-15
6804.916875	5.76464E-15
6807.254927	5.98742E-15
6809.573082	5.81826E-15
6811.901185	5.73384E-15
6814.219339	5.75089E-15
6816.537493	5.62355E-15
6818.855648	5.59602E-15
6821.163853	5.95761E-15
6823.472058	5.68869E-15
6825.780263	5.57756E-15
6828.078519	5.36104E-15
6830.376775	4.90833E-15
6832.675031	4.56915E-15
6834.973287	4.34813E-15
6837.261593	4.32928E-15
6839.5499	4.31116E-15
6841.838207	4.43407E-15
6844.116564	4.55391E-15
6846.394922	4.71333E-15
6848.67328	4.59405E-15
6850.941688	4.84759E-15
6853.220046	4.76075E-15
6855.488454	4.80457E-15
6857.746913	4.76321E-15
6860.015322	4.57299E-15
6862.273781	4.69335E-15
6864.522291	4.88662E-15
6866.78075	5.11021E-15
6869.02926	5.25148E-15
6871.277771	5.3406e-15
6873.516332	5.24016E-15
6875.764842	5.3498e-15
6878.003403	5.61329E-15
6880.241964	5.60402E-15
6882.470575	5.69422E-15
6884.699187	5.72903E-15
6886.927799	5.63169E-15
6889.156411	5.142e-15
6891.375073	5.15164E-15
6893.593736	5.17024E-15
6895.812399	5.20031E-15
