3600.  2.881071661508384E-15
3603.36343932152  2.758445542867707E-15
3606.72687864304  2.937805806762350E-15
3610.09031796456  2.980405875061396E-15
3613.45375728608  2.888115115285566E-15
3616.81719660759  2.842821190397714E-15
3620.18063592911  2.904348340648261E-15
3623.54407525063  3.008122394417487E-15
3626.90751457215  2.922140694403076E-15
3630.27095389367  2.926082143914117E-15
3633.63439321518  2.848571511345308E-15
3636.9978325367  2.850781262622674E-15
3640.36127185822  2.851580076778418E-15
3643.72471117974  2.836977106989247E-15
3647.08815050126  2.760503869217716E-15
3650.45158982277  2.723382115251453E-15
3653.81502914429  2.739642931551735E-15
3657.17846846581  2.840705532298020E-15
3660.54190778733  2.840421921186276E-15
3663.90534710885  2.808603075106650E-15
3667.26878643036  2.818396468115674E-15
3670.63222575188  2.903846092669489E-15
3673.9956650734  3.031713683244596E-15
3677.35910439492  2.938388868524284E-15
3680.72254371643  2.882974450433158E-15
3684.08598303795  2.888763876898596E-15
3687.44942235947  2.865172594864456E-15
3690.81286168099  2.891511158391251E-15
3694.17630100251  2.931089085708868E-15
3697.53974032402  3.044249745247608E-15
3700.90317964554  2.852828223813626E-15
3704.26661896706  2.816685359926888E-15
3707.63005828858  2.783234749717276E-15
3710.9934976101  2.850385198362384E-15
3714.35693693161  2.896400417971859E-15
3717.72037625313  2.916126984135938E-15
3721.08381557465  2.970109329854304E-15
3724.44725489617  2.939095566517015E-15
3727.81069421769  2.935465474289287E-15
3731.1741335392  2.980530325102403E-15
3734.53757286072  3.050321990888412E-15
3737.90101218224  3.093510741660290E-15
3741.26445150376  3.160222511310197E-15
3744.62789082528  3.198081279221546E-15
3747.99133014679  3.093569310335503E-15
3751.35476946831  2.979170486187805E-15
3754.71820878983  2.984537795179332E-15
3758.08164811135  3.077453382263203E-15
3761.44508743287  3.010216170847522E-15
3764.80852675438  2.944454905808870E-15
3768.1719660759  2.914428889144989E-15
3771.53540539742  3.114845243143903E-15
3774.89884471894  3.069950384316710E-15
3778.26228404046  3.056108417394487E-15
3781.62572336197  3.115088623341433E-15
3784.98916268349  3.177504058121510E-15
3788.35260200501  3.143621000816634E-15
3791.71604132653  3.206750371607411E-15
3795.07948064805  3.253316423834889E-15
3798.44291996956  3.179379519352320E-15
3801.80635929108  3.169790819686296E-15
3805.1697986126  3.192570640988506E-15
3808.53323793412  3.187699992270916E-15
3811.89667725563  3.202424058637213E-15
3815.26011657715  3.048162753967762E-15
3818.62355589867  2.976654246578639E-15
3821.98699522019  3.036610080210420E-15
3825.35043454171  3.064411006343249E-15
3828.71387386322  3.037176240653631E-15
3832.07731318474  3.136226064812281E-15
3835.44075250626  3.149339715616244E-15
3838.80419182778  3.216805824453899E-15
3842.1676311493  3.234928839111356E-15
3845.53107047081  3.220709509430832E-15
3848.89450979233  3.275670825086792E-15
3852.25794911385  3.295923313035527E-15
3855.62138843537  3.301442347858015E-15
3858.98482775689  3.280459710013318E-15
3862.3482670784  3.211625562052302E-15
3865.71170639992  3.170899104131754E-15
3869.07514572144  3.217429064829753E-15
3872.43858504296  3.173803079227952E-15
3875.80202436448  3.166985558983979E-15
3879.16546368599  3.206691997852235E-15
3882.52890300751  3.169711206772980E-15
3885.89234232903  3.138220902690905E-15
3889.25578165055  3.159641972122068E-15
3892.61922097207  3.131744097859480E-15
3895.98266029358  3.136350530683185E-15
3899.3460996151  3.165641400412749E-15
3902.70953893662  3.150315439358034E-15
3906.07297825814  3.192212627830271E-15
3909.43641757966  3.225425752682773E-15
3912.79985690117  3.180074753732768E-15
3916.16329622269  3.158653373827116E-15
3919.52673554421  3.196643681620273E-15
3922.89017486573  3.216951902229787E-15
3926.25361418724  3.233064841187839E-15
3929.61705350876  3.158786997924085E-15
3932.98049283028  3.140626015920274E-15
3936.3439321518  3.208266650950808E-15
3939.70737147332  3.235334908112044E-15
3943.07081079483  3.200118666365475E-15
3946.43425011635  3.143280749581245E-15
3949.79768943787  3.146887882273772E-15
3953.16112875939  3.165386274898321E-15
3956.52456808091  3.175925524464485E-15
3959.88800740243  3.142992607808549E-15
3963.25144672394  3.128928878735426E-15
3966.61488604546  3.096166251722425E-15
3969.97832536698  3.098415582025509E-15
3973.3417646885  3.130745586402248E-15
3976.70520401002  3.098254975596277E-15
3980.06864333153  3.053459696238340E-15
3983.43208265305  3.068352579119666E-15
3986.79552197457  3.082002723001887E-15
3990.15896129609  3.058228121775968E-15
3993.5224006176  3.023152542755200E-15
3996.88583993912  2.966346877378170E-15
4000.24927926064  2.936719362752774E-15
4003.61271858216  2.903449111156350E-15
4006.97615790368  2.951620628240415E-15
4010.33959722519  2.998547667498561E-15
4013.70303654671  2.955831996412379E-15
4017.06647586823  2.957611901072750E-15
4020.42991518975  2.928254719444788E-15
4023.79335451127  2.909818584851674E-15
4027.15679383278  2.918615832913494E-15
4030.5202331543  2.899660132495177E-15
4033.88367247582  2.897428204316014E-15
4037.24711179734  2.940023334401637E-15
4040.61055111886  2.899123919276704E-15
4043.97399044037  2.861108522516770E-15
4047.33742976189  2.903992795263360E-15
4050.70086908341  2.833189391415136E-15
4054.06430840493  2.887163549947305E-15
4057.42774772645  2.858152924311903E-15
4060.79118704796  2.854650529085001E-15
4064.15462636948  2.876981610371865E-15
4067.518065691  2.901303475636875E-15
4070.88150501252  2.834154657424790E-15
4074.24494433404  2.817261888666604E-15
4077.60838365555  2.853391168264141E-15
4080.97182297707  2.844388605981763E-15
4084.33526229859  2.868618027349356E-15
4087.69870162011  2.805206083462304E-15
4091.06214094162  2.812919378309743E-15
4094.42558026314  2.850668158890769E-15
4097.78901958466  2.851520604781058E-15
4101.15245890618  2.890762402396182E-15
4104.5158982277  2.851260385735907E-15
4107.87933754921  2.830112129294240E-15
4111.24277687073  2.882330485877260E-15
4114.60621619225  2.858739084373209E-15
4117.96965551377  2.826805627429480E-15
4121.33309483529  2.799273372075962E-15
4124.6965341568  2.829462186223566E-15
4128.05997347832  2.849679023172866E-15
4131.42341279984  2.839922664445122E-15
4134.78685212136  2.805441771347680E-15
4138.15029144288  2.812138650789042E-15
4141.51373076439  2.883906415002759E-15
4144.87717008591  2.877686947413258E-15
4148.24060940743  2.875066490277769E-15
4151.60404872895  2.848709571744046E-15
4154.96748805047  2.893821742539748E-15
4158.33092737198  2.881781381330723E-15
4161.6943666935  2.828981428663266E-15
4165.05780601502  2.824039156395305E-15
4168.42124533654  2.789252701773912E-15
4171.78468465806  2.821007975203108E-15
4175.14812397957  2.823385410234975E-15
4178.51156330109  2.800364487134956E-15
4181.87500262261  2.779096660611480E-15
4185.23844194413  2.751575636893877E-15
4188.60188126564  2.732039220493057E-15
4191.96532058716  2.769834669212986E-15
4195.32875990868  2.803310219465696E-15
4198.6921992302  2.794655471689361E-15
4202.05563855172  2.795892570340852E-15
4205.41907787323  2.769950977077008E-15
4208.78251719475  2.752478308111821E-15
4212.14595651627  2.707396753985506E-15
4215.50939583779  2.714701177327218E-15
4218.87283515931  2.741944548666037E-15
4222.23627448082  2.777926496877798E-15
4225.59971380234  2.785150296934320E-15
4228.96315312386  2.761510250486329E-15
4232.32659244538  2.744202846631840E-15
4235.6900317669  2.807893495713140E-15
4239.05347108841  2.817464770073268E-15
4242.41691040993  2.819918971967138E-15
4245.78034973145  2.812793943192223E-15
4249.14378905297  2.801541143634884E-15
4252.50722837449  2.878023666325937E-15
4255.870667696  2.876267679939176E-15
4259.23410701752  2.843679255894006E-15
4262.59754633904  2.859408842346784E-15
4265.96098566056  2.874092137472965E-15
4269.32442498208  2.831979157535227E-15
4272.68786430359  2.852601420751918E-15
4276.05130362511  2.855432810057301E-15
4279.41474294663  2.875284565907448E-15
4282.77818226815  2.950729134210375E-15
4286.14162158967  2.968334196254315E-15
4289.50506091118  2.982883167099988E-15
4292.8685002327  2.970075757856489E-15
4296.23193955422  2.967062503237566E-15
4299.59537887574  2.951823594438057E-15
4302.95881819725  2.961643069156586E-15
4306.32225751877  3.010215641868594E-15
4309.68569684029  3.045594007849553E-15
4313.04913616181  3.054337905865263E-15
4316.41257548333  3.066768514357285E-15
4319.77601480484  3.033609065581838E-15
4323.13945412636  3.031242568449310E-15
4326.50289344788  3.081383888204642E-15
4329.8663327694  3.074860852264910E-15
4333.22977209092  3.067240267253741E-15
4336.59321141243  3.100420961465766E-15
4339.95665073395  3.131821889682322E-15
4343.32009005547  3.130267628086400E-15
4346.68352937699  3.149250464840200E-15
4350.04696869851  3.166212064423641E-15
4353.41040802002  3.185788264016710E-15
4356.77384734154  3.137198555022409E-15
4360.13728666306  3.083954752281838E-15
4363.50072598458  3.094783952476991E-15
4366.8641653061  3.103658536045420E-15
4370.22760462761  3.103485710313190E-15
4373.59104394913  3.114457938548846E-15
4376.95448327065  3.111830729201085E-15
4380.31792259217  3.117397722603085E-15
4383.68136191369  3.115607569286329E-15
4387.0448012352  3.093061269200765E-15
4390.40824055672  3.048012304467357E-15
4393.77167987824  3.079229083024542E-15
4397.13511919976  3.114792217275789E-15
4400.49855852128  3.115954439961733E-15
4403.86199784279  3.155916177305659E-15
4407.22543716431  3.124616091733351E-15
4410.58887648583  3.105526376821113E-15
4413.95231580735  3.095486704281418E-15
4417.31575512886  3.085493967422643E-15
4420.67919445038  3.066784657788886E-15
4424.0426337719  3.073200551984501E-15
4427.40607309342  3.057380056018245E-15
4430.76951241494  3.044525860304334E-15
4434.13295173645  3.030118800804102E-15
4437.49639105797  3.011625186498407E-15
4440.85983037949  2.985139823890716E-15
4444.22326970101  3.012410234798190E-15
4447.58670902253  2.991288138462698E-15
4450.95014834404  2.949811920480854E-15
4454.31358766556  2.952796925034451E-15
4457.67702698708  2.973737118706143E-15
4461.0404663086  2.994989385788146E-15
4464.40390563012  3.000808858647967E-15
4467.76734495163  3.009622965848508E-15
4471.13078427315  3.008942694547697E-15
4474.49422359467  2.994401167302617E-15
4477.85766291619  2.982296150962516E-15
4481.22110223771  2.950674282539373E-15
4484.58454155922  2.893767025255354E-15
4487.94798088074  2.885337812788140E-15
4491.31142020226  2.912594076799179E-15
4494.67485952378  2.929152581341265E-15
4498.0382988453  2.911359587180039E-15
4501.40173816681  2.852144618449581E-15
4504.76517748833  2.840639896497174E-15
4508.12861680985  2.837497277746134E-15
4511.49205613137  2.815942350336317E-15
4514.85549545289  2.739718552875674E-15
4518.2189347744  2.679082054706618E-15
4521.58237409592  2.704951015827842E-15
4524.94581341744  2.691879440259347E-15
4528.30925273896  2.671517246800095E-15
4531.67269206048  2.671854521697367E-15
4535.03613138199  2.641085575394001E-15
4538.39957070351  2.590416517873206E-15
4541.76301002503  2.565667454968787E-15
4545.12644934655  2.563720942236688E-15
4548.48988866807  2.573764552205968E-15
4551.85332798958  2.544475475704297E-15
4555.2167673111  2.518152562547805E-15
4558.58020663262  2.502232654217115E-15
4561.94364595414  2.504818181436056E-15
4565.30708527566  2.514348801177364E-15
4568.67052459717  2.494089458576620E-15
4572.03396391869  2.503958711675273E-15
4575.39740324021  2.514565617678874E-15
4578.76084256173  2.505614986665589E-15
4582.12428188324  2.517720095438744E-15
4585.48772120476  2.508267474986042E-15
4588.85116052628  2.514464533359393E-15
4592.2145998478  2.533684023581683E-15
4595.57803916932  2.521830860674289E-15
4598.94147849083  2.502331387164096E-15
4602.30491781235  2.483101579187126E-15
4605.66835713387  2.453745923929331E-15
4609.03179645539  2.437523782026966E-15
4612.39523577691  2.460737253256908E-15
4615.75867509842  2.451024698576454E-15
4619.12211441994  2.438837811042454E-15
4622.48555374146  2.445109853383770E-15
4625.84899306298  2.447428126840728E-15
4629.2124323845  2.450055499609144E-15
4632.57587170601  2.449622329295362E-15
4635.93931102753  2.454673987910024E-15
4639.30275034905  2.441317529953458E-15
4642.66618967057  2.458575946461995E-15
4646.02962899209  2.462251566576728E-15
4649.3930683136  2.471741263700546E-15
4652.75650763512  2.474437288462901E-15
4656.11994695664  2.470313447763868E-15
4659.48338627816  2.489009604839970E-15
4662.84682559967  2.497754121050413E-15
4666.21026492119  2.478985349672925E-15
4669.57370424271  2.492532238478264E-15
4672.93714356423  2.471679914485979E-15
4676.30058288575  2.463400650383226E-15
4679.66402220726  2.467429080114107E-15
4683.02746152878  2.448963347817151E-15
4686.3909008503  2.421576242633068E-15
4689.75434017182  2.411305097393498E-15
4693.11777949334  2.417906236527977E-15
4696.48121881485  2.431783023801564E-15
4699.84465813637  2.444641923026489E-15
4703.20809745789  2.404404804363898E-15
4706.57153677941  2.400253848061751E-15
4709.93497610093  2.421379727871880E-15
4713.29841542245  2.424714688929907E-15
4716.66185474396  2.421943324394786E-15
4720.02529406548  2.413343588157754E-15
4723.388733387  2.437903026905260E-15
4726.75217270852  2.439267052975900E-15
4730.11561203003  2.426288526478006E-15
4733.47905135155  2.415428750411389E-15
4736.84249067307  2.449319197167891E-15
4740.20592999459  2.439449501548103E-15
4743.56936931611  2.415514735160595E-15
4746.93280863762  2.435763287574113E-15
4750.29624795914  2.422841299836923E-15
4753.65968728066  2.422710256311770E-15
4757.02312660218  2.457882199410104E-15
4760.38656592369  2.454581415219166E-15
4763.75000524521  2.438414160218090E-15
4767.11344456673  2.485008439667935E-15
4770.47688388825  2.529474524799983E-15
4773.84032320977  2.514341220827327E-15
4777.20376253128  2.496854828710517E-15
4780.5672018528  2.526476272999557E-15
4783.93064117432  2.560898415927361E-15
4787.29408049584  2.543215085504988E-15
4790.65751981736  2.549148368231799E-15
4794.02095913888  2.564390848913145E-15
4797.38439846039  2.532471539592334E-15
4800.74783778191  2.544128758208587E-15
4804.11127710343  2.554151856444792E-15
4807.47471642495  2.563694952738893E-15
4810.83815574647  2.548423524452201E-15
4814.20159506798  2.567668254977184E-15
4817.5650343895  2.620627890284694E-15
4820.92847371102  2.623905674100249E-15
4824.29191303254  2.578561503919023E-15
4827.65535235405  2.579158250979540E-15
4831.01879167557  2.611949240290616E-15
4834.38223099709  2.597455499200234E-15
4837.74567031861  2.585046168581484E-15
4841.10910964013  2.582622214306165E-15
4844.47254896164  2.638292713918018E-15
4847.83598828316  2.660170755622070E-15
4851.19942760468  2.649330323528657E-15
4854.5628669262  2.641713503495954E-15
4857.92630624772  2.650357375909015E-15
4861.28974556923  2.639824358358641E-15
4864.65318489075  2.644706705986285E-15
4868.01662421227  2.654026080974547E-15
4871.38006353379  2.691470143977352E-15
4874.74350285531  2.684405875622691E-15
4878.10694217682  2.683029537957163E-15
4881.47038149834  2.720777085602112E-15
4884.83382081986  2.756194606297325E-15
4888.19726014138  2.730415529087182E-15
4891.56069946289  2.724461182929804E-15
4894.92413878441  2.750106000966617E-15
4898.28757810593  2.757263963721714E-15
4901.65101742745  2.788284036874328E-15
4905.01445674897  2.829527584861755E-15
4908.37789607048  2.856801218075899E-15
4911.741335392  2.862390428438994E-15
4915.10477471352  2.889618893897359E-15
4918.46821403504  2.915838178617700E-15
4921.83165335656  2.884948162209861E-15
4925.19509267807  2.913606396636763E-15
4928.55853199959  2.907837263178212E-15
4931.92197132111  2.918883179989637E-15
4935.28541064263  2.958176096330256E-15
4938.64884996415  2.989037939273849E-15
4942.01228928566  3.016316275021762E-15
4945.37572860718  3.047686760891183E-15
4948.7391679287  3.038688696778229E-15
4952.10260725022  3.061382791151150E-15
4955.46604657174  3.098845934778016E-15
4958.82948589325  3.079010442071654E-15
4962.19292521477  3.055907940330043E-15
4965.55636453629  3.109147187710725E-15
4968.91980385781  3.156801945758686E-15
4972.28324317933  3.151295443428245E-15
4975.64668250084  3.147562724057743E-15
4979.01012182236  3.182886685225051E-15
4982.37356114388  3.226733995347547E-15
4985.7370004654  3.262459623152858E-15
4989.10043978692  3.259380574933386E-15
4992.46387910843  3.247734975508862E-15
4995.82731842995  3.238142024681015E-15
4999.19075775147  3.263487192642893E-15
5002.55419707299  3.240117258696440E-15
5005.91763639451  3.282246409080145E-15
5009.28107571602  3.297486515372378E-15
5012.64451503754  3.254413522712656E-15
5016.00795435906  3.245250115528606E-15
5019.37139368058  3.264318099566645E-15
5022.7348330021  3.307979565462249E-15
5026.09827232361  3.301452095467775E-15
5029.46171164513  3.281690674148625E-15
5032.82515096665  3.261333900897684E-15
5036.18859028817  3.268675459494376E-15
5039.55202960969  3.291467991959989E-15
5042.9154689312  3.314391377214848E-15
5046.27890825272  3.328126704445748E-15
5049.64234757424  3.292527427974578E-15
5053.00578689576  3.319761540273165E-15
5056.36922621727  3.319375667273506E-15
5059.73266553879  3.314208763944503E-15
5063.09610486031  3.321637133172825E-15
5066.45954418183  3.324568834217791E-15
5069.82298350335  3.339440456774883E-15
5073.18642282486  3.346969338027501E-15
5076.54986214638  3.314561721768330E-15
5079.9133014679  3.310424910349982E-15
5083.27674078942  3.312284644275194E-15
5086.64018011094  3.293077146627926E-15
5090.00361943245  3.281145101725158E-15
5093.36705875397  3.306542073617419E-15
5096.73049807549  3.325096496294099E-15
5100.09393739701  3.296122403323288E-15
5103.45737671853  3.289152180276511E-15
5106.82081604004  3.281408292553183E-15
5110.18425536156  3.261522551754697E-15
5113.54769468308  3.271748749513671E-15
5116.9111340046  3.301469959399109E-15
5120.27457332612  3.280833758633423E-15
5123.63801264763  3.249791199297229E-15
5127.00145196915  3.234059001622790E-15
5130.36489129067  3.229412731286993E-15
5133.72833061219  3.205831427248082E-15
5137.09176993371  3.194450058872241E-15
5140.45520925522  3.195890928161588E-15
5143.81864857674  3.203581773728018E-15
5147.18208789826  3.181833030127283E-15
5150.54552721978  3.163537628246069E-15
5153.9089665413  3.145595190832285E-15
5157.27240586281  3.119178562662807E-15
5160.63584518433  3.136037711447563E-15
5163.99928450585  3.172333439957208E-15
5167.36272382737  3.189414278051862E-15
5170.72616314889  3.171161365861758E-15
5174.0896024704  3.169496571117318E-15
5177.45304179192  3.197330884025491E-15
5180.81648111344  3.190437709301785E-15
5184.17992043496  3.173201605200639E-15
5187.54335975648  3.172511846212600E-15
5190.90679907799  3.182582595926578E-15
5194.27023839951  3.205515771757079E-15
5197.63367772103  3.193155335740697E-15
5200.99711704255  3.215106712061705E-15
5204.36055636406  3.259127308394389E-15
5207.72399568558  3.234741171252473E-15
5211.0874350071  3.237677126680983E-15
5214.45087432862  3.259066921693731E-15
5217.81431365014  3.281439615354054E-15
5221.17775297165  3.300242036479552E-15
5224.54119229317  3.297708422584959E-15
5227.90463161469  3.300288012315561E-15
5231.26807093621  3.296706377012049E-15
5234.63151025773  3.287625807351774E-15
5237.99494957924  3.285767635454811E-15
5241.35838890076  3.291979550077481E-15
5244.72182822228  3.326571714639944E-15
5248.0852675438  3.300040231072654E-15
5251.44870686531  3.267581414960244E-15
5254.81214618683  3.278122053347470E-15
5258.17558550835  3.245170061260263E-15
5261.53902482987  3.227614225666259E-15
5264.90246415139  3.231754524032492E-15
5268.2659034729  3.227907136544117E-15
5271.62934279442  3.233181275393124E-15
5274.99278211594  3.174940180581118E-15
5278.35622143746  3.145283912928559E-15
5281.71966075898  3.131876410760619E-15
5285.08310008049  3.125633857440868E-15
5288.44653940201  3.073780778836441E-15
5291.80997872353  3.047198261465887E-15
5295.17341804505  3.052701335838628E-15
5298.53685736657  3.041585482283033E-15
5301.90029668808  2.965653779145819E-15
5305.2637360096  2.938318255978300E-15
5308.62717533112  2.929183272072845E-15
5311.99061465264  2.930306864557916E-15
5315.35405397416  2.904273395974519E-15
5318.71749329567  2.898186375580075E-15
5322.08093261719  2.897202426055642E-15
5325.44437193871  2.862222295372448E-15
5328.80781126023  2.849622457462850E-15
5332.17125058175  2.831902767948397E-15
5335.53468990326  2.822185177302007E-15
5338.89812922478  2.812413226662411E-15
5342.2615685463  2.823651850017764E-15
5345.62500786782  2.838785649861166E-15
5348.98844718934  2.810069398647910E-15
5352.35188651085  2.809230420191738E-15
5355.71532583237  2.799432976763188E-15
5359.07876515389  2.778150216151079E-15
5362.44220447541  2.790489236884825E-15
5365.80564379693  2.765457692500165E-15
5369.16908311844  2.737941785322235E-15
5372.53252243996  2.745116674250756E-15
5375.89596176148  2.744246166944943E-15
5379.259401083  2.729407014040620E-15
5382.62284040452  2.734454983551083E-15
5385.98627972603  2.721258383486627E-15
5389.34971904755  2.727333229304076E-15
5392.71315836907  2.717219054819031E-15
5396.07659769059  2.701344951688477E-15
5399.44003701211  2.682103173205143E-15
5402.80347633362  2.682418580081338E-15
5406.16691565514  2.679627001507349E-15
5409.53035497666  2.668048856419411E-15
5412.89379429818  2.683410768616705E-15
5416.2572336197  2.643209102697951E-15
5419.62067294121  2.617019120548400E-15
5422.98411226273  2.598014058182562E-15
5426.34755158425  2.607242606631009E-15
5429.71099090577  2.601363001005687E-15
5433.07443022729  2.582791359646024E-15
5436.4378695488  2.574841138707238E-15
5439.80130887032  2.587103614566725E-15
5443.16474819184  2.573966231531348E-15
5446.52818751336  2.556817342493845E-15
5449.89162683488  2.557108300697230E-15
5453.25506615639  2.558986005711195E-15
5456.61850547791  2.576935357721028E-15
5459.98194479943  2.563643549317602E-15
5463.34538412095  2.553799120568858E-15
5466.70882344247  2.546095971815824E-15
5470.07226276398  2.529319922709764E-15
5473.4357020855  2.529021562852437E-15
5476.79914140702  2.527955916388854E-15
5480.16258072854  2.512311022016948E-15
5483.52602005005  2.488363690220381E-15
5486.88945937157  2.492428172635023E-15
5490.25289869309  2.529947344351419E-15
5493.61633801461  2.532256193182902E-15
5496.97977733613  2.515289870378887E-15
5500.34321665764  2.532893518137033E-15
5503.70665597916  2.542556678292266E-15
5507.07009530068  2.533015255046277E-15
5510.4335346222  2.537844281408270E-15
5513.79697394372  2.571007261903606E-15
5517.16041326523  2.589107328602555E-15
5520.52385258675  2.596579845050436E-15
5523.88729190827  2.591505077176523E-15
5527.25073122979  2.603976360452354E-15
5530.6141705513  2.617721791368727E-15
5533.97760987282  2.634587667546961E-15
5537.34104919434  2.653458444519367E-15
5540.70448851586  2.668974033363569E-15
5544.06792783738  2.683881000832102E-15
5547.4313671589  2.690943554489852E-15
5550.79480648041  2.709781752435871E-15
5554.15824580193  2.742430292348271E-15
5557.52168512345  2.738311041228638E-15
5560.88512444497  2.756287530626719E-15
5564.24856376649  2.776223702600119E-15
5567.612003088  2.775885904921355E-15
5570.97544240952  2.767689292451737E-15
5574.33888173104  2.769188848545885E-15
5577.70232105256  2.754770490457364E-15
5581.06576037407  2.763337583884339E-15
5584.42919969559  2.795644156370196E-15
5587.79263901711  2.784230829447213E-15
5591.15607833863  2.762197138273696E-15
5594.51951766015  2.764205922059738E-15
5597.88295698166  2.776118746168460E-15
5601.24639630318  2.780413194942726E-15
5604.6098356247  2.788530737910352E-15
5607.97327494622  2.805616572106520E-15
5611.33671426773  2.801730692779986E-15
5614.70015358925  2.813087899692467E-15
5618.06359291077  2.846632152094509E-15
5621.42703223229  2.836989951146691E-15
5624.79047155381  2.801339414951901E-15
5628.15391087533  2.804862249475543E-15
5631.51735019684  2.818791172553982E-15
5634.88078951836  2.834512504870805E-15
5638.24422883988  2.838984194722531E-15
5641.6076681614  2.827609695870044E-15
5644.97110748292  2.854900653197878E-15
5648.33454680443  2.876267527321072E-15
5651.69798612595  2.883057300681977E-15
5655.06142544747  2.863800721571303E-15
5658.42486476899  2.856612051295186E-15
5661.78830409051  2.873729852718658E-15
5665.15174341202  2.846938432171030E-15
5668.51518273354  2.829851667116800E-15
5671.87862205506  2.855232269018792E-15
5675.24206137658  2.855934300522247E-15
5678.6055006981  2.819266624297183E-15
5681.96894001961  2.782406269210686E-15
5685.33237934113  2.796872817169329E-15
5688.69581866265  2.804846638743381E-15
5692.05925798417  2.755398482169278E-15
5695.42269730569  2.743400659042671E-15
5698.7861366272  2.740676852006779E-15
5702.14957594872  2.728998372820226E-15
5705.51301527024  2.710275534817598E-15
5708.87645459176  2.711838014602143E-15
5712.23989391327  2.712373725920799E-15
5715.60333323479  2.693701071347529E-15
5718.96677255631  2.678861643302211E-15
5722.33021187783  2.664559990685350E-15
5725.69365119935  2.639419612429787E-15
5729.05709052086  2.615130581406219E-15
5732.42052984238  2.602351969737395E-15
5735.7839691639  2.599881950861920E-15
5739.14740848542  2.600931013084127E-15
5742.51084780694  2.624627607429507E-15
5745.87428712845  2.615233271448366E-15
5749.23772644997  2.587185426421950E-15
5752.60116577149  2.590462431042862E-15
5755.96460509301  2.585092878475567E-15
5759.32804441453  2.572291213951117E-15
5762.69148373604  2.573810719787492E-15
5766.05492305756  2.554361066397453E-15
5769.41836237908  2.538280880401738E-15
5772.7818017006  2.533744757606519E-15
5776.14524102212  2.489152411154558E-15
5779.50868034363  2.456170535271248E-15
5782.87211966515  2.466861933864237E-15
5786.23555898667  2.478423901478248E-15
5789.59899830819  2.458581883631477E-15
5792.96243762971  2.447737740365636E-15
5796.32587695122  2.455301697574918E-15
5799.68931627274  2.465872071502551E-15
5803.05275559426  2.428209547432333E-15
5806.41619491578  2.394522048025344E-15
5809.7796342373  2.413406385292457E-15
5813.14307355881  2.425563683212728E-15
5816.50651288033  2.385422609810490E-15
5819.86995220185  2.345866129401473E-15
5823.23339152337  2.356458944763288E-15
5826.59683084489  2.345555485866039E-15
5829.9602701664  2.314481122921280E-15
5833.32370948792  2.301391142448903E-15
5836.68714880944  2.297662574844868E-15
5840.05058813096  2.298002599316752E-15
5843.41402745248  2.273549830468247E-15
5846.77746677399  2.226395389432476E-15
5850.14090609551  2.221079772099463E-15
5853.50434541703  2.234860017959785E-15
5856.86778473855  2.213970986706160E-15
5860.23122406006  2.200597663900444E-15
5863.59466338158  2.196339008527461E-15
5866.9581027031  2.186171729269998E-15
5870.32154202462  2.174769998832687E-15
5873.68498134614  2.164419687754843E-15
5877.04842066766  2.145421650623152E-15
5880.41185998917  2.107472877182940E-15
5883.77529931069  2.073915278468830E-15
5887.13873863221  2.020234959128278E-15
5890.50217795373  1.993532942835194E-15
5893.86561727525  2.025830203978510E-15
5897.22905659676  2.054802853000030E-15
5900.59249591828  2.058033097847343E-15
5903.9559352398  2.068428032899951E-15
5907.31937456132  2.062972155642919E-15
5910.68281388283  2.049451883287674E-15
5914.04625320435  2.037709879815135E-15
5917.40969252587  2.017788353212656E-15
5920.77313184739  2.015952406319679E-15
5924.13657116891  2.009477185632615E-15
5927.50001049043  2.007078599911847E-15
5930.86344981194  2.020280117726385E-15
5934.22688913346  1.982720746157768E-15
5937.59032845498  1.979511000549616E-15
5940.9537677765  1.982206705974099E-15
5944.31720709801  1.961361191274161E-15
5947.68064641953  1.964776719221792E-15
5951.04408574105  1.985559080572776E-15
5954.40752506257  1.993563175684252E-15
5957.77096438408  1.965530140445126E-15
5961.1344037056  1.958333263380274E-15
5964.49784302712  1.979136315142964E-15
5967.86128234864  1.983335655615319E-15
5971.22472167016  1.999465583998260E-15
5974.58816099167  2.007422218563146E-15
5977.95160031319  2.008893811710093E-15
5981.31503963471  2.024511660275305E-15
5984.67847895623  2.035898825709466E-15
5988.04191827775  2.031419395229165E-15
5991.40535759926  2.034004165159643E-15
5994.76879692078  2.063593668378573E-15
5998.1322362423  2.083700484174007E-15
6001.49567556382  2.084971337721820E-15
6004.85911488534  2.064999145291488E-15
6008.22255420685  2.085321200892750E-15
6011.58599352837  2.082475185845526E-15
6014.94943284989  2.098784353511216E-15
6018.31287217141  2.127882545582537E-15
6021.67631149293  2.102940220205369E-15
6025.03975081444  2.121117417563152E-15
6028.40319013596  2.122559718753413E-15
6031.76662945748  2.129694420886008E-15
6035.130068779  2.115293718351232E-15
6038.49350810052  2.101650695220302E-15
6041.85694742203  2.117521203874083E-15
6045.22038674355  2.135089840443694E-15
6048.58382606507  2.157083268356838E-15
6051.94726538659  2.167190895219772E-15
6055.31070470811  2.165651782706887E-15
6058.67414402962  2.172246943877476E-15
6062.03758335114  2.165098644810641E-15
6065.40102267266  2.174158467318583E-15
6068.76446199418  2.206521946056168E-15
6072.12790131569  2.202209749747130E-15
6075.49134063721  2.176925336419261E-15
6078.85477995873  2.172232741822866E-15
6082.21821928025  2.168757063688718E-15
6085.58165860177  2.168991209847806E-15
6088.94509792328  2.192663903881956E-15
6092.3085372448  2.218824632448491E-15
6095.67197656632  2.209349626491007E-15
6099.03541588784  2.170245912267411E-15
6102.39885520936  2.159783751630641E-15
6105.76229453088  2.173567677176339E-15
6109.12573385239  2.186135276155937E-15
6112.48917317391  2.170526818528990E-15
6115.85261249543  2.148421343507417E-15
6119.21605181695  2.141903296305269E-15
6122.57949113847  2.144163552214512E-15
6125.94293045998  2.177100952211445E-15
6129.3063697815  2.179058700941625E-15
6132.66980910302  2.166665609759829E-15
6136.03324842454  2.169808867398462E-15
6139.39668774605  2.168138845739897E-15
6142.76012706757  2.186264770043538E-15
6146.12356638909  2.191783521727177E-15
6149.48700571061  2.215724177532165E-15
6152.85044503213  2.216285000458002E-15
6156.21388435364  2.203859229212748E-15
6159.57732367516  2.199731210283001E-15
6162.94076299668  2.200814005092333E-15
6166.3042023182  2.190870437802861E-15
6169.66764163971  2.179002266751025E-15
6173.03108096123  2.182580316565869E-15
6176.39452028275  2.199550310798501E-15
6179.75795960427  2.200973353933107E-15
6183.12139892579  2.208699927749332E-15
6186.4848382473  2.237981774872860E-15
6189.84827756882  2.220994572686673E-15
6193.21171689034  2.204264490901321E-15
6196.57515621186  2.203129509610159E-15
6199.93859553338  2.209335455450829E-15
6203.30203485489  2.206778291988256E-15
6206.66547417641  2.218469414854292E-15
6210.02891349793  2.220210456683286E-15
6213.39235281945  2.216406098230902E-15
6216.75579214097  2.213653401421731E-15
6220.11923146248  2.207801437364117E-15
6223.482670784  2.200676752437557E-15
6226.84611010552  2.227112919398727E-15
6230.20954942704  2.262632610510462E-15
6233.57298874856  2.272716987667816E-15
6236.93642807007  2.292254876055288E-15
6240.29986739159  2.320799712162890E-15
6243.66330671311  2.326049811763128E-15
6247.02674603463  2.335119262525109E-15
6250.39018535615  2.352831879621437E-15
6253.75362467766  2.375848351055955E-15
6257.11706399918  2.414019518688807E-15
6260.4805033207  2.412803272820230E-15
6263.84394264222  2.436217874735278E-15
6267.20738196374  2.476685264755330E-15
6270.57082128525  2.465114639299634E-15
6273.93426060677  2.433333447162489E-15
6277.29769992829  2.399336139798711E-15
6280.66113924981  2.429856486969840E-15
6284.02457857133  2.492420896098260E-15
6287.38801789284  2.538213637573146E-15
6290.75145721436  2.559002742543667E-15
6294.11489653588  2.568817284739946E-15
6297.4783358574  2.576470607338563E-15
6300.84177517892  2.598942137497669E-15
6304.20521450043  2.657379621051621E-15
6307.56865382195  2.687288281058928E-15
6310.93209314347  2.698619163075663E-15
6314.29553246499  2.693041322415428E-15
6317.6589717865  2.736487525416546E-15
6321.02241110802  2.762989506964412E-15
6324.38585042954  2.775321725268676E-15
6327.74928975106  2.775219798485716E-15
6331.11272907258  2.809572763523782E-15
6334.47616839409  2.804432224663417E-15
6337.83960771561  2.813070047835739E-15
6341.20304703713  2.819938995115037E-15
6344.56648635865  2.836100030828118E-15
6347.92992568017  2.863679755136307E-15
6351.29336500169  2.862381741175257E-15
6354.6568043232  2.833421426642739E-15
6358.02024364472  2.831171230225896E-15
6361.38368296624  2.858382484575005E-15
6364.74712228776  2.861041417788548E-15
6368.11056160927  2.859873276417658E-15
6371.47400093079  2.865912592629831E-15
6374.83744025231  2.891058484417501E-15
6378.20087957383  2.877392139247640E-15
6381.56431889535  2.855158222875500E-15
6384.92775821686  2.863846926148921E-15
6388.29119753838  2.881908681688899E-15
6391.6546368599  2.871630147836691E-15
6395.01807618142  2.857784293037524E-15
6398.38151550294  2.846754095888085E-15
6401.74495482445  2.863230361703881E-15
6405.10839414597  2.909334039901595E-15
6408.47183346749  2.905873022754293E-15
6411.83527278901  2.887034287884204E-15
6415.19871211053  2.933165569837907E-15
6418.56215143204  2.938824287741486E-15
6421.92559075356  2.894562593535370E-15
6425.28903007508  2.920541258340478E-15
6428.6524693966  2.930657094631162E-15
6432.01590871812  2.908605569946223E-15
6435.37934803963  2.894466774452593E-15
6438.74278736115  2.897512877447620E-15
6442.10622668267  2.899618495663273E-15
6445.46966600419  2.904472824813532E-15
6448.8331053257  2.916246023140464E-15
6452.19654464722  2.901901782438474E-15
6455.55998396874  2.900641685753557E-15
6458.92342329026  2.903582403322214E-15
6462.28686261178  2.887371449469516E-15
6465.65030193329  2.897662818145663E-15
6469.01374125481  2.909005848699274E-15
6472.37718057633  2.910679188499891E-15
6475.74061989785  2.890718719196512E-15
6479.10405921937  2.906473222986266E-15
6482.46749854089  2.936805693531910E-15
6485.8309378624  2.933241167992734E-15
6489.19437718392  2.894356440868980E-15
6492.55781650544  2.879187100658809E-15
6495.92125582696  2.902060780554490E-15
6499.28469514847  2.922666723963641E-15
6502.64813446999  2.909447206182504E-15
6506.01157379151  2.901761061252696E-15
6509.37501311303  2.883081563598445E-15
6512.73845243454  2.880470963277401E-15
6516.10189175606  2.890880628003334E-15
6519.46533107758  2.862084637092208E-15
6522.8287703991  2.877673815767392E-15
6526.19220972062  2.861670872946790E-15
6529.55564904214  2.860185109784307E-15
6532.91908836365  2.873152997150805E-15
6536.28252768517  2.858105950204186E-15
6539.64596700669  2.824650513419064E-15
6543.00940632821  2.804220341797014E-15
6546.37284564973  2.825333756241295E-15
6549.73628497124  2.811422858523042E-15
6553.09972429276  2.807889923321742E-15
6556.46316361428  2.781464644019274E-15
6559.8266029358  2.757713815551245E-15
6563.19004225731  2.782854308040217E-15
6566.55348157883  2.774168258532498E-15
6569.91692090035  2.950729134210375E-15
6573.28036022187  2.713201051852396E-15
6576.64379954339  2.727269700733965E-15
6580.00723886491  2.718280085372803E-15
6583.37067818642  2.718347347721249E-15
6586.73411750794  2.700937231195426E-15
6590.09755682946  2.699000219475484E-15
6593.46099615098  2.647177757725660E-15
6596.82443547249  2.639039784591721E-15
6600.18787479401  2.671604229445595E-15
6603.55131411553  2.662813658088730E-15
6606.91475343705  2.648346283328261E-15
6610.27819275857  2.651506447442840E-15
6613.64163208008  2.637801404873038E-15
6617.0050714016  2.638809629681655E-15
6620.36851072312  2.650058007736036E-15
6623.73195004464  2.622454349463224E-15
6627.09538936616  2.623985066918240E-15
6630.45882868767  2.642079638941814E-15
6633.82226800919  2.642026673046577E-15
6637.18570733071  2.642883646964821E-15
6640.54914665223  2.602072201795873E-15
6643.91258597375  2.578484834582218E-15
6647.27602529526  2.593153488188122E-15
6650.63946461678  2.612358133846121E-15
6654.0029039383  2.615815735720700E-15
6657.36634325982  2.609514532917221E-15
6660.72978258134  2.609283036917071E-15
6664.09322190285  2.609954849067306E-15
6667.45666122437  2.604437548469417E-15
6670.82010054589  2.606519912177409E-15
6674.18353986741  2.602189375896220E-15
6677.54697918893  2.572314753244197E-15
6680.91041851044  2.564632735149621E-15
6684.27385783196  2.559307078904062E-15
6687.63729715348  2.554911737816791E-15
6691.000736475  2.589417275645950E-15
6694.36417579651  2.573190685101854E-15
6697.72761511803  2.583460832071549E-15
6701.09105443955  2.586962358815399E-15
6704.45449376107  2.582409284514225E-15
6707.81793308259  2.575060231122979E-15
6711.1813724041  2.556069513509898E-15
6714.54481172562  2.547472067234359E-15
6717.90825104714  2.555173556798859E-15
6721.27169036866  2.571489637989210E-15
6724.63512969018  2.563274312994670E-15
6727.99856901169  2.546564054793494E-15
6731.36200833321  2.523238807186301E-15
6734.72544765473  2.528048669790774E-15
6738.08888697625  2.548104224268918E-15
6741.45232629777  2.536451731442401E-15
6744.81576561928  2.527009946371706E-15
6748.1792049408  2.519909701168434E-15
6751.54264426232  2.525042029235739E-15
6754.90608358384  2.505286194749039E-15
6758.26952290535  2.492241921087909E-15
6761.63296222687  2.497197603796048E-15
6764.99640154839  2.484722308374787E-15
6768.35984086991  2.487004850881617E-15
6771.72328019143  2.487663987298799E-15
6775.08671951294  2.483296313686790E-15
6778.45015883446  2.475911373675889E-15
6781.81359815598  2.466332100637915E-15
6785.1770374775  2.460315710296400E-15
6788.54047679902  2.453503823493336E-15
6791.90391612053  2.450542594156627E-15
6795.26735544205  2.458748608420478E-15
6798.63079476357  2.452293626746669E-15
6801.99423408509  2.432556903270863E-15
6805.35767340661  2.428732698261699E-15
6808.72111272813  2.423112726400729E-15
6812.08455204964  2.407459815169401E-15
6815.44799137116  2.391597504734755E-15
6818.81143069268  2.377648828116451E-15
6822.1748700142  2.396186306898491E-15
6825.53830933572  2.391346750294594E-15
6828.90174865723  2.364010186361607E-15
6832.26518797875  2.357943258936065E-15
6835.62862730027  2.362930968453268E-15
6838.99206662179  2.333199618765866E-15
6842.3555059433  2.325819922476130E-15
6845.71894526482  2.324482160656025E-15
6849.08238458634  2.331765110367043E-15
6852.44582390786  2.325893192190672E-15
6855.80926322938  2.289358888313091E-15
6859.17270255089  2.268761899370260E-15
6862.53614187241  2.235688399015053E-15
6865.89958119393  2.216226206765015E-15
6869.26302051545  2.254785385319780E-15
6872.62645983697  2.243971652243502E-15
6875.98989915848  2.222591082069476E-15
6879.35333848  2.221277306135819E-15
6882.71677780152  2.208997377832289E-15
6886.08021712304  2.241939896259186E-15
6889.44365644456  2.233884875015226E-15
6892.80709576607  2.198472075102173E-15
6896.17053508759  2.195185333097019E-15
6899.53397440911  2.203194271694525E-15
6902.89741373063  2.202395544515870E-15
6906.26085305214  2.175029937325082E-15
6909.62429237366  2.158516437922265E-15
6912.98773169518  2.179480108139062E-15
6916.3511710167  2.165874653352291E-15
6919.71461033822  2.168898239562937E-15
6923.07804965973  2.173255423431858E-15
6926.44148898125  2.149888103672659E-15
6929.80492830277  2.155730974535186E-15
6933.16836762429  2.165102872167262E-15
6936.53180694581  2.152385092276320E-15
6939.89524626732  2.127612947410269E-15
6943.25868558884  2.089701506379430E-15
6946.62212491036  2.107178096607770E-15
6949.98556423188  2.137291927055044E-15
6953.3490035534  2.107005025626104E-15
6956.71244287491  2.091845295497367E-15
6960.07588219643  2.077426931564992E-15
6963.43932151795  2.077940188551052E-15
6966.80276083947  2.047129273453699E-15
6970.16620016099  2.032886359498449E-15
6973.5296394825  2.010642563524671E-15
6976.89307880402  2.001230477795360E-15
6980.25651812554  2.011134696094249E-15
6983.61995744706  2.009341869849989E-15
6986.98339676858  1.987190957054514E-15
6990.34683609009  1.981374926501324E-15
6993.71027541161  1.991031181802426E-15
6997.07371473313  1.984438948251421E-15
7000.43715405465  1.964533769661652E-15
7003.80059337617  1.944744876811790E-15
7007.16403269768  1.930750579598040E-15
7010.5274720192  1.925936694019204E-15
7013.89091134072  1.914186555133491E-15
7017.25435066224  1.885648868216470E-15
7020.61778998376  1.875833681483152E-15
7023.98122930527  1.882946432969819E-15
7027.34466862679  1.891628640216383E-15
7030.70810794831  1.887418387024802E-15
7034.07154726983  1.889354794919956E-15
7037.43498659135  1.879504640363932E-15
7040.79842591286  1.859275515839124E-15
7044.16186523438  1.856957418903061E-15
7047.5253045559  1.848702654882999E-15
7050.88874387742  1.842088510976439E-15
7054.25218319894  1.824067880768611E-15
7057.61562252045  1.815223031362975E-15
7060.97906184197  1.806900912040526E-15
7064.34250116349  1.788980081189801E-15
7067.70594048501  1.776028999303969E-15
7071.06937980653  1.783570668000942E-15
7074.43281912804  1.778692783482462E-15
7077.79625844956  1.752288951602232E-15
7081.15969777108  1.740511579966722E-15
7084.5231370926  1.739720419360405E-15
7087.88657641411  1.725734191705022E-15
7091.25001573563  1.717630922912181E-15
7094.61345505715  1.728568627911481E-15
7097.97689437867  1.730332310906081E-15
7101.34033370018  1.700325873898901E-15
7104.7037730217  1.708605963981292E-15
7108.06721234322  1.718776782613841E-15
7111.43065166474  1.692786526668897E-15
7114.79409098626  1.691551320856974E-15
7118.15753030777  1.692016466469347E-15
7121.52096962929  1.687773852986698E-15
7124.88440895081  1.702994961816855E-15
7128.24784827233  1.715211908678299E-15
7131.61128759385  1.720863899788239E-15
7134.97472691537  1.716645782926551E-15
7138.33816623688  1.690242057738500E-15
7141.7016055584  1.687274188978005E-15
7145.06504487992  1.679270363787335E-15
7148.42848420144  1.660581067683182E-15
7151.79192352295  1.657407183614177E-15
7155.15536284447  1.653768149622681E-15
7158.51880216599  1.655171480008165E-15
7161.88224148751  1.629849363302721E-15
7165.24568080903  1.591116123235102E-15
7168.60912013054  1.608863012171743E-15
7171.97255945206  1.658968322187585E-15
7175.33599877358  1.656123092136535E-15
7178.6994380951  1.623078116024859E-15
7182.06287741662  1.600647063162010E-15
7185.42631673813  1.580121136152171E-15
7188.78975605965  1.608982796507041E-15
7192.15319538117  1.619876046038598E-15
7195.51663470269  1.628948207291024E-15
7198.88007402421  1.642659718226296E-15
7202.24351334572  1.634327453800853E-15
7205.60695266724  1.613407300630465E-15
7208.97039198876  1.618233954734149E-15
7212.33383131028  1.638342040257740E-15
7215.6972706318  1.628909393216806E-15
7219.06070995331  1.620470443946600E-15
7222.42414927483  1.634381028920748E-15
7225.78758859635  1.635582153199569E-15
7229.15102791787  1.620474494211626E-15
7232.51446723939  1.589602588178895E-15
7235.8779065609  1.583935967731799E-15
7239.24134588242  1.586002210146723E-15
7242.60478520394  1.605886106642578E-15
7245.96822452546  1.625686257362718E-15
7249.33166384698  1.653014329363260E-15
7252.69510316849  1.675468158127383E-15
7256.05854249001  1.680618258839156E-15
7259.42198181153  1.707801171605651E-15
7262.78542113305  1.706126403798180E-15
7266.14886045457  1.652555015126372E-15
7269.51229977608  1.634633374447544E-15
7272.8757390976  1.652128350537918E-15
7276.23917841912  1.703170065427511E-15
7279.60261774064  1.697221014323843E-15
7282.96605706216  1.679131092377423E-15
7286.32949638367  1.660845747580373E-15
7289.69293570519  1.616656589737088E-15
7293.05637502671  1.594898738082336E-15
7296.41981434823  1.598620243877056E-15
7299.78325366975  1.578714634600658E-15
7303.14669299126  1.531833958103824E-15
7306.51013231278  1.497740048418499E-15
7309.8735716343  1.489276777557970E-15
7313.23701095582  1.488899630207508E-15
7316.60045027734  1.463015852339737E-15
7319.96388959885  1.443643778518339E-15
7323.32732892037  1.430031715741784E-15
7326.69076824189  1.407998117633793E-15
7330.05420756341  1.402905756311656E-15
7333.41764688492  1.393419194836847E-15
7336.78108620644  1.368484793587370E-15
7340.14452552796  1.364681928269472E-15
7343.50796484948  1.356726021057546E-15
7346.871404171  1.330139952597061E-15
7350.23484349251  1.314612606799616E-15
7353.59828281403  1.299552356937564E-15
7356.96172213555  1.287048756477422E-15
7360.32516145707  1.273455642472059E-15
7363.68860077859  1.271239868042913E-15
7367.0520401001  1.244800755450107E-15
7370.41547942162  1.242302341289192E-15
7373.77891874314  1.240079720619960E-15
7377.14235806466  1.227945140831999E-15
7380.50579738618  1.208699903639669E-15
7383.86923670769  1.197218560375025E-15
7387.23267602921  1.205898288658330E-15
7390.59611535073  1.183480917340433E-15
7393.95955467225  1.172510667075020E-15
7397.32299399376  1.169998121653053E-15
7400.68643331528  1.177349736997370E-15
7404.0498726368  1.180944430862487E-15
7407.41331195832  1.151960017334217E-15
7410.77675127984  1.150592512914046E-15
7414.14019060135  1.141936100933992E-15
7417.50362992287  1.128057581034206E-15
7420.86706924439  1.130245787250583E-15
7424.23050856591  1.126540684457782E-15
7427.59394788743  1.122643363138750E-15
7430.95738720894  1.118182304685856E-15
7434.32082653046  1.116269799905476E-15
7437.68426585198  1.108681068105249E-15
7441.0477051735  1.089479778950894E-15
7444.41114449502  1.087715094466325E-15
7447.77458381653  1.076428585108263E-15
7451.13802313805  1.058073624011317E-15
7454.50146245957  1.049401204264743E-15
7457.86490178109  1.051223673848821E-15
7461.22834110261  1.040140658235776E-15
7464.59178042412  1.013174079367295E-15
7467.95521974564  1.005701967122702E-15
7471.31865906716  1.010452757541039E-15
7474.68209838868  1.001431800248626E-15
7478.0455377102  1.012093782694009E-15
7481.40897703171  1.018549758032104E-15
7484.77241635323  9.943159200765792E-16
7488.13585567475  9.670037282508969E-16
7491.49929499627  9.874634889028788E-16
7494.86273431779  1.000111166259109E-15
7498.2261736393  9.841172426039614E-16
7501.58961296082  9.690973032071410E-16
7504.95305228234  9.758943920544721E-16
7508.31649160386  9.793017013731727E-16
7511.67993092538  9.527861113997849E-16
7515.04337024689  9.491421885268234E-16
7518.40680956841  9.511559493142918E-16
7521.77024888993  9.643260536886876E-16
7525.13368821145  9.568435190498115E-16
7528.49712753296  9.596057226449399E-16
7531.86056685448  9.687609286807301E-16
7535.224006176  9.851107334838335E-16
7538.58744549752  9.848364542977627E-16
7541.95088481904  9.844053251434738E-16
7545.31432414055  9.771340057831995E-16
7548.67776346207  9.508655781094290E-16
7552.04120278359  9.577453473674747E-16
7555.40464210511  9.552806980237956E-16
7558.76808142663  9.511900119657383E-16
7562.13152074814  9.592666371927730E-16
7565.49496006966  9.574826884157344E-16
7568.85839939118  9.368179350754699E-16
7572.2218387127  9.362337747717823E-16
7575.58527803422  9.425965634104549E-16
7578.94871735573  9.387006893064071E-16
7582.31215667725  9.309351072400716E-16
7585.67559599877  9.183565942518555E-16
7589.03903532029  9.023877341589457E-16
7592.40247464181  8.995289332135783E-16
7595.76591396332  9.072251177557742E-16
7599.12935328484  8.482701512426594E-16
7602.49279260636  7.991903146318688E-16
7605.85623192788  7.923854494816364E-16
7609.2196712494  8.249727725199756E-16
7612.58311057091  8.479019726032765E-16
7615.94654989243  7.981941524720099E-16
7619.30998921395  7.988402749980400E-16
7622.67342853547  8.603733691703785E-16
7626.03686785698  8.530449001197515E-16
7629.4003071785  8.254815795799052E-16
7632.76374650002  8.519460607226308E-16
7636.12718582154  8.811782199868167E-16
7639.49062514306  9.014594615744996E-16
7642.85406446458  8.875051199897578E-16
7646.21750378609  8.895649033756667E-16
7649.58094310761  8.888913816485098E-16
7652.94438242913  8.687495921792681E-16
7656.30782175065  8.582295604733582E-16
7659.67126107217  8.700757050324323E-16
7663.03470039368  8.799123917712780E-16
7666.3981397152  9.044753094748363E-16
7669.76157903672  9.535432993982572E-16
7673.12501835824  9.841700524934879E-16
7676.48845767975  1.008816680299689E-15
7679.85189700127  9.661805167907477E-16
7683.21533632279  9.331325737481808E-16
7686.57877564431  9.520188240003612E-16
7689.94221496583  9.441499338291439E-16
7693.30565428735  9.411532750304074E-16
7696.66909360886  9.662444358283428E-16
7700.03253293038  9.834517596827367E-16
7703.3959722519  9.808999825816977E-16
7706.75941157342  9.746972612785663E-16
7710.12285089493  9.646410405170330E-16
7713.48629021645  9.478768322385576E-16
7716.84972953797  9.622824715667817E-16
7720.21316885949  9.604389356884331E-16
7723.57660818101  9.571220409331235E-16
7726.94004750252  9.656514923501751E-16
7730.30348682404  9.771464281638564E-16
7733.66692614556  9.758659008403530E-16
7737.03036546708  9.730518904722849E-16
7740.3938047886  9.696474771864513E-16
7743.75724411012  9.576856364554188E-16
7747.12068343163  9.550840387894481E-16
7750.48412275315  9.447413404910072E-16
7753.84756207467  9.356473826510745E-16
7757.21100139619  9.584088891225306E-16
7760.5744407177  9.585516057714283E-16
7763.93788003922  9.498111635805301E-16
7767.30131936074  9.651502378620307E-16
7770.66475868226  9.752340275760824E-16
7774.02819800377  9.672740808319648E-16
7777.39163732529  9.570419531655616E-16
7780.75507664681  9.534671425423219E-16
7784.11851596833  9.623861771751586E-16
7787.48195528985  9.698430122307199E-16
7790.84539461137  9.682067980264857E-16
7794.20883393288  9.742819199150549E-16
7797.5722732544  9.648262959529198E-16
7800.93571257592  9.533136184842913E-16
7804.29915189744  9.582805940258108E-16
7807.66259121896  9.576553819741997E-16
7811.02603054047  9.602623887329777E-16
7814.38946986199  9.798898784705492E-16
7817.75290918351  9.745772791589457E-16
7821.11634850503  9.454782344417482E-16
7824.47978782654  9.531233840040599E-16
7827.84322714806  9.732785542567684E-16
7831.20666646958  9.816562804329702E-16
7834.5701057911  9.886994307925098E-16
7837.93354511262  9.719391391465210E-16
7841.29698443413  9.730316102659253E-16
7844.66042375565  9.860558837927008E-16
7848.02386307717  9.883897798580122E-16
7851.38730239869  9.680763007649989E-16
7854.75074172021  9.580243786298803E-16
7858.11418104172  9.830607982623671E-16
7861.47762036324  9.930817156215791E-16
7864.84105968476  9.808875615062685E-16
7868.20449900628  9.794932407697977E-16
7871.5679383278  9.988142668365561E-16
7874.93137764931  9.981746584721784E-16
7878.29481697083  9.942824685348714E-16
7881.65825629235  9.985859439314712E-16
7885.02169561387  9.840585876243437E-16
7888.38513493539  9.710274902350111E-16
7891.7485742569  9.682310568189853E-16
7895.11201357842  9.652256162633939E-16
7898.47545289994  9.793958917380178E-16
7901.83889222146  9.910861014906007E-16
7905.20233154298  9.979837063496724E-16
7908.56577086449  9.880451562262226E-16
7911.92921018601  9.731094284938674E-16
7915.29264950753  9.863380812463857E-16
7918.65608882905  9.899443894969801E-16
7922.01952815056  9.752788981670057E-16
7925.38296747208  9.793005304140677E-16
7928.7464067936  9.836542874127955E-16
7932.10984611512  9.696215166255894E-16
7935.47328543663  9.733599459415495E-16
7938.83672475815  9.864024190141654E-16
7942.20016407967  9.856709771631159E-16
7945.56360340119  9.835103938459642E-16
7948.92704272271  9.650395395793893E-16
7952.29048204422  9.762845272380843E-16
7955.65392136574  9.626260111270207E-16
7959.01736068726  9.554719799523249E-16
7962.38080000878  9.883974220978883E-16
7965.7442393303  1.006111117644465E-15
7969.10767865182  1.000478144079259E-15
7972.47111797333  1.004181955628627E-15
7975.83455729485  1.002041008125035E-15
7979.19799661637  9.937779965715218E-16
7982.56143593789  1.005023976401399E-15
7985.92487525941  1.000451202360473E-15
7989.28831458092  9.966535731760162E-16
7992.65175390244  9.981818603148717E-16
7996.01519322396  9.933623073533514E-16
7999.37863254548  9.957410526752621E-16
8002.74207186699  1.010458851424500E-15
8006.10551118851  1.021090823968140E-15
8009.46895051003  1.029614060342491E-15
8012.83238983155  1.043814380581661E-15
8016.19582915307  1.043700156301618E-15
8019.55926847458  1.028049782848656E-15
8022.9227077961  1.030794225521309E-15
8026.28614711762  1.034649206851507E-15
8029.64958643914  1.041646089114227E-15
8033.01302576066  1.055093714942876E-15
8036.37646508217  1.069308274035818E-15
8039.73990440369  1.087293741705726E-15
8043.10334372521  1.104805505579874E-15
8046.46678304673  1.104237287999821E-15
8049.83022236825  1.096817155251397E-15
8053.19366168976  1.120944846764605E-15
8056.55710101128  1.140261711742702E-15
8059.9205403328  1.124672822782829E-15
8063.28397965432  1.115121853145000E-15
8066.64741897584  1.143616631122253E-15
8070.01085829735  1.169908235861563E-15
8073.37429761887  1.180080550559674E-15
8076.73773694039  1.181769738798000E-15
8080.10117626191  1.171693667916834E-15
8083.46461558343  1.175809422639875E-15
8086.82805490494  1.188824959739150E-15
8090.19149422646  1.183562275861469E-15
8093.55493354798  1.188143202926357E-15
8096.9183728695  1.201670122341127E-15
8100.28181219102  1.190399255208554E-15
8103.64525151253  1.186340709011122E-15
8107.00869083405  1.180844249072724E-15
8110.37213015557  1.179517134419924E-15
8113.73556947709  1.188505041867750E-15
8117.0990087986  1.183187495360211E-15
8120.46244812012  1.189505782556279E-15
8123.82588744164  1.191109997248664E-15
8127.18932676316  1.203706026286562E-15
8130.55276608468  1.200843928673616E-15
8133.91620540619  1.193708726743286E-15
8137.27964472771  1.205983170798251E-15
8140.64308404923  1.187198042222033E-15
8144.00652337075  1.163778696354833E-15
8147.36996269227  1.189075604346484E-15
8150.73340201379  1.212947683244527E-15
8154.0968413353  1.197591171810515E-15
8157.46028065682  1.182089815615040E-15
8160.82371997834  1.188428196640248E-15
8164.18715929986  1.208992753948809E-15
8167.55059862137  1.213429719185774E-15
8170.91403794289  1.205052401573342E-15
8174.27747726441  1.223264660802159E-15
8177.64091658593  1.242515250216290E-15
8181.00435590745  1.235383655399533E-15
8184.36779522896  1.239356258683485E-15
8187.73123455048  1.261300854890757E-15
8191.094673872  1.268933673706174E-15
8194.45811319352  1.272325516468449E-15
8197.82155251504  1.269003365827057E-15
8201.18499183655  1.277617708266192E-15
8204.54843115807  1.299340983813670E-15
8207.91187047959  1.306656307110308E-15
8211.27530980111  1.299020421516054E-15
8214.63874912262  1.294568975511731E-15
8218.00218844414  1.265898840942537E-15
8221.36562776566  1.235249123991963E-15
8224.72906708718  1.235759341480421E-15
8228.0925064087  1.223791845872594E-15
8231.45594573021  1.265315743920732E-15
8234.81938505173  1.298505055529461E-15
8238.18282437325  1.293018287119932E-15
8241.54626369477  1.293425860681111E-15
8244.90970301629  1.311965565219194E-15
8248.27314233781  1.327214610699282E-15
8251.63658165932  1.310958670250681E-15
8255.00002098084  1.297821851453139E-15
8258.36346030236  1.317776832689964E-15
8261.72689962388  1.321420390490728E-15
8265.0903389454  1.320676892396908E-15
8268.45377826691  1.314140451259722E-15
8271.81721758843  1.304541833321894E-15
8275.18065690995  1.286119537482067E-15
8278.54409623147  1.290409752335438E-15
8281.90753555299  1.293348380450712E-15
8285.2709748745  1.302262757982411E-15
8288.63441419602  1.310810120968864E-15
8291.99785351754  1.298496308627563E-15
8295.36129283906  1.297022972928837E-15
8298.72473216057  1.286442205284897E-15
8302.08817148209  1.287534233886442E-15
8305.45161080361  1.308373103280318E-15
8308.81505012513  1.323144695363453E-15
8312.17848944665  1.312795707708227E-15
8315.54192876816  1.328575491068233E-15
8318.90536808968  1.328200143870541E-15
8322.2688074112  1.308215199169979E-15
8325.63224673272  1.308306697544214E-15
8328.99568605424  1.303766181182810E-15
8332.35912537575  1.318075733068822E-15
8335.72256469727  1.319469042277005E-15
8339.08600401879  1.304686339963365E-15
8342.44944334031  1.284579400731457E-15
8345.81288266183  1.295909914479096E-15
8349.17632198334  1.303090122050520E-15
8352.53976130486  1.291290881273500E-15
8355.90320062638  1.292456734982466E-15
8359.2666399479  1.287703643129619E-15
8362.63007926941  1.269516708317081E-15
8365.99351859093  1.270245371172514E-15
8369.35695791245  1.257050599329102E-15
8372.72039723397  1.268090388624130E-15
8376.08383655549  1.277803485091885E-15
8379.447275877  1.265091568386679E-15
8382.81071519852  1.240226150486051E-15
8386.17415452004  1.252669133623096E-15
8389.53759384156  1.275682027684670E-15
8392.90103316308  1.256232074131867E-15
8396.26447248459  1.240011129958829E-15
8399.62791180611  1.249698640669393E-15
8402.99135112763  1.232297956168252E-15
8406.35479044915  1.216160093990619E-15
8409.71822977067  1.205057151619272E-15
8413.08166909218  1.212113217359439E-15
8416.4451084137  1.202964757866125E-15
8419.80854773522  1.197446410817813E-15
8423.17198705674  1.203784983268679E-15
8426.53542637826  1.203899776865146E-15
8429.89886569977  1.179986281885280E-15
8433.26230502129  1.171988680575946E-15
8436.62574434281  1.167344630188871E-15
8439.98918366433  1.161974054970838E-15
8443.35262298585  1.156989986490718E-15
8446.71606230736  1.150668893262972E-15
8450.07950162888  1.136820329701416E-15
8453.4429409504  1.142500174438615E-15
8456.80638027192  1.175646569306879E-15
8460.16981959344  1.165061489719439E-15
8463.53325891495  1.150758432252749E-15
8466.89669823647  1.163000700421200E-15
8470.26013755799  1.139023291362142E-15
8473.62357687951  1.099017744909616E-15
8476.98701620103  1.110980472422416E-15
8480.35045552254  1.131051933077980E-15
8483.71389484406  1.124948420215377E-15
8487.07733416558  1.120759072322756E-15
8490.4407734871  1.125265152426883E-15
8493.80421280862  1.114360864477981E-15
8497.16765213013  1.095686574096833E-15
8500.53109145165  1.083647312655682E-15
8503.89453077317  1.074135849787356E-15
8507.25797009469  1.094236367554675E-15
8510.6214094162  1.087016412871031E-15
8513.98484873772  1.067316532658395E-15
8517.34828805924  1.064707993827225E-15
8520.71172738076  1.059078787743761E-15
8524.07516670228  1.049079421408950E-15
8527.4386060238  1.054158051147054E-15
8530.80204534531  1.066486340519826E-15
8534.16548466683  1.069991033007553E-15
8537.52892398835  1.064028812968848E-15
8540.89236330987  1.053355063185172E-15
8544.25580263138  1.034741342024266E-15
8547.6192419529  1.038577566232494E-15
8550.98268127442  1.033807202660857E-15
8554.34612059594  1.045403123263153E-15
8557.70955991746  1.064479091154320E-15
8561.07299923897  1.056825259127068E-15
8564.43643856049  1.053547528455992E-15
8567.79987788201  1.048609282869425E-15
8571.16331720353  1.041021464077820E-15
8574.52675652504  1.059766678133251E-15
8577.89019584656  1.070842409434900E-15
8581.25363516808  1.071320797589106E-15
8584.6170744896  1.073531270412536E-15
8587.98051381112  1.051835701070515E-15
8591.34395313263  1.029630258794919E-15
8594.70739245415  1.039704513031071E-15
8598.07083177567  1.048534510089225E-15
8601.43427109719  1.054049236555254E-15
8604.79771041871  1.072835991551205E-15
8608.16114974022  1.069424317707900E-15
8611.52458906174  1.054421290444280E-15
8614.88802838326  1.032092040012451E-15
8618.25146770478  1.027895176596878E-15
8621.6149070263  1.055510030534310E-15
8624.97834634781  1.071898626305401E-15
8628.34178566933  1.065266404013139E-15
8631.70522499085  1.060946013073632E-15
8635.06866431237  1.042772040747970E-15
8638.43210363389  1.041216239854709E-15
8641.7955429554  1.054452624961470E-15
8645.15898227692  1.080737996432324E-15
8648.52242159844  1.076269961794674E-15
8651.88586091996  1.071198522588068E-15
8655.24930024148  1.081737827223589E-15
8658.61273956299  1.078861271797427E-15
8661.97617888451  1.079417375321569E-15
8665.33961820603  1.089578784891818E-15
8668.70305752755  1.074643666068501E-15
8672.06649684907  1.056851782724239E-15
8675.42993617058  1.058886642192608E-15
8678.7933754921  1.049136176173792E-15
8682.15681481362  1.045963814960181E-15
8685.52025413514  1.077238458987619E-15
8688.88369345666  1.104119090949151E-15
8692.24713277817  1.091994979698571E-15
8695.61057209969  1.079575646259352E-15
8698.97401142121  1.088190090524219E-15
8702.33745074273  1.075610986975322E-15
8705.70089006425  1.069809006234426E-15
8709.06432938576  1.069649879272658E-15
8712.42776870728  1.082616921276695E-15
8715.7912080288  1.093326320899003E-15
8719.15464735032  1.088093214407060E-15
8722.51808667184  1.082484123772545E-15
8725.88152599335  1.077403027636435E-15
8729.24496531487  1.063967267278017E-15
8732.60840463639  1.065501308325188E-15
8735.97184395791  1.089355818863856E-15
8739.33528327943  1.113992905842086E-15
8742.69872260094  1.106547305044083E-15
8746.06216192246  1.102172249949543E-15
8749.42560124398  1.094747687774167E-15
8752.7890405655  1.081010783713800E-15
8756.15247988701  1.085708488380751E-15
8759.51591920853  1.102084398683252E-15
8762.87935853005  1.125185312230016E-15
8766.24279785157  1.118629460910643E-15
8769.60623717309  1.090922754560346E-15
8772.9696764946  1.103669075287691E-15
8776.33311581612  1.084407555165579E-15
8779.69655513764  1.057994229652976E-15
8783.05999445916  1.075958919299594E-15
8786.42343378068  1.095926017893961E-15
8789.78687310219  1.103851804444673E-15
8793.15031242371  1.123296404082134E-15
8796.51375174523  1.124165036897927E-15
8799.87719106675  1.091819281258163E-15
8803.24063038827  1.096396140822721E-15
8806.60406970978  1.086530298951136E-15
8809.9675090313  1.082544567344530E-15
8813.33094835282  1.105748833686740E-15
8816.69438767434  1.117380562825529E-15
8820.05782699586  1.099509778418434E-15
8823.42126631737  1.068888794119176E-15
8826.78470563889  1.054482195273542E-15
8830.14814496041  1.046502160099199E-15
8833.51158428193  1.063942544737817E-15
8836.87502360345  1.077792143354641E-15
8840.23846292496  1.085277514072117E-15
8843.60190224648  1.088505719345859E-15
8846.965341568  1.068401404565666E-15
8850.32878088952  1.029415406082078E-15
8853.69222021103  1.014696669203074E-15
8857.05565953255  1.046208742011361E-15
8860.41909885407  1.076994995232719E-15
8863.78253817559  1.075809576941380E-15
8867.14597749711  1.057580632044897E-15
8870.50941681862  1.050357815349648E-15
8873.87285614014  1.047981165473356E-15
8877.23629546166  1.043337851970306E-15
8880.59973478318  1.060559278994050E-15
8883.9631741047  1.087070908940761E-15
8887.32661342621  1.072446736282389E-15
8890.69005274773  1.050845226706089E-15
8894.05349206925  1.052327017618639E-15
8897.41693139077  1.035027466654472E-15
8900.78037071229  1.030190925906436E-15
8904.14381003381  1.021251696991213E-15
8907.50724935532  9.983042515780130E-16
8910.87068867684  1.007342228842708E-15
8914.23412799836  1.026933638725011E-15
8917.59756731988  1.019399424325661E-15
8920.9610066414  1.033629681540363E-15
8924.32444596291  1.015928323960731E-15
8927.68788528443  9.721566153727053E-16
8931.05132460595  9.729731041755954E-16
8934.41476392747  1.001628683974070E-15
8937.77820324898  1.001462835870327E-15
8941.1416425705  9.939270127291738E-16
8944.50508189202  1.013345196257178E-15
8947.86852121354  1.020345116061749E-15
8951.23196053505  9.887443699367016E-16
8954.59539985657  9.443250367861665E-16
8957.95883917809  9.355498353949409E-16
8961.32227849961  9.577767309058565E-16
8964.68571782113  9.739337135112183E-16
8968.04915714264  9.837942976482507E-16
8971.41259646416  9.894773695768948E-16
8974.77603578568  9.741519953818562E-16
8978.1394751072  9.421305557541593E-16
8981.50291442872  9.043445516529953E-16
8984.86635375024  8.753673952124650E-16
8988.22979307175  8.727253182599737E-16
8991.59323239327  8.898739267558436E-16
8994.95667171479  9.056624844065577E-16
8998.32011103631  9.214949294082753E-16
9001.68355035782  9.115150745277700E-16
9005.04698967934  8.740000667812843E-16
9008.41042900086  8.671354422816655E-16
9011.77386832238  8.682546278805519E-16
9015.1373076439  8.782225256857110E-16
9018.50074696541  9.061492822760385E-16
9021.86418628693  9.178094129980024E-16
9025.22762560845  9.077452368673677E-16
9028.59106492997  8.863103498854865E-16
9031.95450425149  8.955426467805777E-16
9035.317943573  9.294312130857566E-16
9038.68138289452  9.254517662104623E-16
9042.04482221604  9.348662338090292E-16
9045.40826153756  9.333419996719985E-16
9048.77170085907  9.322873071479415E-16
9052.13514018059  9.133189616003555E-16
9055.49857950211  8.967258700883828E-16
9058.86201882363  8.808021557277299E-16
9062.22545814515  8.546966934181627E-16
9065.58889746666  8.412590920041845E-16
9068.95233678818  8.411561148346800E-16
9072.3157761097  8.640113786877137E-16
9075.67921543122  8.815850551958817E-16
9079.04265475274  8.642620173969259E-16
9082.40609407426  8.446248940307230E-16
9085.76953339577  8.387519806488143E-16
9089.13297271729  8.283934769033704E-16
9092.49641203881  8.278601151733337E-16
9095.85985136033  8.473427263064065E-16
9099.22329068185  8.478740584044002E-16
9102.58673000336  8.446041838199114E-16
9105.95016932488  8.504195669035595E-16
9109.3136086464  8.394180428017705E-16
9112.67704796792  8.228925767508821E-16
9116.04048728944  8.280918106650323E-16
9119.40392661095  8.400010598237415E-16
9122.76736593247  8.503580800375395E-16
9126.13080525399  8.680512972907285E-16
9129.49424457551  8.538015556051027E-16
9132.85768389702  8.106569183631730E-16
9136.22112321854  7.970025890187088E-16
9139.58456254006  8.167552917940760E-16
9142.94800186158  8.207442618816868E-16
9146.3114411831  8.098453267100570E-16
9149.67488050461  8.212958703716232E-16
9153.03831982613  8.379502887548142E-16
9156.40175914765  8.233033032517298E-16
9159.76519846917  8.136695198466927E-16
9163.12863779068  8.277541558760415E-16
9166.4920771122  8.117614222018392E-16
9169.85551643372  7.854589299888742E-16
9173.21895575524  7.843751619039752E-16
9176.58239507676  7.781424769737368E-16
9179.94583439828  7.837238147702125E-16
9183.30927371979  8.250215299481896E-16
9186.67271304131  8.264540799243464E-16
9190.03615236283  8.098148989044778E-16
9193.39959168435  8.019056121273498E-16
9196.76303100586  7.910488758114517E-16
9200.12647032738  7.900242618492773E-16
9203.4899096489  7.832823606307042E-16
9206.85334897042  7.834417807634869E-16
9210.21678829194  8.030389840240836E-16
9213.58022761345  8.037843394451565E-16
9216.94366693497  8.006507736507836E-16
9220.30710625649  7.890606043113018E-16
9223.67054557801  7.503950985880375E-16
9227.03398489953  7.462595638668243E-16
9230.39742422104  7.465699707937577E-16
9233.76086354256  7.400596755003442E-16
9237.12430286408  7.448052027729090E-16
9240.4877421856  7.421905887291360E-16
9243.85118150712  7.286261697885008E-16
9247.21462082863  6.867341089836873E-16
9250.57806015015  6.657590837250719E-16
9253.94149947167  6.550031549442092E-16
9257.30493879319  6.711848586163170E-16
9260.66837811471  6.654734958071681E-16
9264.03181743622  6.505416984708544E-16
9267.39525675774  6.604256996086645E-16
9270.75869607926  6.378364393963142E-16
9274.12213540078  6.160499209973021E-16
9277.4855747223  6.089087948608542E-16
9280.84901404381  5.883653102661802E-16
9284.21245336533  5.759142048288729E-16
9287.57589268685  5.656397369600628E-16
9290.93933200837  5.632263258818031E-16
9294.30277132989  5.616243754497817E-16
9297.6662106514  5.439526459803243E-16
9301.02964997292  5.297837960762759E-16
9304.39308929444  5.190294892169342E-16
9307.75652861596  5.157121277581827E-16
9311.11996793748  4.908488213149054E-16
9314.48340725899  4.920067128060726E-16
9317.84684658051  5.078498248246134E-16
9321.21028590203  4.934801589047800E-16
9324.57372522355  4.636047426087982E-16
9327.93716454507  4.415926439472404E-16
9331.30060386658  4.500226756174479E-16
9334.6640431881  4.361252825395906E-16
9338.02748250962  4.110404490101792E-16
9341.39092183114  4.148686894450194E-16
9344.75436115265  4.210014523190483E-16
9348.11780047417  3.944057959436509E-16
9351.48123979569  3.752147752261299E-16
9354.84467911721  3.861950544777410E-16
9358.20811843873  3.886274295446441E-16
9361.57155776025  3.847076538827346E-16
9364.93499708176  3.821875493703466E-16
9368.29843640328  3.733271212599023E-16
9371.6618757248  3.690877908721043E-16
9375.02531504632  3.720392948562763E-16
9378.38875436783  3.666359589843840E-16
9381.75219368935  3.622875874929829E-16
9385.11563301087  3.623415950755683E-16
9388.47907233239  3.404617057219512E-16
9391.84251165391  3.195828389887803E-16
9395.20595097542  3.267575196609693E-16
9398.56939029694  3.390254805565537E-16
9401.93282961846  3.368630494984887E-16
9405.29626893998  3.333693673359062E-16
9408.6597082615  3.406293099666616E-16
9412.02314758301  3.357288423705828E-16
9415.38658690453  3.073426108963500E-16
9418.75002622605  3.034632402696197E-16
9422.11346554757  2.932392270715647E-16
9425.47690486909  2.925969042080709E-16
9428.8403441906  3.060460456273383E-16
9432.20378351212  2.982270649952600E-16
9435.56722283364  2.824978731168937E-16
9438.93066215516  2.939317423726860E-16
9442.29410147667  3.246079303140931E-16
9445.65754079819  3.292629382686190E-16
9449.02098011971  3.190006021383430E-16
9452.38441944123  3.144816450375804E-16
9455.74785876275  3.116058470505986E-16
9459.11129808427  2.853455457280324E-16
9462.47473740578  2.652122040622026E-16
9465.8381767273  2.931031360815421E-16
9469.20161604882  2.868872978632257E-16
9472.56505537034  2.629640496929202E-16
9475.92849469185  2.732331862121940E-16
9479.29193401337  2.836811763307744E-16
9482.65537333489  2.728576368549093E-16
9486.01881265641  2.613109338235531E-16
9489.38225197793  2.683623283800333E-16
9492.74569129944  2.862788914182223E-16
9496.10913062096  2.793265409121188E-16
9499.47256994248  2.727808559341657E-16
9502.836009264  2.776518968470735E-16
9506.19944858552  2.773318671129669E-16
9509.56288790703  2.819343531404786E-16
9512.92632722855  2.783431842671315E-16
9516.28976655007  2.601685899964763E-16
9519.65320587159  2.671542744347743E-16
9523.01664519311  2.704312957829496E-16
9526.38008451462  2.562010567134121E-16
9529.74352383614  2.501620401317067E-16
9533.10696315766  2.664236048250391E-16
9536.47040247918  2.815603232202899E-16
9539.8338418007  2.923506608869134E-16
9543.19728112221  3.104191557422542E-16
9546.56072044373  3.150377117255815E-16
9549.92415976525  2.999804767447270E-16
9553.28759908677  2.781804955979750E-16
9556.65103840829  2.614213633211899E-16
9560.0144777298  2.488775169369696E-16
9563.37791705132  2.518359240915171E-16
9566.74135637284  2.541385425555015E-16
9570.10479569436  2.451320143540689E-16
9573.46823501588  2.466087063499323E-16
9576.83167433739  2.504619917963315E-16
9580.19511365891  2.593990656433303E-16
9583.55855298043  2.508757442727416E-16
9586.92199230195  2.435082903041396E-16
9590.28543162346  2.545527887590565E-16
9593.64887094498  2.599640845644981E-16
9597.0123102665  2.378113744508727E-16
9600.37574958802  2.233346629573911E-16
9603.73918890954  2.464359453574918E-16
9607.10262823105  2.475523078488884E-16
9610.46606755257  2.284625259884717E-16
9613.82950687409  2.266954905387390E-16
9617.19294619561  2.440436490168866E-16
9620.55638551713  2.553077659872589E-16
9623.91982483864  2.556267712825165E-16
9627.28326416016  2.536196496543711E-16
9630.64670348168  2.388127903506540E-16
9634.0101428032  2.379522401310738E-16
9637.37358212472  2.374667689595134E-16
9640.73702144623  2.425560055516730E-16
9644.10046076775  2.579318028018027E-16
9647.46390008927  2.557562428639560E-16
9650.82733941079  2.406622948681164E-16
9654.19077873231  2.470993215342210E-16
9657.55421805382  2.560519298070153E-16
9660.91765737534  2.556499841731620E-16
9664.28109669686  2.571331401128103E-16
9667.64453601838  2.639809578298231E-16
9671.0079753399  2.642405748203444E-16
9674.37141466141  2.606704578982930E-16
9677.73485398293  2.654153506817403E-16
9681.09829330445  2.694945304839246E-16
9684.46173262597  2.670208218225357E-16
9687.82517194748  2.693535381220296E-16
9691.188611269  2.604398911025400E-16
9694.55205059052  2.512918404836192E-16
9697.91548991204  2.593454094033463E-16
9701.27892923356  2.571564892085145E-16
9704.64236855507  2.476430751371307E-16
