3494.59423828125  -4.721253E-16
3497.45960354805  1.021186E-16
3500.32496881485  -3.255309E-16
3503.19033408165  2.920531E-16
3506.05569934845  3.537783E-17
3508.92106461525  4.252577E-16
3511.78642988205  -4.991764E-16
3514.65179514885  -1.935876E-16
3517.51716041565  -3.294676E-16
3520.38252568245  -1.905534E-16
3523.24789094925  -9.427360E-16
3526.11325621605  -9.412789E-16
3528.97862148285  -3.601073E-16
3531.84398674965  6.071242E-16
3534.70935201645  -8.489359E-16
3537.57471728325  1.002942E-17
3540.44008255005  -4.764218E-16
3543.30544781685  2.279548E-16
3546.17081308365  -6.862650E-17
3549.03617835045  6.622564E-16
3551.90154361725  -7.256419E-17
3554.76690888405  2.897688E-16
3557.63227415085  7.401933E-16
3560.49763941765  6.837805E-16
3563.36300468445  1.479887E-15
3566.22836995125  5.776283E-17
3569.09373521805  -4.904474E-17
3571.95910048485  4.715077E-16
3574.82446575165  1.044520E-15
3577.68983101845  1.085520E-16
3580.55519628525  3.876227E-16
3583.42056155205  5.484657E-16
3586.28592681885  5.128660E-16
3589.15129208565  4.488782E-16
3592.01665735245  1.070648E-15
3594.88202261925  -5.379965E-16
3597.74738788605  2.381722E-16
3600.61275315285  9.330520E-16
3603.47811841965  -3.931401E-17
3606.34348368645  9.549138E-16
3609.20884895325  9.818751E-16
3612.07421422005  2.160835E-16
3614.93957948685  1.411606E-16
3617.80494475365  -1.977813E-16
3620.67031002045  7.389897E-16
3623.53567528725  6.098301E-16
3626.40104055405  2.435436E-16
3629.26640582085  2.127726E-16
3632.13177108765  -1.131980E-16
3634.99713635445  5.057240E-16
3637.86250162125  4.238240E-16
3640.72786688805  9.632125E-16
3643.59323215485  3.442190E-16
3646.45859742165  9.080549E-16
3649.32396268845  8.735388E-17
3652.18932795525  1.461419E-16
3655.05469322205  5.585944E-16
3657.92005848885  3.485849E-16
3660.78542375565  6.131406E-16
3663.65078902245  8.774605E-16
3666.51615428925  6.265299E-16
3669.38151955605  3.488294E-16
3672.24688482285  4.276468E-16
3675.11225008965  4.521291E-16
3677.97761535645  8.901951E-16
3680.84298062325  2.210784E-16
3683.70834589005  5.523749E-16
3686.57371115685  -2.567030E-16
3689.43907642365  5.467376E-16
3692.30444169045  2.780897E-16
3695.16980695725  1.364609E-16
3698.03517222405  7.761469E-17
3700.90053749085  9.337738E-16
3703.76590275765  4.981671E-16
3706.63126802445  -3.979345E-16
3709.49663329125  6.704120E-16
3712.36199855805  9.260091E-16
3715.22736382485  5.595234E-16
3718.09272909165  6.199912E-16
3720.95809435845  9.568124E-16
3723.82345962525  3.393414E-16
3726.68882489205  2.329762E-17
3729.55419015885  6.860855E-16
3732.41955542565  -1.563410E-17
3735.28492069245  7.635293E-16
3738.15028595925  6.498127E-16
3741.01565122605  6.950302E-16
3743.88101649285  7.037068E-17
3746.74638175965  5.750937E-16
3749.61174702645  6.048197E-16
3752.47711229325  7.111848E-17
3755.34247756005  1.061503E-16
3758.20784282685  5.222864E-16
3761.07320809365  1.751772E-16
3763.93857336045  1.502030E-16
3766.80393862725  4.594187E-16
3769.66930389405  6.205813E-17
3772.53466916085  7.544345E-16
3775.40003442765  8.182409E-16
3778.26539969445  1.056073E-16
3781.13076496125  9.979741E-17
3783.99613022805  -8.399462E-17
3786.86149549485  3.849905E-16
3789.72686076165  6.098526E-16
3792.59222602845  -4.955644E-17
3795.45759129525  1.169783E-16
3798.32295656205  6.123750E-16
3801.18832182885  -1.096588E-18
3804.05368709565  5.167260E-16
3806.91905236245  6.326938E-16
3809.78441762925  3.723316E-16
3812.64978289605  4.817914E-16
3815.51514816285  5.400777E-16
3818.38051342965  4.727064E-16
3821.24587869645  7.078637E-16
3824.11124396325  9.023183E-16
3826.97660923005  7.702766E-16
3829.84197449685  6.334033E-16
3832.70733976365  4.096623E-16
3835.57270503045  9.079663E-16
3838.43807029725  3.909154E-16
3841.30343556405  9.870546E-16
3844.16880083085  8.270195E-16
3847.03416609765  7.590166E-16
3849.89953136445  5.047775E-16
3852.76489663125  4.850154E-16
3855.63026189805  8.931322E-16
3858.49562716485  1.044848E-15
3861.36099243165  6.264060E-16
3864.22635769845  6.106326E-16
3867.09172296525  4.890863E-16
3869.95708823205  9.022791E-16
3872.82245349884  5.436661E-16
3875.68781876564  6.075883E-16
3878.55318403245  7.164204E-16
3881.41854929925  5.064445E-16
3884.28391456605  9.589612E-16
3887.14927983285  8.683799E-16
3890.01464509965  1.237093E-15
3892.88001036644  7.147908E-16
3895.74537563324  1.308715E-15
3898.61074090004  1.458299E-15
3901.47610616684  9.641377E-16
3904.34147143364  1.073879E-15
3907.20683670044  1.179995E-15
3910.07220196724  1.348852E-15
3912.93756723404  8.904793E-16
3915.80293250084  1.236131E-15
3918.66829776764  1.005319E-15
3921.53366303444  1.182191E-15
3924.39902830124  1.402314E-15
3927.26439356804  1.035758E-15
3930.12975883484  1.249047E-15
3932.99512410164  1.381897E-15
3935.86048936844  1.155587E-15
3938.72585463524  1.121379E-15
3941.59121990204  1.098938E-15
3944.45658516884  1.248379E-15
3947.32195043564  9.059874E-16
3950.18731570244  1.302203E-15
3953.05268096924  1.177277E-15
3955.91804623604  1.191831E-15
3958.78341150284  1.013564E-15
3961.64877676964  1.324231E-15
3964.51414203644  8.847543E-16
3967.37950730324  1.120226E-15
3970.24487257004  1.163112E-15
3973.11023783684  1.333998E-15
3975.97560310364  1.556620E-15
3978.84096837044  1.143897E-15
3981.70633363724  1.272001E-15
3984.57169890404  1.066403E-15
3987.43706417084  1.233643E-15
3990.30242943764  1.416091E-15
3993.16779470444  1.278286E-15
3996.03315997124  1.100619E-15
3998.89852523804  1.445624E-15
4001.76389050484  1.522807E-15
4004.62925577164  1.330440E-15
4007.49462103844  1.325958E-15
4010.35998630524  9.212522E-16
4013.22535157204  1.139474E-15
4016.09071683884  1.391393E-15
4018.95608210564  1.155081E-15
4021.82144737244  1.353324E-15
4024.68681263924  1.234751E-15
4027.55217790604  1.052974E-15
4030.41754317284  1.364797E-15
4033.28290843964  1.321212E-15
4036.14827370644  1.427972E-15
4039.01363897324  1.148567E-15
4041.87900424004  1.186954E-15
4044.74436950684  9.885569E-16
4047.60973477364  1.143272E-15
4050.47510004044  7.990601E-16
4053.34046530724  1.260521E-15
4056.20583057404  5.917390E-16
4059.07119584084  1.113172E-15
4061.93656110764  8.766005E-16
4064.80192637444  7.734709E-16
4067.66729164124  8.731868E-16
4070.53265690804  7.332094E-16
4073.39802217484  9.169661E-16
4076.26338744164  7.800785E-16
4079.12875270844  5.226732E-16
4081.99411797524  9.352167E-16
4084.85948324204  9.793012E-16
4087.72484850884  8.196034E-16
4090.59021377564  8.052300E-16
4093.45557904244  1.329874E-15
4096.32094430924  9.179784E-16
4099.18630957604  9.448221E-16
4102.05167484284  9.422217E-16
4104.91704010964  7.959361E-16
4107.78240537644  7.486156E-16
4110.64777064324  1.182366E-15
4113.51313591004  7.819582E-16
4116.37850117684  7.454428E-16
4119.24386644364  1.096605E-15
4122.10923171044  1.122304E-15
4124.97459697724  1.077287E-15
4127.83996224404  1.171236E-15
4130.70532751084  1.166527E-15
4133.57069277764  1.329635E-15
4136.43605804444  9.541213E-16
4139.30142331124  8.305488E-16
4142.16678857804  7.556202E-16
4145.03215384484  7.532210E-16
4147.89751911164  8.390935E-16
4150.76288437844  1.268657E-15
4153.62824964524  9.940976E-16
4156.49361491204  1.039723E-15
4159.35898017884  8.277563E-16
4162.22434544564  1.012690E-15
4165.08971071244  7.519732E-16
4167.95507597924  9.836362E-16
4170.82044124604  8.966335E-16
4173.68580651284  8.839469E-16
4176.55117177964  8.528431E-16
4179.41653704644  9.980823E-16
4182.28190231324  8.934351E-16
4185.14726758004  5.577496E-16
4188.01263284684  7.952841E-16
4190.87799811364  8.804071E-16
4193.74336338044  6.810307E-16
4196.60872864724  8.412452E-16
4199.47409391404  8.108384E-16
4202.33945918084  9.308836E-16
4205.20482444764  9.280586E-16
4208.07018971444  5.546965E-16
4210.93555498124  8.277257E-16
4213.80092024804  9.731938E-16
4216.66628551484  6.363526E-16
4219.53165078164  8.957611E-16
4222.39701604844  6.223723E-16
4225.26238131524  7.959547E-16
4228.12774658204  5.718398E-16
4230.99311184884  7.072929E-16
4233.85847711564  6.264046E-16
4236.72384238244  7.612551E-16
4239.58920764924  9.291391E-16
4242.45457291604  7.589960E-16
4245.31993818284  7.187362E-16
4248.18530344964  8.040136E-16
4251.05066871644  8.693355E-16
4253.91603398324  6.769388E-16
4256.78139925004  6.806829E-16
4259.64676451684  8.031771E-16
4262.51212978364  7.921410E-16
4265.37749505044  9.749359E-16
4268.24286031724  7.957822E-16
4271.10822558404  9.653002E-16
4273.97359085084  8.790990E-16
4276.83895611764  8.423316E-16
4279.70432138444  7.462120E-16
4282.56968665124  9.448417E-16
4285.43505191804  7.026692E-16
4288.30041718484  6.842357E-16
4291.16578245164  7.020177E-16
4294.03114771844  6.556325E-16
4296.89651298524  8.796609E-16
4299.76187825204  8.864284E-16
4302.62724351883  6.339800E-16
4305.49260878563  7.011132E-16
4308.35797405243  8.430538E-16
4311.22333931923  8.486359E-16
4314.08870458604  7.555858E-16
4316.95406985283  9.846332E-16
4319.81943511963  7.013754E-16
4322.68480038643  8.531659E-16
4325.55016565323  7.870452E-16
4328.41553092003  7.294338E-16
4331.28089618683  7.454387E-16
4334.14626145363  5.814154E-16
4337.01162672043  5.917069E-16
4339.87699198723  5.473814E-16
4342.74235725403  6.918069E-16
4345.60772252083  9.350956E-16
4348.47308778763  6.944619E-16
4351.33845305443  5.868682E-16
4354.20381832123  6.499098E-16
4357.06918358803  8.593816E-16
4359.93454885483  8.344223E-16
4362.79991412163  7.206829E-16
4365.66527938843  5.935528E-16
4368.53064465523  7.081653E-16
4371.39600992203  7.387387E-16
4374.26137518883  5.983073E-16
4377.12674045563  9.156103E-16
4379.99210572243  8.371066E-16
4382.85747098923  8.214122E-16
4385.72283625603  7.615962E-16
4388.58820152283  9.668733E-16
4391.45356678963  9.232512E-16
4394.31893205643  6.642034E-16
4397.18429732323  9.916598E-16
4400.04966259003  7.199428E-16
4402.91502785683  8.567589E-16
4405.78039312363  1.020779E-15
4408.64575839043  7.839407E-16
4411.51112365723  9.624796E-16
4414.37648892403  1.118007E-15
4417.24185419083  7.822246E-16
4420.10721945763  9.929912E-16
4422.97258472443  8.954354E-16
4425.83794999123  8.371349E-16
4428.70331525803  9.468310E-16
4431.56868052483  1.165817E-15
4434.43404579163  1.031136E-15
4437.29941105843  8.735271E-16
4440.16477632523  9.709841E-16
4443.03014159203  1.395011E-15
4445.89550685883  1.059401E-15
4448.76087212563  1.185728E-15
4451.62623739243  9.890935E-16
4454.49160265923  8.313814E-16
4457.35696792603  9.703490E-16
4460.22233319283  1.146374E-15
4463.08769845963  1.221266E-15
4465.95306372643  1.201569E-15
4468.81842899323  1.013406E-15
4471.68379426003  1.212476E-15
4474.54915952683  1.077811E-15
4477.41452479363  1.335904E-15
4480.27989006043  1.082118E-15
4483.14525532723  1.418709E-15
4486.01062059403  1.131271E-15
4488.87598586083  1.163015E-15
4491.74135112763  1.292022E-15
4494.60671639443  1.307785E-15
4497.47208166123  1.300833E-15
4500.33744692803  1.230830E-15
4503.20281219483  1.406828E-15
4506.06817746163  1.433678E-15
4508.93354272843  1.566175E-15
4511.79890799523  1.420027E-15
4514.66427326203  1.493774E-15
4517.52963852883  1.384898E-15
4520.39500379563  1.427446E-15
4523.26036906243  1.395104E-15
4526.12573432923  1.639872E-15
4528.99109959603  1.613946E-15
4531.85646486283  1.659087E-15
4534.72183012963  1.391790E-15
4537.58719539643  1.542074E-15
4540.45256066323  1.604177E-15
4543.31792593003  1.360802E-15
4546.18329119683  1.551760E-15
4549.04865646363  1.451442E-15
4551.91402173043  1.451306E-15
4554.77938699723  1.548411E-15
4557.64475226403  1.698791E-15
4560.51011753083  1.674193E-15
4563.37548279763  1.819354E-15
4566.24084806443  1.515482E-15
4569.10621333123  1.742008E-15
4571.97157859803  1.678157E-15
4574.83694386483  1.765578E-15
4577.70230913163  1.708141E-15
4580.56767439843  1.781723E-15
4583.43303966523  1.855260E-15
4586.29840493203  1.794167E-15
4589.16377019883  1.586717E-15
4592.02913546563  1.644320E-15
4594.89450073243  1.920911E-15
4597.75986599923  1.781644E-15
4600.62523126603  1.918054E-15
4603.49059653283  1.808214E-15
4606.35596179963  1.769908E-15
4609.22132706643  1.753129E-15
4612.08669233323  1.594894E-15
4614.95205760003  1.702125E-15
4617.81742286683  1.660003E-15
4620.68278813363  1.957758E-15
4623.54815340043  1.659862E-15
4626.41351866723  1.670673E-15
4629.27888393403  1.678957E-15
4632.14424920083  1.644959E-15
4635.00961446763  1.571828E-15
4637.87497973443  1.675409E-15
4640.74034500123  1.715193E-15
4643.60571026803  1.473046E-15
4646.47107553483  1.489002E-15
4649.33644080163  1.473065E-15
4652.20180606843  1.485757E-15
4655.06717133523  1.575594E-15
4657.93253660203  1.688653E-15
4660.79790186883  1.634071E-15
4663.66326713563  1.559837E-15
4666.52863240243  1.527325E-15
4669.39399766923  1.548727E-15
4672.25936293603  1.464232E-15
4675.12472820283  1.516064E-15
4677.99009346963  1.436936E-15
4680.85545873643  1.397831E-15
4683.72082400323  1.426922E-15
4686.58618927003  1.337339E-15
4689.45155453683  1.419292E-15
4692.31691980363  1.388348E-15
4695.18228507043  1.254026E-15
4698.04765033723  1.476794E-15
4700.91301560403  1.306709E-15
4703.77838087083  1.330623E-15
4706.64374613763  1.329593E-15
4709.50911140443  1.300695E-15
4712.37447667123  1.232362E-15
4715.23984193802  9.955377E-16
4718.10520720482  1.261342E-15
4720.97057247163  1.116882E-15
4723.83593773843  1.031139E-15
4726.70130300523  1.124128E-15
4729.56666827203  1.008721E-15
4732.43203353883  1.108078E-15
4735.29739880563  9.258078E-16
4738.16276407243  1.137724E-15
4741.02812933923  1.154278E-15
4743.89349460602  1.085072E-15
4746.75885987282  1.029517E-15
4749.62422513962  1.173017E-15
4752.48959040642  1.099577E-15
4755.35495567322  9.660932E-16
4758.22032094002  9.903972E-16
4761.08568620682  1.072923E-15
4763.95105147362  1.120513E-15
4766.81641674042  1.164061E-15
4769.68178200722  1.112126E-15
4772.54714727402  1.115069E-15
4775.41251254082  1.031119E-15
4778.27787780762  8.960049E-16
4781.14324307442  1.127031E-15
4784.00860834122  9.303867E-16
4786.87397360802  1.072080E-15
4789.73933887482  1.074265E-15
4792.60470414162  1.025083E-15
4795.47006940842  9.394578E-16
4798.33543467522  9.627969E-16
4801.20079994202  1.134077E-15
4804.06616520882  1.106636E-15
4806.93153047562  9.586283E-16
4809.79689574242  1.233867E-15
4812.66226100922  9.666948E-16
4815.52762627602  1.104654E-15
4818.39299154282  1.178471E-15
4821.25835680962  9.979170E-16
4824.12372207642  1.014548E-15
4826.98908734322  8.119384E-16
4829.85445261002  8.834703E-16
4832.71981787682  1.044871E-15
4835.58518314362  9.927664E-16
4838.45054841042  1.054440E-15
4841.31591367722  9.893309E-16
4844.18127894402  1.031623E-15
4847.04664421082  1.110736E-15
4849.91200947762  9.656248E-16
4852.77737474442  1.254412E-15
4855.64274001122  1.106397E-15
4858.50810527802  1.199460E-15
4861.37347054482  1.161859E-15
4864.23883581162  1.260137E-15
4867.10420107842  1.242149E-15
4869.96956634522  1.387396E-15
4872.83493161202  1.381493E-15
4875.70029687882  1.310273E-15
4878.56566214562  1.469145E-15
4881.43102741242  1.421293E-15
4884.29639267922  1.303751E-15
4887.16175794602  1.472750E-15
4890.02712321282  1.274944E-15
4892.89248847962  1.382006E-15
4895.75785374642  1.506668E-15
4898.62321901322  1.434600E-15
4901.48858428002  1.282861E-15
4904.35394954682  9.532687E-16
4907.21931481362  1.242845E-15
4910.08468008042  1.253667E-15
4912.95004534722  1.113305E-15
4915.81541061402  1.218810E-15
4918.68077588082  1.317871E-15
4921.54614114762  1.270888E-15
4924.41150641442  1.077817E-15
4927.27687168122  1.263704E-15
4930.14223694802  1.206692E-15
4933.00760221482  1.040636E-15
4935.87296748162  1.100636E-15
4938.73833274842  1.241917E-15
4941.60369801522  1.212296E-15
4944.46906328202  1.335092E-15
4947.33442854882  1.177871E-15
4950.19979381562  1.088318E-15
4953.06515908242  1.192671E-15
4955.93052434922  1.391383E-15
4958.79588961602  1.242337E-15
4961.66125488282  1.376141E-15
4964.52662014962  1.514476E-15
4967.39198541642  1.349520E-15
4970.25735068322  1.216913E-15
4973.12271595002  1.350824E-15
4975.98808121682  1.239021E-15
4978.85344648362  1.148294E-15
4981.71881175042  1.384907E-15
4984.58417701722  1.306119E-15
4987.44954228402  1.154565E-15
4990.31490755082  1.226655E-15
4993.18027281762  1.262035E-15
4996.04563808442  1.395685E-15
4998.91100335122  1.312147E-15
5001.77636861802  1.321616E-15
5004.64173388482  1.273511E-15
5007.50709915162  1.348642E-15
5010.37246441842  1.387020E-15
5013.23782968522  1.276472E-15
5016.10319495202  1.151946E-15
5018.96856021882  1.319323E-15
5021.83392548562  1.146122E-15
5024.69929075242  1.317722E-15
5027.56465601922  1.218461E-15
5030.43002128602  9.640453E-16
5033.29538655282  1.043275E-15
5036.16075181962  1.198672E-15
5039.02611708642  1.203817E-15
5041.89148235322  1.209063E-15
5044.75684762002  1.268092E-15
5047.62221288682  1.007122E-15
5050.48757815362  1.005760E-15
5053.35294342042  1.124397E-15
5056.21830868722  1.163378E-15
5059.08367395402  1.119459E-15
5061.94903922082  1.149824E-15
5064.81440448762  1.134057E-15
5067.67976975442  1.199920E-15
5070.54513502122  9.542919E-16
5073.41050028802  1.106575E-15
5076.27586555482  9.892867E-16
5079.14123082162  1.004980E-15
5082.00659608842  1.189956E-15
5084.87196135522  9.710249E-16
5087.73732662202  9.661663E-16
5090.60269188882  9.417750E-16
5093.46805715562  1.156615E-15
5096.33342242242  1.114811E-15
5099.19878768922  1.116744E-15
5102.06415295602  1.366064E-15
5104.92951822282  1.256577E-15
5107.79488348962  1.025465E-15
5110.66024875642  1.015982E-15
5113.52561402322  1.161361E-15
5116.39097929002  1.046282E-15
5119.25634455682  9.787806E-16
5122.12170982362  1.243866E-15
5124.98707509042  1.033723E-15
5127.85244035722  1.149315E-15
5130.71780562401  1.190603E-15
5133.58317089082  1.132931E-15
5136.44853615762  1.161639E-15
5139.31390142442  1.211887E-15
5142.17926669122  1.062533E-15
5145.04463195802  1.226431E-15
5147.90999722482  1.151508E-15
5150.77536249162  1.265835E-15
5153.64072775842  1.272428E-15
5156.50609302522  1.493851E-15
5159.37145829202  1.418342E-15
5162.23682355882  1.186879E-15
5165.10218882562  1.228188E-15
5167.96755409241  1.380487E-15
5170.83291935922  1.257885E-15
5173.69828462601  1.263927E-15
5176.56364989282  1.269098E-15
5179.42901515962  1.202074E-15
5182.29438042641  1.323156E-15
5185.15974569321  1.177183E-15
5188.02511096001  1.230073E-15
5190.89047622682  1.269458E-15
5193.75584149361  1.268493E-15
5196.62120676041  1.482584E-15
5199.48657202722  1.288612E-15
5202.35193729401  1.470222E-15
5205.21730256082  1.394032E-15
5208.08266782761  1.436815E-15
5210.94803309441  1.331704E-15
5213.81339836122  1.273501E-15
5216.67876362801  1.505266E-15
5219.54412889482  1.478271E-15
5222.40949416161  1.487060E-15
5225.27485942842  1.258356E-15
5228.14022469522  1.435602E-15
5231.00558996202  1.442750E-15
5233.87095522882  1.408748E-15
5236.73632049561  1.399165E-15
5239.60168576241  1.382841E-15
5242.46705102921  1.436000E-15
5245.33241629601  1.471927E-15
5248.19778156281  1.508184E-15
5251.06314682961  1.550544E-15
5253.92851209641  1.490799E-15
5256.79387736321  1.491228E-15
5259.65924263001  1.459292E-15
5262.52460789681  1.559482E-15
5265.38997316361  1.416201E-15
5268.25533843041  1.509492E-15
5271.12070369721  1.556471E-15
5273.98606896401  1.629469E-15
5276.85143423081  1.586936E-15
5279.71679949761  1.543865E-15
5282.58216476441  1.498214E-15
5285.44753003121  1.464448E-15
5288.31289529801  1.601588E-15
5291.17826056481  1.607949E-15
5294.04362583161  1.677623E-15
5296.90899109841  1.493860E-15
5299.77435636521  1.548673E-15
5302.63972163201  1.589491E-15
5305.50508689881  1.667540E-15
5308.37045216561  1.611059E-15
5311.23581743241  1.651594E-15
5314.10118269921  1.742332E-15
5316.96654796601  1.737699E-15
5319.83191323281  1.624890E-15
5322.69727849961  1.774246E-15
5325.56264376641  1.762741E-15
5328.42800903321  1.736583E-15
5331.29337430001  1.781534E-15
5334.15873956681  1.754515E-15
5337.02410483361  1.638081E-15
5339.88947010041  1.639363E-15
5342.75483536721  1.679218E-15
5345.62020063401  1.818814E-15
5348.48556590081  1.667385E-15
5351.35093116761  1.688729E-15
5354.21629643441  1.709240E-15
5357.08166170121  1.747113E-15
5359.94702696801  1.825470E-15
5362.81239223481  1.713357E-15
5365.67775750161  1.768813E-15
5368.54312276841  1.820592E-15
5371.40848803521  1.968058E-15
5374.27385330201  1.774227E-15
5377.13921856881  1.833211E-15
5380.00458383561  1.844749E-15
5382.86994910241  1.903121E-15
5385.73531436921  1.798688E-15
5388.60067963601  1.782089E-15
5391.46604490281  1.894263E-15
5394.33141016961  1.833749E-15
5397.19677543641  1.856747E-15
5400.06214070321  1.778684E-15
5402.92750597001  1.739512E-15
5405.79287123681  1.663895E-15
5408.65823650361  1.696001E-15
5411.52360177041  1.580560E-15
5414.38896703721  1.719188E-15
5417.25433230401  1.663153E-15
5420.11969757081  1.881671E-15
5422.98506283761  1.610736E-15
5425.85042810441  1.586929E-15
5428.71579337121  1.584049E-15
5431.58115863801  1.618623E-15
5434.44652390481  1.648813E-15
5437.31188917161  1.529722E-15
5440.17725443841  1.540082E-15
5443.04261970521  1.531188E-15
5445.90798497201  1.562491E-15
5448.77335023881  1.751453E-15
5451.63871550561  1.640306E-15
5454.50408077241  1.495099E-15
5457.36944603921  1.506794E-15
5460.23481130601  1.750788E-15
5463.10017657281  1.682456E-15
5465.96554183961  1.749969E-15
5468.83090710641  1.623245E-15
5471.69627237321  1.621367E-15
5474.56163764001  1.858287E-15
5477.42700290681  1.872207E-15
5480.29236817361  1.706950E-15
5483.15773344041  1.820406E-15
5486.02309870721  1.755997E-15
5488.88846397401  1.977479E-15
5491.75382924081  2.053186E-15
5494.61919450761  1.832490E-15
5497.48455977441  1.687579E-15
5500.34992504121  1.816237E-15
5503.21529030801  1.795928E-15
5506.08065557481  1.844084E-15
5508.94602084161  1.786566E-15
5511.81138610841  1.710163E-15
5514.67675137521  1.772984E-15
5517.54211664201  1.743012E-15
5520.40748190881  1.588264E-15
5523.27284717561  1.905673E-15
5526.13821244241  1.773236E-15
5529.00357770921  1.793225E-15
5531.86894297601  1.786091E-15
5534.73430824281  1.904782E-15
5537.59967350961  1.620695E-15
5540.46503877641  1.645226E-15
5543.33040404321  1.701339E-15
5546.19576931001  1.636653E-15
5549.06113457681  1.653960E-15
5551.92649984361  1.568389E-15
5554.79186511041  1.585937E-15
5557.65723037721  1.471553E-15
5560.52259564401  1.500727E-15
5563.38796091081  1.358529E-15
5566.25332617761  1.338416E-15
5569.11869144441  1.220706E-15
5571.98405671121  1.260077E-15
5574.84942197801  1.289873E-15
5577.71478724481  1.176563E-15
5580.58015251161  1.192603E-15
5583.44551777841  1.139225E-15
5586.31088304521  1.164658E-15
5589.17624831201  1.114740E-15
5592.04161357881  1.067275E-15
5594.90697884561  1.015114E-15
5597.77234411241  1.079806E-15
5600.63770937921  1.034123E-15
5603.50307464601  9.866296E-16
5606.36843991281  9.694961E-16
5609.2338051796  9.030005E-16
5612.09917044641  1.019221E-15
5614.9645357132  9.370748E-16
5617.82990098001  9.650019E-16
5620.69526624681  1.052154E-15
5623.5606315136  9.656110E-16
5626.42599678041  9.611165E-16
5629.2913620472  9.490723E-16
5632.15672731401  9.562788E-16
5635.0220925808  1.044455E-15
5637.8874578476  9.559333E-16
5640.7528231144  9.700012E-16
5643.6181883812  1.090781E-15
5646.483553648  9.251192E-16
5649.34891891481  9.310526E-16
5652.2142841816  8.689344E-16
5655.07964944841  8.847513E-16
5657.9450147152  9.015573E-16
5660.810379982  9.197301E-16
5663.6757452488  9.784253E-16
5666.5411105156  8.190300E-16
5669.4064757824  8.059524E-16
5672.2718410492  9.665063E-16
5675.137206316  8.982380E-16
5678.0025715828  9.839444E-16
5680.8679368496  1.035311E-15
5683.7333021164  1.025645E-15
5686.5986673832  8.872396E-16
5689.46403265  1.000322E-15
5692.3293979168  1.011630E-15
5695.1947631836  8.785616E-16
5698.0601284504  1.024738E-15
5700.9254937172  9.398444E-16
5703.790858984  9.393928E-16
5706.6562242508  1.006864E-15
5709.5215895176  9.549710E-16
5712.3869547844  1.064615E-15
5715.2523200512  1.021489E-15
5718.117685318  1.049362E-15
5720.9830505848  9.447050E-16
5723.8484158516  8.809062E-16
5726.7137811184  1.020427E-15
5729.5791463852  9.772101E-16
5732.444511652  9.836305E-16
5735.3098769188  1.000351E-15
5738.1752421856  1.003024E-15
5741.0406074524  9.527038E-16
5743.9059727192  9.860405E-16
5746.771337986  8.915566E-16
5749.6367032528  7.870623E-16
5752.5020685196  8.425900E-16
5755.3674337864  8.353314E-16
5758.2327990532  7.757756E-16
5761.09816432  7.809588E-16
5763.9635295868  8.583498E-16
5766.8288948536  8.113550E-16
5769.6942601204  8.111642E-16
5772.5596253872  7.986381E-16
5775.424990654  8.720581E-16
5778.2903559208  9.232199E-16
5781.1557211876  8.226580E-16
5784.0210864544  9.109818E-16
5786.8864517212  9.026774E-16
5789.751816988  9.509892E-16
5792.6171822548  9.377357E-16
5795.4825475216  9.149862E-16
5798.3479127884  9.779073E-16
5801.2132780552  1.006713E-15
5804.078643322  1.017683E-15
5806.9440085888  1.132805E-15
5809.8093738556  1.120658E-15
5812.6747391224  1.157674E-15
5815.5401043892  1.244864E-15
5818.405469656  1.265950E-15
5821.2708349228  1.391247E-15
5824.1362001896  1.185602E-15
5827.0015654564  1.454465E-15
5829.8669307232  1.434739E-15
5832.73229599  1.512924E-15
5835.5976612568  1.556857E-15
5838.4630265236  1.529069E-15
5841.3283917904  1.555944E-15
5844.1937570572  1.760672E-15
5847.059122324  1.869997E-15
5849.9244875908  1.737959E-15
5852.7898528576  1.758418E-15
5855.6552181244  1.845470E-15
5858.5205833912  1.801130E-15
5861.385948658  1.969970E-15
5864.2513139248  1.889921E-15
5867.1166791916  1.889564E-15
5869.9820444584  1.866136E-15
5872.8474097252  2.026536E-15
5875.712774992  1.958174E-15
5878.5781402588  1.974520E-15
5881.4435055256  1.939208E-15
5884.3088707924  1.882580E-15
5887.1742360592  1.794621E-15
5890.039601326  1.633128E-15
5892.9049665928  1.722714E-15
5895.7703318596  1.722661E-15
5898.6356971264  1.677023E-15
5901.5010623932  1.814115E-15
5904.36642766  1.817603E-15
5907.2317929268  1.811013E-15
5910.0971581936  1.671742E-15
5912.9625234604  1.794626E-15
5915.8278887272  1.846889E-15
5918.693253994  1.793002E-15
5921.5586192608  1.643357E-15
5924.4239845276  1.727046E-15
5927.2893497944  1.704852E-15
5930.1547150612  1.746158E-15
5933.020080328  1.754915E-15
5935.8854455948  1.787693E-15
5938.7508108616  1.666019E-15
5941.6161761284  1.715651E-15
5944.4815413952  1.691455E-15
5947.346906662  1.693484E-15
5950.2122719288  1.696852E-15
5953.0776371956  1.786408E-15
5955.9430024624  1.831142E-15
5958.8083677292  1.571535E-15
5961.673732996  1.619910E-15
5964.5390982628  1.709029E-15
5967.4044635296  1.583754E-15
5970.2698287964  1.586469E-15
5973.1351940632  1.617675E-15
5976.00055933  1.515903E-15
5978.8659245968  1.532269E-15
5981.7312898636  1.557761E-15
5984.5966551304  1.495399E-15
5987.4620203972  1.565758E-15
5990.327385664  1.511704E-15
5993.1927509308  1.484857E-15
5996.0581161976  1.380800E-15
5998.9234814644  1.532095E-15
6001.7888467312  1.564516E-15
6004.654211998  1.436230E-15
6007.5195772648  1.400118E-15
6010.3849425316  1.388965E-15
6013.2503077984  1.407902E-15
6016.1156730652  1.425455E-15
6018.981038332  1.306785E-15
6021.8464035988  1.249630E-15
6024.7117688656  1.325643E-15
6027.5771341324  1.359555E-15
6030.4424993992  1.429777E-15
6033.307864666  1.344021E-15
6036.17322993279  1.295434E-15
6039.0385951996  1.292731E-15
6041.9039604664  1.278847E-15
6044.7693257332  1.179089E-15
6047.63469099999  1.223158E-15
6050.50005626679  1.237270E-15
6053.36542153359  1.206061E-15
6056.2307868004  1.235935E-15
6059.09615206719  1.232540E-15
6061.96151733399  1.216757E-15
6064.82688260079  1.225286E-15
6067.69224786759  1.288451E-15
6070.5576131344  1.212850E-15
6073.42297840119  1.177419E-15
6076.288343668  1.211515E-15
6079.15370893479  1.125271E-15
6082.0190742016  1.189578E-15
6084.8844394684  1.189197E-15
6087.74980473519  1.272524E-15
6090.61517000199  1.300030E-15
6093.48053526879  1.165771E-15
6096.34590053559  1.120608E-15
6099.21126580239  1.157368E-15
6102.07663106919  1.143478E-15
6104.94199633599  1.157613E-15
6107.80736160279  1.192575E-15
6110.67272686959  1.198921E-15
6113.53809213639  1.227960E-15
6116.40345740319  1.153203E-15
6119.26882266999  1.188325E-15
6122.13418793679  1.214712E-15
6124.99955320359  1.204554E-15
6127.86491847039  1.212086E-15
6130.73028373719  1.182200E-15
6133.59564900399  1.231110E-15
6136.46101427079  1.182225E-15
6139.32637953759  1.192344E-15
6142.19174480439  1.172767E-15
6145.05711007119  1.068831E-15
6147.92247533799  1.087613E-15
6150.78784060479  1.104812E-15
6153.6532058716  1.122887E-15
6156.51857113839  1.113921E-15
6159.38393640519  1.128355E-15
6162.24930167199  1.176700E-15
6165.11466693879  1.189697E-15
6167.98003220559  1.228075E-15
6170.84539747239  1.203785E-15
6173.71076273919  1.204234E-15
6176.57612800599  1.201730E-15
6179.44149327279  1.247310E-15
6182.30685853959  1.303603E-15
6185.17222380639  1.324818E-15
6188.03758907319  1.337256E-15
6190.90295433999  1.324922E-15
6193.76831960679  1.290463E-15
6196.63368487359  1.362313E-15
6199.49905014039  1.434868E-15
6202.36441540719  1.398939E-15
6205.22978067399  1.453322E-15
6208.09514594079  1.351481E-15
6210.96051120759  1.395667E-15
6213.82587647439  1.448613E-15
6216.69124174119  1.477094E-15
6219.55660700799  1.496911E-15
6222.42197227479  1.467851E-15
6225.28733754159  1.452025E-15
6228.15270280839  1.479724E-15
6231.01806807519  1.541004E-15
6233.88343334199  1.484928E-15
6236.74879860879  1.557048E-15
6239.61416387559  1.567579E-15
6242.47952914239  1.533569E-15
6245.34489440919  1.524416E-15
6248.21025967599  1.666113E-15
6251.07562494279  1.693836E-15
6253.94099020959  1.701568E-15
6256.80635547639  1.724269E-15
6259.67172074319  1.728533E-15
6262.53708600999  1.844865E-15
6265.40245127679  1.931838E-15
6268.26781654359  1.850540E-15
6271.13318181039  1.807174E-15
6273.99854707719  1.816804E-15
6276.86391234399  1.853587E-15
6279.72927761079  1.836375E-15
6282.59464287759  1.694257E-15
6285.46000814439  1.651164E-15
6288.32537341119  1.680978E-15
6291.19073867799  1.664806E-15
6294.05610394479  1.768303E-15
6296.92146921159  1.783384E-15
6299.78683447839  1.675417E-15
6302.65219974519  1.731676E-15
6305.51756501199  1.751224E-15
6308.38293027879  1.700115E-15
6311.24829554559  1.705371E-15
6314.11366081239  1.784267E-15
6316.97902607919  1.773722E-15
6319.84439134599  1.703788E-15
6322.70975661279  1.732043E-15
6325.57512187959  1.805996E-15
6328.44048714639  1.860927E-15
6331.30585241319  1.793125E-15
6334.17121767999  1.718201E-15
6337.03658294679  1.681754E-15
6339.90194821359  1.820458E-15
6342.76731348039  1.898526E-15
6345.63267874719  1.710888E-15
6348.49804401399  1.703576E-15
6351.36340928079  1.700768E-15
6354.22877454759  1.627429E-15
6357.09413981439  1.661390E-15
6359.95950508119  1.624842E-15
6362.82487034799  1.613378E-15
6365.69023561479  1.605638E-15
6368.55560088159  1.574743E-15
6371.42096614839  1.590233E-15
6374.28633141519  1.603301E-15
6377.15169668199  1.572505E-15
6380.01706194879  1.700225E-15
6382.88242721559  1.501316E-15
6385.74779248239  1.528877E-15
6388.61315774919  1.556259E-15
6391.47852301599  1.697432E-15
6394.34388828279  1.506047E-15
6397.20925354959  1.549632E-15
6400.07461881639  1.524945E-15
6402.93998408319  1.618041E-15
6405.80534934999  1.528025E-15
6408.67071461679  1.526721E-15
6411.53607988359  1.722480E-15
6414.40144515039  1.563798E-15
6417.26681041719  1.663220E-15
6420.13217568399  1.523464E-15
6422.99754095079  1.535570E-15
6425.86290621759  1.533313E-15
6428.72827148439  1.588306E-15
6431.59363675119  1.660352E-15
6434.45900201799  1.544576E-15
6437.32436728479  1.587245E-15
6440.18973255159  1.593239E-15
6443.05509781839  1.511932E-15
6445.92046308519  1.562191E-15
6448.78582835199  1.517453E-15
6451.65119361879  1.491314E-15
6454.51655888559  1.522052E-15
6457.38192415238  1.534538E-15
6460.24728941918  1.514054E-15
6463.11265468599  1.634230E-15
6465.97801995278  1.709423E-15
6468.84338521959  1.467605E-15
6471.70875048638  1.494845E-15
6474.57411575319  1.487168E-15
6477.43948101999  1.489467E-15
6480.30484628679  1.526144E-15
6483.17021155359  1.487604E-15
6486.03557682038  1.537270E-15
6488.90094208718  1.532844E-15
6491.76630735398  1.546276E-15
6494.63167262078  1.542488E-15
6497.49703788758  1.488984E-15
6500.36240315438  1.436149E-15
6503.22776842118  1.428574E-15
6506.09313368799  1.413189E-15
6508.95849895478  1.457367E-15
6511.82386422158  1.450638E-15
6514.68922948838  1.427669E-15
6517.55459475518  1.384769E-15
6520.41996002198  1.477312E-15
6523.28532528878  1.531501E-15
6526.15069055558  1.386992E-15
6529.01605582238  1.429023E-15
6531.88142108918  1.397821E-15
6534.74678635598  1.448241E-15
6537.61215162278  1.409481E-15
6540.47751688958  1.399422E-15
6543.34288215638  1.436803E-15
6546.20824742318  1.449298E-15
6549.07361268998  1.378370E-15
6551.93897795678  1.471013E-15
6554.80434322358  1.335731E-15
6557.66970849038  1.331933E-15
6560.53507375718  1.356354E-15
6563.40043902398  1.416538E-15
6566.26580429078  1.377012E-15
6569.13116955758  1.376504E-15
6571.99653482438  1.282639E-15
6574.86190009118  1.315857E-15
6577.72726535798  1.338606E-15
6580.59263062478  1.324668E-15
6583.45799589158  1.258640E-15
6586.32336115838  1.316537E-15
6589.18872642518  1.323101E-15
6592.05409169198  1.289245E-15
6594.91945695878  1.284549E-15
6597.78482222558  1.236333E-15
6600.65018749238  1.400425E-15
6603.51555275918  1.336033E-15
6606.38091802598  1.277814E-15
6609.24628329278  1.288538E-15
6612.11164855958  1.283079E-15
6614.97701382638  1.300319E-15
6617.84237909318  1.285102E-15
6620.70774435998  1.353761E-15
6623.57310962678  1.351052E-15
6626.43847489358  1.342850E-15
6629.30384016038  1.280746E-15
6632.16920542718  1.290740E-15
6635.03457069398  1.310224E-15
6637.89993596078  1.354659E-15
6640.76530122758  1.454462E-15
6643.63066649438  1.441917E-15
6646.49603176118  1.382553E-15
6649.36139702798  1.317386E-15
6652.22676229478  1.395493E-15
6655.09212756158  1.375597E-15
6657.95749282838  1.323291E-15
6660.82285809518  1.363763E-15
6663.68822336198  1.374300E-15
6666.55358862878  1.246749E-15
6669.41895389558  1.259165E-15
6672.28431916238  1.320757E-15
6675.14968442918  1.243217E-15
6678.01504969598  1.258514E-15
6680.88041496278  1.407606E-15
6683.74578022958  1.306060E-15
6686.61114549638  1.194990E-15
6689.47651076318  1.255234E-15
6692.34187602998  1.189626E-15
6695.20724129678  1.265539E-15
6698.07260656358  1.197820E-15
6700.93797183038  1.239404E-15
6703.80333709718  1.307581E-15
6706.66870236398  1.173075E-15
6709.53406763078  1.118429E-15
6712.39943289758  1.125354E-15
6715.26479816438  1.041079E-15
6718.13016343118  1.184218E-15
6720.99552869798  1.158832E-15
6723.86089396478  1.180207E-15
6726.72625923158  1.239136E-15
6729.59162449838  1.120217E-15
6732.45698976518  1.101032E-15
6735.32235503198  1.058968E-15
6738.18772029878  1.093760E-15
6741.05308556558  9.714373E-16
6743.91845083238  1.006882E-15
6746.78381609918  1.087910E-15
6749.64918136598  1.015575E-15
6752.51454663278  9.407783E-16
6755.37991189958  1.026943E-15
6758.24527716638  1.028805E-15
6761.11064243318  9.241759E-16
6763.97600769998  9.735894E-16
6766.84137296678  9.574027E-16
6769.70673823358  9.051355E-16
6772.57210350038  9.689126E-16
6775.43746876718  8.938934E-16
6778.30283403398  8.805055E-16
6781.16819930078  9.260162E-16
6784.03356456758  8.679964E-16
6786.89892983438  9.383888E-16
6789.76429510118  9.746944E-16
6792.62966036798  8.285555E-16
6795.49502563478  8.875484E-16
6798.36039090158  9.191238E-16
6801.22575616838  8.493022E-16
6804.09112143518  8.933447E-16
6806.95648670198  8.576482E-16
6809.82185196878  9.252327E-16
6812.68721723558  9.002531E-16
6815.55258250238  8.354501E-16
6818.41794776918  8.436089E-16
6821.28331303598  8.324113E-16
6824.14867830278  8.040188E-16
6827.01404356958  7.876965E-16
6829.87940883638  7.934326E-16
6832.74477410318  8.582168E-16
6835.61013936998  8.125702E-16
6838.47550463678  7.253827E-16
6841.34086990358  7.281492E-16
6844.20623517038  8.165312E-16
6847.07160043718  8.598889E-16
6849.93696570398  8.555461E-16
6852.80233097078  8.009548E-16
6855.66769623758  7.838725E-16
6858.53306150438  8.121449E-16
6861.39842677118  7.946962E-16
6864.26379203798  8.274604E-16
6867.12915730478  8.046829E-16
6869.99452257158  7.995800E-16
6872.85988783838  7.639816E-16
6875.72525310518  7.029772E-16
6878.59061837198  7.202626E-16
6881.45598363878  7.369757E-16
6884.32134890558  8.256210E-16
6887.18671417238  8.334507E-16
6890.05207943918  8.448664E-16
6892.91744470598  6.743387E-16
6895.78280997278  6.863415E-16
6898.64817523957  7.183647E-16
6901.51354050638  6.289301E-16
6904.37890577318  7.956164E-16
6907.24427103998  8.447151E-16
6910.10963630678  8.710177E-16
6912.97500157358  8.504664E-16
6915.84036684038  7.991010E-16
6918.70573210718  7.546372E-16
6921.57109737398  7.980538E-16
6924.43646264078  7.978835E-16
6927.30182790758  7.973581E-16
6930.16719317438  8.917662E-16
6933.03255844118  7.916133E-16
6935.89792370798  8.281752E-16
6938.76328897477  8.592018E-16
6941.62865424157  8.589739E-16
6944.49401950837  1.036566E-15
6947.35938477517  9.311415E-16
6950.22475004197  9.041588E-16
6953.09011530877  1.015318E-15
6955.95548057557  9.499217E-16
6958.82084584237  9.510684E-16
6961.68621110918  1.002832E-15
6964.55157637597  1.078164E-15
6967.41694164277  9.966364E-16
6970.28230690957  1.041488E-15
6973.14767217637  1.059739E-15
6976.01303744317  1.053280E-15
6978.87840270997  1.206684E-15
6981.74376797677  1.233860E-15
6984.60913324357  1.176452E-15
6987.47449851037  1.293209E-15
6990.33986377718  1.182490E-15
6993.20522904397  1.171152E-15
6996.07059431078  1.322834E-15
6998.93595957757  1.326895E-15
7001.80132484438  1.313303E-15
7004.66669011118  1.413233E-15
7007.53205537797  1.445174E-15
7010.39742064477  1.381559E-15
7013.26278591157  1.403569E-15
7016.12815117837  1.470741E-15
7018.99351644517  1.444286E-15
7021.85888171197  1.606229E-15
7024.72424697877  1.524829E-15
7027.58961224557  1.460810E-15
7030.45497751237  1.536197E-15
7033.32034277917  1.511820E-15
7036.18570804597  1.613830E-15
7039.05107331277  1.519782E-15
7041.91643857957  1.516860E-15
7044.78180384637  1.549527E-15
7047.64716911317  1.441226E-15
7050.51253437997  1.439385E-15
7053.37789964677  1.454407E-15
7056.24326491357  1.494892E-15
7059.10863018037  1.406520E-15
7061.97399544717  1.358975E-15
7064.83936071397  1.437466E-15
7067.70472598077  1.410603E-15
7070.57009124757  1.341689E-15
7073.43545651437  1.391132E-15
7076.30082178117  1.391862E-15
7079.16618704797  1.338280E-15
7082.03155231477  1.349616E-15
7084.89691758157  1.370550E-15
7087.76228284837  1.431615E-15
7090.62764811517  1.324090E-15
7093.49301338197  1.304031E-15
7096.35837864877  1.362464E-15
7099.22374391557  1.346634E-15
7102.08910918237  1.243544E-15
7104.95447444917  1.203964E-15
7107.81983971597  1.292571E-15
7110.68520498277  1.177141E-15
7113.55057024957  1.332318E-15
7116.41593551637  1.312391E-15
7119.28130078317  1.279165E-15
7122.14666604997  1.321533E-15
7125.01203131677  1.261502E-15
7127.87739658357  1.411441E-15
7130.74276185037  1.306189E-15
7133.60812711717  1.244356E-15
7136.47349238397  1.284739E-15
7139.33885765077  1.344739E-15
7142.20422291757  1.314825E-15
7145.06958818437  1.318039E-15
7147.93495345117  1.384618E-15
7150.80031871797  1.373902E-15
7153.66568398477  1.364763E-15
7156.53104925157  1.398613E-15
7159.39641451837  1.437892E-15
7162.26177978517  1.403414E-15
7165.12714505197  1.474369E-15
7167.99251031877  1.403319E-15
7170.85787558557  1.400654E-15
7173.72324085237  1.371734E-15
7176.58860611917  1.348079E-15
7179.45397138597  1.381135E-15
7182.31933665277  1.430918E-15
7185.18470191957  1.499981E-15
7188.05006718637  1.552861E-15
7190.91543245317  1.421095E-15
7193.78079771997  1.498014E-15
7196.64616298677  1.533194E-15
7199.51152825357  1.540642E-15
7202.37689352037  1.385256E-15
7205.24225878717  1.437710E-15
7208.10762405397  1.556548E-15
7210.97298932077  1.417242E-15
7213.83835458757  1.577180E-15
7216.70371985437  1.598277E-15
7219.56908512117  1.486222E-15
7222.43445038797  1.658399E-15
7225.29981565477  1.699957E-15
7228.16518092157  1.620501E-15
7231.03054618837  1.631648E-15
7233.89591145517  1.594031E-15
7236.76127672197  1.560523E-15
7239.62664198877  1.524517E-15
7242.49200725557  1.627648E-15
7245.35737252237  1.526388E-15
7248.22273778917  1.623308E-15
7251.08810305597  1.761971E-15
7253.95346832277  1.701770E-15
7256.81883358957  1.710389E-15
7259.68419885637  1.690907E-15
7262.54956412317  1.734181E-15
7265.41492938997  1.701823E-15
7268.28029465677  1.637156E-15
7271.14565992357  1.734239E-15
7274.01102519037  1.773658E-15
7276.87639045717  1.686988E-15
7279.74175572397  1.549885E-15
7282.60712099077  1.539137E-15
7285.47248625757  1.525366E-15
7288.33785152437  1.577387E-15
7291.20321679117  1.562415E-15
7294.06858205797  1.543894E-15
7296.93394732477  1.538782E-15
7299.79931259157  1.437356E-15
7302.66467785837  1.377362E-15
7305.53004312517  1.449642E-15
7308.39540839196  1.358721E-15
7311.26077365876  1.472075E-15
7314.12613892556  1.392390E-15
7316.99150419236  1.260323E-15
7319.85686945917  1.291221E-15
7322.72223472596  1.286232E-15
7325.58759999277  1.318662E-15
7328.45296525956  1.312196E-15
7331.31833052637  1.346384E-15
7334.18369579317  1.303136E-15
7337.04906105996  1.213883E-15
7339.91442632676  1.283551E-15
7342.77979159356  1.345503E-15
7345.64515686036  1.362193E-15
7348.51052212717  1.241501E-15
7351.37588739396  1.232954E-15
7354.24125266077  1.307143E-15
7357.10661792756  1.235536E-15
7359.97198319437  1.168588E-15
7362.83734846116  1.198919E-15
7365.70271372796  1.158822E-15
7368.56807899476  1.165375E-15
7371.43344426156  1.231173E-15
7374.29880952836  1.240186E-15
7377.16417479516  1.232609E-15
7380.02954006196  1.195805E-15
7382.89490532876  1.182119E-15
7385.76027059556  1.124675E-15
7388.62563586236  1.073711E-15
7391.49100112916  1.113210E-15
7394.35636639596  1.099913E-15
7397.22173166276  1.119090E-15
7400.08709692956  1.148256E-15
7402.95246219636  1.135093E-15
7405.81782746316  1.176794E-15
7408.68319272996  1.176372E-15
7411.54855799676  1.127995E-15
7414.41392326356  1.087237E-15
7417.27928853036  1.057721E-15
7420.14465379716  1.131898E-15
7423.01001906396  1.043346E-15
7425.87538433076  9.440568E-16
7428.74074959756  1.077564E-15
7431.60611486436  1.041815E-15
7434.47148013116  1.056284E-15
7437.33684539796  1.091287E-15
7440.20221066476  9.583357E-16
7443.06757593156  9.421362E-16
7445.93294119836  9.547926E-16
7448.79830646516  9.745141E-16
7451.66367173196  9.342452E-16
7454.52903699876  9.512674E-16
7457.39440226556  1.005092E-15
7460.25976753236  9.922285E-16
7463.12513279916  9.496430E-16
7465.99049806596  9.876688E-16
7468.85586333276  9.730698E-16
7471.72122859956  9.026630E-16
7474.58659386636  9.384817E-16
7477.45195913316  9.668869E-16
7480.31732439996  9.425127E-16
7483.18268966676  1.036632E-15
7486.04805493356  9.386908E-16
7488.91342020036  9.147441E-16
7491.77878546716  9.251189E-16
7494.64415073396  9.063426E-16
7497.50951600076  9.713507E-16
7500.37488126756  8.385741E-16
7503.24024653436  8.503505E-16
7506.10561180116  9.651649E-16
7508.97097706796  8.924972E-16
7511.83634233476  8.354734E-16
7514.70170760156  8.783635E-16
7517.56707286836  9.449232E-16
7520.43243813516  9.044114E-16
7523.29780340196  8.411312E-16
7526.16316866876  8.481137E-16
7529.02853393556  8.868544E-16
7531.89389920236  8.570891E-16
7534.75926446916  7.737615E-16
7537.62462973596  8.014306E-16
7540.48999500276  8.153124E-16
7543.35536026956  7.270696E-16
7546.22072553636  8.536305E-16
7549.08609080316  7.772874E-16
7551.95145606996  8.253441E-16
7554.81682133676  8.386310E-16
7557.68218660356  7.334380E-16
7560.54755187036  7.256773E-16
7563.41291713716  7.669888E-16
7566.27828240396  7.567336E-16
7569.14364767076  7.633905E-16
7572.00901293756  8.732730E-16
7574.87437820436  8.333193E-16
7577.73974347116  7.952642E-16
7580.60510873796  7.305006E-16
7583.47047400476  7.190886E-16
7586.33583927156  8.404326E-16
7589.20120453836  8.006793E-16
7592.06656980516  8.144296E-16
7594.93193507196  8.841865E-16
7597.79730033876  8.129594E-16
7600.66266560556  7.352362E-16
7603.52803087236  7.780071E-16
7606.39339613916  8.024859E-16
7609.25876140596  7.593024E-16
7612.12412667276  6.404433E-16
7614.98949193956  8.120550E-16
7617.85485720636  7.099895E-16
7620.72022247316  6.949025E-16
7623.58558773996  7.854813E-16
7626.45095300676  7.529959E-16
7629.31631827356  7.166987E-16
7632.18168354036  7.647046E-16
7635.04704880716  7.319762E-16
7637.91241407396  6.737315E-16
7640.77777934076  7.044610E-16
7643.64314460756  8.722163E-16
7646.50850987436  8.375175E-16
7649.37387514116  8.368607E-16
7652.23924040796  8.443926E-16
7655.10460567476  8.930663E-16
7657.96997094156  8.502796E-16
7660.83533620836  8.930899E-16
7663.70070147516  9.010285E-16
7666.56606674196  9.255832E-16
7669.43143200876  9.416473E-16
7672.29679727556  9.350198E-16
7675.16216254236  9.787532E-16
7678.02752780916  1.048738E-15
7680.89289307596  1.047904E-15
7683.75825834276  1.029014E-15
7686.62362360956  1.004805E-15
7689.48898887636  1.098548E-15
7692.35435414316  1.097882E-15
7695.21971940996  1.127025E-15
7698.08508467676  1.149749E-15
7700.95044994356  1.216680E-15
7703.81581521036  1.232803E-15
7706.68118047716  1.306994E-15
7709.54654574396  1.372579E-15
7712.41191101076  1.338942E-15
7715.27727627756  1.252230E-15
7718.14264154436  1.482861E-15
7721.00800681116  1.449527E-15
7723.87337207796  1.434432E-15
7726.73873734476  1.467261E-15
7729.60410261156  1.418994E-15
7732.46946787836  1.530451E-15
7735.33483314516  1.557778E-15
7738.20019841196  1.520147E-15
7741.06556367876  1.520859E-15
7743.93092894556  1.488489E-15
7746.79629421236  1.567552E-15
7749.66165947916  1.449182E-15
7752.52702474596  1.504463E-15
7755.39239001276  1.499525E-15
7758.25775527956  1.493760E-15
7761.12312054636  1.475231E-15
7763.98848581316  1.367165E-15
7766.85385107996  1.406361E-15
7769.71921634676  1.493201E-15
7772.58458161356  1.370805E-15
7775.44994688036  1.331554E-15
7778.31531214716  1.371834E-15
7781.18067741396  1.346365E-15
7784.04604268076  1.393848E-15
7786.91140794756  1.422298E-15
7789.77677321435  1.435008E-15
7792.64213848115  1.347849E-15
7795.50750374795  1.190596E-15
7798.37286901475  1.392389E-15
7801.23823428155  1.365544E-15
7804.10359954836  1.322744E-15
7806.96896481515  1.201298E-15
7809.83433008196  1.217266E-15
7812.69969534875  1.291319E-15
7815.56506061556  1.266193E-15
7818.43042588235  1.253918E-15
7821.29579114915  1.261850E-15
7824.16115641595  1.200128E-15
7827.02652168275  1.232627E-15
7829.89188694955  1.340344E-15
7832.75725221635  1.265370E-15
7835.62261748315  1.211591E-15
7838.48798274995  1.199332E-15
7841.35334801675  1.224760E-15
7844.21871328355  1.187860E-15
7847.08407855036  1.099692E-15
7849.94944381715  1.146501E-15
7852.81480908396  1.106895E-15
7855.68017435075  1.096042E-15
7858.54553961755  1.209401E-15
7861.41090488435  1.149118E-15
7864.27627015115  1.051066E-15
7867.14163541795  9.784193E-16
7870.00700068475  9.675273E-16
7872.87236595155  9.896537E-16
7875.73773121835  1.093258E-15
7878.60309648515  1.099962E-15
7881.46846175195  9.437629E-16
7884.33382701875  9.333710E-16
7887.19919228555  1.020560E-15
7890.06455755235  9.862117E-16
7892.92992281915  9.156001E-16
7895.79528808595  8.267223E-16
7898.66065335275  8.951600E-16
7901.52601861955  9.077514E-16
7904.39138388635  8.501987E-16
7907.25674915315  8.512210E-16
7910.12211441995  9.115748E-16
7912.98747968675  8.312947E-16
7915.85284495355  8.534289E-16
7918.71821022035  7.705034E-16
7921.58357548715  8.760229E-16
7924.44894075395  7.914701E-16
7927.31430602075  7.971644E-16
7930.17967128755  8.235090E-16
7933.04503655435  8.583956E-16
7935.91040182115  8.472755E-16
7938.77576708795  7.228218E-16
7941.64113235475  7.304461E-16
7944.50649762155  7.935195E-16
7947.37186288835  6.801582E-16
7950.23722815515  7.362092E-16
7953.10259342195  6.756836E-16
7955.96795868875  7.115191E-16
7958.83332395555  6.506923E-16
7961.69868922235  7.696098E-16
7964.56405448915  6.872760E-16
7967.42941975595  7.262725E-16
7970.29478502275  6.764639E-16
7973.16015028955  6.358745E-16
7976.02551555635  6.370066E-16
7978.89088082315  6.949344E-16
7981.75624608995  6.689352E-16
7984.62161135675  6.067393E-16
7987.48697662355  6.452166E-16
7990.35234189035  5.577563E-16
7993.21770715715  6.409784E-16
7996.08307242395  5.342972E-16
7998.94843769075  5.250019E-16
8001.81380295755  5.138224E-16
8004.67916822435  5.382378E-16
8007.54453349115  5.006938E-16
8010.40989875795  5.456288E-16
8013.27526402475  5.959067E-16
8016.14062929155  5.274065E-16
8019.00599455835  5.045312E-16
8021.87135982515  5.663753E-16
8024.73672509195  4.672864E-16
8027.60209035875  4.563251E-16
8030.46745562555  5.191579E-16
8033.33282089235  4.226158E-16
8036.19818615915  3.366947E-16
8039.06355142595  4.267688E-16
8041.92891669275  3.510862E-16
8044.79428195955  3.456491E-16
8047.65964722635  3.523243E-16
8050.52501249315  3.284120E-16
8053.39037775995  3.632873E-16
8056.25574302675  4.019387E-16
8059.12110829355  3.101906E-16
8061.98647356035  2.726940E-16
8064.85183882715  3.246080E-16
8067.71720409395  2.811374E-16
8070.58256936075  2.340312E-16
8073.44793462755  2.258321E-16
8076.31329989435  2.727382E-16
8079.17866516115  2.695081E-16
8082.04403042795  2.324294E-16
8084.90939569475  2.927730E-16
8087.77476096155  2.969787E-16
8090.64012622835  2.749707E-16
8093.50549149515  2.829554E-16
8096.37085676195  3.138796E-16
8099.23622202875  2.656375E-16
8102.10158729555  2.278081E-16
8104.96695256235  1.784877E-16
8107.83231782915  2.542908E-16
8110.69768309595  1.536040E-16
8113.56304836275  2.055043E-16
8116.42841362955  1.722527E-16
8119.29377889635  1.606453E-16
8122.15914416315  2.400776E-16
8125.02450942995  1.842498E-16
8127.88987469675  1.437740E-16
8130.75523996355  1.834888E-16
8133.62060523035  1.896774E-16
8136.48597049715  1.819677E-16
8139.35133576395  2.596324E-16
8142.21670103075  2.228044E-16
8145.08206629755  1.983650E-16
8147.94743156435  2.356276E-16
8150.81279683115  1.351955E-16
8153.67816209795  1.187011E-16
8156.54352736475  1.548730E-16
8159.40889263155  1.910717E-16
8162.27425789835  1.845726E-16
8165.13962316515  1.550447E-16
8168.00498843195  1.839466E-16
8170.87035369875  1.966005E-16
8173.73571896555  8.229693E-17
8176.60108423235  1.772345E-16
8179.46644949915  1.221410E-16
8182.33181476595  1.101753E-16
8185.19718003275  1.645637E-16
8188.06254529955  1.048161E-16
8190.92791056634  5.771431E-17
8193.79327583314  1.038843E-16
8196.65864109994  1.217115E-16
8199.52400636674  5.508343E-17
8202.38937163354  1.393423E-16
8205.25473690035  1.724680E-16
8208.12010216714  2.560002E-16
8210.98546743395  1.634780E-16
8213.85083270074  9.819990E-17
8216.71619796754  1.697025E-16
8219.58156323434  1.984842E-16
8222.44692850114  1.691190E-16
8225.31229376794  2.169740E-16
8228.17765903474  1.911067E-16
8231.04302430154  2.064248E-16
8233.90838956835  1.609164E-16
8236.77375483514  1.410689E-16
8239.63912010195  1.314276E-16
8242.50448536874  1.513732E-16
8245.36985063554  1.549949E-16
8248.23521590234  1.552869E-16
8251.10058116914  1.554699E-16
8253.96594643594  9.939603E-17
8256.83131170274  1.292280E-16
8259.69667696954  1.851635E-16
8262.56204223634  1.511699E-16
8265.42740750314  1.774241E-16
8268.29277276994  1.905857E-16
8271.15813803674  1.022391E-16
8274.02350330354  1.249712E-16
8276.88886857034  1.505745E-16
8279.75423383714  1.455917E-16
8282.61959910394  1.973123E-16
8285.48496437074  9.634970E-17
8288.35032963754  2.075525E-16
8291.21569490434  2.953654E-16
8294.08106017114  1.817950E-16
8296.94642543794  1.809943E-16
8299.81179070474  2.070395E-16
8302.67715597154  1.401845E-16
8305.54252123834  2.409157E-16
8308.40788650514  2.643315E-16
8311.27325177194  1.777224E-16
8314.13861703874  2.189584E-16
8317.00398230554  2.278490E-16
8319.86934757234  1.789592E-16
8322.73471283914  1.704445E-16
8325.60007810594  2.664806E-16
8328.46544337274  2.093744E-16
8331.33080863954  1.838951E-16
8334.19617390634  1.887778E-16
8337.06153917314  1.823304E-16
8339.92690443994  2.400323E-16
8342.79226970674  2.085498E-16
8345.65763497354  2.494264E-16
8348.52300024034  2.507624E-16
8351.38836550714  2.017523E-16
8354.25373077394  1.836266E-16
8357.11909604074  2.002359E-16
8359.98446130754  2.463584E-16
8362.84982657434  1.691506E-16
8365.71519184114  1.915878E-16
8368.58055710794  2.219632E-16
8371.44592237474  2.695566E-16
8374.31128764154  2.782083E-16
8377.17665290834  2.906528E-16
8380.04201817514  3.247793E-16
8382.90738344194  3.225055E-16
8385.77274870874  3.046109E-16
8388.63811397554  3.453064E-16
8391.50347924234  3.286145E-16
8394.36884450914  3.382018E-16
8397.23420977594  3.460838E-16
8400.09957504274  3.298639E-16
8402.96494030954  3.570673E-16
8405.83030557634  4.556117E-16
8408.69567084314  4.686493E-16
8411.56103610994  4.558854E-16
8414.42640137674  4.830222E-16
8417.29176664354  5.173154E-16
8420.15713191034  5.008857E-16
8423.02249717714  5.561384E-16
8425.88786244394  6.362154E-16
8428.75322771074  6.257544E-16
8431.61859297754  7.126845E-16
8434.48395824434  7.102557E-16
8437.34932351114  6.964488E-16
8440.21468877794  7.267720E-16
8443.08005404474  6.934885E-16
8445.94541931154  7.439800E-16
8448.81078457834  7.509458E-16
8451.67614984514  7.852518E-16
8454.54151511194  7.983958E-16
8457.40688037874  7.222554E-16
8460.27224564554  7.598068E-16
8463.13761091234  8.278854E-16
8466.00297617914  8.265471E-16
8468.86834144594  8.519456E-16
8471.73370671274  8.695989E-16
8474.59907197954  8.438307E-16
8477.46443724634  8.587993E-16
8480.32980251314  8.917357E-16
8483.19516777994  8.614275E-16
8486.06053304674  8.562184E-16
8488.92589831354  8.305594E-16
8491.79126358034  8.724334E-16
8494.65662884714  9.068563E-16
8497.52199411394  8.796382E-16
8500.38735938074  9.356450E-16
8503.25272464754  9.506774E-16
8506.11808991434  8.066991E-16
8508.98345518114  9.238784E-16
8511.84882044794  9.763926E-16
8514.71418571474  1.032785E-15
8517.57955098154  1.113740E-15
8520.44491624834  1.069355E-15
8523.31028151514  1.025644E-15
8526.17564678194  1.122506E-15
8529.04101204874  1.175365E-15
8531.90637731554  1.175074E-15
8534.77174258234  1.247027E-15
8537.63710784914  1.313328E-15
8540.50247311594  1.275532E-15
8543.36783838274  1.318905E-15
8546.23320364954  1.311052E-15
8549.09856891634  1.326899E-15
8551.96393418314  1.377912E-15
8554.82929944994  1.403599E-15
8557.69466471674  1.549353E-15
8560.56002998354  1.596024E-15
8563.42539525034  1.597916E-15
8566.29076051714  1.761837E-15
8569.15612578394  1.709391E-15
8572.02149105074  1.627888E-15
8574.88685631754  1.648982E-15
8577.75222158434  1.789920E-15
8580.61758685114  1.843747E-15
8583.48295211794  1.862567E-15
8586.34831738474  1.885452E-15
8589.21368265154  1.900733E-15
8592.07904791834  1.877173E-15
8594.94441318514  1.974509E-15
8597.80977845194  1.988230E-15
8600.67514371874  1.992983E-15
8603.54050898554  2.043163E-15
8606.40587425234  2.052922E-15
8609.27123951914  2.080812E-15
8612.13660478594  2.055127E-15
8615.00197005273  2.168103E-15
8617.86733531954  2.050025E-15
8620.73270058633  2.095866E-15
8623.59806585314  2.227233E-15
8626.46343111993  2.225647E-15
8629.32879638674  2.160519E-15
8632.19416165354  2.147704E-15
8635.05952692034  2.160890E-15
8637.92489218714  2.121573E-15
8640.79025745393  2.140743E-15
8643.65562272073  2.218306E-15
8646.52098798753  2.194612E-15
8649.38635325433  2.226141E-15
8652.25171852113  2.240459E-15
8655.11708378793  2.175679E-15
8657.98244905473  2.155985E-15
8660.84781432154  2.133879E-15
8663.71317958833  2.092504E-15
8666.57854485514  2.124210E-15
8669.44391012193  2.177883E-15
8672.30927538873  2.196882E-15
8675.17464065553  2.164619E-15
8678.04000592233  2.168799E-15
8680.90537118913  2.168831E-15
8683.77073645593  2.099986E-15
8686.63610172273  2.123135E-15
8689.50146698954  2.099430E-15
8692.36683225633  2.217134E-15
8695.23219752313  2.204948E-15
8698.09756278993  2.251898E-15
8700.96292805673  2.182327E-15
8703.82829332353  2.079462E-15
8706.69365859033  2.125938E-15
8709.55902385713  2.227910E-15
8712.42438912393  2.144694E-15
8715.28975439073  2.240943E-15
8718.15511965753  2.182669E-15
8721.02048492433  2.200772E-15
8723.88585019113  2.231681E-15
8726.75121545793  2.243526E-15
8729.61658072473  2.131681E-15
8732.48194599153  2.031889E-15
8735.34731125833  2.199065E-15
8738.21267652513  2.168985E-15
8741.07804179193  2.193384E-15
8743.94340705873  2.092528E-15
8746.80877232553  1.984099E-15
8749.67413759233  1.912078E-15
8752.53950285913  1.896284E-15
8755.40486812593  1.916010E-15
8758.27023339273  1.895995E-15
8761.13559865953  1.920817E-15
8764.00096392633  1.829154E-15
8766.86632919313  1.841248E-15
8769.73169445993  1.795518E-15
8772.59705972673  1.775164E-15
8775.46242499353  1.797075E-15
8778.32779026033  1.863406E-15
8781.19315552713  1.891886E-15
8784.05852079393  1.874106E-15
8786.92388606073  1.882341E-15
8789.78925132753  1.821177E-15
8792.65461659433  1.669767E-15
8795.51998186113  1.673956E-15
8798.38534712793  1.747066E-15
8801.25071239473  1.726372E-15
8804.11607766153  1.750406E-15
8806.98144292833  1.806331E-15
8809.84680819513  1.750623E-15
8812.71217346193  1.655723E-15
8815.57753872873  1.630865E-15
8818.44290399553  1.582678E-15
8821.30826926233  1.523868E-15
8824.17363452913  1.488580E-15
8827.03899979593  1.492405E-15
8829.90436506273  1.456490E-15
8832.76973032953  1.603419E-15
8835.63509559633  1.425451E-15
8838.50046086313  1.476726E-15
8841.36582612993  1.433078E-15
8844.23119139673  1.318104E-15
8847.09655666353  1.288861E-15
8849.96192193033  1.219577E-15
8852.82728719713  1.374637E-15
8855.69265246393  1.326734E-15
8858.55801773073  1.248986E-15
8861.42338299753  1.291118E-15
8864.28874826433  1.288075E-15
8867.15411353113  1.209943E-15
8870.01947879793  1.118648E-15
8872.88484406473  1.165814E-15
8875.75020933153  1.214147E-15
8878.61557459833  1.249118E-15
8881.48093986513  1.254578E-15
8884.34630513193  1.161122E-15
8887.21167039873  1.185169E-15
8890.07703566553  1.221428E-15
8892.94240093233  1.202201E-15
8895.80776619913  1.112412E-15
8898.67313146593  1.062215E-15
8901.53849673273  1.067797E-15
8904.40386199953  1.102632E-15
8907.26922726633  1.080080E-15
8910.13459253313  1.044518E-15
8912.99995779993  1.016733E-15
8915.86532306673  1.029737E-15
8918.73068833353  1.082303E-15
8921.59605360033  9.575869E-16
8924.46141886713  9.625095E-16
8927.32678413393  1.075541E-15
8930.19214940073  1.070761E-15
8933.05751466753  9.743618E-16
8935.92287993433  9.015482E-16
8938.78824520113  8.912719E-16
8941.65361046793  1.038970E-15
8944.51897573473  1.024780E-15
8947.38434100153  1.013598E-15
8950.24970626833  9.516024E-16
8953.11507153513  9.028045E-16
8955.98043680193  8.839811E-16
8958.84580206873  8.827344E-16
8961.71116733553  8.500846E-16
8964.57653260233  8.836474E-16
8967.44189786913  8.315397E-16
8970.30726313593  6.921451E-16
8973.17262840273  7.744128E-16
8976.03799366953  7.996345E-16
8978.90335893633  7.221988E-16
8981.76872420313  7.325130E-16
8984.63408946993  7.048159E-16
8987.49945473673  7.926388E-16
8990.36482000353  6.117140E-16
8993.23018527033  5.431128E-16
8996.09555053713  6.098205E-16
8998.96091580393  6.622352E-16
9001.82628107073  6.880766E-16
9004.69164633753  6.302716E-16
9007.55701160433  6.158807E-16
9010.42237687113  7.685351E-16
9013.28774213793  7.609549E-16
9016.15310740473  7.385448E-16
9019.01847267153  8.301067E-16
9021.88383793833  7.171285E-16
9024.74920320513  8.065949E-16
9027.61456847193  7.038468E-16
9030.47993373873  6.814436E-16
9033.34529900553  8.127902E-16
9036.21066427233  8.275713E-16
9039.07602953913  7.511486E-16
9041.94139480593  7.581236E-16
9044.80676007273  8.039809E-16
9047.67212533953  7.705313E-16
9050.53749060633  8.075372E-16
9053.40285587313  8.111594E-16
9056.26822113993  7.823703E-16
9059.13358640673  7.629914E-16
9061.99895167353  5.823915E-16
9064.86431694033  6.438410E-16
9067.72968220713  7.045220E-16
9070.59504747393  6.405564E-16
9073.46041274073  6.289127E-16
9076.32577800753  6.484326E-16
9079.19114327433  7.251931E-16
9082.05650854113  7.195328E-16
9084.92187380793  6.032049E-16
9087.78723907473  6.163442E-16
9090.65260434153  6.965645E-16
9093.51796960832  7.517683E-16
9096.38333487512  7.366416E-16
9099.24870014192  6.629508E-16
9102.11406540872  6.396475E-16
9104.97943067552  5.625604E-16
9107.84479594232  5.254178E-16
9110.71016120912  4.339935E-16
9113.57552647592  3.971042E-16
9116.44089174273  5.032748E-16
9119.30625700952  4.776724E-16
9122.17162227632  2.916854E-16
9125.03698754312  3.996236E-16
9127.90235280992  3.351771E-16
9130.76771807672  3.017512E-16
9133.63308334352  2.933461E-16
9136.49844861032  2.593451E-16
9139.36381387712  2.735743E-16
9142.22917914392  2.779665E-16
9145.09454441073  2.823156E-16
9147.95990967752  2.866362E-16
9150.82527494432  2.909164E-16
9153.69064021112  2.951439E-16
9156.55600547792  2.993257E-16
9159.42137074472  3.034542E-16
9162.28673601152  3.075234E-16
9165.15210127832  3.115306E-16
9168.01746654512  3.157667E-16
