4020.  5.785781957223421E-15
4029.2  5.019739172864489E-15
4038.4  4.880720265114634E-15
4047.6  4.648529183658482E-15
4056.8  4.281857928677204E-15
4066.  4.136187052511356E-15
4075.2  4.495419059777573E-15
4084.4  3.958596477239275E-15
4093.6  3.935042222946854E-15
4102.8  4.063950865548904E-15
4112.  3.947805818742518E-15
4121.2  4.195317263304832E-15
4130.4  4.150725548248496E-15
4139.6  4.088863987254660E-15
4148.8  4.173574303373820E-15
4158.  4.042122642678266E-15
4167.2  4.061623870480244E-15
4176.4  4.051325813408637E-15
4185.6  3.998241939174753E-15
4194.8  4.234729256490319E-15
4204.  4.106381276378177E-15
4213.2  4.226492921065429E-15
4222.4  4.252324682606293E-15
4231.6  4.335701411819548E-15
4240.8  4.404278709323720E-15
4250.  4.514013368994294E-15
4259.2  4.459657765778521E-15
4268.4  4.586780858227627E-15
4277.6  4.624908123954610E-15
4286.8  4.839347488450689E-15
4296.  4.956617896632458E-15
4305.2  5.256889795396421E-15
4314.4  5.277474482660464E-15
4323.6  5.488598998612871E-15
4332.8  5.656746508972732E-15
4342.  5.728691911485604E-15
4351.2  5.982472132587933E-15
4360.4  6.353158427736072E-15
4369.6  6.619842000835584E-15
4378.8  6.841984446307918E-15
4388.  7.071085962252301E-15
4397.2  7.426259999860123E-15
4406.4  7.690204309198077E-15
4415.6  8.152846360655887E-15
4424.8  8.152227379913902E-15
4434.  8.214975659969697E-15
4443.2  8.313342288060383E-15
4452.4  8.525283558091107E-15
4461.6  8.636432786139494E-15
4470.8  8.786750264548420E-15
4480.  8.817533420283464E-15
4489.2  8.872194045913925E-15
4498.4  8.848485765538638E-15
4507.6  8.587852758113079E-15
4516.8  8.603873058145586E-15
4526.  8.493559339370998E-15
4535.2  8.266736665807316E-15
4544.4  8.127054766893248E-15
4553.6  7.984361124425499E-15
4562.8  7.754587852591908E-15
4572.  7.626665894080355E-15
4581.2  7.652204792432184E-15
4590.4  7.515994087090104E-15
4599.6  7.558104037009698E-15
4608.8  7.601963429654094E-15
4618.  7.557190423770552E-15
4627.2  7.434020093996856E-15
4636.4  7.255719869727527E-15
4645.6  7.290786194802237E-15
4654.8  7.433730306159658E-15
4664.  7.572734643058204E-15
4673.2  7.546045445970344E-15
4682.4  7.355893416797130E-15
4691.6  7.232532961159433E-15
4700.8  7.013715791885072E-15
4710.  6.928844155096482E-15
4719.2  6.986151249469761E-15
4728.4  6.811788718512218E-15
4737.6  6.742283064533102E-15
4746.8  6.838716187090751E-15
4756.  6.818956981299340E-15
4765.2  6.798147900841034E-15
4774.4  6.939415941914042E-15
4783.6  6.861345424972975E-15
4792.8  6.874207068176446E-15
4802.  6.840163106845999E-15
4811.2  6.728365257562073E-15
4820.4  6.710923998841906E-15
4829.6  6.674651697022011E-15
4838.8  6.588783177661525E-15
4848.  6.467496670464463E-15
4857.2  6.333308908790263E-15
4866.4  6.297126499492275E-15
4875.6  6.342511278535607E-15
4884.8  6.259699342962733E-15
4894.  6.349312623492422E-15
4903.2  6.491466299891422E-15
4912.4  6.641631368974526E-15
4921.6  6.785666596982277E-15
4930.8  6.853926927681444E-15
4940.  7.014677901635735E-15
4949.2  7.197602268488040E-15
4958.4  7.472801512638596E-15
4967.6  7.456929689711050E-15
4976.8  7.678634194872502E-15
4986.  7.874381355540310E-15
4995.2  7.970890258658208E-15
5004.4  8.096504011729930E-15
5013.6  8.376959086631929E-15
5022.8  8.426520629630360E-15
5032.  8.664383246582916E-15
5041.2  8.825554844704576E-15
5050.4  9.054073626893394E-15
5059.6  9.100930026671903E-15
5068.8  9.242113606569096E-15
5078.  9.527562697477469E-15
5087.2  9.861080576101876E-15
5096.4  1.008393885802258E-14
5105.6  1.040674162330166E-14
5114.8  1.060505752526804E-14
5124.  1.089769379427749E-14
5133.2  1.101418688472817E-14
5142.4  1.115227887311086E-14
5151.6  1.128953110514164E-14
5160.8  1.126784918954425E-14
5170.  1.140254773448974E-14
5179.2  1.149795283896758E-14
5188.4  1.167076927322564E-14
5197.6  1.179202412761488E-14
5206.8  1.184512689270933E-14
5216.  1.198163315234335E-14
5225.2  1.210813227537105E-14
5234.4  1.218552102791120E-14
5243.6  1.239097960531213E-14
5252.8  1.246227897810728E-14
5262.  1.245620777845700E-14
5271.2  1.263973531411672E-14
5280.4  1.264690597873868E-14
5289.6  1.263014099249482E-14
5298.8  1.275894144518220E-14
5308.  1.267458792152335E-14
5317.2  1.253572831750195E-14
5326.4  1.245676295351260E-14
5335.6  1.253224478850257E-14
5344.8  1.255772419985446E-14
5354.  1.248310602044798E-14
5363.2  1.283758529610271E-14
5372.4  1.280399459448988E-14
5381.6  1.267649291259700E-14
5390.8  1.263318956513101E-14
5400.  1.235320045031935E-14
5409.2  1.234731068356126E-14
5418.4  1.225345854480935E-14
5427.6  1.219069755611239E-14
5436.8  1.206874374426680E-14
5446.  1.186921922580300E-14
5455.2  1.172400281899792E-14
5464.4  1.158195330111880E-14
5473.6  1.137142580085061E-14
5482.8  1.106262603202441E-14
5492.  1.077496365024267E-14
5501.2  1.059811129978806E-14
5510.4  1.043793760961501E-14
5519.6  1.025254131695918E-14
5528.8  1.021300062223026E-14
5538.  1.015445884420732E-14
5547.2  1.008610778386541E-14
5556.4  1.010069757385746E-14
5565.6  1.019323367500118E-14
5574.8  1.014292745073318E-14
5584.  1.016992808116395E-14
5593.2  9.912075675932239E-15
5602.4  9.886277199135232E-15
5611.6  9.891513756675742E-15
5620.8  9.934848845324589E-15
5630.  9.851516128359206E-15
5639.2  9.954173658549658E-15
5648.4  9.806126609303609E-15
5657.6  9.732330000784903E-15
5666.8  9.747300682553412E-15
5676.  9.772814091835211E-15
5685.2  9.782667064105417E-15
5694.4  9.809183511839890E-15
5703.6  9.836764298782675E-15
5712.8  9.945027770535288E-15
5722.  1.018937623570866E-14
5731.2  1.025193366065367E-14
5740.4  1.019869093426755E-14
5749.6  1.025494687047383E-14
5758.8  1.023553325915815E-14
5768.  1.039044174264493E-14
5777.2  1.041558728140248E-14
5786.4  1.045182597168588E-14
5795.6  1.053821369731499E-14
5804.8  1.043508672306189E-14
5814.  1.051105781170241E-14
5823.2  1.052219446400016E-14
5832.4  1.046719894123915E-14
5841.6  1.039518588258260E-14
5850.8  1.024970552778543E-14
5860.  1.021550970111913E-14
5869.2  1.011715527466181E-14
5878.4  1.004633865018495E-14
5887.6  9.638286229170116E-15
5896.8  9.390224065120399E-15
5906.  9.511419252259269E-15
5915.2  9.399203247975920E-15
5924.4  9.187073637686609E-15
5933.6  9.075970594813906E-15
5942.8  8.705663177818712E-15
5952.  8.352914436032286E-15
5961.2  8.072818604140209E-15
5970.4  7.533521235921865E-15
5979.6  7.170557112990858E-15
5988.8  6.955760466279972E-15
5998.  6.775313177753852E-15
6007.2  6.572976934879615E-15
6016.4  6.442514529599207E-15
6025.6  6.477047845816754E-15
6034.8  6.280673228245071E-15
6044.  6.205717140963063E-15
6053.2  6.150296014864765E-15
6062.4  6.024057870496788E-15
6071.6  6.057939276854442E-15
6080.8  6.131855317874074E-15
6090.  6.122146340329087E-15
6099.2  6.164223790714644E-15
6108.4  6.293544853107229E-15
6117.6  6.312904011401842E-15
6126.8  6.324688464031808E-15
6136.  6.406085652392079E-15
6145.2  6.568898888824579E-15
6154.4  6.698634136267661E-15
6163.6  6.778353319942686E-15
6172.8  6.942533851290679E-15
6182.  6.976967692946578E-15
6191.2  7.062262189048937E-15
6200.4  7.067056003643839E-15
6209.6  7.136300697027166E-15
6218.8  7.162403413781015E-15
6228.  7.241240853050041E-15
6237.2  7.395672783165768E-15
6246.4  7.406454519822175E-15
6255.6  7.633766740936041E-15
6264.8  7.530220854878448E-15
6274.  7.531430280063289E-15
6283.2  7.515639921434933E-15
6292.4  7.699510743454308E-15
6301.6  7.804688580576090E-15
6310.8  7.854649860363542E-15
6320.  8.000912287252168E-15
6329.2  8.100715505221980E-15
6338.4  8.125200036655995E-15
6347.6  8.312101813303677E-15
6356.8  8.321213322110644E-15
6366.  8.405858705259870E-15
6375.2  8.451377621371845E-15
6384.4  8.650101067082685E-15
6393.6  8.637190800853851E-15
6402.8  8.587144627451658E-15
6412.  8.649863263326629E-15
6421.2  8.619943056232292E-15
6430.4  8.608539422236743E-15
6439.6  8.653802211873639E-15
6448.8  8.713644424588501E-15
6458.  8.829171745145345E-15
6467.2  8.806966198142413E-15
6476.4  9.026667479012996E-15
6485.6  8.920272241112506E-15
6494.8  8.891479843239164E-15
6504.  9.121113342667795E-15
6513.2  9.002957028254112E-15
6522.4  9.046082686082657E-15
6531.6  9.081981190199922E-15
6540.8  9.088975480334248E-15
6550.  9.244679282369899E-15
6559.2  9.098070736868267E-15
6568.4  9.105834599947383E-15
6577.6  9.154086212639505E-15
6586.8  9.226016254339214E-15
6596.  9.103458677427454E-15
6605.2  9.000787723389425E-15
6614.4  9.141591874819205E-15
6623.6  9.097620124440220E-15
6632.8  8.901671401309442E-15
6642.  8.886959609608689E-15
6651.2  8.700262537980709E-15
6660.4  8.703164942716751E-15
6669.6  8.696587936777500E-15
6678.8  8.514831470397519E-15
6688.  8.468485739884389E-15
6697.2  8.296909209524095E-15
6706.4  8.180742080806123E-15
6715.6  8.126256306510065E-15
6724.8  8.212155110349804E-15
6734.  8.144581376035739E-15
6743.2  8.067928528791860E-15
6752.4  8.054051610017673E-15
6761.6  7.908252219370080E-15
6770.8  7.837046503270190E-15
6780.  7.913428196409335E-15
6789.2  7.707592061693363E-15
6798.4  7.830136429779789E-15
6807.6  7.773297733622906E-15
6816.8  7.734978362184069E-15
6826.  7.803470703323989E-15
6835.2  7.809574672595188E-15
6844.4  7.586194633497198E-15
6853.6  7.756325463814034E-15
6862.8  7.399059418075648E-15
6872.  6.242576088572064E-15
6881.2  6.826073200449394E-15
6890.4  6.888036742960207E-15
6899.6  6.789723385995189E-15
6908.8  7.033367594717474E-15
6918.  7.214135209090803E-15
6927.2  7.352559419318765E-15
6936.4  7.407335513841748E-15
6945.6  7.294138290589319E-15
6954.8  7.295408223830484E-15
6964.  7.408661801239024E-15
6973.2  7.458461163953078E-15
6982.4  7.293913951220964E-15
6991.6  7.288535364814481E-15
7000.8  7.156860807119509E-15
7010.  7.038464822318386E-15
7019.2  7.050887155936711E-15
7028.4  7.040765833244224E-15
7037.6  7.060345064761359E-15
7046.8  6.863212700168553E-15
7056.  6.925300610188454E-15
7065.2  6.919961145134074E-15
7074.4  6.773378955658957E-15
7083.6  6.692568737533834E-15
7092.8  6.817877927506074E-15
7102.  6.616140188113567E-15
7111.2  6.720921763621010E-15
7120.4  6.790482661401444E-15
7129.6  6.598688770027909E-15
7138.8  6.457155665860319E-15
7148.  6.352855294126003E-15
7157.2  6.303614002684243E-15
7166.4  5.905990445237735E-15
7175.6  5.667975560158077E-15
7184.8  5.606186392311411E-15
7194.  5.261811343892944E-15
7203.2  5.229353731977343E-15
7212.4  5.525787916382784E-15
7221.6  5.489929092684580E-15
7230.8  5.256999644563522E-15
7240.  5.191428490243128E-15
7249.2  5.005073420319320E-15
7258.4  4.951945342111497E-15
7267.6  4.759960708381451E-15
7276.8  4.677872836063083E-15
7286.  4.701840232536661E-15
7295.2  4.481697046701234E-15
7304.4  4.262092643660460E-15
7313.6  4.225023148899184E-15
7322.8  4.284261733446440E-15
7332.  4.202655019086926E-15
7341.2  3.990539826180101E-15
7350.4  4.093788754816829E-15
7359.6  3.910664050181631E-15
7368.8  3.611416754765974E-15
7378.  3.563652416492522E-15
7387.2  3.602748518111817E-15
7396.4  3.551868135545453E-15
7405.6  3.424690221791815E-15
7414.8  3.216194937808576E-15
7424.  3.378028587686045E-15
7433.2  3.267050543823204E-15
7442.4  3.185832429355487E-15
7451.6  3.114990750684790E-15
7460.8  3.236606322570750E-15
7470.  3.208278929078915E-15
7479.2  3.003535738833047E-15
7488.4  2.969292462738957E-15
7497.6  2.999334967516744E-15
7506.8  2.983860930011706E-15
7516.  2.868913453390302E-15
7525.2  2.952653197451173E-15
7534.4  3.039087034394260E-15
7543.6  2.845349145279696E-15
7552.8  2.854778311861550E-15
7562.  2.965558979803441E-15
7571.2  2.788944424055309E-15
7580.4  2.992956712229147E-15
7589.6  2.693009156017907E-15
7598.8  1.492215114830256E-15
7608.  1.014548617264663E-15
7617.2  1.683501876125786E-15
7626.4  1.680098199925603E-15
7635.6  1.747885464537695E-15
7644.8  2.039827778174755E-15
7654.  2.235368413863362E-15
7663.2  2.257257184746882E-15
7672.4  2.500187548050119E-15
7681.6  2.704249382672102E-15
7690.8  2.525386320994845E-15
7700.  2.521833862468833E-15
7709.2  2.615399823102863E-15
7718.4  2.540566625661240E-15
7727.6  2.307484056719114E-15
7736.8  2.396645063824000E-15
7746.  2.574672748759024E-15
7755.2  2.450041436547430E-15
7764.4  2.181244208439983E-15
7773.6  2.142336735513536E-15
7782.8  2.048043418851222E-15
7792.  1.943988679021481E-15
7801.2  2.032372329919305E-15
7810.4  2.049728286838155E-15
7819.6  1.968504357917352E-15
7828.8  1.893374194649822E-15
7838.  1.941069379576236E-15
7847.2  1.923601572262821E-15
7856.4  1.610808824266322E-15
7865.6  1.693463190312797E-15
7874.8  1.815052350872615E-15
7884.  1.895506485813329E-15
7893.2  1.652964394929472E-15
7902.4  1.673492295317519E-15
7911.6  1.545438339013527E-15
7920.8  1.510954480699103E-15
7930.  1.628636102493874E-15
7939.2  1.605665090933691E-15
7948.4  1.383343694150788E-15
7957.6  1.493359039807401E-15
7966.8  1.412783364254570E-15
7976.  1.220776140669486E-15
7985.2  1.423563219973449E-15
7994.4  1.263056919548033E-15
