4020.  2.655352E-16
4029.19999977395  2.970501E-16
4038.39999954789  1.760825E-16
4047.59999932183  1.531836E-16
4056.79999909578  1.994822E-16
4065.99999886972  1.725471E-16
4075.19999864366  1.413470E-16
4084.39999841761  3.269459E-17
4093.59999819155  1.046216E-16
4102.7999979655  9.904354E-17
4111.99999773944  1.526561E-16
4121.19999751338  1.051376E-16
4130.39999728733  1.856541E-16
4139.59999706127  1.558258E-16
4148.79999683522  1.495774E-16
4157.99999660916  1.978711E-16
4167.1999963831  1.180830E-16
4176.39999615705  1.413505E-16
4185.59999593099  1.518268E-16
4194.79999570494  1.715510E-16
4203.99999547888  1.273723E-16
4213.19999525282  1.575124E-16
4222.39999502677  1.246291E-16
4231.59999480071  1.345272E-16
4240.79999457465  1.434093E-16
4249.9999943486  1.295912E-16
4259.19999412254  1.339343E-16
4268.39999389649  1.799268E-16
4277.59999367043  1.526133E-16
4286.79999344437  1.944283E-16
4295.99999321832  1.816803E-16
4305.19999299226  1.522566E-16
4314.39999276621  1.577219E-16
4323.59999254015  1.530612E-16
4332.79999231409  1.531614E-16
4341.99999208804  1.712314E-16
4351.19999186198  1.571372E-16
4360.39999163592  1.923565E-16
4369.59999140987  1.505536E-16
4378.79999118381  1.735177E-16
4387.99999095776  1.843659E-16
4397.1999907317  1.495570E-16
4406.39999050565  1.440132E-16
4415.59999027959  1.727040E-16
4424.79999005353  1.906163E-16
4433.99998982748  2.003665E-16
4443.19998960142  1.781826E-16
4452.39998937536  1.572902E-16
4461.59998914931  1.940070E-16
4470.79998892325  1.824946E-16
4479.9999886972  1.995428E-16
4489.19998847114  2.012860E-16
4498.39998824509  2.320742E-16
4507.59998801903  2.677089E-16
4516.79998779297  2.521988E-16
4525.99998756692  2.831816E-16
4535.19998734086  2.996799E-16
4544.3999871148  3.245323E-16
4553.59998688875  3.286502E-16
4562.79998666269  3.530825E-16
4571.99998643664  3.396604E-16
4581.19998621058  3.703222E-16
4590.39998598452  3.635063E-16
4599.59998575847  3.965201E-16
4608.79998553241  3.736385E-16
4617.99998530636  3.835596E-16
4627.1999850803  3.805352E-16
4636.39998485424  3.856194E-16
4645.59998462819  3.547781E-16
4654.79998440213  3.447327E-16
4663.99998417607  3.530087E-16
4673.19998395002  3.643169E-16
4682.39998372396  3.194978E-16
4691.59998349791  3.153477E-16
4700.79998327185  2.963584E-16
4709.9999830458  2.793218E-16
4719.19998281974  2.576815E-16
4728.39998259368  2.492018E-16
4737.59998236763  2.551270E-16
4746.79998214157  2.532318E-16
4755.99998191551  2.545111E-16
4765.19998168946  2.339621E-16
4774.3999814634  2.343793E-16
4783.59998123735  2.273657E-16
4792.79998101129  2.222009E-16
4801.99998078523  2.244299E-16
4811.19998055918  2.319549E-16
4820.39998033312  2.179964E-16
4829.59998010707  2.232626E-16
4838.79997988101  2.165246E-16
4847.99997965495  2.057122E-16
4857.1999794289  1.991738E-16
4866.39997920284  2.156308E-16
4875.59997897679  2.359556E-16
4884.79997875073  2.640998E-16
4893.99997852467  2.850048E-16
4903.19997829862  2.853449E-16
4912.39997807256  2.801720E-16
4921.59997784651  2.415725E-16
4930.79997762045  2.153974E-16
4939.99997739439  2.122339E-16
4949.19997716834  2.147286E-16
4958.39997694228  2.335700E-16
4967.59997671622  2.386803E-16
4976.79997649017  2.492520E-16
4985.99997626411  2.529363E-16
4995.19997603806  2.630925E-16
5004.399975812  2.606330E-16
5013.59997558594  2.738851E-16
5022.79997535989  2.750242E-16
5031.99997513383  2.708847E-16
5041.19997490778  2.534426E-16
5050.39997468172  2.403934E-16
5059.59997445566  2.243437E-16
5068.79997422961  2.187764E-16
5077.99997400355  2.017899E-16
5087.1999737775  1.981924E-16
5096.39997355144  1.914620E-16
5105.59997332538  2.101244E-16
5114.79997309933  2.186621E-16
5123.99997287327  2.183640E-16
5133.19997264721  2.319743E-16
5142.39997242116  2.417454E-16
5151.5999721951  2.535150E-16
5160.79997196905  2.669333E-16
5169.99997174299  2.715314E-16
5179.19997151694  2.815625E-16
5188.39997129088  3.144472E-16
5197.59997106482  3.179632E-16
5206.79997083877  3.161673E-16
5215.99997061271  3.259583E-16
5225.19997038665  3.265457E-16
5234.3999701606  3.301537E-16
5243.59996993454  3.198290E-16
5252.79996970849  3.219607E-16
5261.99996948243  2.990930E-16
5271.19996925637  3.198965E-16
5280.39996903032  3.222388E-16
5289.59996880426  3.328324E-16
5298.79996857821  3.323972E-16
5307.99996835215  3.286971E-16
5317.19996812609  3.406791E-16
5326.39996790004  3.361795E-16
5335.59996767398  3.246590E-16
5344.79996744792  3.276377E-16
5353.99996722187  3.326768E-16
5363.19996699581  3.470360E-16
5372.39996676976  3.280986E-16
5381.5999665437  3.436183E-16
5390.79996631765  3.392912E-16
5399.99996609159  3.287728E-16
5409.19996586553  3.387043E-16
5418.39996563948  3.239810E-16
5427.59996541342  3.120865E-16
5436.79996518736  3.139167E-16
5445.99996496131  3.022673E-16
5455.19996473525  2.950109E-16
5464.3999645092  2.848770E-16
5473.59996428314  2.864337E-16
5482.79996405708  2.779856E-16
5491.99996383103  2.907812E-16
5501.19996360497  2.798127E-16
5510.39996337892  2.741084E-16
5519.59996315286  2.744969E-16
5528.7999629268  2.977787E-16
5537.99996270075  3.175909E-16
5547.19996247469  3.282021E-16
5556.39996224864  3.067032E-16
5565.59996202258  2.795437E-16
5574.79996179652  2.663470E-16
5583.99996157047  2.342376E-16
5593.19996134441  1.819000E-16
5602.39996111836  1.548083E-16
5611.5999608923  1.541972E-16
5620.79996066624  1.397817E-16
5629.99996044019  1.327310E-16
5639.19996021413  1.361247E-16
5648.39995998807  1.267550E-16
5657.59995976202  1.256281E-16
5666.79995953596  1.232082E-16
5675.99995930991  1.238356E-16
5685.19995908385  1.203289E-16
5694.3999588578  1.207060E-16
5703.59995863174  1.136713E-16
5712.79995840568  1.265020E-16
5721.99995817963  1.076021E-16
5731.19995795357  1.111495E-16
5740.39995772751  9.964758E-17
5749.59995750146  1.009043E-16
5758.7999572754  8.282929E-17
5767.99995704935  7.713052E-17
5777.19995682329  7.472642E-17
5786.39995659723  7.677123E-17
5795.59995637118  8.327779E-17
5804.79995614512  8.952048E-17
5813.99995591907  9.880794E-17
5823.19995569301  1.091636E-16
5832.39995546695  1.281000E-16
5841.5999552409  1.450385E-16
5850.79995501484  1.754113E-16
5859.99995478878  2.088692E-16
5869.19995456273  2.238835E-16
5878.39995433667  2.491036E-16
5887.59995411062  2.590674E-16
5896.79995388456  2.433388E-16
5905.9999536585  2.651707E-16
5915.19995343245  2.809012E-16
5924.39995320639  2.726521E-16
5933.59995298034  2.862613E-16
5942.79995275428  2.726714E-16
5951.99995252822  2.550962E-16
5961.19995230217  2.436700E-16
5970.39995207611  2.284507E-16
5979.59995185006  2.080768E-16
5988.799951624  2.079872E-16
5997.99995139794  1.902735E-16
6007.19995117189  1.858225E-16
6016.39995094583  1.716820E-16
6025.59995071978  1.716270E-16
6034.79995049372  1.583614E-16
6043.99995026767  1.598111E-16
6053.19995004161  1.509606E-16
6062.39994981555  1.546391E-16
6071.5999495895  1.490969E-16
6080.79994936344  1.543816E-16
6089.99994913738  1.560184E-16
6099.19994891133  1.579427E-16
6108.39994868527  1.695254E-16
6117.59994845922  1.715567E-16
6126.79994823316  1.889804E-16
6135.9999480071  1.886955E-16
6145.19994778105  1.961620E-16
6154.39994755499  1.991828E-16
6163.59994732893  2.025064E-16
6172.79994710288  2.090917E-16
6181.99994687682  2.311928E-16
6191.19994665077  2.497683E-16
6200.39994642471  2.815762E-16
6209.59994619865  3.044121E-16
6218.7999459726  3.246146E-16
6227.99994574654  3.467079E-16
6237.19994552049  4.387532E-16
6246.39994529443  5.813810E-16
6255.59994506837  7.749673E-16
6264.79994484232  9.262410E-16
6273.99994461626  1.031474E-15
6283.19994439021  1.081805E-15
6292.39994416415  1.094726E-15
6301.59994393809  1.185047E-15
6310.79994371204  1.196943E-15
6319.99994348598  1.176027E-15
6329.19994325993  1.250858E-15
6338.39994303387  1.297851E-15
6347.59994280781  1.229498E-15
6356.79994258176  1.143514E-15
6365.9999423557  1.012679E-15
6375.19994212965  8.958212E-16
6384.39994190359  7.872392E-16
6393.59994167753  7.169465E-16
6402.79994145148  6.767432E-16
6411.99994122542  6.479259E-16
6421.19994099936  5.954275E-16
6430.39994077331  5.255325E-16
6439.59994054725  4.785496E-16
6448.7999403212  4.425852E-16
6457.99994009514  4.142885E-16
6467.19993986909  3.979229E-16
6476.39993964303  3.805675E-16
6485.59993941697  3.585049E-16
6494.79993919092  3.615608E-16
6503.99993896486  3.338314E-16
6513.1999387388  3.225472E-16
6522.39993851275  3.142094E-16
6531.59993828669  3.106516E-16
6540.79993806064  2.954871E-16
6549.99993783458  2.797561E-16
6559.19993760852  2.687211E-16
6568.39993738247  2.598016E-16
6577.59993715641  2.520673E-16
6586.79993693035  2.430428E-16
6595.9999367043  2.305854E-16
6605.19993647824  2.259636E-16
6614.39993625219  2.282128E-16
6623.59993602613  2.136932E-16
6632.79993580007  2.078691E-16
6641.99993557402  1.999376E-16
6651.19993534796  1.882093E-16
6660.39993512191  1.834409E-16
6669.59993489585  1.840258E-16
6678.79993466979  1.737037E-16
6687.99993444374  1.668157E-16
6697.19993421768  1.623249E-16
6706.39993399163  1.542820E-16
6715.59993376557  1.450855E-16
6724.79993353951  1.380497E-16
6733.99993331346  1.374006E-16
6743.1999330874  1.290208E-16
6752.39993286135  1.259216E-16
6761.59993263529  1.172998E-16
6770.79993240923  1.213936E-16
6779.99993218318  1.116807E-16
6789.19993195712  1.128334E-16
6798.39993173107  1.077282E-16
6807.59993150501  1.094150E-16
6816.79993127895  1.029552E-16
6825.9999310529  1.076643E-16
6835.19993082684  1.083422E-16
6844.39993060078  1.062647E-16
6853.59993037473  9.633216E-17
6862.79993014867  9.242035E-17
6871.99992992262  7.817720E-17
6881.19992969656  7.702331E-17
6890.3999294705  8.680220E-17
6899.59992924445  8.601992E-17
6908.79992901839  8.420535E-17
6917.99992879234  9.210990E-17
6927.19992856628  9.852169E-17
6936.39992834023  1.040188E-16
6945.59992811417  1.116410E-16
6954.79992788811  1.170839E-16
6963.99992766206  1.240217E-16
6973.199927436  1.393053E-16
6982.39992720994  1.480128E-16
6991.59992698389  1.516201E-16
7000.79992675783  1.830181E-16
7009.99992653177  1.930745E-16
7019.19992630572  1.994138E-16
7028.39992607966  2.061051E-16
7037.59992585361  2.223802E-16
7046.79992562755  2.196996E-16
7055.9999254015  2.321927E-16
7065.19992517544  2.340180E-16
7074.39992494938  2.333550E-16
7083.59992472333  2.375880E-16
7092.79992449727  2.396711E-16
7101.99992427121  2.369073E-16
7111.19992404516  2.434622E-16
7120.3999238191  2.422629E-16
7129.59992359305  2.514379E-16
7138.79992336699  2.536923E-16
7147.99992314094  2.623403E-16
7157.19992291488  2.714859E-16
7166.39992268882  2.861033E-16
7175.59992246277  2.910258E-16
7184.79992223671  3.222907E-16
7193.99992201065  3.530164E-16
7203.1999217846  3.802387E-16
7212.39992155854  4.368906E-16
7221.59992133249  4.660089E-16
7230.79992110643  4.994132E-16
7239.99992088037  4.905877E-16
7249.19992065432  5.271408E-16
7258.39992042826  5.876190E-16
7267.5999202022  5.760748E-16
7276.79991997615  5.549296E-16
7285.99991975009  5.661227E-16
7295.19991952404  5.948150E-16
7304.39991929798  5.848153E-16
7313.59991907193  5.672665E-16
7322.79991884587  5.628800E-16
7331.99991861981  5.528077E-16
7341.19991839376  5.721505E-16
7350.3999181677  5.724160E-16
7359.59991794164  4.974391E-16
7368.79991771559  4.406707E-16
7377.99991748953  4.255998E-16
7387.19991726348  4.122727E-16
7396.39991703742  3.628478E-16
7405.59991681136  3.303936E-16
7414.79991658531  2.946560E-16
7423.99991635925  2.931919E-16
7433.1999161332  2.940665E-16
7442.39991590714  2.818164E-16
7451.59991568108  2.424839E-16
7460.79991545503  2.518977E-16
7469.99991522897  2.435928E-16
7479.19991500292  2.196229E-16
7488.39991477686  2.131503E-16
7497.5999145508  2.018913E-16
7506.79991432475  1.817017E-16
7515.99991409869  1.719205E-16
7525.19991387264  1.716957E-16
7534.39991364658  1.417162E-16
7543.59991342052  1.162443E-16
7552.79991319447  1.221817E-16
7561.99991296841  1.149206E-16
7571.19991274235  1.063926E-16
7580.3999125163  1.106417E-16
7589.59991229024  1.109297E-16
7598.79991206419  7.640385E-17
7607.99991183813  3.997891E-17
7617.19991161207  4.773708E-17
7626.39991138602  7.427846E-17
7635.59991115996  6.500587E-17
7644.79991093391  8.114611E-17
7653.99991070785  7.553435E-17
7663.19991048179  9.707559E-17
7672.39991025574  1.079665E-16
7681.59991002968  1.072640E-16
7690.79990980363  1.230945E-16
7699.99990957757  1.351455E-16
7709.19990935151  1.734685E-16
7718.39990912546  1.948409E-16
7727.5999088994  1.730663E-16
7736.79990867335  2.158528E-16
7745.99990844729  2.392396E-16
7755.19990822123  2.522641E-16
7764.39990799518  2.439477E-16
7773.59990776912  2.369559E-16
7782.79990754307  2.149341E-16
7791.99990731701  1.864600E-16
7801.19990709095  1.818265E-16
7810.3999068649  1.750775E-16
7819.59990663884  1.736740E-16
7828.79990641279  1.707686E-16
7837.99990618673  1.678955E-16
7847.19990596067  1.366671E-16
7856.39990573462  1.095482E-16
7865.59990550856  1.339148E-16
7874.7999052825  1.184446E-16
7883.99990505645  1.287851E-16
7893.19990483039  9.819035E-17
7902.39990460434  1.103116E-16
7911.59990437828  9.465059E-17
7920.79990415222  8.425357E-17
7929.99990392617  1.132647E-16
7939.19990370011  9.945821E-17
7948.39990347406  9.463595E-17
7957.599903248  1.197800E-16
7966.79990302194  9.188866E-17
7975.99990279589  7.599373E-17
7985.19990256983  9.986511E-17
7994.39990234378  8.263906E-17
