4020.  1.504156141732059E-15
4029.19999977395  1.167290598613436E-15
4038.39999954789  1.009904727182283E-15
4047.59999932183  8.049765602119586E-16
4056.79999909578  7.410383902223081E-16
4065.99999886972  7.430040519229099E-16
4075.19999864366  7.033380614228439E-16
4084.39999841761  6.993926258624033E-16
4093.59999819155  7.045357753148908E-16
4102.7999979655  7.245399717280873E-16
4111.99999773944  8.272652516684109E-16
4121.19999751338  6.497241339945686E-16
4130.39999728733  6.672991488076767E-16
4139.59999706127  6.622022700311864E-16
4148.79999683522  6.616017170894103E-16
4157.99999660916  6.963388531363462E-16
4167.1999963831  7.239926757790561E-16
4176.39999615705  7.188960985399694E-16
4185.59999593099  6.142057714927815E-16
4194.79999570494  6.713255564050318E-16
4203.99999547888  6.179923825291173E-16
4213.19999525282  6.472943550037837E-16
4222.39999502677  6.754335920026028E-16
4231.59999480071  6.199512983617834E-16
4240.79999457465  6.620170513596024E-16
4249.9999943486  6.950637800445644E-16
4259.19999412254  7.085952959249219E-16
4268.39999389649  7.331189908884601E-16
4277.59999367043  7.227157907995839E-16
4286.79999344437  7.406906296269132E-16
4295.99999321832  6.805160958432350E-16
4305.19999299226  7.200765818055550E-16
4314.39999276621  6.473536334298629E-16
4323.59999254015  6.534168829822570E-16
4332.79999231409  6.656352865500823E-16
4341.99999208804  6.814769758214044E-16
4351.19999186198  6.706140694648956E-16
4360.39999163592  6.656602961835901E-16
4369.59999140987  7.115151466340990E-16
4378.79999118381  6.732266277395668E-16
4387.99999095776  6.847763670126710E-16
4397.1999907317  6.898717095398929E-16
4406.39999050565  7.170519828059010E-16
4415.59999027959  7.681543569892033E-16
4424.79999005353  7.769906691233128E-16
4433.99998982748  7.951325256814306E-16
4443.19998960142  8.314156752327049E-16
4452.39998937536  8.616086925346579E-16
4461.59998914931  8.956097733109636E-16
4470.79998892325  8.839709979774237E-16
4479.9999886972  9.423533914933958E-16
4489.19998847114  9.739199603453640E-16
4498.39998824509  1.072637489064236E-15
4507.59998801903  1.162461347044377E-15
4516.79998779297  1.242630472610498E-15
4525.99998756692  1.241562079643873E-15
4535.19998734086  1.251738964421032E-15
4544.3999871148  1.275656900742984E-15
4553.59998688875  1.351811139979675E-15
4562.79998666269  1.355533682345206E-15
4571.99998643664  1.396018661618415E-15
4581.19998621058  1.417029011619981E-15
4590.39998598452  1.476491760018103E-15
4599.59998575847  1.485481680186133E-15
4608.79998553241  1.455863860514482E-15
4617.99998530636  1.457538443938956E-15
4627.1999850803  1.445349629135165E-15
4636.39998485424  1.369770328766005E-15
4645.59998462819  1.377116443122212E-15
4654.79998440213  1.386473663735433E-15
4663.99998417607  1.336667901109150E-15
4673.19998395002  1.308511440960219E-15
4682.39998372396  1.215204739900916E-15
4691.59998349791  1.189601166920481E-15
4700.79998327185  1.105340511735567E-15
4709.9999830458  1.047131073060289E-15
4719.19998281974  1.006917575464422E-15
4728.39998259368  9.631476861859965E-16
4737.59998236763  9.339500640685258E-16
4746.79998214157  9.593524883201251E-16
4755.99998191551  9.122845141210090E-16
4765.19998168946  9.158098539704994E-16
4774.3999814634  8.790801271561745E-16
4783.59998123735  9.116537873066942E-16
4792.79998101129  8.894718555502269E-16
4801.99998078523  8.859648018636525E-16
4811.19998055918  8.865721983713667E-16
4820.39998033312  8.739603507780884E-16
4829.59998010707  8.750183982782218E-16
4838.79997988101  9.212538541012158E-16
4847.99997965495  1.010232319539081E-15
4857.1999794289  1.020420895935602E-15
4866.39997920284  1.112745281153981E-15
4875.59997897679  1.171953210345532E-15
4884.79997875073  1.170723662353445E-15
4893.99997852467  1.167034421702277E-15
4903.19997829862  1.105345415552878E-15
4912.39997807256  1.038559721188017E-15
4921.59997784651  1.009709342583710E-15
4930.79997762045  9.700595279526742E-16
4939.99997739439  1.022882341184649E-15
4949.19997716834  1.111644330174787E-15
4958.39997694228  1.120946323015508E-15
4967.59997671622  1.105116357760687E-15
4976.79997649017  1.112562133410693E-15
4985.99997626411  1.162616532119133E-15
4995.19997603806  1.154692610184009E-15
5004.399975812  1.126227499607699E-15
5013.59997558594  1.103274212363101E-15
5022.79997535989  1.099557811273676E-15
5031.99997513383  1.067833385266406E-15
5041.19997490778  1.026103106454294E-15
5050.39997468172  9.982375205066775E-16
5059.59997445566  9.525356324753825E-16
5068.79997422961  9.470192123903354E-16
5077.99997400355  9.364012461029147E-16
5087.1999737775  9.759137744284331E-16
5096.39997355144  1.021302787908240E-15
5105.59997332538  1.009196077065596E-15
5114.79997309933  1.015580779177035E-15
5123.99997287327  1.040762458968513E-15
5133.19997264721  1.027177818429854E-15
5142.39997242116  1.016463209134964E-15
5151.5999721951  1.069161593416935E-15
5160.79997196905  1.078118229472260E-15
5169.99997174299  1.110387365312842E-15
5179.19997151694  1.126528387138760E-15
5188.39997129088  1.146086247820357E-15
5197.59997106482  1.189264332231508E-15
5206.79997083877  1.223981339767757E-15
5215.99997061271  1.210194626082826E-15
5225.19997038665  1.247281524401991E-15
5234.3999701606  1.283105296760708E-15
5243.59996993454  1.273523840752510E-15
5252.79996970849  1.310531911400029E-15
5261.99996948243  1.349646248209288E-15
5271.19996925637  1.366908627145166E-15
5280.39996903032  1.409196440657458E-15
5289.59996880426  1.416117572024000E-15
5298.79996857821  1.435897830652992E-15
5307.99996835215  1.460528524526372E-15
5317.19996812609  1.459482967524947E-15
5326.39996790004  1.478836062107714E-15
5335.59996767398  1.505582031503398E-15
5344.79996744792  1.528046405288002E-15
5353.99996722187  1.567690339501714E-15
5363.19996699581  1.594551870218728E-15
5372.39996676976  1.626821115862418E-15
5381.5999665437  1.612686575935884E-15
5390.79996631765  1.603413840923022E-15
5399.99996609159  1.586730915791419E-15
5409.19996586553  1.559361519875136E-15
5418.39996563948  1.493684237203040E-15
5427.59996541342  1.479815268685121E-15
5436.79996518736  1.427203279621766E-15
5445.99996496131  1.457482073581835E-15
5455.19996473525  1.447148471445913E-15
5464.3999645092  1.517107872814696E-15
5473.59996428314  1.520095348679154E-15
5482.79996405708  1.613982808861608E-15
5491.99996383103  1.609725352179236E-15
5501.19996360497  1.587517981581318E-15
5510.39996337892  1.589543802953324E-15
5519.59996315286  1.551886524693605E-15
5528.7999629268  1.588165187202650E-15
5537.99996270075  1.527136793897117E-15
5547.19996247469  1.477264528396158E-15
5556.39996224864  1.321696506680479E-15
5565.59996202258  1.177251410231159E-15
5574.79996179652  1.079861238204514E-15
5583.99996157047  9.938663619420298E-16
5593.19996134441  8.805033481732705E-16
5602.39996111836  8.551802878387981E-16
5611.5999608923  8.464184500054873E-16
5620.79996066624  8.212424743495510E-16
5629.99996044019  8.231475981183713E-16
5639.19996021413  8.292148077174829E-16
5648.39995998807  8.232520010956484E-16
5657.59995976202  8.147436151411305E-16
5666.79995953596  8.301079801787603E-16
5675.99995930991  8.481634425777839E-16
5685.19995908385  8.135477887006260E-16
5694.3999588578  8.333938895050350E-16
5703.59995863174  8.341174787849558E-16
5712.79995840568  8.255732092110077E-16
5721.99995817963  8.229052777214786E-16
5731.19995795357  8.259963741114068E-16
5740.39995772751  7.916200958218349E-16
5749.59995750146  7.398520465130164E-16
5758.7999572754  7.133050656887103E-16
5767.99995704935  6.866826474367032E-16
5777.19995682329  6.870837940012036E-16
5786.39995659723  7.489574035253059E-16
5795.59995637118  8.148160572344313E-16
5804.79995614512  9.064258308600638E-16
5813.99995591907  9.963139388113390E-16
5823.19995569301  1.141012960598920E-15
5832.39995546695  1.259938043832873E-15
5841.5999552409  1.388096611327544E-15
5850.79995501484  1.518874599675681E-15
5859.99995478878  1.577567311346187E-15
5869.19995456273  1.643366737870536E-15
5878.39995433667  1.617212229488265E-15
5887.59995411062  1.563313989163078E-15
5896.79995388456  1.540248817884260E-15
5905.9999536585  1.531362423161640E-15
5915.19995343245  1.539599933767647E-15
5924.39995320639  1.529831433311943E-15
5933.59995298034  1.649583178969271E-15
5942.79995275428  1.666745693006476E-15
5951.99995252822  1.505819354608770E-15
5961.19995230217  1.425043136393018E-15
5970.39995207611  1.384112986503036E-15
5979.59995185006  1.369110743261058E-15
5988.799951624  1.288046540191285E-15
5997.99995139794  1.282412818083038E-15
6007.19995117189  1.229920850203002E-15
6016.39995094583  1.175567353109933E-15
6025.59995071978  1.128029961836144E-15
6034.79995049372  1.105945558933529E-15
6043.99995026767  1.076868265787206E-15
6053.19995004161  1.066498048767746E-15
6062.39994981555  1.040207593976123E-15
6071.5999495895  1.052266313638142E-15
6080.79994936344  1.044680467554773E-15
6089.99994913738  1.061853832423015E-15
6099.19994891133  1.029684412027005E-15
6108.39994868527  1.042879026826591E-15
6117.59994845922  1.047974790339332E-15
6126.79994823316  1.021224809503865E-15
6135.9999480071  1.040318681565400E-15
6145.19994778105  1.003675803245557E-15
6154.39994755499  1.020045109519570E-15
6163.59994732893  1.038694567667749E-15
6172.79994710288  1.066428589612307E-15
6181.99994687682  1.142441737510466E-15
6191.19994665077  1.226158962296752E-15
6200.39994642471  1.249422346092759E-15
6209.59994619865  1.271524630094871E-15
6218.7999459726  1.285670329318543E-15
6227.99994574654  1.350652874774241E-15
6237.19994552049  1.430909777696504E-15
6246.39994529443  1.556040704285410E-15
6255.59994506837  1.614445254636367E-15
6264.79994484232  1.710487793670531E-15
6273.99994461626  1.730645972677539E-15
6283.19994439021  1.661196269313212E-15
6292.39994416415  1.628279848626741E-15
6301.59994393809  1.622059617314414E-15
6310.79994371204  1.632392763261856E-15
6319.99994348598  1.663895835604415E-15
6329.19994325993  1.683564239525261E-15
6338.39994303387  1.675549223979411E-15
6347.59994280781  1.615353051836408E-15
6356.79994258176  1.518641972655829E-15
6365.9999423557  1.452859956529572E-15
6375.19994212965  1.411426225431991E-15
6384.39994190359  1.412801316614298E-15
6393.59994167753  1.402757178229093E-15
6402.79994145148  1.478936565094200E-15
6411.99994122542  1.450940501649427E-15
6421.19994099936  1.445004774180805E-15
6430.39994077331  1.385868693043038E-15
6439.59994054725  1.397551393114696E-15
6448.7999403212  1.410714040180877E-15
6457.99994009514  1.421800374048966E-15
6467.19993986909  1.402210085605167E-15
6476.39993964303  1.387010350699023E-15
6485.59993941697  1.371369379997975E-15
6494.79993919092  1.401325781828215E-15
6503.99993896486  1.373999706928740E-15
6513.1999387388  1.343176058901680E-15
6522.39993851275  1.365340988050056E-15
6531.59993828669  1.358397929885526E-15
6540.79993806064  1.346686339276791E-15
6549.99993783458  1.302208474004873E-15
6559.19993760852  1.268463195157317E-15
6568.39993738247  1.244327872477496E-15
6577.59993715641  1.215867874768831E-15
6586.79993693035  1.170108154897060E-15
6595.9999367043  1.171313013092102E-15
6605.19993647824  1.170066721860467E-15
6614.39993625219  1.192421808830397E-15
6623.59993602613  1.176572188268348E-15
6632.79993580007  1.229393092693064E-15
6641.99993557402  1.221408021324349E-15
6651.19993534796  1.230504555357930E-15
6660.39993512191  1.198076879007850E-15
6669.59993489585  1.199846072273196E-15
6678.79993466979  1.133721959662669E-15
6687.99993444374  1.122464874219408E-15
6697.19993421768  1.111680676840422E-15
6706.39993399163  1.087805475999050E-15
6715.59993376557  1.035845625933869E-15
6724.79993353951  9.989536684757167E-16
6733.99993331346  9.711907733822700E-16
6743.1999330874  9.535055778745567E-16
6752.39993286135  9.069681921670492E-16
6761.59993263529  9.183154805170884E-16
6770.79993240923  8.900994367353108E-16
6779.99993218318  8.801207753083975E-16
6789.19993195712  8.435403568134804E-16
6798.39993173107  8.271620776965395E-16
6807.59993150501  7.986480667665828E-16
6816.79993127895  7.886681642209479E-16
6825.9999310529  8.046711832174226E-16
6835.19993082684  7.626009183041395E-16
6844.39993060078  7.426955083185758E-16
6853.59993037473  7.147705282203169E-16
6862.79993014867  6.730102231668881E-16
6871.99992992262  5.973857142631820E-16
6881.19992969656  6.148557761639279E-16
6890.3999294705  6.151777010481631E-16
6899.59992924445  6.129464129544384E-16
6908.79992901839  6.660459593508006E-16
6917.99992879234  7.280543142295218E-16
6927.19992856628  7.378727506141673E-16
6936.39992834023  7.849813138168349E-16
6945.59992811417  8.356693548252401E-16
6954.79992788811  8.639586278250581E-16
6963.99992766206  9.650764134779738E-16
6973.199927436  9.937150091640873E-16
6982.39992720994  1.043448409649639E-15
6991.59992698389  1.126289770795843E-15
7000.79992675783  1.261986048227331E-15
7009.99992653177  1.345408674411670E-15
7019.19992630572  1.358790405167038E-15
7028.39992607966  1.394734639975774E-15
7037.59992585361  1.407885926579217E-15
7046.79992562755  1.381427889959675E-15
7055.9999254015  1.360917367766148E-15
7065.19992517544  1.330939690314980E-15
7074.39992494938  1.255388871779595E-15
7083.59992472333  1.261357885675711E-15
7092.79992449727  1.231781378328292E-15
7101.99992427121  1.185890938040685E-15
7111.19992404516  1.163939008428801E-15
7120.3999238191  1.201298817101940E-15
7129.59992359305  1.185746784809709E-15
7138.79992336699  1.229694267040618E-15
7147.99992314094  1.239465004372267E-15
7157.19992291488  1.225828647782785E-15
7166.39992268882  1.196210781769347E-15
7175.59992246277  1.165650349933684E-15
7184.79992223671  1.149402291113157E-15
7193.99992201065  1.127588907324436E-15
7203.1999217846  1.204837357505660E-15
7212.39992155854  1.344850012126482E-15
7221.59992133249  1.412043557244701E-15
7230.79992110643  1.373736674058093E-15
7239.99992088037  1.345284658395760E-15
7249.19992065432  1.386527755760761E-15
7258.39992042826  1.413822216488049E-15
7267.5999202022  1.342446431494163E-15
7276.79991997615  1.302785884090449E-15
7285.99991975009  1.289225135987187E-15
7295.19991952404  1.252095368025224E-15
7304.39991929798  1.185983734797581E-15
7313.59991907193  1.144558044046882E-15
7322.79991884587  1.155672924406843E-15
7331.99991861981  1.191808627919769E-15
7341.19991839376  1.516406596685586E-15
7350.3999181677  1.235660271977485E-15
7359.59991794164  1.053504083944686E-15
7368.79991771559  1.013537976820298E-15
7377.99991748953  1.052969025970750E-15
7387.19991726348  1.033642084200520E-15
7396.39991703742  1.012116731133116E-15
7405.59991681136  9.473260690148947E-16
7414.79991658531  9.351275933643661E-16
7423.99991635925  9.505056072615746E-16
7433.1999161332  9.044917626352035E-16
7442.39991590714  8.769700403844083E-16
7451.59991568108  8.052041626916237E-16
7460.79991545503  8.878674539294728E-16
7469.99991522897  8.573460877325061E-16
7479.19991500292  8.371958311071985E-16
7488.39991477686  7.919224441514723E-16
7497.5999145508  7.791525249266719E-16
7506.79991432475  7.863705381112778E-16
7515.99991409869  7.059645059043093E-16
7525.19991387264  7.050582585648462E-16
7534.39991364658  7.012749613214454E-16
7543.59991342052  6.338149261992922E-16
7552.79991319447  6.704239065834699E-16
7561.99991296841  6.732122388045882E-16
7571.19991274235  6.154390040842192E-16
7580.3999125163  6.508468077913637E-16
7589.59991229024  5.278307501012749E-16
7598.79991206419  3.103559276814596E-16
7607.99991183813  2.472825002256767E-16
7617.19991161207  3.700340105868300E-16
7626.39991138602  3.458914056049203E-16
7635.59991115996  4.188628266502816E-16
7644.79991093391  5.177312620029937E-16
7653.99991070785  5.258945704190258E-16
7663.19991048179  6.476564277054136E-16
7672.39991025574  7.831784046291250E-16
7681.59991002968  8.187922664862190E-16
7690.79990980363  8.527351595771548E-16
7699.99990957757  9.454120221901060E-16
7709.19990935151  1.116015711302026E-15
7718.39990912546  1.148884070889347E-15
7727.5999088994  1.137404602735480E-15
7736.79990867335  1.229903133601657E-15
7745.99990844729  1.283740431426030E-15
7755.19990822123  1.246628452548880E-15
7764.39990799518  1.068113151868701E-15
7773.59990776912  1.013176691716991E-15
7782.79990754307  1.029154981949538E-15
7791.99990731701  9.407865332181009E-16
7801.19990709095  1.027892919119806E-15
7810.3999068649  9.629721835423845E-16
7819.59990663884  9.249236599214968E-16
7828.79990641279  9.025774898616262E-16
7837.99990618673  9.265473373819990E-16
7847.19990596067  8.024885359896684E-16
7856.39990573462  7.236752782473942E-16
7865.59990550856  7.137417857321048E-16
7874.7999052825  6.947003046627841E-16
7883.99990505645  7.433898183097811E-16
7893.19990483039  6.381418799194266E-16
7902.39990460434  5.837420573923686E-16
7911.59990437828  5.402835789083514E-16
7920.79990415222  5.607573943459779E-16
7929.99990392617  6.060004657181639E-16
7939.19990370011  5.308533729540751E-16
7948.39990347406  4.490943631119873E-16
7957.599903248  5.739369040925774E-16
7966.79990302194  4.032559864485156E-16
7975.99990279589  4.142688197266492E-16
7985.19990256983  4.387764561081617E-16
7994.39990234378  4.274857041792687E-16
