      3400.00    0.0946009
      3403.00    0.0849062
      3406.00   -0.0350307
      3409.00   -0.0482519
      3412.00    0.0564163
      3415.00    0.0193698
      3418.00    0.0522910
      3421.00   -0.0501726
      3424.00   -0.0832024
      3427.00   -0.0426191
      3430.00    0.0601069
      3433.00    0.0803915
      3436.00    0.0197020
      3439.00    0.0718708
      3442.00    0.0221048
      3445.00    0.0616921
      3448.00   -0.0214547
      3451.00    0.0711579
      3454.00   -0.0582111
      3457.00  -0.00677248
      3460.00    0.0105436
      3463.00   0.00707830
      3466.00    0.0481295
      3469.00     0.137815
      3472.00    0.0871582
      3475.00   -0.0280298
      3478.00    0.0212445
      3481.00    0.0433951
      3484.00    0.0504237
      3487.00     0.122875
      3490.00    0.0600763
      3493.00   -0.0321535
      3496.00   -0.0656782
      3499.00    0.0295462
      3502.00    0.0157584
      3505.00    0.0149839
      3508.00   -0.0100439
      3511.00   -0.0485593
      3514.00   -0.0246480
      3517.00    0.0605853
      3520.00   -0.0400375
      3523.00   -0.0353517
      3526.00   -0.0488766
      3529.00    0.0313044
      3532.00    0.0587105
      3535.00    0.0153506
      3538.00    0.0245025
      3541.00    0.0307955
      3544.00  -0.00540915
      3547.00  -0.00898262
      3550.00    0.0440157
      3553.00    0.0226699
      3556.00    0.0388793
      3559.00    0.0243685
      3562.00    0.0184257
      3565.00    0.0853419
      3568.00    0.0708117
      3571.00    0.0391252
      3574.00    0.0292379
      3577.00  -0.00753523
      3580.00    0.0179597
      3583.00    0.0201240
      3586.00   0.00297710
      3589.00    0.0201887
      3592.00    0.0201555
      3595.00   -0.0289209
      3598.00  -0.00102163
      3601.00    0.0436989
      3604.00    0.0284345
      3607.00    0.0342649
      3610.00    0.0315069
      3613.00    0.0132528
      3616.00    0.0242991
      3619.00   0.00249355
      3622.00    0.0116810
      3625.00    0.0543348
      3628.00    0.0684552
      3631.00    0.0226509
      3634.00   0.00961159
      3637.00    0.0385952
      3640.00    0.0428201
      3643.00   0.00304558
      3646.00    0.0453239
      3649.00    0.0506267
      3652.00    0.0592181
      3655.00    0.0507081
      3658.00    0.0332898
      3661.00    0.0370842
      3664.00    0.0533824
      3667.00    0.0203779
      3670.00  -0.00971187
      3673.00    0.0364464
      3676.00    0.0644367
      3679.00    0.0731229
      3682.00  0.000321301
      3685.00    0.0232636
      3688.00    0.0546948
      3691.00    0.0395825
      3694.00    0.0111052
      3697.00    0.0277208
      3700.00    0.0498036
      3703.00    0.0326768
      3706.00    0.0673428
      3709.00    0.0818805
      3712.00   0.00710808
      3715.00    0.0259381
      3718.00    0.0187486
      3721.00    0.0397795
      3724.00    0.0281232
      3727.00    0.0433388
      3730.00    0.0765147
      3733.00    0.0570701
      3736.00    0.0258320
      3739.00    0.0381451
      3742.00    0.0236478
      3745.00    0.0438144
      3748.00    0.0326649
      3751.00    0.0256048
      3754.00    0.0204603
      3757.00    0.0167735
      3760.00    0.0187441
      3763.00    0.0636682
      3766.00    0.0366293
      3769.00    0.0808529
      3772.00    0.0861343
      3775.00    0.0638574
      3778.00    0.0402361
      3781.00    0.0152115
      3784.00   0.00903335
      3787.00  -0.00785231
      3790.00   -0.0130518
      3793.00    0.0315342
      3796.00    0.0618491
      3799.00    0.0226861
      3802.00   0.00577808
      3805.00   0.00740412
      3808.00    0.0128662
      3811.00    0.0112741
      3814.00    0.0322450
      3817.00    0.0480552
      3820.00    0.0546471
      3823.00    0.0500952
      3826.00    0.0735302
      3829.00    0.0465794
      3832.00    0.0250362
      3835.00    0.0242718
      3838.00    0.0324243
      3841.00    0.0394653
      3844.00    0.0419212
      3847.00    0.0422313
      3850.00    0.0347138
      3853.00    0.0268975
      3856.00    0.0293553
      3859.00    0.0403571
      3862.00    0.0354649
      3865.00    0.0374561
      3868.00    0.0317974
      3871.00    0.0308886
      3874.00    0.0160245
      3877.00    0.0175192
      3880.00   0.00764910
      3883.00    0.0229241
      3886.00    0.0467580
      3889.00    0.0515664
      3892.00    0.0725111
      3895.00    0.0663615
      3898.00    0.0443240
      3901.00    0.0384150
      3904.00    0.0645313
      3907.00    0.0578583
      3910.00    0.0461431
      3913.00    0.0319831
      3916.00    0.0515670
      3919.00    0.0531993
      3922.00    0.0218949
      3925.00   0.00835792
      3928.00   0.00815541
      3931.00    0.0244660
      3934.00    0.0330291
      3937.00    0.0556735
      3940.00    0.0535904
      3943.00    0.0449709
      3946.00    0.0461066
      3949.00    0.0396416
      3952.00    0.0368132
      3955.00    0.0555265
      3958.00    0.0600249
      3961.00    0.0560040
      3964.00    0.0600534
      3967.00    0.0545605
      3970.00    0.0664784
      3973.00    0.0352688
      3976.00    0.0384288
      3979.00    0.0469580
      3982.00    0.0594508
      3985.00    0.0622462
      3988.00    0.0471459
      3991.00    0.0433989
      3994.00    0.0448049
      3997.00    0.0512160
      4000.00    0.0467486
      4003.00    0.0284275
      4006.00    0.0320078
      4009.00    0.0526360
      4012.00    0.0308326
      4015.00    0.0367641
      4018.00    0.0317499
      4021.00    0.0451745
      4024.00    0.0585844
      4027.00    0.0653004
      4030.00    0.0596544
      4033.00    0.0552816
      4036.00    0.0746609
      4039.00    0.0537088
      4042.00    0.0488288
      4045.00    0.0645313
      4048.00    0.0512282
      4051.00    0.0365258
      4054.00    0.0663734
      4057.00    0.0684692
      4060.00    0.0626586
      4063.00    0.0615383
      4066.00    0.0613037
      4069.00    0.0422920
      4072.00    0.0453461
      4075.00    0.0543727
      4078.00    0.0654569
      4081.00    0.0551181
      4084.00    0.0522999
      4087.00    0.0434372
      4090.00    0.0701186
      4093.00    0.0223122
      4096.00    0.0494469
      4099.00    0.0597488
      4102.00    0.0740840
      4105.00    0.0487624
      4108.00    0.0390320
      4111.00    0.0583627
      4114.00    0.0585528
      4117.00    0.0481422
      4120.00    0.0476778
      4123.00    0.0466670
      4126.00    0.0482861
      4129.00    0.0500415
      4132.00    0.0600084
      4135.00    0.0332966
      4138.00    0.0324051
      4141.00    0.0574377
      4144.00    0.0503840
      4147.00    0.0519459
      4150.00    0.0535078
      4153.00    0.0550697
      4156.00    0.0550697
      4159.00    0.0469485
      4162.00    0.0612616
      4165.00    0.0364336
      4168.00    0.0388335
      4171.00    0.0314462
      4174.00    0.0334762
      4177.00    0.0509443
      4180.00    0.0408175
      4183.00    0.0273480
      4186.00    0.0514676
      4189.00    0.0507690
      4192.00    0.0526881
      4195.00    0.0356517
      4198.00    0.0405298
      4201.00    0.0500377
      4204.00    0.0387943
      4207.00    0.0530230
      4210.00    0.0448690
      4213.00    0.0382442
      4216.00    0.0519607
      4219.00    0.0397620
      4222.00    0.0369958
      4225.00    0.0434461
      4228.00    0.0415368
      4231.00    0.0589552
      4234.00    0.0521886
      4237.00    0.0306427
      4240.00    0.0329497
      4243.00    0.0408952
      4246.00    0.0395827
      4249.00    0.0483998
      4252.00    0.0387168
      4255.00    0.0427989
      4258.00    0.0332239
      4261.00    0.0374120
      4264.00    0.0553383
      4267.00    0.0488271
      4270.00    0.0385319
      4273.00    0.0288049
      4276.00    0.0510090
      4279.00    0.0418891
      4282.00    0.0452845
      4285.00    0.0600817
      4288.00    0.0534117
      4291.00    0.0333542
      4294.00    0.0252902
      4297.00    0.0346760
      4300.00    0.0509219
      4303.00    0.0481425
      4306.00    0.0432367
      4309.00    0.0362635
      4312.00    0.0371582
      4315.00    0.0432809
      4318.00    0.0597677
      4321.00    0.0615718
      4324.00    0.0320592
      4327.00    0.0284325
      4330.00    0.0372373
      4333.00    0.0497646
      4336.00    0.0487990
      4339.00    0.0424517
      4342.00    0.0459631
      4345.00    0.0389453
      4348.00    0.0486267
      4351.00    0.0465684
      4354.00    0.0491757
      4357.00    0.0691136
      4360.00    0.0707421
      4363.00    0.0573289
      4366.00    0.0376934
      4369.00    0.0294588
      4372.00    0.0519697
      4375.00    0.0482962
      4378.00    0.0368712
      4381.00    0.0479484
      4384.00    0.0414378
      4387.00    0.0348314
      4390.00    0.0315204
      4393.00    0.0356227
      4396.00    0.0373298
      4399.00    0.0476957
      4402.00    0.0607290
      4405.00    0.0594502
      4408.00    0.0523710
      4411.00    0.0609998
      4414.00    0.0652829
      4417.00    0.0505024
      4420.00    0.0402035
      4423.00    0.0438228
      4426.00    0.0506888
      4429.00    0.0486592
      4432.00    0.0259795
      4435.00    0.0414031
      4438.00    0.0358166
      4441.00    0.0427811
      4444.00    0.0601083
      4447.00    0.0391718
      4450.00    0.0194874
      4453.00    0.0403727
      4456.00    0.0552322
      4459.00    0.0409989
      4462.00    0.0384818
      4465.00    0.0418518
      4468.00    0.0389710
      4471.00    0.0368322
      4474.00    0.0402757
      4477.00    0.0604787
      4480.00    0.0567052
      4483.00    0.0511111
      4486.00    0.0337068
      4489.00    0.0250905
      4492.00    0.0534239
      4495.00    0.0560478
      4498.00    0.0556004
      4501.00    0.0509072
      4504.00    0.0557483
      4507.00    0.0505830
      4510.00    0.0598156
      4513.00    0.0624947
      4516.00    0.0581703
      4519.00    0.0387135
      4522.00    0.0308933
      4525.00    0.0475165
      4528.00    0.0389568
      4531.00    0.0445998
      4534.00    0.0422020
      4537.00    0.0461701
      4540.00    0.0547599
      4543.00    0.0586112
      4546.00    0.0405886
      4549.00    0.0436610
      4552.00    0.0613022
      4555.00    0.0624533
      4558.00    0.0536682
      4561.00    0.0420021
      4564.00    0.0446009
      4567.00    0.0429691
      4570.00    0.0492436
      4573.00    0.0521756
      4576.00    0.0612703
      4579.00    0.0547509
      4582.00    0.0483046
      4585.00    0.0453127
      4588.00    0.0588538
      4591.00    0.0441530
      4594.00    0.0346407
      4597.00    0.0330539
      4600.00    0.0404067
      4603.00    0.0475416
      4606.00    0.0586810
      4609.00    0.0548588
      4612.00    0.0536721
      4615.00    0.0567515
      4618.00    0.0497794
      4621.00    0.0439435
      4624.00    0.0615872
      4627.00    0.0561328
      4630.00    0.0525506
      4633.00    0.0728677
      4636.00    0.0582483
      4639.00    0.0409326
      4642.00    0.0355658
      4645.00    0.0404933
      4648.00    0.0323220
      4651.00    0.0429139
      4654.00    0.0476381
      4657.00    0.0726425
      4660.00    0.0775940
      4663.00    0.0750363
      4666.00    0.0453201
      4669.00    0.0437401
      4672.00    0.0774904
      4675.00    0.0799697
      4678.00    0.0799525
      4681.00    0.0822804
      4684.00    0.0638794
      4687.00    0.0199639
      4690.00    0.0563425
      4693.00    0.0575382
      4696.00    0.0512727
      4699.00    0.0548183
      4702.00    0.0537861
      4705.00    0.0684617
      4708.00    0.0639752
      4711.00    0.0532559
      4714.00    0.0410323
      4717.00    0.0443580
      4720.00    0.0536167
      4723.00    0.0519139
      4726.00    0.0452185
      4729.00    0.0571013
      4732.00    0.0628716
      4735.00    0.0519660
      4738.00    0.0533079
      4741.00    0.0465003
      4744.00    0.0507366
      4747.00    0.0584885
      4750.00    0.0630267
      4753.00    0.0506149
      4756.00    0.0453783
      4759.00    0.0549050
      4762.00    0.0361772
      4765.00    0.0646607
      4768.00    0.0704000
      4771.00    0.0613504
      4774.00    0.0604334
      4777.00    0.0403626
      4780.00    0.0174670
      4783.00    0.0475247
      4786.00    0.0708402
      4789.00    0.0507427
      4792.00    0.0479395
      4795.00    0.0581241
      4798.00    0.0562081
      4801.00    0.0521141
      4804.00    0.0532465
      4807.00    0.0468692
      4810.00    0.0522072
      4813.00    0.0566507
      4816.00    0.0501429
      4819.00    0.0543186
      4822.00    0.0590987
      4825.00    0.0636756
      4828.00    0.0750038
      4831.00    0.0606654
      4834.00    0.0574365
      4837.00    0.0724772
      4840.00    0.0590455
      4843.00    0.0633971
      4846.00    0.0457503
      4849.00    0.0416712
      4852.00    0.0378385
      4855.00    0.0396083
      4858.00    0.0616722
      4861.00    0.0683465
      4864.00    0.0468423
      4867.00    0.0460201
      4870.00    0.0540698
      4873.00    0.0614363
      4876.00    0.0665276
      4879.00    0.0320035
      4882.00    0.0343370
      4885.00    0.0447063
      4888.00    0.0547369
      4891.00    0.0478250
      4894.00    0.0501824
      4897.00    0.0505513
      4900.00    0.0443358
      4903.00    0.0560336
      4906.00    0.0654976
      4909.00    0.0643685
      4912.00    0.0397719
      4915.00    0.0391994
      4918.00    0.0483652
      4921.00    0.0444494
      4924.00    0.0500858
      4927.00    0.0577278
      4930.00    0.0234859
      4933.00    0.0241300
      4936.00    0.0483581
      4939.00    0.0537264
      4942.00    0.0545253
      4945.00    0.0413297
      4948.00    0.0530099
      4951.00    0.0533585
      4954.00    0.0376166
      4957.00    0.0550431
      4960.00    0.0450366
      4963.00    0.0502875
      4966.00    0.0511903
      4969.00    0.0407592
      4972.00    0.0565407
      4975.00    0.0543039
      4978.00    0.0646778
      4981.00    0.0762293
      4984.00    0.0437162
      4987.00    0.0562757
      4990.00    0.0599782
      4993.00    0.0671710
      4996.00    0.0399521
      4999.00    0.0480498
      5002.00    0.0590399
      5005.00    0.0583114
      5008.00    0.0528711
      5011.00    0.0451676
      5014.00    0.0579799
      5017.00    0.0595328
      5020.00    0.0664204
      5023.00    0.0650920
      5026.00    0.0451441
      5029.00    0.0309437
      5032.00    0.0341440
      5035.00    0.0697068
      5038.00    0.0662823
      5041.00    0.0535869
      5044.00    0.0524792
      5047.00    0.0461876
      5050.00    0.0565370
      5053.00    0.0494439
      5056.00    0.0397685
      5059.00    0.0497399
      5062.00    0.0537604
      5065.00    0.0658903
      5068.00    0.0555571
      5071.00    0.0513813
      5074.00    0.0509931
      5077.00    0.0343068
      5080.00    0.0435990
      5083.00    0.0604951
      5086.00    0.0543666
      5089.00    0.0481211
      5092.00    0.0558251
      5095.00    0.0626581
      5098.00    0.0392893
      5101.00    0.0536676
      5104.00    0.0624566
      5107.00    0.0677833
      5110.00    0.0616238
      5113.00    0.0480400
      5116.00    0.0367526
      5119.00    0.0303271
      5122.00    0.0451415
      5125.00    0.0520353
      5128.00    0.0414118
      5131.00    0.0394570
      5134.00    0.0349014
      5137.00    0.0397055
      5140.00    0.0476377
      5143.00    0.0417531
      5146.00    0.0618883
      5149.00    0.0653112
      5152.00    0.0549131
      5155.00    0.0519948
      5158.00    0.0410510
      5161.00    0.0260298
      5164.00    0.0421766
      5167.00    0.0629132
      5170.00    0.0564322
      5173.00    0.0397444
      5176.00    0.0555364
      5179.00    0.0570986
      5182.00    0.0503032
      5185.00    0.0646828
      5188.00    0.0724758
      5191.00    0.0595876
      5194.00    0.0508227
      5197.00    0.0571887
      5200.00    0.0706216
      5203.00    0.0616141
      5206.00    0.0531940
      5209.00    0.0556709
      5212.00    0.0568703
      5215.00    0.0557699
      5218.00    0.0478322
      5221.00    0.0510434
      5224.00    0.0647384
      5227.00    0.0545762
      5230.00    0.0538553
      5233.00    0.0547995
      5236.00    0.0545109
      5239.00    0.0609656
      5242.00    0.0698080
      5245.00    0.0650083
      5248.00    0.0641079
      5251.00    0.0683731
      5254.00    0.0599734
      5257.00    0.0676708
      5260.00    0.0609132
      5263.00    0.0598851
      5266.00    0.0583863
      5269.00    0.0588072
      5272.00    0.0580054
      5275.00    0.0410718
      5278.00    0.0403039
      5281.00    0.0444422
      5284.00    0.0431986
      5287.00    0.0512457
      5290.00    0.0489811
      5293.00    0.0442921
      5296.00    0.0535282
      5299.00    0.0545828
      5302.00    0.0471083
      5305.00    0.0502404
      5308.00    0.0528559
      5311.00    0.0572700
      5314.00    0.0700915
      5317.00    0.0657917
      5320.00    0.0537618
      5323.00    0.0514647
      5326.00    0.0541956
      5329.00    0.0653737
      5332.00    0.0623117
      5335.00    0.0633464
      5338.00    0.0628202
      5341.00    0.0602811
      5344.00    0.0569638
      5347.00    0.0545306
      5350.00    0.0457313
      5353.00    0.0484612
      5356.00    0.0634050
      5359.00    0.0561258
      5362.00    0.0500208
      5365.00    0.0491406
      5368.00    0.0511105
      5371.00    0.0582440
      5374.00    0.0548011
      5377.00    0.0716167
      5380.00    0.0834893
      5383.00    0.0566319
      5386.00    0.0324959
      5389.00    0.0428645
      5392.00    0.0583226
      5395.00    0.0552256
      5398.00    0.0543376
      5401.00    0.0510567
      5404.00    0.0482721
      5407.00    0.0580883
      5410.00    0.0614731
      5413.00    0.0682230
      5416.00    0.0555876
      5419.00    0.0393123
      5422.00    0.0389669
      5425.00    0.0420022
      5428.00    0.0532806
      5431.00    0.0661293
      5434.00    0.0532885
      5437.00    0.0526407
      5440.00    0.0739958
      5443.00    0.0574552
      5446.00    0.0535464
      5449.00    0.0575679
      5452.00    0.0598252
      5455.00    0.0603175
      5458.00    0.0522110
      5461.00    0.0525925
      5464.00    0.0455970
      5467.00    0.0538755
      5470.00    0.0508387
      5473.00    0.0480573
      5476.00    0.0570172
      5479.00    0.0665505
      5482.00    0.0509961
      5485.00    0.0443954
      5488.00    0.0432023
      5491.00    0.0541787
      5494.00    0.0605712
      5497.00    0.0568405
      5500.00    0.0558840
      5503.00    0.0555332
      5506.00    0.0519015
      5509.00    0.0432296
      5512.00    0.0450797
      5515.00    0.0583102
      5518.00    0.0486969
      5521.00    0.0621896
      5524.00    0.0505404
      5527.00    0.0551258
      5530.00    0.0562756
      5533.00    0.0414205
      5536.00    0.0396449
      5539.00    0.0609895
      5542.00    0.0506495
      5545.00    0.0450672
      5548.00    0.0588233
      5551.00    0.0616648
      5554.00    0.0739808
      5557.00    0.0603051
      5560.00    0.0418761
      5563.00    0.0513778
      5566.00    0.0443892
      5569.00    0.0383311
      5572.00    0.0545740
      5575.00    0.0722859
      5578.00    0.0914302
      5581.00    0.0512599
      5584.00    0.0428827
      5587.00    0.0696116
      5590.00    0.0555404
      5593.00    0.0520651
      5596.00    0.0600056
      5599.00    0.0687166
      5602.00    0.0695919
      5605.00    0.0661952
      5608.00    0.0594901
      5611.00    0.0531693
      5614.00    0.0569473
      5617.00    0.0657568
      5620.00    0.0480408
      5623.00    0.0569775
      5626.00    0.0520535
      5629.00    0.0820479
      5632.00    0.0530494
      5635.00    0.0413848
      5638.00    0.0435441
      5641.00    0.0451105
      5644.00    0.0491249
      5647.00    0.0577533
      5650.00    0.0458896
      5653.00    0.0413019
      5656.00    0.0411266
      5659.00    0.0360655
      5662.00    0.0508034
      5665.00    0.0454648
      5668.00    0.0451669
      5671.00    0.0548029
      5674.00    0.0623470
      5677.00    0.0487324
      5680.00    0.0350725
      5683.00    0.0374483
      5686.00    0.0447134
      5689.00    0.0477056
      5692.00    0.0499615
      5695.00    0.0540133
      5698.00    0.0507550
      5701.00    0.0384032
      5704.00    0.0523837
      5707.00    0.0596585
      5710.00    0.0422115
      5713.00    0.0323753
      5716.00    0.0394278
      5719.00    0.0478216
      5722.00    0.0299822
      5725.00    0.0249295
      5728.00    0.0458662
      5731.00    0.0353547
      5734.00    0.0527935
      5737.00    0.0544725
      5740.00    0.0430476
      5743.00    0.0389612
      5746.00    0.0345159
      5749.00    0.0323960
      5752.00    0.0255768
      5755.00    0.0233103
      5758.00    0.0221895
      5761.00    0.0292677
      5764.00    0.0227126
      5767.00    0.0261098
      5770.00    0.0291041
      5773.00    0.0363571
      5776.00    0.0422058
      5779.00    0.0560793
      5782.00    0.0525247
      5785.00    0.0351105
      5788.00    0.0155517
      5791.00    0.0191262
      5794.00    0.0366311
      5797.00    0.0338067
      5800.00    0.0286177
      5803.00    0.0339360
      5806.00    0.0169322
      5809.00    0.0263787
      5812.00    0.0254208
      5815.00    0.0107713
      5818.00    0.0184498
      5821.00    0.0395840
      5824.00    0.0416165
      5827.00    0.0206109
      5830.00    0.0270933
      5833.00    0.0383472
      5836.00    0.0417918
      5839.00    0.0201861
      5842.00    0.0292939
      5845.00    0.0361506
      5848.00    0.0383334
      5851.00    0.0291202
      5854.00    0.0382469
      5857.00    0.0289873
      5860.00    0.0365483
      5863.00    0.0416320
      5866.00    0.0441765
      5869.00    0.0427848
      5872.00    0.0464282
      5875.00    0.0578570
      5878.00    0.0370037
      5881.00    0.0625849
      5884.00    0.0671828
      5887.00    0.0573106
      5890.00    0.0711851
      5893.00    0.0346661
      5896.00    0.0213887
      5899.00    0.0224907
      5902.00    0.0424502
      5905.00    0.0167692
      5908.00    0.0165265
      5911.00    0.0462027
      5914.00    0.0678409
      5917.00    0.0661746
      5920.00    0.0446343
      5923.00    0.0538159
      5926.00    0.0655095
      5929.00    0.0456181
      5932.00    0.0525783
      5935.00    0.0594941
      5938.00    0.0573890
      5941.00    0.0432191
      5944.00    0.0280194
      5947.00    0.0261107
      5950.00    0.0355400
      5953.00    0.0494723
      5956.00    0.0569348
      5959.00    0.0613659
      5962.00    0.0500279
      5965.00    0.0420092
      5968.00    0.0518033
      5971.00    0.0467812
      5974.00    0.0503990
      5977.00    0.0405411
      5980.00    0.0422493
      5983.00    0.0405796
      5986.00    0.0552756
      5989.00    0.0689065
      5992.00    0.0607176
      5995.00    0.0651403
      5998.00    0.0570588
      6001.00    0.0691258
      6004.00    0.0612708
      6007.00    0.0535673
      6010.00    0.0499672
      6013.00    0.0470706
      6016.00    0.0639331
      6019.00    0.0578762
      6022.00    0.0467329
      6025.00    0.0594856
      6028.00    0.0472721
      6031.00    0.0327701
      6034.00    0.0421839
      6037.00    0.0353594
      6040.00    0.0343597
      6043.00    0.0425742
      6046.00    0.0550591
      6049.00    0.0628221
      6052.00    0.0521728
      6055.00    0.0506741
      6058.00    0.0622163
      6061.00    0.0542649
      6064.00    0.0454512
      6067.00    0.0410976
      6070.00    0.0298225
      6073.00    0.0393579
      6076.00    0.0506571
      6079.00    0.0348821
      6082.00    0.0442866
      6085.00    0.0521461
      6088.00    0.0473836
      6091.00    0.0432322
      6094.00    0.0424940
      6097.00    0.0582613
      6100.00    0.0566308
      6103.00    0.0457235
      6106.00    0.0375728
      6109.00    0.0406890
      6112.00    0.0409581
      6115.00    0.0392572
      6118.00    0.0366869
      6121.00    0.0285936
      6124.00    0.0431619
      6127.00    0.0470998
      6130.00    0.0369530
      6133.00    0.0354571
      6136.00    0.0274922
      6139.00    0.0324726
      6142.00    0.0369272
      6145.00    0.0568964
      6148.00    0.0661034
      6151.00    0.0547778
      6154.00    0.0416537
      6157.00    0.0222298
      6160.00    0.0358419
      6163.00    0.0472181
      6166.00    0.0418258
      6169.00    0.0298760
      6172.00    0.0264739
      6175.00    0.0348073
      6178.00    0.0427879
      6181.00    0.0463525
      6184.00    0.0400563
      6187.00    0.0351980
      6190.00    0.0504292
      6193.00    0.0324928
      6196.00    0.0265857
      6199.00    0.0459956
      6202.00    0.0360625
      6205.00    0.0429222
      6208.00    0.0481369
      6211.00    0.0332310
      6214.00    0.0321634
      6217.00    0.0381393
      6220.00    0.0394702
      6223.00    0.0361378
      6226.00    0.0377727
      6229.00    0.0442688
      6232.00    0.0502059
      6235.00    0.0332553
      6238.00    0.0354923
      6241.00    0.0521163
      6244.00    0.0488889
      6247.00    0.0515494
      6250.00    0.0450579
      6253.00    0.0440446
      6256.00    0.0597241
      6259.00    0.0693462
      6262.00    0.0523436
      6265.00    0.0591788
      6268.00    0.0647992
      6271.00    0.0636528
      6274.00    0.0735428
      6277.00    0.0701689
      6280.00    0.0637315
      6283.00    0.0898771
      6286.00    0.0891087
      6289.00    0.0724820
      6292.00    0.0877091
      6295.00    0.0998910
      6298.00    0.0802665
      6301.00    0.0811785
      6304.00    0.0995389
      6307.00     0.101958
      6310.00    0.0949798
      6313.00     0.104084
      6316.00     0.103580
      6319.00    0.0987475
      6322.00     0.106699
      6325.00     0.120842
      6328.00     0.116329
      6331.00     0.110104
      6334.00     0.116466
      6337.00     0.115747
      6340.00     0.132455
      6343.00     0.127566
      6346.00     0.119396
      6349.00     0.122781
      6352.00     0.123803
      6355.00     0.120562
      6358.00     0.118533
      6361.00     0.103551
      6364.00     0.104043
      6367.00     0.108870
      6370.00    0.0968463
      6373.00     0.104798
      6376.00     0.100421
      6379.00     0.103487
      6382.00     0.101717
      6385.00    0.0999481
      6388.00    0.0981789
      6391.00    0.0981789
      6394.00    0.0922473
      6397.00    0.0878389
      6400.00     0.116310
      6403.00     0.126042
      6406.00    0.0959275
      6409.00    0.0814787
      6412.00     0.100215
      6415.00    0.0977850
      6418.00    0.0980820
      6421.00     0.103673
      6424.00    0.0844310
      6427.00    0.0890129
      6430.00     0.100835
      6433.00    0.0997826
      6436.00    0.0839683
      6439.00    0.0623080
      6442.00    0.0617530
      6445.00    0.0711166
      6448.00    0.0680872
      6451.00    0.0563156
      6454.00    0.0573710
      6457.00    0.0860327
      6460.00    0.0623496
      6463.00    0.0420318
      6466.00    0.0656053
      6469.00    0.0688385
      6472.00    0.0670996
      6475.00    0.0695814
      6478.00    0.0686421
      6481.00    0.0690858
      6484.00    0.0643778
      6487.00    0.0491568
      6490.00    0.0557973
      6493.00    0.0563197
      6496.00    0.0563284
      6499.00    0.0729236
      6502.00    0.0548267
      6505.00    0.0609290
      6508.00    0.0626770
      6511.00    0.0571622
      6514.00    0.0630859
      6517.00    0.0508093
      6520.00    0.0504894
      6523.00    0.0600986
      6526.00    0.0564510
      6529.00    0.0556380
      6532.00    0.0663405
      6535.00    0.0687771
      6538.00    0.0728024
      6541.00    0.0589067
      6544.00    0.0435982
      6547.00    0.0492522
      6550.00    0.0562371
      6553.00    0.0420771
      6556.00    0.0499412
      6559.00    0.0543882
      6562.00    0.0374856
      6565.00    0.0532978
      6568.00    0.0605811
      6571.00    0.0628809
      6574.00    0.0749892
      6577.00    0.0840391
      6580.00    0.0731157
      6583.00    0.0557060
      6586.00    0.0479055
      6589.00    0.0538802
      6592.00    0.0492657
      6595.00    0.0432618
      6598.00    0.0506838
      6601.00    0.0530614
      6604.00    0.0521424
      6607.00    0.0679099
      6610.00    0.0827576
      6613.00    0.0671431
      6616.00    0.0463717
      6619.00    0.0473597
      6622.00    0.0975255
      6625.00     0.137981
      6628.00     0.113425
      6631.00    0.0752276
      6634.00    0.0566174
      6637.00    0.0481731
      6640.00    0.0714368
      6643.00     0.101601
      6646.00     0.105849
      6649.00    0.0736537
      6652.00    0.0446825
      6655.00    0.0451169
      6658.00    0.0561478
      6661.00    0.0729607
      6664.00    0.0589159
      6667.00    0.0394890
      6670.00    0.0564175
      6673.00    0.0592082
      6676.00    0.0477514
      6679.00    0.0516798
      6682.00    0.0546028
      6685.00    0.0485505
      6688.00    0.0431870
      6691.00    0.0409504
      6694.00    0.0498793
      6697.00    0.0602174
      6700.00    0.0645597
      6703.00    0.0504979
      6706.00    0.0560533
      6709.00    0.0459316
      6712.00    0.0393978
      6715.00    0.0551489
      6718.00    0.0436940
      6721.00    0.0470760
      6724.00    0.0667940
      6727.00    0.0546171
      6730.00    0.0508712
      6733.00    0.0528620
      6736.00    0.0390155
      6739.00    0.0485112
      6742.00    0.0417202
      6745.00    0.0346108
      6748.00    0.0593320
      6751.00    0.0588840
      6754.00    0.0308906
      6757.00    0.0372714
      6760.00    0.0594614
      6763.00    0.0254728
      6766.00    0.0229016
      6769.00    0.0503611
      6772.00    0.0438747
      6775.00    0.0285469
      6778.00    0.0523992
      6781.00    0.0687138
      6784.00    0.0608067
      6787.00    0.0322825
      6790.00    0.0416505
      6793.00    0.0763380
      6796.00    0.0923340
      6799.00    0.0340204
      6802.00    0.0191951
      6805.00    0.0351230
      6808.00    0.0429774
      6811.00    0.0370605
      6814.00    0.0332653
      6817.00    0.0201802
      6820.00    0.0172192
      6823.00    0.0267229
      6826.00    0.0205312
      6829.00    0.0159702
      6832.00    0.0377600
      6835.00    0.0325351
      6838.00    0.0208302
      6841.00    0.0369041
      6844.00    0.0476747
      6847.00    0.0305008
      6850.00    0.0360618
      6853.00    0.0424667
      6856.00    0.0241812
      6859.00    0.0337632
      6862.00    0.0404791
      6865.00    0.0334539
      6868.00    0.0155369
      6871.00  -0.00297133
      6874.00    0.0264950
      6877.00    0.0162451
      6880.00    0.0208220
      6883.00    0.0176664
      6886.00   0.00754058
      6889.00    0.0256656
      6892.00    0.0450586
      6895.00    0.0427676
      6898.00    0.0429111
      6901.00    0.0430537
      6904.00    0.0331170
      6907.00    0.0401153
      6910.00    0.0655374
      6913.00    0.0592757
      6916.00    0.0457120
      6919.00    0.0572122
      6922.00    0.0382836
      6925.00    0.0259487
      6928.00    0.0181983
      6931.00    0.0270463
      6934.00    0.0275262
      6937.00    0.0446455
      6940.00    0.0340160
      6943.00   0.00987724
      6946.00    0.0479489
      6949.00    0.0643402
      6952.00    0.0303862
      6955.00    0.0352037
      6958.00    0.0452655
      6961.00    0.0495515
      6964.00    0.0436553
      6967.00    0.0571961
      6970.00    0.0625089
      6973.00    0.0764562
      6976.00    0.0336204
      6979.00    0.0282452
      6982.00    0.0113318
      6985.00    0.0350664
      6988.00    0.0613922
      6991.00    0.0446919
      6994.00    0.0676246
      6997.00    0.0660545
      7000.00    0.0310447
      7003.00    0.0383735
      7006.00    0.0356790
      7009.00    0.0248900
      7012.00    0.0381014
      7015.00    0.0593720
      7018.00    0.0444818
      7021.00    0.0196883
      7024.00    0.0569777
      7027.00    0.0193859
      7030.00    0.0105518
      7033.00    0.0315932
      7036.00    0.0333247
      7039.00    0.0556695
      7042.00    0.0612450
      7045.00    0.0372873
      7048.00    0.0270372
      7051.00    0.0423148
      7054.00    0.0377670
      7057.00    0.0587532
      7060.00    0.0743850
      7063.00    0.0635384
      7066.00    0.0523027
      7069.00    0.0261680
      7072.00    0.0418358
      7075.00    0.0421286
      7078.00    0.0276769
      7081.00    0.0410332
      7084.00    0.0597089
      7087.00    0.0722106
      7090.00    0.0490551
      7093.00    0.0427812
      7096.00    0.0588141
      7099.00    0.0608940
      7102.00    0.0472299
      7105.00    0.0345749
      7108.00    0.0398173
      7111.00    0.0506516
      7114.00    0.0582433
      7117.00    0.0522718
      7120.00    0.0763703
      7123.00    0.0583730
      7126.00    0.0635400
      7129.00    0.0500683
      7132.00    0.0349548
      7135.00    0.0276254
      7138.00    0.0483563
      7141.00    0.0674469
      7144.00    0.0585592
      7147.00    0.0465511
      7150.00    0.0571676
      7153.00    0.0706580
      7156.00    0.0917309
      7159.00    0.0473307
      7162.00    0.0450078
      7165.00    0.0423611
      7168.00    0.0314956
      7171.00    0.0381703
      7174.00    0.0623567
      7177.00    0.0773932
      7180.00    0.0750326
      7183.00    0.0718652
      7186.00    0.0787138
      7189.00    0.0523638
      7192.00    0.0488258
      7195.00    0.0380064
      7198.00    0.0430636
      7201.00    0.0406574
      7204.00    0.0502845
      7207.00    0.0586049
      7210.00    0.0328301
      7213.00    0.0381307
      7216.00    0.0575309
      7219.00    0.0516422
      7222.00    0.0487941
      7225.00    0.0612527
      7228.00    0.0605839
      7231.00    0.0714826
      7234.00    0.0813718
      7237.00    0.0703873
      7240.00    0.0701641
      7243.00    0.0692726
      7246.00    0.0923196
      7249.00    0.0837704
      7252.00    0.0730367
      7255.00    0.0589399
      7258.00    0.0376750
      7261.00    0.0519805
      7264.00    0.0693337
      7267.00    0.0618428
      7270.00    0.0836928
      7273.00    0.0661123
      7276.00    0.0810023
      7279.00    0.0912148
      7282.00    0.0765927
      7285.00    0.0678420
      7288.00    0.0462974
      7291.00    0.0670685
      7294.00    0.0752678
      7297.00    0.0770361
      7300.00    0.0692090
      7303.00    0.0643988
      7306.00    0.0906960
      7309.00    0.0892599
      7312.00    0.0791400
      7315.00    0.0899115
      7318.00     0.104814
      7321.00    0.0992303
      7324.00    0.0902696
      7327.00     0.106193
      7330.00     0.117116
      7333.00    0.0962432
      7336.00    0.0885224
      7339.00     0.104918
      7342.00     0.114957
      7345.00    0.0901018
      7348.00     0.123633
      7351.00     0.132536
      7354.00    0.0928270
      7357.00     0.120774
      7360.00     0.117267
      7363.00     0.118840
      7366.00     0.118773
      7369.00     0.112127
      7372.00     0.113552
      7375.00     0.101463
      7378.00     0.102670
      7381.00     0.104873
      7384.00     0.101798
      7387.00     0.129400
      7390.00     0.108686
      7393.00    0.0939233
      7396.00     0.125032
      7399.00    0.0992646
      7402.00    0.0920259
      7405.00     0.113817
      7408.00     0.111870
      7411.00     0.106405
      7414.00    0.0861891
      7417.00    0.0933446
      7420.00     0.124958
      7423.00     0.121375
      7426.00     0.104415
      7429.00     0.132114
      7432.00     0.123078
      7435.00    0.0978198
      7438.00    0.0916755
      7441.00     0.100626
      7444.00     0.116724
      7447.00     0.119332
      7450.00     0.101843
      7453.00    0.0968868
      7456.00    0.0894968
      7459.00     0.106642
      7462.00     0.101884
      7465.00     0.103761
      7468.00    0.0824102
      7471.00     0.108765
      7474.00     0.112462
      7477.00     0.104497
      7480.00    0.0777839
      7483.00    0.0649131
      7486.00    0.0685824
      7489.00    0.0789568
      7492.00    0.0744029
      7495.00    0.0741873
      7498.00    0.0820969
      7501.00    0.0952373
      7504.00     0.132123
      7507.00    0.0650729
      7510.00    0.0725230
      7513.00     0.138621
      7516.00    0.0874372
      7519.00    0.0341675
      7522.00    0.0776413
      7525.00     0.125357
      7528.00    0.0841599
      7531.00    0.0945760
      7534.00    0.0557379
      7537.00    0.0449049
      7540.00    0.0717668
      7543.00    0.0957633
      7546.00    0.0768248
      7549.00    0.0874638
      7552.00    0.0782785
      7555.00    0.0770051
      7558.00    0.0517573
      7561.00    0.0468216
      7564.00    0.0742327
      7567.00    0.0683955
      7570.00    0.0555707
      7573.00    0.0188448
      7576.00    0.0456504
      7579.00    0.0898108
      7582.00    0.0612075
      7585.00    0.0450592
      7588.00    0.0885499
      7591.00    0.0361121
      7594.00    0.0701344
      7597.00     0.133929
      7600.00     0.129715
      7603.00    0.0227334
      7606.00   -0.0443743
      7609.00     0.107748
      7612.00     0.144466
      7615.00    0.0644934
      7618.00    0.0932792
      7621.00     0.111599
      7624.00    0.0848213
      7627.00    0.0156422
      7630.00    0.0350320
      7633.00    0.0369359
      7636.00   -0.0415926
      7639.00  -0.00649352
      7642.00    0.0563254
      7645.00    0.0829644
      7648.00    0.0591570
      7651.00   0.00276728
      7654.00   0.00920455
      7657.00    0.0764897
      7660.00    0.0370387
      7663.00    0.0655601
      7666.00    0.0689587
      7669.00    0.0234783
      7672.00    0.0230078
      7675.00    0.0333162
      7678.00    0.0353080
      7681.00    0.0246580
      7684.00    0.0206614
      7687.00    0.0390111
      7690.00    0.0782403
      7693.00    0.0601235
      7696.00    0.0643425
      7699.00    0.0369599
      7702.00    0.0224983
      7705.00    0.0344852
      7708.00    0.0681153
      7711.00     0.135157
      7714.00     0.123180
      7717.00    0.0845668
      7720.00    0.0391417
      7723.00   -0.0308358
      7726.00    0.0664381
      7729.00    0.0578666
      7732.00    0.0883040
      7735.00     0.109752
      7738.00    0.0388025
      7741.00    0.0362546
      7744.00    0.0453134
      7747.00     0.111995
      7750.00     0.104721
      7753.00    0.0134138
      7756.00    0.0516536
      7759.00    0.0393219
      7762.00    0.0228592
      7765.00    0.0769463
      7768.00    0.0267374
      7771.00   -0.0349617
      7774.00    0.0180309
      7777.00    0.0312268
      7780.00   0.00354207
      7783.00    0.0113398
      7786.00    0.0271645
      7789.00    0.0122206
      7792.00    0.0314474
      7795.00    0.0716954
      7798.00    0.0928972
      7801.00     0.108527
      7804.00    0.0635641
      7807.00    0.0516281
      7810.00    0.0410354
      7813.00    0.0324848
      7816.00    0.0765493
      7819.00     0.131424
      7822.00    0.0792499
      7825.00    0.0309516
      7828.00    0.0819307
      7831.00    0.0998234
      7834.00    0.0733315
      7837.00     0.109936
      7840.00     0.109066
      7843.00    0.0864252
      7846.00    0.0462243
      7849.00    0.0119341
      7852.00     0.101074
      7855.00     0.110588
      7858.00     0.121345
      7861.00     0.159028
      7864.00    0.0264976
      7867.00    0.0171281
      7870.00    0.0900385
      7873.00    0.0953448
      7876.00    0.0442558
      7879.00   -0.0300445
      7882.00    0.0477172
      7885.00    0.0755549
      7888.00    0.0592217
      7891.00  -0.00760218
      7894.00    0.0509681
      7897.00     0.132250
      7900.00    0.0685856
      7903.00    0.0494167
      7906.00    0.0649467
      7909.00    0.0906033
      7912.00     0.127011
      7915.00    0.0765905
      7918.00    0.0625162
      7921.00     0.113785
      7924.00    0.0413112
      7927.00    0.0906691
      7930.00    0.0633731
      7933.00    0.0617940
      7936.00    0.0740228
      7939.00   -0.0243852
      7942.00    0.0158227
      7945.00    0.0787671
      7948.00     0.126241
      7951.00    0.0461854
      7954.00    0.0266590
      7957.00  -0.00979771
      7960.00    0.0504199
      7963.00    0.0460795
      7966.00    0.0277959
      7969.00    0.0388919
      7972.00    0.0284106
      7975.00    0.0366425
      7978.00    0.0879896
      7981.00    0.0362652
      7984.00    0.0221001
      7987.00   0.00141427
      7990.00  6.87428e-05
      7993.00  0.000187026
      7996.00  0.000305308
      7999.00  0.000305308
      8002.00    0.0793301
      8005.00    0.0202637
      8008.00   -0.0166637
      8011.00   0.00132785
      8014.00    0.0248645
      8017.00   -0.0130262
      8020.00     0.100560
      8023.00    0.0634839
      8026.00    0.0993598
      8029.00     0.157730
      8032.00    0.0984669
      8035.00    0.0694361
      8038.00   0.00306550
      8041.00   0.00655930
      8044.00    0.0311462
      8047.00    0.0626123
      8050.00   0.00727386
      8053.00    0.0160612
      8056.00    0.0862474
      8059.00     0.118695
      8062.00    0.0405767
      8065.00    0.0801122
      8068.00    0.0993523
      8071.00     0.100503
      8074.00   0.00222214
      8077.00   0.00235068
      8080.00    0.0881851
      8083.00    0.0634775
      8086.00  -0.00322115
      8089.00 -0.000505367
      8092.00   -0.0142742
      8095.00    0.0190052
      8098.00    0.0317295
      8101.00  -0.00609992
      8104.00     0.132945
      8107.00    0.0651363
      8110.00  -0.00137951
      8113.00    0.0270116
      8116.00    0.0105459
      8119.00    0.0238949
      8122.00    0.0372438
      8125.00    0.0505928
      8128.00    0.0505928
      8131.00   -0.0329072
      8134.00    0.0352387
      8137.00    0.0373654
      8140.00    0.0129990
      8143.00     0.116354
      8146.00    0.0923965
      8149.00   -0.0140869
      8152.00    0.0655699
      8155.00     0.139190
      8158.00     0.130915
      8161.00     0.113875
      8164.00   -0.0238453
      8167.00   -0.0190362
      8170.00     0.128632
      8173.00    0.0301547
      8176.00 -0.000180388
      8179.00    0.0645234
      8182.00     0.145122
      8185.00    0.0137047
      8188.00    -0.127317
      8191.00   0.00323054
      8194.00    0.0825834
      8197.00    0.0481805
      8200.00   0.00719103
      8203.00   -0.0212248
      8206.00    0.0540594
      8209.00    0.0729967
      8212.00   -0.0921015
      8215.00    0.0180095
      8218.00    0.0829472
      8221.00   -0.0598422
      8224.00   -0.0453387
      8227.00    0.0649554
      8230.00    0.0853265
      8233.00   -0.0263309
      8236.00   -0.0504417
      8239.00    0.0325718
      8242.00    0.0561616
      8245.00    0.0369694
      8248.00   0.00398623
      8251.00   -0.0467678
      8254.00    0.0399490
      8257.00  -0.00430746
      8260.00   -0.0104094
      8263.00    0.0749556
      8266.00     0.114815
      8269.00    0.0733202
      8272.00    0.0124464
      8275.00    0.0491236
      8278.00     0.140091
      8281.00     0.103464
      8284.00    0.0210540
      8287.00    0.0783226
      8290.00     0.182522
      8293.00     0.183574
      8296.00     0.131783
      8299.00     0.141096
      8302.00    0.0717244
      8305.00    0.0119143
      8308.00  -0.00465223
      8311.00    0.0635988
      8314.00    0.0815909
      8317.00    0.0678236
      8320.00     0.104352
      8323.00     0.109700
      8326.00   -0.0224820
      8329.00   -0.0861465
      8332.00   -0.0267118
      8335.00    -0.100762
      8338.00    0.0404351
      8341.00     0.172351
      8344.00     0.114555
      8347.00   -0.0207396
      8350.00   -0.0386340
      8353.00    0.0550293
      8356.00    0.0634488
      8359.00    0.0395913
      8362.00    0.0756617
      8365.00    0.0752355
      8368.00    0.0197616
      8371.00    0.0187111
      8374.00    0.0143711
      8377.00   -0.0614466
      8380.00    0.0270854
      8383.00  -0.00104922
      8386.00    0.0485475
      8389.00    0.0583909
      8392.00   -0.0255127
      8395.00    0.0274869
      8398.00     0.114785
      8401.00    0.0189205
