      3500.00    0.0302981
      3505.00    0.0226352
      3510.00    0.0360146
      3515.00    0.0306596
      3520.00    0.0187384
      3525.00    0.0255217
      3530.00    0.0108554
      3535.00    0.0161281
      3540.00    0.0388338
      3545.00    0.0259228
      3550.00    0.0198826
      3555.00    0.0383126
      3560.00    0.0381962
      3565.00 -0.000270238
      3570.00   0.00462207
      3575.00    0.0165146
      3580.00    0.0254740
      3585.00    0.0309889
      3590.00    0.0205154
      3595.00    0.0141945
      3600.00    0.0245218
      3605.00    0.0222073
      3610.00    0.0264057
      3615.00    0.0251128
      3620.00    0.0191304
      3625.00    0.0236609
      3630.00    0.0473226
      3635.00    0.0335781
      3640.00    0.0496782
      3645.00    0.0273731
      3650.00    0.0317843
      3655.00    0.0254825
      3660.00    0.0366764
      3665.00    0.0264833
      3670.00    0.0416369
      3675.00    0.0346797
      3680.00    0.0311008
      3685.00   0.00741172
      3690.00    0.0203411
      3695.00    0.0200976
      3700.00    0.0148508
      3705.00    0.0149927
      3710.00    0.0160696
      3715.00    0.0343420
      3720.00    0.0384398
      3725.00    0.0177217
      3730.00    0.0233451
      3735.00    0.0365088
      3740.00    0.0377522
      3745.00    0.0263216
      3750.00    0.0208266
      3755.00    0.0299595
      3760.00    0.0337165
      3765.00    0.0197616
      3770.00    0.0326061
      3775.00    0.0417612
      3780.00    0.0258151
      3785.00    0.0160422
      3790.00    0.0213267
      3795.00    0.0145458
      3800.00    0.0275182
      3805.00    0.0164089
      3810.00   0.00912848
      3815.00  0.000669490
      3820.00    0.0157276
      3825.00   0.00789784
      3830.00   0.00333480
      3835.00   0.00742368
      3840.00    0.0142738
      3845.00    0.0113471
      3850.00   0.00922277
      3855.00    0.0206795
      3860.00   0.00931899
      3865.00   0.00649809
      3870.00    0.0156497
      3875.00    0.0250817
      3880.00   0.00930372
      3885.00    0.0138897
      3890.00    0.0159508
      3895.00   0.00440395
      3900.00    0.0203148
      3905.00    0.0263608
      3910.00    0.0201033
      3915.00    0.0266348
      3920.00    0.0208322
      3925.00    0.0116140
      3930.00    0.0134882
      3935.00    0.0241686
      3940.00    0.0278889
      3945.00    0.0366097
      3950.00    0.0327243
      3955.00    0.0361265
      3960.00    0.0363565
      3965.00    0.0417174
      3970.00    0.0420448
      3975.00    0.0455998
      3980.00    0.0404661
      3985.00    0.0343009
      3990.00    0.0411536
      3995.00    0.0430147
      4000.00    0.0469426
      4005.00    0.0418563
      4010.00    0.0420894
      4015.00    0.0333131
      4020.00    0.0418171
      4025.00    0.0596449
      4030.00    0.0436160
      4035.00    0.0439649
      4040.00    0.0403546
      4045.00    0.0279822
      4050.00    0.0246451
      4055.00    0.0519152
      4060.00    0.0358974
      4065.00    0.0448242
      4070.00    0.0433837
      4075.00    0.0492961
      4080.00    0.0369131
      4085.00    0.0461596
      4090.00    0.0378784
      4095.00    0.0388247
      4100.00    0.0429354
      4105.00    0.0493388
      4110.00    0.0466697
      4115.00    0.0477519
      4120.00    0.0378793
      4125.00    0.0385727
      4130.00    0.0373301
      4135.00    0.0442768
      4140.00    0.0346703
      4145.00    0.0286483
      4150.00    0.0371080
      4155.00    0.0322272
      4160.00    0.0334584
      4165.00    0.0425525
      4170.00    0.0411691
      4175.00    0.0279601
      4180.00    0.0366041
      4185.00    0.0323521
      4190.00    0.0412023
      4195.00    0.0381882
      4200.00    0.0376033
      4205.00    0.0358664
      4210.00    0.0360942
      4215.00    0.0375737
      4220.00    0.0352712
      4225.00    0.0406124
      4230.00    0.0301492
      4235.00    0.0309698
      4240.00    0.0394321
      4245.00    0.0337299
      4250.00    0.0344969
      4255.00    0.0361340
      4260.00    0.0274872
      4265.00    0.0378890
      4270.00    0.0323251
      4275.00    0.0317107
      4280.00    0.0330050
      4285.00    0.0301069
      4290.00    0.0322929
      4295.00    0.0280783
      4300.00    0.0269418
      4305.00    0.0330713
      4310.00    0.0323426
      4315.00    0.0328818
      4320.00    0.0315919
      4325.00    0.0337504
      4330.00    0.0282557
      4335.00    0.0316976
      4340.00    0.0364776
      4345.00    0.0407608
      4350.00    0.0414260
      4355.00    0.0461716
      4360.00    0.0355022
      4365.00    0.0410699
      4370.00    0.0360950
      4375.00    0.0394687
      4380.00    0.0269607
      4385.00    0.0226063
      4390.00    0.0303327
      4395.00    0.0316229
      4400.00    0.0353857
      4405.00    0.0317811
      4410.00    0.0395354
      4415.00    0.0311052
      4420.00    0.0260718
      4425.00    0.0286325
      4430.00    0.0262925
      4435.00    0.0264337
      4440.00    0.0280674
      4445.00    0.0269349
      4450.00    0.0305889
      4455.00    0.0176349
      4460.00    0.0258200
      4465.00    0.0314057
      4470.00    0.0324881
      4475.00    0.0315276
      4480.00    0.0430802
      4485.00    0.0381299
      4490.00    0.0340499
      4495.00    0.0279121
      4500.00    0.0360248
      4505.00    0.0294101
      4510.00    0.0354076
      4515.00    0.0292780
      4520.00    0.0324961
      4525.00    0.0235605
      4530.00    0.0302101
      4535.00    0.0343389
      4540.00    0.0347974
      4545.00    0.0411947
      4550.00    0.0347881
      4555.00    0.0371798
      4560.00    0.0369550
      4565.00    0.0466830
      4570.00    0.0398767
      4575.00    0.0430677
      4580.00    0.0369584
      4585.00    0.0462302
      4590.00    0.0355804
      4595.00    0.0472837
      4600.00    0.0454466
      4605.00    0.0454603
      4610.00    0.0443895
      4615.00    0.0473473
      4620.00    0.0422876
      4625.00    0.0490373
      4630.00    0.0465560
      4635.00    0.0457435
      4640.00    0.0519249
      4645.00    0.0436215
      4650.00    0.0461157
      4655.00    0.0589782
      4660.00    0.0456238
      4665.00    0.0464124
      4670.00    0.0504173
      4675.00    0.0502432
      4680.00    0.0529699
      4685.00    0.0551727
      4690.00    0.0518350
      4695.00    0.0491283
      4700.00    0.0424554
      4705.00    0.0445731
      4710.00    0.0472671
      4715.00    0.0442209
      4720.00    0.0487500
      4725.00    0.0512597
      4730.00    0.0503640
      4735.00    0.0467910
      4740.00    0.0519513
      4745.00    0.0486641
      4750.00    0.0463542
      4755.00    0.0432828
      4760.00    0.0475961
      4765.00    0.0483500
      4770.00    0.0483855
      4775.00    0.0469540
      4780.00    0.0493880
      4785.00    0.0361568
      4790.00    0.0428598
      4795.00    0.0480284
      4800.00    0.0364784
      4805.00    0.0335656
      4810.00    0.0325331
      4815.00    0.0377602
      4820.00    0.0379752
      4825.00    0.0401744
      4830.00    0.0295323
      4835.00    0.0367920
      4840.00    0.0384532
      4845.00    0.0312589
      4850.00    0.0362020
      4855.00    0.0303447
      4860.00    0.0320874
      4865.00    0.0354138
      4870.00    0.0371623
      4875.00    0.0413775
      4880.00    0.0339353
      4885.00    0.0338193
      4890.00    0.0350213
      4895.00    0.0291865
      4900.00    0.0260394
      4905.00   0.00816030
      4910.00    0.0286717
      4915.00    0.0231069
      4920.00    0.0256796
      4925.00    0.0197132
      4930.00    0.0201192
      4935.00    0.0205126
      4940.00    0.0250728
      4945.00    0.0188929
      4950.00    0.0267326
      4955.00    0.0319538
      4960.00    0.0278357
      4965.00    0.0307090
      4970.00    0.0263690
      4975.00    0.0355003
      4980.00    0.0467572
      4985.00    0.0464577
      4990.00    0.0445639
      4995.00    0.0472363
      5000.00    0.0465699
      5005.00    0.0500468
      5010.00    0.0582560
      5015.00    0.0630651
      5020.00    0.0612318
      5025.00    0.0622922
      5030.00    0.0681241
      5035.00    0.0672259
      5040.00    0.0658386
      5045.00    0.0617852
      5050.00    0.0622717
      5055.00    0.0568012
      5060.00    0.0543063
      5065.00    0.0599393
      5070.00    0.0599114
      5075.00    0.0527686
      5080.00    0.0448250
      5085.00    0.0476493
      5090.00    0.0439166
      5095.00    0.0433709
      5100.00    0.0361543
      5105.00    0.0337713
      5110.00    0.0419830
      5115.00    0.0393418
      5120.00    0.0365882
      5125.00    0.0339900
      5130.00    0.0395915
      5135.00    0.0382030
      5140.00    0.0395642
      5145.00    0.0328249
      5150.00    0.0319351
      5155.00    0.0382904
      5160.00    0.0433272
      5165.00    0.0383672
      5170.00    0.0431105
      5175.00    0.0471165
      5180.00    0.0481967
      5185.00    0.0433573
      5190.00    0.0442851
      5195.00    0.0478884
      5200.00    0.0514182
      5205.00    0.0427649
      5210.00    0.0474437
      5215.00    0.0449632
      5220.00    0.0481906
      5225.00    0.0438504
      5230.00    0.0431187
      5235.00    0.0550960
      5240.00    0.0527681
      5245.00    0.0529005
      5250.00    0.0541277
      5255.00    0.0497798
      5260.00    0.0402668
      5265.00    0.0503199
      5270.00    0.0502644
      5275.00    0.0580262
      5280.00    0.0559284
      5285.00    0.0503438
      5290.00    0.0575489
      5295.00    0.0605959
      5300.00    0.0574245
      5305.00    0.0533829
      5310.00    0.0569433
      5315.00    0.0539240
      5320.00    0.0478110
      5325.00    0.0598528
      5330.00    0.0543324
      5335.00    0.0559167
      5340.00    0.0601336
      5345.00    0.0628688
      5350.00    0.0642395
      5355.00    0.0714337
      5360.00    0.0649082
      5365.00    0.0650140
      5370.00    0.0574796
      5375.00    0.0627818
      5380.00    0.0680877
      5385.00    0.0523193
      5390.00    0.0628712
      5395.00    0.0644415
      5400.00    0.0665623
      5405.00    0.0634191
      5410.00    0.0595334
      5415.00    0.0715117
      5420.00    0.0664776
      5425.00    0.0606006
      5430.00    0.0646602
      5435.00    0.0616719
      5440.00    0.0601381
      5445.00    0.0677718
      5450.00    0.0622360
      5455.00    0.0652570
      5460.00    0.0582312
      5465.00    0.0596447
      5470.00    0.0595449
      5475.00    0.0731810
      5480.00    0.0698415
      5485.00    0.0671614
      5490.00    0.0708833
      5495.00    0.0678449
      5500.00    0.0728540
      5505.00    0.0751715
      5510.00    0.0664444
      5515.00    0.0786842
      5520.00    0.0858962
      5525.00    0.0827934
      5530.00    0.0777764
      5535.00    0.0802679
      5540.00    0.0754747
      5545.00    0.0746026
      5550.00    0.0787144
      5555.00    0.0827238
      5560.00    0.0817213
      5565.00    0.0788793
      5570.00    0.0786117
      5575.00    0.0811963
      5580.00    0.0907356
      5585.00    0.0813233
      5590.00    0.0776346
      5595.00    0.0754792
      5600.00    0.0810128
      5605.00    0.0861230
      5610.00    0.0816832
      5615.00    0.0777685
      5620.00    0.0766581
      5625.00    0.0739820
      5630.00    0.0675464
      5635.00    0.0664741
      5640.00    0.0706659
      5645.00    0.0687688
      5650.00    0.0624815
      5655.00    0.0599558
      5660.00    0.0597025
      5665.00    0.0619608
      5670.00    0.0645020
      5675.00    0.0594652
      5680.00    0.0635819
      5685.00    0.0685786
      5690.00    0.0595110
      5695.00    0.0555256
      5700.00    0.0540022
      5705.00    0.0497880
      5710.00    0.0474773
      5715.00    0.0420239
      5720.00    0.0364907
      5725.00    0.0229745
      5730.00    0.0175265
      5735.00    0.0141143
      5740.00   0.00843056
      5745.00    0.0145563
      5750.00    0.0168254
      5755.00    0.0119049
      5760.00    0.0106267
      5765.00    0.0118290
      5770.00    0.0103504
      5775.00   0.00882945
      5780.00    0.0131205
      5785.00    0.0150641
      5790.00    0.0115983
      5795.00    0.0154990
      5800.00    0.0212055
      5805.00    0.0229054
      5810.00    0.0241825
      5815.00    0.0243284
      5820.00    0.0280603
      5825.00    0.0371554
      5830.00    0.0378279
      5835.00    0.0370309
      5840.00    0.0445624
      5845.00    0.0515427
      5850.00    0.0506880
      5855.00    0.0492997
      5860.00    0.0579395
      5865.00    0.0635826
      5870.00    0.0657627
      5875.00    0.0630544
      5880.00    0.0628222
      5885.00    0.0597257
      5890.00    0.0742970
      5895.00    0.0691686
      5900.00    0.0681305
      5905.00    0.0641917
      5910.00    0.0668536
      5915.00    0.0738181
      5920.00    0.0727675
      5925.00    0.0656316
      5930.00    0.0687126
      5935.00    0.0699141
      5940.00    0.0747602
      5945.00    0.0774568
      5950.00    0.0731261
      5955.00    0.0797223
      5960.00    0.0795793
      5965.00    0.0807275
      5970.00    0.0792448
      5975.00    0.0751396
      5980.00    0.0775967
      5985.00    0.0790833
      5990.00    0.0707830
      5995.00    0.0693843
      6000.00    0.0748477
      6005.00    0.0770972
      6010.00    0.0697002
      6015.00    0.0648973
      6020.00    0.0710297
      6025.00    0.0701581
      6030.00    0.0690133
      6035.00    0.0625612
      6040.00    0.0570086
      6045.00    0.0627681
      6050.00    0.0626998
      6055.00    0.0627910
      6060.00    0.0644267
      6065.00    0.0572088
      6070.00    0.0533698
      6075.00    0.0504665
      6080.00    0.0518751
      6085.00    0.0464884
      6090.00    0.0458156
      6095.00    0.0489666
      6100.00    0.0444445
      6105.00    0.0460315
      6110.00    0.0424005
      6115.00    0.0442014
      6120.00    0.0461536
      6125.00    0.0455572
      6130.00    0.0431430
      6135.00    0.0436137
      6140.00    0.0436906
      6145.00    0.0478050
      6150.00    0.0467171
      6155.00    0.0434845
      6160.00    0.0417988
      6165.00    0.0425907
      6170.00    0.0414588
      6175.00    0.0451617
      6180.00    0.0462962
      6185.00    0.0446774
      6190.00    0.0450001
      6195.00    0.0437527
      6200.00    0.0463640
      6205.00    0.0543863
      6210.00    0.0542437
      6215.00    0.0542960
      6220.00    0.0526948
      6225.00    0.0580704
      6230.00    0.0592186
      6235.00    0.0616556
      6240.00    0.0624123
      6245.00    0.0637696
      6250.00    0.0649906
      6255.00    0.0605031
      6260.00    0.0648733
      6265.00    0.0761993
      6270.00    0.0807322
      6275.00    0.0758323
      6280.00    0.0792727
      6285.00    0.0783831
      6290.00    0.0799740
      6295.00    0.0833694
      6300.00    0.0792219
      6305.00    0.0830461
      6310.00    0.0932997
      6315.00    0.0924415
      6320.00    0.0889938
      6325.00    0.0895997
      6330.00    0.0884240
      6335.00    0.0904263
      6340.00    0.0863766
      6345.00    0.0825843
      6350.00    0.0807667
      6355.00    0.0779656
      6360.00    0.0742627
      6365.00    0.0734562
      6370.00    0.0696726
      6375.00    0.0712434
      6380.00    0.0764445
      6385.00    0.0733213
      6390.00    0.0770989
      6395.00    0.0810943
      6400.00    0.0774437
      6405.00    0.0801661
      6410.00    0.0793870
      6415.00    0.0823804
      6420.00    0.0789535
      6425.00    0.0760499
      6430.00    0.0723821
      6435.00    0.0713174
      6440.00    0.0692945
      6445.00    0.0748191
      6450.00    0.0758883
      6455.00    0.0753698
      6460.00    0.0779758
      6465.00    0.0763333
      6470.00    0.0742972
      6475.00    0.0800184
      6480.00    0.0797345
      6485.00    0.0746753
      6490.00    0.0772152
      6495.00    0.0808540
      6500.00    0.0816890
      6505.00    0.0853695
      6510.00    0.0833263
      6515.00    0.0817604
      6520.00    0.0786275
      6525.00    0.0802049
      6530.00    0.0819786
      6535.00    0.0793297
      6540.00    0.0776402
      6545.00    0.0766084
      6550.00    0.0735281
      6555.00    0.0706893
      6560.00    0.0720928
      6565.00    0.0734539
      6570.00    0.0696267
      6575.00    0.0702194
      6580.00    0.0700748
      6585.00    0.0617910
      6590.00    0.0596018
      6595.00    0.0609183
      6600.00    0.0625045
      6605.00    0.0572738
      6610.00    0.0523417
      6615.00    0.0404442
      6620.00    0.0310834
      6625.00    0.0428764
      6630.00    0.0347358
      6635.00    0.0411706
      6640.00    0.0465474
      6645.00    0.0351308
      6650.00    0.0370541
      6655.00    0.0511132
      6660.00    0.0637384
      6665.00    0.0658877
      6670.00    0.0658377
      6675.00    0.0626436
      6680.00    0.0594718
      6685.00    0.0618912
      6690.00    0.0643165
      6695.00    0.0628238
      6700.00    0.0588916
      6705.00    0.0611444
      6710.00    0.0602721
      6715.00    0.0543646
      6720.00    0.0554314
      6725.00    0.0600931
      6730.00    0.0623016
      6735.00    0.0615158
      6740.00    0.0600830
      6745.00    0.0590739
      6750.00    0.0584285
      6755.00    0.0565288
      6760.00    0.0569592
      6765.00    0.0532598
      6770.00    0.0486457
      6775.00    0.0448929
      6780.00    0.0376624
      6785.00    0.0371861
      6790.00    0.0388163
      6795.00    0.0371494
      6800.00    0.0415667
      6805.00    0.0490616
      6810.00    0.0443860
      6815.00    0.0392394
      6820.00    0.0446178
      6825.00    0.0472504
      6830.00    0.0400932
      6835.00    0.0345416
      6840.00    0.0349502
      6845.00    0.0352067
      6850.00    0.0366253
      6855.00    0.0385473
      6860.00    0.0342318
      6865.00    0.0286123
      6870.00    0.0302894
      6875.00    0.0289815
      6880.00    0.0275167
      6885.00    0.0309823
      6890.00    0.0276949
      6895.00    0.0256030
      6900.00    0.0249815
      6905.00    0.0243706
      6910.00    0.0234712
      6915.00    0.0237707
      6920.00    0.0264288
      6925.00    0.0272334
      6930.00    0.0262365
      6935.00    0.0279791
      6940.00    0.0282242
      6945.00    0.0273573
      6950.00    0.0310407
      6955.00    0.0340778
      6960.00    0.0302705
      6965.00    0.0244656
      6970.00    0.0298765
      6975.00    0.0338559
      6980.00    0.0314240
      6985.00    0.0316920
      6990.00    0.0331022
      6995.00    0.0373854
      7000.00    0.0379692
      7005.00    0.0422203
      7010.00    0.0451358
      7015.00    0.0437014
      7020.00    0.0450151
      7025.00    0.0507883
      7030.00    0.0511060
      7035.00    0.0497517
      7040.00    0.0530296
      7045.00    0.0520338
      7050.00    0.0497757
      7055.00    0.0565495
      7060.00    0.0614952
      7065.00    0.0555171
      7070.00    0.0568395
      7075.00    0.0590774
      7080.00    0.0588365
      7085.00    0.0605212
      7090.00    0.0614278
      7095.00    0.0622145
      7100.00    0.0629524
      7105.00    0.0654179
      7110.00    0.0696229
      7115.00    0.0690228
      7120.00    0.0666014
      7125.00    0.0632172
      7130.00    0.0638873
      7135.00    0.0657584
      7140.00    0.0664288
      7145.00    0.0657325
      7150.00    0.0610806
      7155.00    0.0620580
      7160.00    0.0630083
      7165.00    0.0616162
      7170.00    0.0640593
      7175.00    0.0650686
      7180.00    0.0616284
      7185.00    0.0648273
      7190.00    0.0666169
      7195.00    0.0635962
      7200.00    0.0661447
      7205.00    0.0643242
      7210.00    0.0613499
      7215.00    0.0648598
      7220.00    0.0706159
      7225.00    0.0684064
      7230.00    0.0648596
      7235.00    0.0640497
      7240.00    0.0631098
      7245.00    0.0701593
      7250.00    0.0735675
      7255.00    0.0732414
      7260.00    0.0765456
      7265.00    0.0759406
      7270.00    0.0738147
      7275.00    0.0773873
      7280.00    0.0825088
      7285.00    0.0873918
      7290.00    0.0911983
      7295.00    0.0921312
      7300.00    0.0951040
      7305.00    0.0950163
      7310.00    0.0951943
      7315.00     0.102364
      7320.00     0.107224
      7325.00     0.104858
      7330.00     0.104514
      7335.00     0.104973
      7340.00     0.102291
      7345.00     0.103769
      7350.00     0.104469
      7355.00     0.101494
      7360.00    0.0978436
      7365.00     0.101642
      7370.00    0.0994317
      7375.00     0.103844
      7380.00    0.0991673
      7385.00    0.0942085
      7390.00    0.0960555
      7395.00    0.0896647
      7400.00    0.0939460
      7405.00    0.0921030
      7410.00    0.0883959
      7415.00    0.0883525
      7420.00    0.0885165
      7425.00    0.0882911
      7430.00    0.0856389
      7435.00    0.0849645
      7440.00    0.0801286
      7445.00    0.0818360
      7450.00    0.0869773
      7455.00    0.0851413
      7460.00    0.0791031
      7465.00    0.0742891
      7470.00    0.0738413
      7475.00    0.0731908
      7480.00    0.0746738
      7485.00    0.0714354
      7490.00    0.0739317
      7495.00    0.0757699
      7500.00    0.0727228
      7505.00    0.0696410
      7510.00    0.0711276
      7515.00    0.0645902
      7520.00    0.0599597
      7525.00    0.0601552
      7530.00    0.0617188
      7535.00    0.0644515
      7540.00    0.0597869
      7545.00    0.0597280
      7550.00    0.0550116
      7555.00    0.0499651
      7560.00    0.0565522
      7565.00    0.0558621
      7570.00    0.0526268
      7575.00    0.0542829
      7580.00    0.0510292
      7585.00    0.0442353
      7590.00    0.0420303
      7595.00    0.0362508
      7600.00    0.0361829
      7605.00    0.0422678
      7610.00    0.0356421
      7615.00    0.0373460
      7620.00    0.0409767
      7625.00    0.0372763
      7630.00    0.0303266
      7635.00    0.0263338
      7640.00    0.0340443
      7645.00    0.0416478
      7650.00    0.0468273
      7655.00    0.0411672
      7660.00    0.0445212
      7665.00    0.0480816
      7670.00    0.0426765
      7675.00    0.0381996
      7680.00    0.0350684
      7685.00    0.0395414
      7690.00    0.0484228
      7695.00    0.0463492
      7700.00    0.0449796
      7705.00    0.0522746
      7710.00    0.0429951
      7715.00    0.0384558
      7720.00    0.0438524
      7725.00    0.0474996
      7730.00    0.0495983
      7735.00    0.0487210
      7740.00    0.0540628
      7745.00    0.0566000
      7750.00    0.0591462
      7755.00    0.0580029
      7760.00    0.0571106
      7765.00    0.0616623
      7770.00    0.0692095
      7775.00    0.0731290
      7780.00    0.0717320
      7785.00    0.0660221
      7790.00    0.0654596
      7795.00    0.0685998
      7800.00    0.0729285
      7805.00    0.0749360
      7810.00    0.0754566
      7815.00    0.0747475
      7820.00    0.0790206
      7825.00    0.0833340
      7830.00    0.0766810
      7835.00    0.0732534
      7840.00    0.0779815
      7845.00    0.0742373
      7850.00    0.0656719
      7855.00    0.0769476
      7860.00    0.0797533
      7865.00    0.0639129
      7870.00    0.0658003
      7875.00    0.0675622
      7880.00    0.0610309
      7885.00    0.0558568
      7890.00    0.0695087
      7895.00    0.0719787
      7900.00    0.0637613
      7905.00    0.0615575
      7910.00    0.0577858
      7915.00    0.0632539
      7920.00    0.0606652
      7925.00    0.0494555
      7930.00    0.0329877
      7935.00    0.0274898
      7940.00    0.0487867
      7945.00    0.0555870
      7950.00    0.0461543
      7955.00    0.0449578
      7960.00    0.0442055
      7965.00    0.0466284
      7970.00    0.0463884
      7975.00    0.0450147
      7980.00    0.0410209
      7985.00    0.0293813
      7990.00    0.0381958
      7995.00    0.0404838
      8000.00    0.0332599
      8005.00    0.0351497
      8010.00    0.0379367
      8015.00    0.0392428
      8020.00    0.0383357
      8025.00    0.0348723
      8030.00    0.0354572
      8035.00    0.0415676
      8040.00    0.0361117
      8045.00    0.0372201
      8050.00    0.0345323
      8055.00    0.0297753
      8060.00    0.0273857
      8065.00    0.0305397
      8070.00    0.0337109
      8075.00    0.0298783
      8080.00    0.0319352
      8085.00    0.0368882
      8090.00    0.0378648
      8095.00    0.0339959
      8100.00    0.0319604
      8105.00    0.0294170
      8110.00    0.0272738
      8115.00    0.0278930
      8120.00    0.0241467
      8125.00    0.0257298
      8130.00    0.0277954
      8135.00    0.0267773
      8140.00    0.0287856
      8145.00    0.0298269
      8150.00    0.0253024
      8155.00    0.0253828
      8160.00    0.0253526
      8165.00    0.0222065
      8170.00    0.0190384
      8175.00    0.0233678
      8180.00    0.0254958
      8185.00    0.0237253
      8190.00    0.0187553
      8195.00    0.0178523
      8200.00    0.0241948
      8205.00    0.0252681
      8210.00    0.0296879
      8215.00    0.0302755
      8220.00    0.0277806
      8225.00    0.0262421
      8230.00    0.0219918
      8235.00    0.0181856
      8240.00    0.0228262
      8245.00    0.0268497
      8250.00    0.0237558
      8255.00    0.0220333
      8260.00    0.0239662
      8265.00    0.0252380
      8270.00    0.0241831
      8275.00    0.0215923
      8280.00    0.0164074
      8285.00    0.0252926
      8290.00    0.0305256
      8295.00    0.0175519
      8300.00    0.0191934
      8305.00    0.0292423
      8310.00    0.0297905
      8315.00    0.0270927
      8320.00    0.0223337
      8325.00    0.0158589
      8330.00    0.0154212
      8335.00    0.0137281
      8340.00   0.00794942
      8345.00    0.0156425
      8350.00    0.0265435
      8355.00    0.0261151
      8360.00    0.0187314
      8365.00    0.0161063
      8370.00    0.0192259
      8375.00    0.0191757
      8380.00    0.0191918
      8385.00   0.00891640
      8390.00 -0.000461919
      8395.00   0.00286960
      8400.00   0.00258719
      8405.00    0.0128079
      8410.00    0.0170930
      8415.00    0.0141720
      8420.00   0.00682914
      8425.00   0.00105040
      8430.00    0.0188096
      8435.00    0.0234875
      8440.00    0.0228802
      8445.00    0.0248837
      8450.00    0.0208386
      8455.00    0.0280110
      8460.00    0.0235880
      8465.00    0.0251192
      8470.00    0.0344802
      8475.00    0.0317553
      8480.00    0.0329863
      8485.00    0.0361499
      8490.00    0.0398426
      8495.00    0.0423043
      8500.00    0.0361055
      8505.00    0.0401102
      8510.00    0.0424534
      8515.00    0.0348837
      8520.00    0.0438985
      8525.00    0.0528280
      8530.00    0.0527588
      8535.00    0.0529252
      8540.00    0.0499533
      8545.00    0.0476230
      8550.00    0.0460087
      8555.00    0.0463920
      8560.00    0.0504187
      8565.00    0.0517399
      8570.00    0.0529240
      8575.00    0.0536950
      8580.00    0.0517128
      8585.00    0.0555684
      8590.00    0.0516567
      8595.00    0.0540973
      8600.00    0.0660542
      8605.00    0.0686370
      8610.00    0.0703768
      8615.00    0.0806556
      8620.00    0.0830748
      8625.00    0.0879770
      8630.00    0.0904500
      8635.00    0.0856912
      8640.00    0.0830413
      8645.00    0.0828840
      8650.00    0.0902099
      8655.00     0.101201
      8660.00     0.112331
      8665.00     0.124084
      8670.00     0.127677
      8675.00     0.133426
      8680.00     0.133489
      8685.00     0.139279
      8690.00     0.141506
      8695.00     0.139481
      8700.00     0.145162
      8705.00     0.144078
      8710.00     0.142056
      8715.00     0.144088
      8720.00     0.145960
      8725.00     0.148074
      8730.00     0.149417
      8735.00     0.151243
      8740.00     0.148337
      8745.00     0.148236
      8750.00     0.138779
      8755.00     0.135408
      8760.00     0.148728
      8765.00     0.136707
      8770.00     0.117115
      8775.00     0.136676
      8780.00     0.152911
      8785.00     0.135685
      8790.00     0.131593
      8795.00     0.131548
      8800.00     0.132668
      8805.00     0.127359
      8810.00     0.124205
      8815.00     0.117605
      8820.00     0.108154
      8825.00     0.100598
      8830.00     0.107963
      8835.00     0.123192
      8840.00     0.113790
      8845.00     0.106487
      8850.00    0.0899919
      8855.00    0.0858526
      8860.00    0.0860597
      8865.00    0.0898633
      8870.00    0.0906233
      8875.00    0.0851130
      8880.00    0.0820535
      8885.00    0.0808237
      8890.00    0.0827264
      8895.00    0.0841492
      8900.00    0.0833839
      8905.00    0.0786717
      8910.00    0.0546742
      8915.00    0.0488755
      8920.00    0.0678126
      8925.00    0.0781619
      8930.00    0.0732696
      8935.00    0.0472141
      8940.00    0.0372499
      8945.00    0.0445103
      8950.00    0.0422745
      8955.00    0.0377568
      8960.00    0.0568328
      8965.00    0.0616768
      8970.00    0.0532763
      8975.00    0.0484974
      8980.00    0.0421894
      8985.00    0.0411215
      8990.00    0.0476910
      8995.00    0.0527391
      9000.00    0.0343540
      9005.00    0.0337577
      9010.00    0.0255482
      9015.00    0.0394806
      9020.00    0.0518875
      9025.00    0.0419699
      9030.00    0.0414357
      9035.00    0.0304576
      9040.00    0.0284736
      9045.00    0.0264850
      9050.00    0.0234245
      9055.00    0.0362003
      9060.00    0.0424518
      9065.00    0.0393085
      9070.00    0.0356727
      9075.00    0.0368048
      9080.00    0.0333952
      9085.00    0.0280248
      9090.00    0.0288101
      9095.00    0.0282540
      9100.00    0.0175964
      9105.00    0.0235215
      9110.00    0.0328891
      9115.00    0.0365209
      9120.00    0.0291068
      9125.00    0.0250606
      9130.00    0.0308141
      9135.00    0.0313911
      9140.00    0.0326435
      9145.00    0.0313111
      9150.00    0.0347541
      9155.00    0.0210610
      9160.00    0.0248037
      9165.00    0.0271850
      9170.00    0.0338155
      9175.00    0.0276107
      9180.00    0.0304019
      9185.00    0.0306133
      9190.00    0.0292917
      9195.00    0.0204504
      9200.00    0.0243476
      9205.00    0.0258851
      9210.00    0.0237117
      9215.00    0.0269022
      9220.00    0.0369615
      9225.00    0.0441635
      9230.00    0.0446502
      9235.00    0.0376462
      9240.00    0.0372908
      9245.00    0.0392303
      9250.00    0.0502090
      9255.00    0.0613652
      9260.00    0.0617344
      9265.00    0.0565132
      9270.00    0.0558171
      9275.00    0.0618711
      9280.00    0.0547797
      9285.00    0.0490148
      9290.00    0.0539119
      9295.00    0.0457469
      9300.00    0.0252355
      9305.00    0.0176727
      9310.00  -0.00639112
      9315.00    0.0221895
      9320.00    0.0581209
      9325.00    0.0479966
      9330.00    0.0463095
      9335.00    0.0492724
      9340.00    0.0660522
      9345.00    0.0638086
      9350.00    0.0541889
      9355.00    0.0542479
      9360.00    0.0528286
      9365.00    0.0395365
      9370.00    0.0116213
      9375.00    0.0394184
      9380.00    0.0730932
      9385.00    0.0462633
      9390.00    0.0463064
      9395.00    0.0466224
      9400.00    0.0590237
      9405.00    0.0602560
      9410.00    0.0468382
      9415.00    0.0436329
      9420.00    0.0548498
      9425.00    0.0469455
      9430.00    0.0328626
      9435.00 -0.000193950
      9440.00   0.00423664
      9445.00    0.0422422
      9450.00    0.0401421
      9455.00    0.0452507
      9460.00    0.0433140
      9465.00    0.0609143
      9470.00    0.0750134
      9475.00    0.0980679
      9480.00     0.115927
      9485.00    0.0575067
      9490.00    0.0325198
      9495.00    0.0677585
      9500.00    0.0386143
      9505.00   0.00847721
      9510.00    0.0357864
      9515.00  0.000861204
      9520.00    0.0434287
      9525.00    0.0506430
      9530.00    0.0525801
      9535.00    0.0635647
      9540.00    0.0529224
      9545.00    0.0456472
      9550.00    0.0432474
      9555.00    0.0433028
      9560.00    0.0636253
      9565.00    0.0610888
      9570.00    0.0571391
      9575.00    0.0310592
      9580.00    0.0150396
      9585.00    0.0164423
      9590.00    0.0171538
      9595.00    0.0211025
      9600.00    0.0210257
      9605.00    0.0259039
      9610.00    0.0313570
      9615.00    0.0302746
      9620.00    0.0187383
      9625.00    0.0306476
      9630.00    0.0421569
      9635.00    0.0223989
      9640.00    0.0124870
      9645.00    0.0229780
      9650.00    0.0123810
      9655.00   0.00350808
      9660.00   0.00792797
      9665.00    0.0159560
      9670.00    0.0289239
      9675.00    0.0331371
      9680.00    0.0471819
      9685.00    0.0629076
      9690.00    0.0252062
      9695.00   0.00815327
      9700.00    0.0501890
      9705.00    0.0450397
      9710.00    0.0274579
      9715.00    0.0412572
      9720.00    0.0357331
      9725.00    0.0163180
      9730.00    0.0214912
      9735.00    0.0154034
      9740.00    0.0105491
      9745.00    0.0209388
      9750.00    0.0169619
      9755.00    0.0303489
      9760.00    0.0392809
      9765.00    0.0354197
      9770.00    0.0412382
      9775.00    0.0380773
      9780.00    0.0211751
      9785.00  0.000465094
      9790.00  -0.00643953
      9795.00   0.00775079
      9800.00    0.0184574
      9805.00    0.0105523
      9810.00    0.0185393
      9815.00    0.0332088
      9820.00    0.0141015
      9825.00    0.0181523
      9830.00    0.0168578
      9835.00    0.0144460
      9840.00    0.0138460
      9845.00   0.00830859
      9850.00    0.0313526
      9855.00    0.0477201
      9860.00   0.00864376
      9865.00   -0.0111308
      9870.00    0.0295460
      9875.00    0.0193141
      9880.00    0.0352488
      9885.00    0.0432193
      9890.00    0.0268705
      9895.00    0.0290208
      9900.00    0.0487029
